0 61
1 242
2 711
3 778
4 248
5 809
6 693
7 945
8 633
9 1059
10 897
11 436
12 802
13 288
14 610
15 1099
16 691
17 1065
18 648
19 646
20 660
21 84
22 70
23 702
24 225
25 299
26 806
27 1011
28 324
29 780
30 190
31 851
32 629
33 672
34 880
35 52
36 2
37 137
38 935
39 1053
40 83
41 971
42 488
43 187
44 817
45 592
46 547
47 1086
48 1128
49 859
50 495
51 688
52 1016
53 493
54 1124
55 458
56 819
57 341
58 883
59 255
60 1029
61 658
62 98
63 930
64 589
65 844
66 695
67 87
68 913
69 280
70 784
71 384
72 826
73 640
74 12
75 294
76 509
77 331
78 666
79 630
80 429
81 126
82 291
83 1050
84 510
85 471
86 124
87 1056
88 887
89 237
90 139
91 114
92 21
93 373
94 359
95 117
96 981
97 277
98 514
99 977
100 235
101 239
102 369
103 1077
104 662
105 151
106 696
107 115
108 674
109 323
110 679
111 862
112 18
113 1118
114 60
115 659
116 106
117 91
118 861
119 788
120 401
121 300
122 921
123 940
124 874
125 914
126 336
127 169
128 975
129 500
130 729
131 597
132 329
133 531
134 1012
135 306
136 406
137 622
138 250
139 762
140 839
141 626
142 1023
143 828
144 636
145 408
146 343
147 209
148 793
149 1036
150 316
151 1062
152 405
153 9
154 723
155 111
156 375
157 160
158 827
159 551
160 236
161 600
162 823
163 419
164 184
165 1069
166 1116
167 635
168 423
169 428
170 517
171 131
172 476
173 71
174 1093
175 200
176 226
177 753
178 431
179 298
180 540
181 1015
182 153
183 585
184 703
185 656
186 548
187 634
188 390
189 683
190 259
191 448
192 637
193 850
194 154
195 830
196 896
197 829
198 1073
199 339
200 759
201 50
202 372
203 437
204 56
205 584
206 530
207 528
208 80
209 574
210 118
211 511
212 979
213 1034
214 752
215 697
216 923
217 657
218 263
219 513
220 504
221 1
222 309
223 322
224 102
225 524
226 213
227 841
228 996
229 81
230 264
231 888
232 987
233 929
234 781
235 557
236 1061
237 215
238 960
239 430
240 575
241 749
242 65
243 675
244 902
245 990
246 946
247 417
248 1132
249 687
250 690
251 1051
252 1089
253 867
254 234
255 515
256 185
257 207
258 482
259 456
260 521
261 425
262 1046
263 335
264 568
265 810
266 465
267 191
268 649
269 872
270 381
271 961
272 673
273 305
274 42
275 72
276 391
277 1035
278 768
279 457
280 565
281 894
282 792
283 543
284 744
285 1114
286 1098
287 449
288 479
289 416
290 680
291 1072
292 355
293 1055
294 58
295 939
296 198
297 279
298 344
299 845
300 55
301 937
302 357
303 869
304 172
305 519
306 877
307 773
308 730
309 591
310 825
311 1101
312 483
313 994
314 948
315 326
316 1117
317 214
318 26
319 289
320 159
321 678
322 188
323 1054
324 243
325 842
326 14
327 1084
328 1028
329 709
330 441
331 525
332 831
333 400
334 438
335 238
336 856
337 123
338 563
339 969
340 1006
341 257
342 1088
343 179
344 363
345 853
346 99
347 414
348 944
349 797
350 370
351 1131
352 558
353 51
354 980
355 919
356 364
357 262
358 599
359 224
360 379
361 281
362 163
363 661
364 895
365 353
366 916
367 654
368 686
369 796
370 452
371 712
372 413
373 1079
374 113
375 544
376 186
377 499
378 578
379 29
380 638
381 989
382 805
383 834
384 427
385 1019
386 892
387 461
388 1097
389 933
390 77
391 560
392 119
393 49
394 739
395 455
396 327
397 766
398 498
399 566
400 228
401 925
402 348
403 333
404 918
405 313
406 886
407 852
408 582
409 601
410 138
411 157
412 304
413 1071
414 193
415 727
416 312
417 486
418 218
419 74
420 63
421 266
422 857
423 962
424 564
425 988
426 1108
427 334
428 776
429 846
430 129
431 328
432 1021
433 360
434 22
435 125
436 332
437 848
438 554
439 256
440 516
441 855
442 903
443 652
444 477
445 433
446 743
447 1066
448 1052
449 964
450 714
451 1104
452 632
453 112
454 46
455 254
456 571
457 182
458 576
459 1080
460 670
461 409
462 764
463 609
464 220
465 310
466 466
467 85
468 812
469 330
470 628
471 146
472 16
473 1042
474 196
475 387
476 876
477 1085
478 756
479 1033
480 434
481 155
482 404
483 475
484 346
485 3
486 527
487 383
488 1004
489 734
490 282
491 492
492 667
493 75
494 533
495 760
496 573
497 33
498 967
499 1094
500 1110
501 1083
502 27
503 836
504 779
505 1013
506 871
507 62
508 93
509 1109
510 882
511 815
512 943
513 899
514 653
515 354
516 790
517 959
518 684
519 350
520 724
521 618
522 1030
523 158
524 233
525 934
526 807
527 296
528 523
529 1074
530 491
531 352
532 952
533 561
534 1049
535 1075
536 13
537 410
538 68
539 715
540 1067
541 222
542 1014
543 997
544 612
545 356
546 104
547 596
548 1048
549 120
550 176
551 1120
552 219
553 1058
554 813
555 132
556 318
557 149
558 908
559 721
560 468
561 741
562 927
563 733
564 783
565 156
566 538
567 1125
568 78
569 938
570 726
571 791
572 801
573 221
574 426
575 1027
576 906
577 161
578 986
579 206
580 270
581 949
582 546
583 625
584 367
585 142
586 1087
587 665
588 821
589 754
590 271
591 763
592 621
593 974
594 48
595 110
596 767
597 397
598 96
599 1001
600 197
601 269
602 386
603 447
604 1040
605 244
606 616
607 92
608 79
609 258
610 588
611 240
612 443
613 614
614 710
615 24
616 708
617 804
618 1070
619 107
620 445
621 303
622 534
623 1107
624 195
625 230
626 607
627 192
628 1020
629 189
630 1092
631 761
632 1025
633 917
634 371
635 643
636 177
637 735
638 276
639 407
640 745
641 67
642 247
643 128
644 532
645 35
646 725
647 453
648 833
649 890
650 469
651 505
652 720
653 134
654 692
655 983
656 1009
657 559
658 175
659 865
660 66
661 290
662 931
663 229
664 849
665 958
666 526
667 395
668 1129
669 701
670 440
671 570
672 972
673 751
674 351
675 912
676 399
677 394
678 321
679 140
680 1068
681 641
682 900
683 59
684 854
685 411
686 95
687 297
688 1106
689 860
690 307
691 1115
692 1091
693 245
694 998
695 748
696 579
697 11
698 920
699 924
700 1017
701 116
702 785
703 30
704 284
705 737
706 875
707 382
708 999
709 777
710 973
711 1038
712 639
713 274
714 472
715 891
716 432
717 885
718 669
719 135
720 542
721 0
722 451
723 393
724 377
725 444
726 671
727 722
728 1081
729 539
730 180
731 340
732 569
733 655
734 478
735 811
736 385
737 922
738 337
739 204
740 800
741 506
742 1057
743 325
744 43
745 878
746 598
747 541
748 205
749 173
750 1005
751 799
752 439
753 8
754 757
755 798
756 677
757 884
758 403
759 581
760 53
761 556
762 1130
763 199
764 210
765 747
766 94
767 402
768 740
769 223
770 6
771 1064
772 166
773 593
774 843
775 765
776 39
777 950
778 976
779 301
780 454
781 1111
782 694
783 898
784 605
785 392
786 345
787 10
788 241
789 308
790 718
791 746
792 685
793 1103
794 420
795 1047
796 398
797 835
798 820
799 278
800 794
801 1122
802 203
803 681
804 20
805 365
806 978
807 707
808 651
809 957
810 108
811 1022
812 25
813 136
814 699
815 470
816 109
817 803
818 459
819 314
820 211
821 273
822 272
823 502
824 251
825 676
826 623
827 552
828 338
829 770
830 536
831 915
832 38
833 786
834 1037
835 82
836 837
837 787
838 23
839 719
840 285
841 602
842 463
843 682
844 503
845 1007
846 550
847 422
848 782
849 1121
850 246
851 374
852 624
853 529
854 905
855 380
856 97
857 814
858 302
859 910
860 460
861 368
862 212
863 951
864 347
865 268
866 127
867 838
868 901
869 1003
870 34
871 909
872 947
873 201
874 450
875 1041
876 508
877 562
878 1010
879 435
880 267
881 122
882 631
883 1096
884 832
885 145
886 424
887 647
888 732
889 750
890 818
891 152
892 1126
893 366
894 311
895 446
896 1113
897 494
898 174
899 1095
900 627
901 991
902 319
903 342
904 194
905 1119
906 904
907 965
908 555
909 480
910 143
911 738
912 928
913 415
914 32
915 966
916 31
917 362
918 295
919 485
920 775
921 907
922 45
923 985
924 484
925 1032
926 40
927 481
928 824
929 101
930 15
931 645
932 1002
933 603
934 955
935 103
936 567
937 537
938 795
939 583
940 64
941 249
942 261
943 17
944 1024
945 1026
946 1078
947 41
948 1008
949 816
950 88
951 1076
952 822
953 217
954 535
955 4
956 594
957 769
958 1018
959 69
960 501
961 181
962 231
963 995
964 421
965 260
966 706
967 252
968 728
969 868
970 73
971 549
972 926
973 376
974 713
975 1123
976 866
977 577
978 953
979 227
980 1043
981 758
982 789
983 941
984 7
985 518
986 840
987 57
988 473
989 412
990 608
991 606
992 1000
993 668
994 317
995 1060
996 1105
997 716
998 5
999 774
1000 349
1001 586
1002 389
1003 772
1004 755
1005 202
1006 283
1007 984
1008 717
1009 121
1010 232
1011 1044
1012 1031
1013 893
1014 808
1015 474
1016 1090
1017 664
1018 553
1019 993
1020 28
1021 141
1022 1112
1023 133
1024 178
1025 982
1026 590
1027 642
1028 162
1029 613
1030 954
1031 462
1032 183
1033 165
1034 932
1035 968
1036 512
1037 287
1038 889
1039 388
1040 611
1041 144
1042 731
1043 863
1044 89
1045 870
1046 150
1047 936
1048 47
1049 320
1050 286
1051 617
1052 167
1053 705
1054 650
1055 487
1056 619
1057 490
1058 864
1059 736
1060 700
1061 76
1062 396
1063 54
1064 644
1065 358
1066 1100
1067 992
1068 620
1069 497
1070 1127
1071 963
1072 595
1073 90
1074 36
1075 615
1076 170
1077 496
1078 663
1079 171
1080 442
1081 489
1082 216
1083 147
1084 698
1085 847
1086 208
1087 970
1088 522
1089 361
1090 253
1091 771
1092 105
1093 378
1094 292
1095 956
1096 689
1097 520
1098 881
1099 580
1100 265
1101 44
1102 604
1103 1039
1104 942
1105 704
1106 148
1107 100
1108 545
1109 418
1110 1045
1111 275
1112 293
1113 164
1114 168
1115 315
1116 873
1117 464
1118 879
1119 467
1120 858
1121 86
1122 130
1123 572
1124 37
1125 507
1126 587
1127 911
1128 1082
1129 1102
1130 19
1131 742
1132 1063
