61 242
61 711
61 778
61 248
61 809
61 693
61 945
61 633
61 1059
61 897
61 436
61 802
61 288
61 610
61 1099
61 691
61 1065
61 648
61 646
61 660
61 84
61 70
61 702
61 225
61 299
61 806
61 1011
61 324
61 780
61 190
242 711
242 778
242 809
242 693
242 945
242 633
242 1059
242 897
242 802
242 1099
242 1065
242 648
242 646
242 84
242 702
242 851
242 629
242 672
242 880
242 52
242 2
242 137
711 778
711 809
711 693
711 945
711 633
711 897
711 436
711 802
711 1099
711 1065
711 648
711 646
711 660
711 84
711 70
711 806
711 1011
711 672
711 935
711 1053
711 83
711 971
711 488
711 187
711 817
711 592
711 547
711 1086
711 1128
711 859
711 495
711 688
711 1016
711 493
711 1124
711 458
778 897
778 84
778 592
778 819
778 341
778 883
778 255
778 1029
778 658
778 98
778 930
778 589
778 844
778 695
778 87
778 913
778 280
778 784
778 384
248 809
248 802
248 826
248 640
248 12
248 294
248 509
248 331
248 666
809 693
809 945
809 802
809 1099
809 1065
809 84
809 806
809 1011
809 672
809 630
809 429
809 126
809 291
809 1050
809 510
809 471
809 124
693 633
693 1059
693 802
693 610
693 1099
693 648
693 84
693 1011
693 294
693 1056
693 887
693 237
693 139
693 114
693 21
693 373
693 359
693 117
693 981
693 277
693 514
693 977
945 84
945 1011
945 235
945 239
633 1059
633 802
633 1099
633 660
633 84
633 702
633 780
633 83
633 369
633 1077
633 662
633 151
633 696
1059 1099
1059 702
1059 780
1059 672
1059 280
1059 115
1059 674
1059 323
1059 679
1059 862
1059 18
1059 1118
1059 60
1059 659
1059 106
1059 91
1059 861
1059 788
1059 401
1059 300
1059 921
1059 940
1059 874
1059 914
1059 336
1059 169
1059 975
1059 500
897 1065
897 648
897 646
897 84
897 225
897 806
897 817
897 826
897 729
897 597
897 329
897 531
897 1012
897 306
897 406
897 622
436 1050
436 250
436 762
436 839
436 626
436 1023
436 828
436 636
436 408
436 343
436 209
436 793
436 1036
436 316
436 1062
436 405
802 288
802 1099
802 1065
802 84
802 702
802 1011
802 817
802 913
802 294
802 151
802 405
802 9
802 723
802 111
802 375
802 160
802 827
802 551
288 610
288 1099
288 702
288 629
288 672
288 630
288 696
288 323
288 862
288 921
288 940
288 306
288 236
288 600
288 823
288 419
288 184
288 1069
288 1116
288 635
288 423
288 428
288 517
288 131
288 476
288 71
288 1093
288 200
288 226
288 753
288 431
288 298
288 540
288 1015
610 70
610 629
610 672
610 294
610 21
610 940
610 635
610 153
610 585
610 703
610 656
610 548
610 634
610 390
610 683
610 259
1099 702
1099 780
1099 629
1099 672
1099 458
1099 509
1099 662
1099 115
1099 921
1099 336
1099 975
1099 448
1099 637
1099 850
1099 154
1099 830
1099 896
1099 829
1099 1073
1099 339
1099 759
1099 50
1099 372
1099 437
1099 56
1099 584
1099 530
1099 528
1099 80
1099 574
1099 118
1099 511
1099 979
1099 1034
1099 752
1099 697
1099 923
1099 657
1099 263
1099 513
1099 504
1099 1
691 702
691 672
691 60
691 309
691 322
691 102
1065 648
1065 660
1065 84
1065 70
1065 225
1065 299
1065 806
1065 137
1065 935
1065 524
1065 213
1065 841
648 646
648 806
648 137
648 83
648 280
648 126
648 471
648 788
648 406
648 656
648 996
648 81
648 264
648 888
648 987
648 929
648 781
648 557
648 1061
648 215
648 960
648 430
646 84
646 83
646 488
646 859
646 429
646 151
646 841
646 987
646 575
646 749
646 65
646 675
660 70
660 225
660 935
660 1053
660 83
660 592
660 547
660 859
660 493
660 1124
660 883
660 139
660 369
660 1077
660 662
660 696
660 375
660 584
660 574
660 1034
660 309
660 960
660 902
660 990
660 946
660 417
660 1132
660 687
660 690
660 1051
660 1089
660 867
660 234
660 515
660 185
660 207
660 482
660 456
660 521
84 806
84 851
84 137
70 225
70 137
70 935
70 971
70 488
70 187
70 817
70 592
70 859
70 493
70 630
70 981
70 531
70 1012
70 1023
70 1015
70 830
70 372
70 213
70 81
70 430
70 990
70 234
70 425
70 1046
70 335
70 568
70 810
70 465
70 191
70 649
70 872
70 381
70 961
70 673
70 305
70 42
70 72
70 391
70 1035
70 768
70 457
70 565
70 894
70 792
70 543
702 780
702 629
702 672
702 341
702 280
702 115
702 674
702 323
702 862
702 60
702 659
702 861
702 788
702 401
702 940
702 1116
702 635
702 71
702 200
702 1015
702 1046
702 744
702 1114
702 1098
702 449
702 479
702 416
702 680
702 1072
702 355
702 1055
702 58
702 939
702 198
225 299
225 935
225 255
225 658
225 914
225 213
225 215
225 568
225 1098
225 279
225 344
225 845
225 55
225 937
225 357
806 137
806 280
806 471
806 359
806 656
806 81
806 888
806 781
806 215
806 42
806 869
806 172
806 519
806 877
1011 672
1011 1015
1011 987
1011 457
1011 773
1011 730
324 343
324 591
324 825
324 1101
324 483
324 994
324 948
324 326
780 672
780 1128
780 753
780 850
780 830
780 339
780 759
780 118
780 657
780 1117
780 214
780 26
780 289
780 159
780 678
780 188
780 1054
780 243
780 842
780 14
780 1084
190 817
190 493
190 1077
190 375
190 50
190 575
190 902
190 690
190 482
190 1028
190 709
190 441
190 525
190 831
190 400
190 438
190 238
190 856
190 123
190 563
190 969
851 1006
629 672
629 788
629 423
672 1124
672 280
672 115
672 1015
672 773
672 257
672 1088
137 495
137 264
137 987
137 1061
137 575
137 867
137 872
137 42
137 709
137 179
137 363
137 853
137 99
137 414
137 944
137 797
137 370
137 1131
137 558
935 83
935 971
935 488
935 817
935 592
935 859
935 688
935 662
935 696
935 213
935 430
935 902
935 990
935 687
935 568
935 483
935 994
935 525
935 51
935 980
935 919
935 364
935 262
1053 971
1053 592
1053 547
1053 1128
1053 493
1053 1124
1053 458
1053 341
1053 662
1053 375
1053 372
1053 191
1053 355
1053 238
1053 51
1053 980
1053 599
1053 224
1053 379
1053 281
1053 163
1053 661
1053 895
1053 353
1053 916
83 592
83 547
83 1086
83 859
83 495
83 493
83 658
83 124
83 373
83 369
83 151
83 531
83 1012
83 259
83 850
83 574
83 781
83 215
83 902
83 990
83 946
83 687
83 456
83 425
83 872
83 525
83 400
83 558
83 51
83 980
83 262
83 654
83 686
83 796
83 452
83 712
83 413
83 1079
83 113
83 544
83 186
83 499
83 578
971 187
971 817
971 859
971 1050
971 1077
971 662
971 531
971 375
971 902
971 381
971 357
971 994
971 525
971 831
971 438
971 856
971 123
971 51
971 980
971 919
971 712
971 499
971 29
971 638
971 989
971 805
971 834
971 427
971 1019
971 892
971 461
971 1097
971 933
971 77
971 560
971 119
971 49
971 739
971 455
971 327
971 766
971 498
971 566
971 228
971 925
971 348
971 333
488 592
488 81
488 430
488 649
488 894
488 918
187 688
187 1012
187 525
187 1006
187 805
187 1019
187 313
187 886
187 852
187 582
187 601
187 138
187 157
187 304
187 1071
817 859
817 493
817 826
817 329
817 259
817 213
817 690
817 482
817 831
817 944
817 980
817 281
817 498
817 193
817 727
817 312
817 486
817 218
817 74
817 63
817 266
817 857
817 962
817 564
592 1086
592 688
592 819
592 341
592 883
592 658
592 930
592 844
592 87
592 913
592 784
592 384
592 429
592 575
592 990
592 894
592 370
592 51
592 413
592 498
592 1071
592 988
592 1108
592 334
592 776
592 846
592 129
592 328
547 1077
547 856
547 1021
1086 939
1086 525
1086 916
1086 360
1128 493
1128 1124
1128 458
1128 294
1128 666
1128 114
1128 662
1128 659
1128 169
1128 703
1128 759
1128 50
1128 584
1128 979
1128 575
1128 649
1128 305
1128 355
1128 357
1128 1117
1128 159
1128 678
1128 243
1128 14
1128 1084
1128 179
1128 379
1128 163
1128 933
1128 22
1128 125
1128 332
1128 848
1128 554
1128 256
1128 516
1128 855
859 688
859 429
859 259
859 841
859 575
859 902
859 482
859 381
859 994
859 1054
859 831
859 123
859 51
859 916
859 654
859 333
859 903
859 652
495 493
495 458
495 662
495 185
495 649
495 1035
495 123
495 969
495 558
495 51
495 353
495 654
495 477
495 433
495 743
495 1066
495 1052
495 964
495 714
688 429
688 169
688 329
688 1012
688 408
688 375
688 1015
688 841
688 575
688 417
688 867
688 649
688 1098
688 326
688 831
688 438
688 969
688 370
688 281
688 895
688 916
688 925
688 304
688 1104
688 632
688 112
688 46
688 254
688 571
688 182
688 576
688 1080
688 670
1016 384
493 294
493 124
493 940
493 153
493 703
493 548
493 390
493 259
493 191
493 326
493 1028
493 441
493 831
493 853
493 51
493 499
493 112
493 409
493 764
493 609
493 220
493 310
493 466
1124 458
1124 662
1124 169
1124 759
1124 482
1124 1117
1124 1054
1124 224
1124 85
1124 812
458 509
458 662
458 169
458 329
458 850
458 830
458 759
458 50
458 530
458 574
458 511
458 979
458 1034
458 690
458 479
458 355
458 14
458 525
458 438
458 224
458 661
458 933
458 560
458 332
458 330
458 628
458 146
458 16
458 1042
819 341
819 883
819 658
819 930
819 589
819 844
819 913
819 384
819 264
819 894
819 413
819 74
819 988
819 196
819 387
819 876
819 1085
819 756
819 1033
819 434
819 155
819 404
819 475
819 346
819 3
819 527
341 883
341 658
341 930
341 844
341 695
341 913
341 384
341 696
341 862
341 940
341 448
341 584
341 234
341 894
341 1114
341 370
341 413
341 119
341 988
341 554
341 383
341 1004
341 734
341 282
341 492
341 667
341 75
341 533
883 658
883 930
883 844
883 913
883 784
883 384
883 515
883 894
883 988
883 846
883 760
883 573
883 33
883 967
255 346
1029 930
1029 87
1029 597
1029 675
1029 330
1029 346
1029 1094
1029 1110
1029 1083
658 98
658 930
658 844
658 695
658 784
658 384
658 762
658 636
658 1036
658 703
658 372
658 465
658 1006
658 452
658 413
658 387
658 27
658 836
658 779
98 784
98 1036
98 1108
98 387
98 1013
98 871
98 62
98 93
930 589
930 87
930 913
930 384
930 237
930 894
930 404
930 346
930 1013
930 1109
589 87
589 237
589 894
589 846
589 196
589 387
589 876
589 434
589 404
589 346
589 1109
589 882
589 815
589 943
589 899
844 913
844 784
844 384
844 894
844 326
844 654
844 988
844 653
695 215
695 894
695 1114
695 846
695 346
695 734
695 282
695 354
695 790
695 959
695 684
87 913
87 237
87 894
87 413
87 846
87 330
87 346
87 1094
87 1109
87 882
87 350
913 384
913 237
913 263
913 944
913 281
913 988
913 328
913 652
913 310
913 1094
913 1013
913 93
913 724
913 618
913 1030
913 158
913 233
913 934
913 807
913 296
913 523
280 126
280 115
280 106
280 423
280 428
280 1015
280 987
280 960
280 457
280 709
280 980
280 652
280 492
280 533
280 1074
280 491
280 352
784 531
784 987
784 1108
784 776
784 62
784 882
784 952
384 762
384 191
384 894
384 744
384 563
384 370
384 558
384 919
384 686
384 413
384 455
384 857
384 988
384 46
384 1094
384 871
384 1109
384 882
384 561
384 1049
384 1075
384 13
384 410
384 68
384 715
384 1067
384 222
826 887
826 329
826 456
826 872
826 544
826 499
826 304
826 74
826 266
826 743
826 466
826 296
826 1014
826 997
826 612
826 356
826 104
826 596
640 235
640 169
640 531
640 656
640 850
640 830
640 584
640 987
640 867
640 1098
640 310
640 836
640 779
640 1048
640 120
640 176
640 1120
640 219
640 1058
640 813
12 209
12 1062
12 465
12 51
12 85
12 132
12 318
12 149
12 908
12 721
12 468
294 630
294 1050
294 662
294 106
294 861
294 940
294 343
294 1036
294 153
294 703
294 656
294 548
294 390
294 683
294 987
294 465
294 649
294 326
294 1006
294 1131
294 455
294 409
294 310
294 466
294 219
294 741
294 927
294 733
294 783
294 156
294 538
294 1125
294 78
294 938
294 726
294 791
294 801
509 343
509 830
509 188
509 74
509 221
331 18
331 788
331 401
331 236
331 600
331 200
331 540
331 153
331 896
331 831
331 426
666 662
666 169
666 329
666 306
666 759
666 678
666 238
666 566
666 1027
666 906
630 510
630 662
630 659
630 788
630 336
630 236
630 200
630 585
630 850
630 649
630 305
630 379
630 566
630 228
630 906
630 161
630 986
630 206
630 270
630 949
630 546
630 625
429 373
429 531
429 723
429 437
429 841
429 575
429 65
429 456
429 773
429 831
429 918
429 1104
429 112
429 1080
429 1058
429 367
429 142
429 1087
429 665
126 373
126 18
126 200
126 298
126 1015
126 759
126 987
126 929
126 1061
126 649
126 42
126 391
126 55
126 519
126 638
126 918
126 1080
126 350
126 665
126 821
291 1023
291 960
291 65
291 461
291 754
1050 762
1050 839
1050 1023
1050 408
1050 1036
1050 1062
1050 405
1050 525
1050 51
1050 801
1050 271
510 169
510 500
510 637
510 829
510 56
510 511
510 752
510 263
510 1
510 680
510 14
510 1084
510 766
510 228
510 959
510 763
510 621
510 974
510 48
510 110
471 373
471 359
471 987
471 499
471 776
471 112
471 767
471 397
124 531
124 153
124 538
1056 114
1056 637
1056 829
1056 437
1056 263
1056 482
1056 959
1056 974
1056 96
1056 1001
1056 197
887 21
887 112
887 609
887 269
887 386
887 447
237 894
237 744
237 455
237 988
237 1108
237 846
237 346
237 871
237 1109
237 386
237 447
237 1040
237 244
237 616
237 92
237 79
237 258
139 987
139 515
139 649
139 686
139 652
139 588
139 240
139 443
139 614
139 710
114 375
114 759
114 482
114 543
114 221
114 24
114 708
114 804
114 1070
114 107
21 91
21 390
21 259
21 112
21 220
21 269
21 386
21 445
21 303
21 534
21 1107
21 195
21 230
21 607
21 192
21 1020
373 514
373 729
373 406
373 264
373 987
373 1061
373 575
373 810
373 370
373 544
373 571
373 1125
373 767
373 397
373 244
373 189
373 1092
373 761
373 1025
359 112
359 761
117 977
117 544
117 571
117 258
117 240
117 917
277 397
277 607
277 371
277 643
514 1012
514 390
514 269
977 397
235 169
235 597
235 830
235 568
235 381
235 333
235 85
235 1058
235 949
235 177
235 735
239 563
239 796
369 990
369 614
369 276
1077 662
1077 169
1077 1012
1077 9
1077 759
1077 657
1077 14
1077 831
1077 333
1077 1110
1077 407
662 659
662 169
662 975
662 153
662 830
662 829
662 339
662 759
662 50
662 372
662 437
662 56
662 584
662 574
662 979
662 1034
662 697
662 923
662 657
662 213
662 557
662 690
662 482
662 305
662 543
662 680
662 877
662 159
662 441
662 831
662 438
662 379
662 499
662 933
662 566
662 1071
662 74
662 332
662 554
662 433
662 85
662 146
662 27
662 612
662 161
662 110
662 745
662 67
662 247
662 128
662 532
662 35
662 725
662 453
662 833
662 890
662 469
151 531
151 406
151 191
151 563
151 262
151 77
151 193
151 564
151 1104
151 182
151 466
151 410
151 665
151 505
151 720
151 134
151 692
151 983
151 1009
151 559
151 175
151 865
151 66
151 290
151 931
151 229
151 849
696 169
696 1015
696 830
696 339
696 584
696 923
696 1051
696 1046
696 958
696 526
696 395
115 788
115 939
323 106
323 861
323 940
323 1015
323 352
323 78
323 1129
862 1118
862 788
862 823
862 184
862 1116
862 635
862 428
862 431
862 540
862 381
862 457
862 831
862 980
862 701
862 440
18 788
18 940
18 531
18 600
18 823
18 635
18 200
18 540
18 352
18 570
1118 106
1118 431
1118 78
1118 1129
60 322
60 102
60 234
60 1098
60 916
60 112
60 395
60 972
60 751
60 351
659 336
659 169
659 850
659 829
659 759
659 437
659 56
659 584
659 574
659 979
659 1034
659 752
659 649
659 305
659 479
659 172
659 877
659 179
659 933
659 22
659 554
659 433
659 85
659 330
659 621
659 67
659 453
659 912
659 399
659 394
659 321
659 140
659 1068
106 861
106 788
106 940
106 329
106 1012
106 236
106 1116
106 703
106 352
106 78
106 641
91 56
91 516
91 812
91 790
91 1020
91 900
91 59
861 940
861 423
861 78
861 1129
788 236
788 823
788 184
788 1069
788 635
788 423
788 428
788 131
788 71
788 200
788 753
788 431
788 540
788 1015
788 987
788 198
788 525
788 352
788 927
788 78
788 1129
788 854
401 823
401 184
401 1069
401 635
401 423
401 131
401 71
401 753
401 927
300 1051
300 1098
300 416
300 1028
300 441
300 980
300 776
300 1014
300 612
300 411
300 95
300 297
300 1106
940 200
940 153
940 813
940 78
940 860
940 307
874 406
874 1015
874 234
874 1098
874 1028
874 916
874 776
874 1115
874 1091
874 245
914 59
336 1073
336 528
336 263
336 305
336 433
336 974
336 725
336 453
336 833
336 998
336 748
169 406
169 1015
169 850
169 830
169 759
169 584
169 530
169 923
169 264
169 65
169 305
169 479
169 355
169 357
169 172
169 159
169 1054
169 243
169 776
169 22
169 554
169 140
169 579
975 339
975 1117
975 745
975 247
500 850
500 56
500 14
500 228
500 332
500 85
500 570
500 11
500 920
729 531
729 1012
729 406
729 723
729 929
729 198
729 709
729 1080
729 434
729 1075
729 367
729 588
729 614
729 399
729 924
729 1017
729 116
729 785
729 30
597 675
597 482
597 483
597 441
597 330
597 1110
597 104
597 708
597 735
329 531
329 979
329 929
329 894
329 433
329 196
329 783
531 1012
531 762
531 723
531 213
531 430
531 867
531 994
531 123
531 370
531 654
531 712
531 186
531 486
531 477
531 1066
531 434
531 527
531 367
531 142
531 616
531 931
531 307
531 284
531 737
531 875
531 382
531 999
1012 209
1012 723
1012 585
1012 830
1012 213
1012 825
1012 525
1012 969
1012 916
1012 892
1012 49
1012 327
1012 129
1012 571
1012 466
1012 1033
1012 836
1012 158
1012 612
1012 1125
1012 142
1012 397
1012 244
1012 1091
1012 777
1012 973
1012 1038
1012 639
1012 274
1012 472
306 979
306 937
306 483
306 952
306 783
306 1027
306 240
306 641
306 891
306 432
306 885
406 622
406 1015
406 1034
406 81
406 987
406 215
406 960
406 65
406 649
406 159
406 525
406 281
406 544
406 304
406 74
406 903
406 1104
406 112
406 576
406 350
406 1058
406 367
406 665
406 290
406 973
622 81
622 430
250 408
250 343
762 626
762 1023
762 636
762 408
762 343
762 209
762 793
762 1036
762 1062
762 465
762 344
762 845
762 1101
762 483
762 994
762 1028
762 525
762 831
762 944
762 51
762 455
762 836
762 779
762 801
762 833
762 669
762 135
762 542
762 0
839 626
839 408
839 1062
839 51
839 669
839 451
626 1023
626 408
626 343
626 209
626 1036
626 1062
626 483
626 525
626 51
626 980
626 333
626 903
626 836
626 161
626 271
626 833
626 451
626 393
1023 408
1023 343
1023 960
1023 72
1023 344
1023 525
1023 638
1023 455
1023 601
1023 138
1023 304
1023 836
1023 754
1023 271
1023 1025
1023 451
1023 377
1023 444
1023 671
1023 722
1023 1081
1023 539
1023 180
828 661
828 892
828 132
828 908
828 340
828 569
828 655
636 408
636 1036
636 1062
636 703
636 1061
636 575
636 465
636 441
636 51
636 452
636 712
636 727
636 801
636 478
636 811
408 343
408 209
408 793
408 1036
408 1062
408 703
408 996
408 960
408 326
408 525
408 51
408 281
408 452
408 334
408 779
408 801
408 385
343 1036
343 1062
343 153
343 960
343 994
343 51
343 455
343 871
343 801
343 135
343 922
343 337
209 1062
209 584
209 661
209 499
209 801
209 669
793 1036
793 1062
793 703
793 465
793 452
793 779
793 801
793 1115
793 542
793 385
1036 1062
1036 153
1036 575
1036 65
1036 51
1036 333
1036 715
1036 801
1036 161
316 575
1062 703
1062 65
1062 465
1062 845
1062 452
1062 318
1062 908
1062 801
1062 451
1062 478
1062 385
1062 337
1062 204
1062 800
1062 506
405 919
405 455
405 157
405 754
405 271
405 1057
405 325
405 43
405 878
405 598
405 541
9 657
723 1061
723 179
723 853
723 281
723 113
723 186
723 499
723 193
723 486
723 477
723 367
723 142
723 399
111 191
111 649
111 290
111 95
111 116
375 990
375 525
375 831
375 438
375 800
375 205
160 153
160 77
160 739
160 833
160 66
160 173
160 1005
160 799
160 439
160 8
160 757
827 360
827 798
551 677
551 884
551 403
236 153
236 703
236 683
236 625
600 200
600 830
600 896
600 829
600 198
600 14
600 228
600 625
600 920
823 678
823 370
823 1004
823 1025
823 581
419 184
419 1116
419 635
419 476
419 381
419 678
184 1069
184 1116
184 635
184 131
184 71
184 960
184 198
184 927
1069 635
1069 753
1069 1015
1069 379
1069 492
1116 1061
1116 352
635 1061
635 678
635 352
635 927
635 307
428 734
517 1110
517 625
131 198
131 927
200 540
200 1015
200 830
200 896
200 829
200 513
200 14
200 933
200 625
200 53
226 1015
226 625
753 675
431 457
431 1129
540 896
540 994
540 179
540 1048
1015 264
1015 929
1015 1061
1015 575
1015 391
1015 1098
1015 1072
1015 939
1015 352
1015 927
1015 556
1015 1130
153 703
153 548
153 390
153 683
153 259
153 1006
153 599
153 916
153 638
153 834
153 119
153 176
153 156
153 538
153 269
153 447
153 195
153 924
153 472
153 393
153 444
153 199
153 210
153 747
585 703
585 390
585 259
585 584
585 649
585 791
585 986
703 683
703 465
703 845
703 1028
703 441
703 51
703 661
703 452
703 1097
703 727
703 908
703 78
703 801
703 161
703 811
703 506
703 94
656 1071
656 776
656 1048
656 206
656 386
656 735
656 276
656 973
656 402
548 455
548 310
548 538
548 821
548 747
634 46
634 466
634 741
634 161
634 665
634 134
634 865
634 931
634 740
634 223
634 6
634 1064
390 259
390 112
390 609
390 161
390 269
390 303
390 534
390 166
390 593
683 156
683 538
683 801
259 326
259 112
259 609
259 303
448 584
448 322
448 417
448 449
448 188
448 433
448 27
448 11
448 843
448 765
637 830
637 437
637 511
637 752
637 263
637 1
637 1084
637 379
637 163
637 228
637 433
637 959
637 763
637 974
637 96
637 1001
637 197
637 843
850 830
850 437
850 574
850 1046
850 355
850 1117
850 243
850 379
850 933
850 566
850 554
850 833
850 284
850 39
154 234
154 1004
154 440
154 351
154 245
154 950
830 896
830 759
830 437
830 530
830 574
830 511
830 1034
830 657
830 513
830 1061
830 1046
830 649
830 305
830 479
830 1117
830 14
830 831
830 379
830 661
830 933
830 554
830 433
830 146
830 16
830 96
830 394
830 307
830 998
830 39
830 976
830 301
830 454
896 437
896 511
896 513
896 479
896 14
896 933
896 301
896 1111
829 437
829 56
829 584
829 530
829 511
829 752
829 263
829 1
829 14
829 228
829 516
829 815
829 625
829 974
829 1020
829 67
829 725
829 998
829 11
829 843
829 301
829 694
1073 752
1073 697
1073 657
1073 504
1073 1114
1073 479
1073 163
1073 833
1073 95
1073 377
1073 301
1073 898
1073 605
1073 392
339 56
339 263
339 482
339 381
339 543
339 831
339 330
339 612
339 110
339 708
339 745
339 67
339 247
339 532
339 35
339 725
339 1115
339 345
339 10
759 50
759 584
759 657
759 987
759 207
759 305
759 680
759 355
759 243
759 438
759 238
759 379
759 848
759 1042
759 890
50 1034
50 690
50 207
50 159
50 438
50 414
50 498
50 1042
50 142
372 584
372 1046
372 680
372 188
372 525
372 452
372 727
372 27
372 801
372 241
437 56
437 530
437 80
437 574
437 118
437 979
437 1034
437 697
437 923
437 657
437 987
437 690
437 1046
437 961
437 305
437 680
437 355
437 1084
437 438
437 379
437 499
437 933
437 848
437 433
437 146
437 27
437 974
437 308
437 718
56 530
56 528
56 574
56 118
56 511
56 752
56 697
56 923
56 263
56 1
56 305
56 479
56 680
56 238
56 933
56 228
56 433
56 974
56 453
56 11
56 694
56 746
584 574
584 979
584 1034
584 752
584 1
584 1046
584 678
584 14
584 379
584 566
584 554
584 433
584 998
530 511
530 979
530 697
530 14
530 661
530 933
530 16
530 1020
530 11
528 511
528 263
528 305
528 1088
528 433
528 85
528 110
528 453
528 746
80 752
80 657
80 333
80 110
574 1034
574 987
574 305
574 678
574 379
574 566
574 333
574 564
574 554
574 433
574 67
574 570
574 912
574 11
118 511
118 752
118 263
118 479
118 228
118 161
118 140
118 11
118 454
118 746
511 979
511 752
511 697
511 263
511 1
511 14
511 1084
511 228
511 516
511 146
511 721
511 11
511 746
511 685
511 1103
511 420
979 543
979 1114
979 877
979 661
979 353
979 332
979 146
979 1042
979 399
979 685
979 1047
979 398
1034 65
1034 1046
1034 305
1034 355
1034 379
1034 776
1034 848
1034 27
1034 890
1034 297
1034 1115
752 697
752 657
752 263
752 504
752 1
752 479
752 163
752 228
752 959
752 763
752 974
752 67
752 11
752 301
752 392
697 657
697 263
697 504
697 479
697 933
697 554
697 96
697 67
697 748
697 301
697 392
697 835
923 504
923 65
923 355
923 1110
923 612
923 843
923 1103
657 305
657 438
657 163
657 554
657 352
657 161
657 96
657 1020
657 407
657 301
657 820
263 1
263 479
263 228
263 146
263 763
263 48
263 890
263 1115
263 998
263 748
263 11
263 377
263 308
263 746
263 278
263 794
513 933
513 1122
504 479
504 163
504 813
504 96
504 725
504 301
504 392
1 763
1 974
1 506
1 203
1 681
309 533
309 1048
309 394
309 20
322 980
322 533
322 751
322 351
322 365
102 365
524 296
213 1054
213 654
213 499
213 601
213 959
213 352
213 161
213 978
841 575
841 381
841 994
841 969
841 498
841 333
841 707
996 112
81 987
81 960
81 430
81 279
81 903
81 443
81 843
81 651
264 430
264 65
264 867
264 400
264 853
264 957
987 781
987 215
987 960
987 430
987 65
987 867
987 234
987 894
987 172
987 519
987 499
987 554
987 652
987 561
987 367
987 754
987 616
987 1025
987 865
987 1115
987 973
987 108
987 1022
987 25
987 136
987 699
987 470
929 544
929 109
781 185
781 172
781 193
781 1104
781 254
781 182
781 1067
781 1125
781 290
781 803
1061 649
1061 172
1061 326
1061 969
1061 980
1061 652
1061 609
1061 27
1061 352
1061 367
1061 1107
1061 1092
1061 1025
1061 116
1061 284
1061 875
1061 459
1061 314
1061 211
1061 273
215 334
215 743
215 632
215 1080
215 527
215 943
215 733
215 999
215 272
215 502
960 65
960 519
960 709
960 360
960 836
960 754
960 271
960 1022
960 25
960 251
430 417
430 519
430 918
430 256
430 903
430 652
430 765
430 676
575 65
575 649
575 326
575 969
575 916
575 560
575 193
575 1104
575 254
575 310
575 196
575 475
575 367
575 665
575 623
749 486
749 161
749 552
65 357
65 525
65 413
65 455
65 129
65 1104
65 836
65 665
65 271
65 1025
65 676
65 338
65 770
65 536
675 499
675 330
675 1110
675 915
902 990
902 417
902 687
902 438
902 51
990 687
990 281
990 498
990 367
417 441
417 578
417 560
417 903
417 815
417 813
417 843
417 651
417 38
417 786
1132 519
687 1051
687 543
687 916
687 776
687 95
687 116
690 207
690 441
690 831
690 438
690 74
690 332
690 1037
1051 519
1051 159
1051 1021
1051 973
867 482
867 649
867 400
867 123
867 853
867 367
867 399
867 957
234 391
234 1098
234 831
234 980
234 916
234 1004
234 245
234 82
234 837
234 787
234 23
515 649
515 967
515 791
515 240
515 614
515 175
515 891
515 740
515 719
515 285
515 602
185 326
185 51
185 686
185 857
185 182
185 1125
185 865
185 463
185 682
207 414
482 355
482 172
482 831
482 74
482 146
482 958
482 570
456 486
456 182
456 885
456 757
456 503
456 1007
425 654
425 186
1046 449
1046 554
1046 433
1046 27
335 743
335 733
335 550
335 422
335 782
568 961
568 543
568 877
568 1121
810 544
810 397
465 845
465 1006
465 27
465 132
465 318
465 801
465 777
465 669
465 246
465 374
191 326
191 969
191 51
191 262
191 281
191 895
191 654
191 686
191 739
191 193
191 564
191 1104
191 1125
191 1009
191 175
191 931
191 94
191 624
649 665
649 614
649 1017
649 116
649 973
649 529
649 905
872 370
872 499
872 498
872 367
872 107
872 761
872 699
872 470
872 338
872 380
872 97
872 814
381 994
381 831
381 980
381 919
381 712
381 560
381 766
381 333
381 360
381 173
381 82
381 302
381 910
381 460
673 980
673 1110
673 1106
673 368
305 14
305 989
305 933
305 332
305 554
305 433
305 330
305 621
305 974
305 998
305 212
42 768
42 558
42 499
42 193
42 714
42 182
42 951
72 344
72 831
72 461
72 119
72 304
72 1071
72 182
72 271
72 798
72 302
72 347
72 268
391 188
391 245
391 127
1035 1058
1035 733
1035 502
1035 550
1035 422
1035 838
1035 901
1035 1003
1035 34
768 712
768 193
768 312
768 714
768 1125
768 397
768 134
768 909
457 712
457 560
457 352
457 440
457 245
565 563
894 988
894 1108
894 846
894 652
894 346
894 1109
792 980
792 533
543 1028
543 119
543 74
543 776
543 360
543 222
543 1014
543 271
543 411
543 377
543 1081
744 346
744 1094
744 1013
744 62
744 715
1114 479
1098 58
1098 853
1098 916
1098 1004
1098 783
1098 23
1098 947
1098 201
1098 450
1098 1041
1098 508
1098 562
1098 1010
479 14
479 228
479 625
479 301
479 454
479 392
416 980
416 533
416 395
416 440
416 1091
416 245
416 837
416 787
416 435
680 678
680 238
680 433
680 104
680 763
680 377
355 1071
355 694
58 533
58 450
939 773
939 267
198 516
198 625
198 920
198 508
198 122
279 776
279 903
279 754
279 631
279 1096
344 326
344 525
344 831
344 1019
344 1097
344 119
344 455
344 766
344 582
344 601
344 776
344 129
344 360
344 836
344 222
344 1120
344 726
344 754
344 377
344 444
344 1081
344 539
344 798
344 10
344 1096
344 832
344 145
344 424
344 647
845 452
845 560
845 1071
845 612
845 801
845 297
55 441
55 155
55 550
55 782
937 108
357 678
357 1006
357 29
357 638
357 989
357 805
357 834
357 427
357 1019
357 892
357 119
357 554
357 85
357 732
357 750
357 818
357 152
357 1126
357 366
357 311
357 446
869 1028
869 1113
172 877
172 773
172 709
172 119
172 848
172 350
172 912
172 1081
519 825
519 95
519 205
519 494
519 174
519 1095
877 22
877 848
877 627
773 563
773 262
773 499
773 564
773 1104
773 254
773 182
773 561
773 1067
773 176
773 559
773 53
773 109
773 682
773 267
730 304
730 756
591 825
591 1101
591 991
591 319
825 1101
825 994
825 1028
825 174
1101 1028
1101 813
1101 910
1101 342
1101 194
1101 1119
1101 904
1101 965
483 948
483 797
483 499
483 327
483 333
483 571
483 973
483 1038
483 885
483 210
483 420
483 555
483 480
483 143
994 848
994 182
994 310
994 1030
994 807
994 149
994 991
994 738
948 414
948 455
948 571
948 85
948 588
948 1038
948 420
326 563
326 944
326 51
326 262
326 654
326 499
326 582
326 193
326 533
326 653
326 352
326 741
326 290
326 875
326 623
326 928
326 415
1117 159
1117 678
1117 96
1117 301
26 32
289 159
289 188
289 842
289 790
289 579
159 678
159 188
159 1054
159 243
159 163
159 776
159 22
159 855
159 1115
159 579
159 966
678 243
678 238
678 933
678 566
678 848
678 554
678 855
678 433
678 1125
678 32
678 31
188 842
188 407
188 579
1054 243
1054 712
1054 958
243 1084
243 163
842 1020
842 1068
842 362
14 933
14 228
14 161
14 625
14 763
14 48
14 1020
14 301
1084 163
1028 441
1028 525
1028 831
1028 438
1028 980
1028 834
1028 193
1028 74
1028 1021
1028 222
1028 1014
1028 270
1028 972
709 113
709 499
709 367
709 973
709 267
709 295
441 831
441 238
441 563
441 834
441 74
441 857
441 1021
441 1014
441 733
441 843
441 623
525 638
525 805
525 1019
525 1097
525 119
525 455
525 886
525 157
525 129
525 360
525 836
525 1014
525 271
525 393
525 539
525 1126
525 311
525 194
525 485
831 438
831 238
831 856
831 661
831 712
831 638
831 834
831 933
831 601
831 74
831 360
831 571
831 310
831 330
831 1004
831 943
831 352
831 1014
831 612
831 149
831 733
831 221
831 745
831 559
831 1057
831 460
831 1003
831 775
831 907
400 51
400 654
400 544
400 571
400 92
400 240
400 917
400 957
400 45
400 985
400 484
438 74
438 352
438 1014
438 890
438 1032
238 812
238 107
238 965
856 919
856 805
856 582
856 1021
856 85
856 27
856 950
856 40
123 51
123 776
123 1087
123 386
123 735
123 66
563 969
563 179
563 51
563 654
563 475
563 612
563 1058
563 783
563 1027
563 53
563 481
563 824
563 101
563 15
563 645
563 1002
969 51
969 281
969 895
969 559
969 53
969 1007
969 603
969 955
1006 364
1006 661
1006 452
1006 29
1006 989
1006 834
1006 427
1006 1097
1006 119
1006 304
1006 727
1006 815
1006 726
1006 801
1006 161
1006 811
1006 1096
1006 732
1006 750
1006 818
1006 152
1006 446
1006 965
1006 103
1006 567
1006 537
257 267
1088 566
1088 433
1088 11
179 193
179 310
179 1004
179 1067
179 1048
179 733
179 1125
179 865
179 399
179 795
363 797
853 654
853 113
853 498
853 486
853 176
99 919
99 754
99 1057
99 878
99 541
99 583
99 64
99 249
99 261
99 17
99 1024
99 1026
414 477
414 367
414 588
944 281
944 1030
944 1078
797 353
797 973
797 41
797 1008
370 654
370 1058
370 761
370 95
370 284
370 671
370 338
370 682
370 1003
1131 46
1131 466
1131 741
1131 665
1131 134
1131 983
1131 865
1131 740
1131 816
1131 88
1131 1076
1131 822
558 560
558 1110
558 410
558 1125
558 161
558 285
558 217
51 919
51 262
51 895
51 654
51 452
51 498
51 193
51 779
51 801
51 135
51 94
51 302
51 101
51 535
980 919
980 364
980 916
980 560
980 925
980 727
980 85
980 1004
980 533
980 1110
980 352
980 958
980 395
980 440
980 307
980 1091
980 245
980 787
980 201
980 4
980 594
980 769
980 1018
919 1097
919 560
919 498
919 886
919 601
919 1071
919 85
919 330
919 1014
919 1120
919 142
919 754
919 271
919 393
919 377
919 325
919 43
919 598
919 173
919 194
919 1024
919 1026
919 69
919 501
364 805
364 727
364 732
364 818
364 446
262 686
262 499
262 564
262 1104
262 653
262 596
262 875
262 173
262 740
262 775
262 181
599 724
599 973
599 210
224 379
224 146
379 566
379 125
379 1047
281 328
281 310
281 1030
281 997
281 231
163 516
163 392
661 146
895 686
895 94
895 217
895 181
916 85
916 330
916 1004
916 533
916 352
916 570
916 351
916 95
916 297
916 1091
916 94
916 787
916 1010
916 995
916 421
916 260
654 686
654 712
654 560
654 193
654 865
654 951
654 824
654 822
654 181
686 1104
686 986
686 217
796 739
796 312
796 79
796 909
452 727
452 27
452 811
712 499
712 466
712 410
712 539
413 776
413 30
113 77
544 499
544 327
544 348
544 312
544 63
544 776
544 112
544 571
544 244
544 92
544 258
544 240
544 189
544 917
544 655
544 909
544 706
544 252
544 728
544 868
544 73
186 776
186 477
186 367
186 122
186 549
186 926
499 1097
499 933
499 77
499 304
499 112
499 466
499 367
499 665
499 453
499 66
499 290
499 639
499 173
499 439
499 376
499 713
578 175
578 651
578 38
29 638
29 989
29 427
29 892
29 898
29 1123
638 989
638 805
638 834
638 427
638 1019
638 892
638 119
638 304
638 836
638 1120
638 271
638 539
638 898
638 750
638 152
989 805
989 834
989 427
989 1019
989 892
989 161
989 621
989 898
989 750
989 103
989 866
805 834
805 1019
805 892
805 836
805 1096
834 427
834 1019
834 892
834 119
834 886
834 582
834 1014
834 161
834 898
834 1047
834 818
834 152
834 446
834 537
427 1019
427 892
427 119
427 444
427 898
427 750
427 446
1019 892
1019 836
1019 539
892 271
892 537
461 455
461 333
461 271
461 38
461 302
461 750
461 769
1097 455
1097 601
1097 304
1097 129
1097 360
1097 222
1097 1120
1097 726
1097 1025
1097 393
1097 444
1097 1081
1097 798
1097 10
1097 651
1097 1096
1097 832
1097 145
1097 424
1097 647
1097 577
933 433
933 625
933 377
933 454
933 392
933 1122
77 486
77 182
77 1009
77 799
77 1037
77 719
77 953
560 410
560 1007
560 991
560 822
560 227
119 554
119 903
119 836
119 539
119 152
119 1126
119 366
119 311
119 485
119 1123
119 1043
119 758
119 789
739 66
739 799
739 439
739 94
739 1007
739 941
455 601
455 157
455 360
455 310
455 836
455 222
455 1120
455 726
455 393
455 1057
455 43
455 598
455 541
455 798
455 750
455 152
455 261
455 17
455 769
455 7
455 518
327 63
327 571
327 85
766 798
766 249
766 769
766 1123
498 791
498 1017
498 719
498 69
566 221
566 270
228 125
228 516
228 625
228 11
228 920
228 835
228 1122
228 840
925 360
925 1009
925 194
925 57
925 473
348 85
348 612
348 161
348 579
348 252
333 360
333 801
333 399
333 412
918 776
313 886
313 852
313 180
886 852
886 601
886 138
886 1120
886 539
886 843
886 608
886 606
852 582
852 35
852 377
852 180
852 843
852 342
852 965
582 601
582 138
582 129
582 360
582 271
582 284
582 444
582 1081
582 302
582 152
601 138
601 304
601 129
601 360
601 222
601 1014
601 444
601 10
601 152
601 567
601 1000
138 715
138 1120
138 166
157 304
157 1120
157 754
157 393
157 444
157 1057
157 43
157 261
304 1120
304 754
304 393
304 1096
304 789
1071 360
1071 205
193 1104
193 871
193 1049
193 410
193 1048
193 1125
193 505
193 290
193 284
193 623
193 415
727 801
727 246
312 571
312 240
312 173
312 909
486 475
486 1030
486 1040
486 757
486 668
486 317
218 1080
218 3
218 943
218 733
218 707
218 422
74 1014
74 221
74 843
63 79
266 743
266 1058
266 733
266 502
266 594
266 1060
857 865
857 1105
564 846
564 175
564 109
564 719
564 824
1108 387
1108 1094
1108 871
1108 62
1108 93
1108 790
1108 951
1108 838
1108 965
1108 716
1108 5
1108 774
776 112
776 1080
776 350
776 1014
776 356
776 1058
776 761
776 843
776 109
776 1096
776 494
776 295
776 349
776 586
846 346
846 573
846 967
846 1094
846 1109
129 798
129 152
129 342
129 389
328 258
328 273
328 910
328 904
328 645
328 231
328 772
328 755
1021 1014
1021 95
1021 1122
1021 40
360 85
360 836
360 715
360 222
360 1120
360 726
360 643
360 95
360 393
360 444
360 1081
360 541
360 798
360 10
360 1096
360 832
360 145
360 424
360 647
360 1000
22 307
332 554
848 1110
848 1120
848 377
848 1081
554 890
554 202
256 652
256 407
516 790
516 625
516 11
516 920
516 365
516 122
903 652
903 836
903 68
903 205
903 843
903 651
903 786
477 1066
477 714
477 670
477 1125
477 142
477 665
433 85
433 974
433 745
433 998
433 32
743 196
743 876
743 155
743 475
743 733
743 470
743 502
743 1060
743 283
1052 254
964 576
964 180
714 1094
714 871
714 410
714 290
714 1064
714 82
714 816
714 984
1104 46
1104 254
1104 653
1104 665
1104 505
1104 134
1104 983
1104 1009
1104 290
1104 931
1104 297
1104 415
1104 717
1104 121
1104 232
632 475
632 733
632 95
112 609
112 161
112 397
112 386
112 447
112 445
112 303
112 534
112 1107
112 195
112 30
112 382
112 211
112 1044
112 1031
112 893
46 653
46 665
46 134
46 865
254 53
254 109
254 717
571 85
571 45
182 596
182 386
182 761
182 875
182 719
182 349
182 808
182 474
576 924
576 1017
576 719
576 602
576 227
576 1090
576 664
576 553
1080 628
1080 876
1080 475
1080 3
1080 527
1080 943
1080 952
1080 1058
1080 733
1080 677
1080 422
1080 907
1080 317
1080 586
1080 993
1080 28
1080 141
1080 1112
1080 133
1080 178
1080 982
1080 590
670 761
409 803
409 412
409 717
409 642
609 386
609 1107
609 195
609 230
609 593
609 211
609 1031
609 162
220 612
220 269
310 1030
310 1048
310 735
310 973
310 210
310 613
310 954
466 85
466 330
466 1048
466 665
466 134
466 865
466 740
466 223
466 459
466 1076
466 121
85 1004
85 1120
85 149
85 801
85 833
85 82
85 738
85 645
85 421
85 462
85 183
330 1094
330 1110
330 724
330 957
330 82
628 943
628 612
628 677
628 707
628 422
628 165
146 748
196 404
196 1058
196 999
196 782
196 283
196 993
196 932
387 1033
387 346
387 62
387 677
387 1003
876 404
876 3
876 1002
876 317
876 1060
876 993
876 968
1085 733
756 1033
756 434
756 1058
756 733
756 782
756 594
756 512
1033 404
1033 351
1033 108
1033 450
1033 594
1033 1060
1033 512
434 527
434 1058
434 733
434 931
434 307
434 737
434 999
434 550
434 287
434 889
155 782
155 838
155 317
404 475
404 3
404 527
404 282
404 573
404 967
404 618
404 733
404 616
404 999
404 901
404 317
404 984
404 141
404 932
404 388
404 611
404 144
404 731
475 3
475 1048
475 733
475 999
475 1003
475 34
475 317
475 133
346 62
346 1109
346 1040
3 943
3 783
3 677
3 422
3 907
3 317
3 993
3 1112
3 968
527 733
527 677
527 982
527 863
527 89
1004 533
1004 351
1004 1106
1004 245
1004 201
1004 562
1004 870
734 282
282 573
282 790
282 618
282 616
282 761
282 611
533 395
533 1106
533 245
533 365
533 201
533 450
533 562
533 150
760 953
573 616
573 611
33 967
33 924
33 199
33 953
33 936
967 1017
967 349
967 47
1094 1013
1094 871
1094 62
1094 13
1094 68
1094 741
1094 616
1094 539
1110 1048
1110 735
1110 247
1110 865
1110 803
1110 211
27 779
27 801
27 469
836 1048
836 1120
836 393
836 444
836 539
836 38
836 152
836 1126
836 311
836 485
836 1043
836 320
779 801
779 811
779 800
1013 93
1013 233
871 93
871 790
871 715
871 741
871 616
871 750
871 249
871 5
62 93
62 882
62 616
62 885
62 757
93 724
93 1038
93 320
815 11
815 843
815 651
815 38
815 786
815 732
815 446
815 342
815 965
815 606
815 286
943 733
943 677
943 707
943 422
943 165
899 617
653 6
959 352
959 763
959 974
959 96
959 1001
959 197
959 82
724 523
724 161
724 973
724 210
724 474
618 616
1030 296
1030 356
1030 938
1030 210
1030 273
1030 167
158 161
807 523
807 149
807 991
807 738
807 705
296 1048
296 210
296 273
523 149
523 319
1074 816
491 267
352 134
352 140
352 95
352 284
352 536
352 650
952 240
952 677
1049 487
410 816
410 619
1067 1048
1067 717
222 1120
222 377
222 444
222 1081
222 798
222 38
222 145
222 647
1014 149
1014 270
1014 708
1014 95
1014 999
1014 542
1014 165
612 270
612 745
612 999
612 542
356 78
356 167
356 490
1048 176
1048 733
1048 1125
1048 865
1048 210
1048 470
1048 536
1048 864
176 210
1120 726
1120 754
1120 377
1120 444
1120 1081
1120 539
1120 798
1120 10
1120 1096
1120 832
1120 145
1120 424
1120 647
219 1125
219 931
219 624
219 736
219 700
1058 733
1058 783
1058 999
1058 502
1058 782
1058 838
1058 901
1058 481
1058 283
1058 76
813 763
813 95
813 843
813 38
813 786
813 910
813 717
813 396
132 801
318 801
318 135
318 542
149 991
149 319
149 738
149 705
908 800
721 54
468 910
468 991
468 738
468 705
468 644
468 358
741 1125
741 161
741 665
741 134
741 865
741 399
741 740
733 161
733 865
733 999
733 556
733 707
733 502
733 422
733 782
733 838
733 901
733 594
733 317
733 1060
733 982
783 470
783 502
783 287
156 538
156 122
1125 397
1125 983
1125 865
1125 217
1125 700
78 1129
726 48
726 444
726 798
726 10
726 832
726 145
726 424
726 647
791 240
791 175
791 69
791 227
801 777
801 246
161 386
161 447
161 588
161 983
161 175
161 440
161 472
161 108
161 268
161 818
161 1100
161 992
161 620
161 497
161 1127
986 682
270 411
949 677
625 920
625 301
625 365
367 931
367 399
367 307
367 924
367 737
367 789
142 735
142 631
1087 954
1087 963
665 134
665 692
665 983
665 865
665 95
665 740
665 223
665 1064
665 459
665 88
665 1076
665 822
665 217
665 595
821 290
754 271
754 393
754 539
754 1057
754 325
754 598
754 541
754 798
754 583
754 1024
754 1026
754 501
271 393
271 377
271 444
271 1057
271 325
271 878
271 1024
763 974
763 48
763 890
763 377
763 311
763 90
621 998
621 43
621 36
621 615
974 96
974 1001
974 197
974 453
974 998
48 377
110 506
110 392
767 397
397 386
397 445
397 534
397 134
397 382
397 472
397 800
397 484
397 822
397 462
397 76
397 170
96 197
96 301
96 392
1001 377
1001 506
1001 421
197 870
269 303
269 534
386 445
386 189
386 800
386 905
447 445
244 909
616 611
92 917
92 985
92 7
79 909
258 240
258 273
258 706
258 496
258 663
588 614
588 349
240 45
240 252
240 7
240 171
240 442
240 489
240 216
240 147
443 553
614 924
614 529
708 698
445 385
303 534
303 1031
1107 211
195 399
607 643
1020 407
1020 900
189 909
1025 539
1025 302
917 909
917 985
917 728
917 7
917 496
643 385
643 893
735 399
745 67
745 247
745 532
745 35
67 247
247 532
725 694
725 392
725 345
453 998
453 746
833 865
833 166
833 694
890 748
890 11
890 843
469 847
720 624
134 983
134 865
134 740
134 223
134 1064
983 740
983 822
1009 66
1009 799
1009 251
1009 1007
1009 953
559 955
559 840
559 208
559 970
559 522
175 624
865 229
865 399
865 740
865 1064
865 181
865 736
66 30
66 799
66 8
66 941
66 147
290 472
931 307
931 737
931 361
229 253
849 412
395 245
395 435
440 950
440 82
440 771
351 245
351 450
351 150
140 105
95 1115
95 11
95 785
95 30
95 349
95 283
95 1100
297 1096
1106 245
307 737
307 624
307 713
1115 1096
1091 847
245 378
998 748
998 392
579 843
579 308
11 308
11 398
11 794
920 365
920 1010
920 840
920 292
924 719
1017 719
1017 956
785 694
30 843
284 1060
284 689
737 757
737 550
737 668
737 287
737 889
737 731
737 520
875 251
875 624
875 217
875 121
999 470
999 782
999 932
999 287
999 520
777 542
777 340
777 569
777 246
973 460
973 1095
973 320
1038 420
274 57
274 881
472 816
885 1022
669 965
451 385
393 325
393 878
393 598
393 583
393 64
393 1024
393 1026
393 769
393 518
393 580
377 444
377 1081
377 539
377 345
377 835
444 1081
444 798
444 10
444 832
444 145
444 424
444 647
444 577
722 180
722 1123
722 606
722 389
1081 302
539 798
539 1024
539 1043
539 758
539 789
180 376
180 606
180 389
655 211
811 567
922 685
506 421
1057 878
1057 541
1057 17
1057 1024
325 43
325 878
325 541
325 694
325 1024
43 878
43 541
43 583
43 1024
878 541
878 1024
541 583
541 36
173 909
439 8
8 1022
798 843
798 10
798 832
798 145
798 424
798 647
677 707
677 422
677 993
677 178
677 982
677 590
677 89
677 265
53 101
53 955
199 936
210 420
210 273
210 167
210 44
747 593
402 604
740 223
740 822
223 459
223 713
223 595
6 822
6 1039
1064 459
166 1123
593 446
843 651
843 38
843 786
843 1096
301 392
694 392
898 832
898 750
898 818
898 311
898 103
10 832
10 145
10 424
10 647
685 755
685 1100
685 620
685 496
685 942
1103 651
420 319
420 358
820 1032
1122 704
978 1121
707 422
707 1112
707 165
707 689
651 38
651 786
108 594
108 512
1022 1007
136 251
470 272
470 550
470 782
803 412
459 1076
459 822
459 490
314 624
273 167
502 838
502 1003
502 968
502 148
552 76
536 1123
38 786
38 965
786 100
82 302
82 121
82 545
82 418
82 1045
837 787
837 435
719 227
550 932
550 889
550 731
550 520
422 165
422 89
422 520
782 932
782 512
782 731
782 520
624 824
529 901
905 838
905 901
905 34
905 45
905 275
302 293
910 904
910 231
910 755
460 57
460 473
460 320
347 1123
347 293
838 901
838 1003
838 275
901 275
1003 34
1003 932
1003 287
1003 164
201 168
562 292
1096 315
832 145
832 424
832 647
145 424
145 647
424 647
732 818
732 446
732 103
750 577
750 873
818 446
818 904
366 311
366 485
366 1123
366 1043
366 758
366 789
366 232
311 485
311 1123
311 1043
311 789
446 985
446 103
494 464
174 1095
1095 490
991 738
991 358
342 965
342 286
904 143
904 772
904 755
904 1100
904 620
965 606
965 389
480 755
480 1100
480 620
480 496
480 942
738 705
738 644
738 358
295 879
485 1043
485 789
775 361
907 586
45 1112
985 7
481 76
101 467
15 232
15 858
645 231
645 755
955 840
955 208
583 64
583 1026
64 249
249 769
816 1076
217 181
594 317
594 1060
594 512
769 518
769 396
769 580
69 86
252 171
252 147
1123 1043
1123 789
953 130
227 992
1043 789
1043 572
840 208
57 320
473 320
412 717
606 389
317 1060
317 982
317 731
317 275
1105 130
716 37
349 47
349 507
772 755
772 1100
772 620
772 942
755 1100
755 620
755 497
755 942
717 587
1090 553
1090 992
553 992
1112 911
133 689
982 89
462 620
462 496
932 287
932 889
932 731
932 520
889 731
889 520
731 520
89 275
167 1082
358 942
1100 620
1100 497
1100 496
1100 942
620 497
620 496
620 942
497 942
595 1102
496 663
171 147
171 19
208 742
970 522
956 1063
520 275
1063 1063
