0 487
1 387
2 998
3 477
4 798
5 889
6 914
7 502
8 459
9 1097
10 714
11 246
12 93
13 784
14 284
15 960
16 511
17 753
18 676
19 1010
20 85
21 785
22 703
23 60
24 371
25 130
26 1084
27 501
28 931
29 346
30 21
31 892
32 805
33 11
34 682
35 472
36 207
37 463
38 779
39 612
40 1087
41 264
42 970
43 577
44 1034
45 742
46 442
47 1000
48 701
49 813
50 210
51 39
52 710
53 149
54 922
55 632
56 103
57 730
58 614
59 325
60 919
61 896
62 619
63 991
64 990
65 113
66 996
67 828
68 1124
69 762
70 1021
71 79
72 744
73 606
74 679
75 257
76 869
77 950
78 187
79 476
80 1080
81 17
82 58
83 1108
84 1070
85 2
86 1027
87 521
88 936
89 1064
90 25
91 618
92 208
93 307
94 820
95 643
96 790
97 872
98 766
99 422
100 870
101 350
102 564
103 235
104 157
105 868
106 930
107 878
108 927
109 381
110 185
111 449
112 203
113 757
114 740
115 398
116 1082
117 359
118 361
119 975
120 97
121 165
122 697
123 818
124 286
125 920
126 24
127 519
128 851
129 611
130 641
131 56
132 311
133 166
134 485
135 23
136 443
137 726
138 887
139 272
140 863
141 418
142 913
143 391
144 720
145 337
146 578
147 433
148 363
149 630
150 1089
151 263
152 57
153 732
154 413
155 636
156 652
157 260
158 366
159 1055
160 162
161 308
162 107
163 677
164 565
165 190
166 484
167 907
168 282
169 680
170 1107
171 846
172 1044
173 324
174 30
175 874
176 328
177 661
178 68
179 226
180 417
181 782
182 437
183 517
184 685
185 8
186 940
187 51
188 718
189 448
190 302
191 465
192 424
193 751
194 5
195 372
196 345
197 1015
198 499
199 373
200 468
201 111
202 599
203 486
204 852
205 541
206 633
207 916
208 490
209 382
210 1052
211 574
212 380
213 546
214 534
215 893
216 555
217 340
218 1019
219 72
220 1026
221 721
222 406
223 639
224 0
225 804
226 19
227 356
228 105
229 147
230 1111
231 451
232 412
233 736
234 394
235 421
236 1094
237 45
238 189
239 84
240 604
241 909
242 1017
243 488
244 985
245 1059
246 1121
247 59
248 178
249 520
250 590
251 266
252 549
253 932
254 141
255 853
256 171
257 61
258 240
259 132
260 989
261 125
262 364
263 221
264 728
265 38
266 404
267 493
268 134
269 801
270 902
271 566
272 629
273 812
274 420
275 273
276 1069
277 560
278 1072
279 899
280 253
281 554
282 1061
283 792
284 707
285 1127
286 243
287 137
288 469
289 393
290 77
291 723
292 395
293 63
294 982
295 597
296 768
297 62
298 1045
299 411
300 184
301 967
302 966
303 946
304 783
305 965
306 923
307 935
308 949
309 657
310 859
311 662
312 66
313 1009
314 143
315 78
316 637
317 64
318 1029
319 803
320 955
321 1040
322 1005
323 1115
324 280
325 585
326 96
327 158
328 16
329 287
330 537
331 835
332 1047
333 571
334 116
335 873
336 671
337 338
338 120
339 876
340 489
341 290
342 832
343 298
344 699
345 659
346 693
347 908
348 224
349 775
350 777
351 92
352 981
353 512
354 948
355 570
356 830
357 1018
358 891
359 706
360 1012
361 542
362 917
363 524
364 824
365 252
366 1129
367 200
368 230
369 300
370 717
371 136
372 802
373 247
374 1003
375 139
376 88
377 983
378 588
379 799
380 877
381 392
382 582
383 844
384 562
385 318
386 624
387 518
388 3
389 212
390 474
391 860
392 1056
393 1095
394 810
395 297
396 142
397 620
398 947
399 238
400 594
401 277
402 452
403 320
404 500
405 772
406 731
407 430
408 196
409 377
410 1096
411 467
412 655
413 816
414 347
415 181
416 27
417 86
418 358
419 1030
420 348
421 333
422 274
423 925
424 128
425 1037
426 910
427 33
428 737
429 1128
430 460
431 26
432 774
433 535
434 426
435 961
436 663
437 684
438 285
439 119
440 69
441 478
442 91
443 530
444 108
445 259
446 509
447 319
448 933
449 191
450 89
451 131
452 439
453 450
454 769
455 994
456 245
457 1114
458 883
459 529
460 953
461 20
462 173
463 315
464 580
465 885
466 405
467 234
468 575
469 547
470 271
471 303
472 250
473 926
474 504
475 1041
476 945
477 733
478 146
479 964
480 388
481 558
482 227
483 921
484 401
485 995
486 786
487 1104
488 646
489 407
490 1074
491 1006
492 551
493 168
494 438
495 850
496 153
497 357
498 80
499 543
500 957
501 658
502 704
503 462
504 1088
505 750
506 225
507 312
508 163
509 794
510 428
511 415
512 635
513 1075
514 12
515 129
516 837
517 974
518 344
519 1020
520 183
521 793
522 355
523 425
524 531
525 1058
526 414
527 911
528 928
529 150
530 291
531 969
532 267
533 223
534 956
535 360
536 186
537 510
538 265
539 1033
540 101
541 734
542 174
543 341
544 879
545 50
546 514
547 192
548 98
549 217
550 386
551 667
552 152
553 209
554 309
555 90
556 587
557 35
558 482
559 809
560 159
561 408
562 1091
563 592
564 550
565 454
566 532
567 602
568 374
569 918
570 669
571 1119
572 538
573 968
574 915
575 1125
576 313
577 724
578 114
579 666
580 660
581 244
582 160
583 409
584 258
585 367
586 435
587 944
588 172
589 711
590 205
591 1106
592 735
593 456
594 696
595 201
596 596
597 988
598 242
599 709
600 829
601 937
602 1122
603 261
604 857
605 475
606 321
607 237
608 754
609 901
610 610
611 1085
612 214
613 464
614 236
615 579
616 617
617 759
618 992
619 397
620 314
621 528
622 220
623 292
624 283
625 603
626 903
627 343
628 650
629 848
630 544
631 118
632 99
633 440
634 1011
635 622
636 29
637 653
638 545
639 352
640 195
641 229
642 1007
643 40
644 87
645 419
646 924
647 109
648 329
649 1004
650 1099
651 563
652 102
653 884
654 862
655 516
656 806
657 334
658 1013
659 670
660 781
661 1008
662 135
663 1109
664 881
665 1093
666 593
667 369
668 74
669 765
670 890
671 533
672 75
673 1062
674 1050
675 441
676 638
677 686
678 1101
679 875
680 939
681 791
682 494
683 461
684 631
685 1105
686 95
687 745
688 572
689 1083
690 842
691 788
692 470
693 73
694 568
695 140
696 55
697 1051
698 429
699 616
700 444
701 507
702 42
703 275
704 383
705 293
706 1123
707 1078
708 977
709 963
710 741
711 1131
712 354
713 895
714 279
715 180
716 912
717 807
718 288
719 758
720 241
721 626
722 22
723 138
724 763
725 623
726 1022
727 194
728 739
729 864
730 708
731 112
732 365
733 18
734 122
735 498
736 256
737 719
738 182
739 1102
740 972
741 1066
742 527
743 1116
744 71
745 941
746 436
747 268
748 716
749 715
750 999
751 323
752 811
753 176
754 647
755 954
756 1065
757 133
758 808
759 41
760 1113
761 595
762 589
763 743
764 817
765 480
766 513
767 694
768 705
769 691
770 70
771 725
772 905
773 15
774 94
775 540
776 447
777 322
778 865
779 396
780 506
781 270
782 1016
783 825
784 198
785 827
786 402
787 780
788 979
789 1081
790 49
791 645
792 833
793 674
794 673
795 722
796 821
797 755
798 100
799 678
800 688
801 458
802 761
803 553
804 904
805 31
806 121
807 385
808 215
809 559
810 326
811 581
812 800
813 46
814 197
815 155
816 640
817 416
818 124
819 672
820 144
821 523
822 826
823 583
824 127
825 613
826 239
827 854
828 278
829 362
830 1063
831 161
832 316
833 959
834 262
835 987
836 700
837 351
838 625
839 861
840 1031
841 976
842 410
843 760
844 561
845 1060
846 886
847 453
848 847
849 683
850 748
851 445
852 434
853 795
854 218
855 839
856 1023
857 609
858 627
859 1054
860 552
861 675
862 951
863 621
864 973
865 819
866 591
867 823
868 789
869 938
870 1049
871 1126
872 1098
873 738
874 117
875 1092
876 249
877 389
878 43
879 481
880 764
881 167
882 1001
883 269
884 1035
885 1077
886 1073
887 1042
888 7
889 1043
890 219
891 384
892 1130
893 712
894 849
895 1079
896 746
897 1025
898 651
899 400
900 151
901 54
902 897
903 37
904 840
905 548
906 6
907 986
908 656
909 557
910 880
911 330
912 1110
913 586
914 289
915 1118
916 1046
917 213
918 752
919 375
920 1100
921 255
922 65
923 797
924 814
925 689
926 495
927 177
928 934
929 841
930 483
931 83
932 993
933 199
934 871
935 44
936 776
937 211
938 1086
939 188
940 971
941 654
942 681
943 317
944 175
945 76
946 349
947 567
948 295
949 222
950 1039
951 508
952 1103
953 294
954 649
955 713
956 403
957 332
958 787
959 4
960 569
961 368
962 231
963 958
964 894
965 13
966 370
967 942
968 170
969 815
970 431
971 1076
972 773
973 929
974 756
975 605
976 648
977 327
978 473
979 997
980 962
981 306
982 305
983 843
984 906
985 164
986 822
987 471
988 390
989 729
990 888
991 855
992 248
993 856
994 479
995 34
996 900
997 882
998 692
999 838
1000 32
1001 687
1002 749
1003 767
1004 526
1005 427
1006 276
1007 1048
1008 336
1009 376
1010 858
1011 1024
1012 1057
1013 9
1014 457
1015 106
1016 1067
1017 608
1018 233
1019 1112
1020 179
1021 204
1022 28
1023 525
1024 503
1025 607
1026 497
1027 615
1028 644
1029 310
1030 573
1031 232
1032 598
1033 299
1034 339
1035 496
1036 576
1037 1132
1038 104
1039 281
1040 845
1041 702
1042 353
1043 126
1044 491
1045 978
1046 747
1047 123
1048 1090
1049 446
1050 771
1051 216
1052 1014
1053 1071
1054 169
1055 1120
1056 48
1057 642
1058 522
1059 1053
1060 110
1061 156
1062 601
1063 342
1064 515
1065 898
1066 378
1067 53
1068 335
1069 228
1070 331
1071 770
1072 584
1073 301
1074 600
1075 145
1076 47
1077 980
1078 154
1079 455
1080 727
1081 943
1082 834
1083 1117
1084 251
1085 1068
1086 556
1087 831
1088 984
1089 206
1090 423
1091 1002
1092 664
1093 67
1094 466
1095 690
1096 492
1097 82
1098 778
1099 1036
1100 254
1101 505
1102 668
1103 1038
1104 304
1105 866
1106 698
1107 202
1108 695
1109 952
1110 399
1111 432
1112 10
1113 867
1114 379
1115 1032
1116 634
1117 115
1118 52
1119 1028
1120 628
1121 665
1122 539
1123 296
1124 193
1125 836
1126 81
1127 148
1128 36
1129 536
1130 14
1131 796
1132 1
