0 1058
1 211
2 582
3 179
4 781
5 618
6 761
7 970
8 56
9 217
10 259
11 1121
12 947
13 929
14 1025
15 164
16 317
17 584
18 597
19 848
20 185
21 171
22 163
23 913
24 623
25 1123
26 235
27 280
28 689
29 271
30 850
31 19
32 815
33 757
34 826
35 824
36 552
37 690
38 669
39 184
40 216
41 789
42 820
43 345
44 218
45 673
46 844
47 107
48 136
49 98
50 355
51 793
52 555
53 148
54 387
55 165
56 1003
57 831
58 656
59 169
60 7
61 130
62 825
63 390
64 186
65 533
66 644
67 520
68 398
69 480
70 450
71 254
72 295
73 706
74 977
75 1108
76 799
77 949
78 194
79 238
80 1030
81 1060
82 421
83 1132
84 481
85 49
86 587
87 441
88 629
89 310
90 277
91 435
92 337
93 58
94 541
95 283
96 67
97 28
98 177
99 188
100 873
101 778
102 17
103 340
104 129
105 35
106 444
107 1087
108 1112
109 701
110 527
111 38
112 756
113 110
114 300
115 643
116 645
117 662
118 465
119 723
120 630
121 830
122 688
123 1000
124 323
125 439
126 776
127 764
128 667
129 255
130 467
131 141
132 1107
133 912
134 713
135 233
136 694
137 769
138 1092
139 741
140 546
141 396
142 350
143 27
144 561
145 318
146 94
147 522
148 633
149 1
150 845
151 248
152 329
153 834
154 1052
155 78
156 201
157 632
158 833
159 892
160 602
161 551
162 994
163 198
164 72
165 1101
166 70
167 42
168 0
169 253
170 249
171 269
172 1041
173 88
174 1056
175 827
176 1050
177 942
178 221
179 460
180 985
181 52
182 720
183 11
184 57
185 821
186 807
187 178
188 1054
189 1063
190 242
191 339
192 119
193 563
194 452
195 103
196 865
197 548
198 972
199 373
200 212
201 268
202 4
203 122
204 109
205 10
206 560
207 1069
208 605
209 77
210 536
211 116
212 885
213 580
214 1074
215 963
216 749
217 612
218 838
219 953
220 434
221 143
222 810
223 1116
224 135
225 796
226 876
227 232
228 579
229 418
230 174
231 202
232 430
233 621
234 784
235 591
236 640
237 1104
238 84
239 281
240 516
241 510
242 395
243 881
244 54
245 573
246 210
247 423
248 842
249 1039
250 545
251 1077
252 267
253 50
254 99
255 1046
256 1001
257 1023
258 770
259 182
260 496
261 476
262 224
263 478
264 497
265 966
266 926
267 137
268 904
269 172
270 530
271 505
272 1048
273 938
274 907
275 384
276 487
277 875
278 675
279 159
280 285
281 51
282 705
283 133
284 1096
285 861
286 616
287 416
288 154
289 882
290 454
291 166
292 117
293 127
294 408
295 180
296 695
297 747
298 684
299 999
300 315
301 783
302 22
303 801
304 919
305 44
306 711
307 65
308 298
309 991
310 1021
311 443
312 1040
313 981
314 989
315 782
316 721
317 691
318 852
319 445
320 438
321 83
322 728
323 765
324 853
325 680
326 173
327 979
328 425
329 681
330 105
331 1088
332 716
333 543
334 214
335 802
336 464
337 366
338 331
339 738
340 290
341 658
342 299
343 976
344 870
345 451
346 1037
347 469
348 538
349 37
350 683
351 924
352 787
353 971
354 34
355 205
356 625
357 676
358 682
359 301
360 399
361 984
362 526
363 519
364 514
365 556
366 449
367 620
368 508
369 743
370 145
371 104
372 679
373 382
374 48
375 43
376 328
377 400
378 1010
379 766
380 490
381 843
382 195
383 305
384 722
385 287
386 69
387 417
388 1115
389 772
390 1035
391 158
392 1098
393 153
394 678
395 1064
396 891
397 703
398 448
399 610
400 748
401 474
402 389
403 642
404 458
405 504
406 902
407 288
408 717
409 959
410 945
411 1070
412 336
413 651
414 491
415 457
416 544
417 1013
418 343
419 36
420 709
421 1065
422 436
423 410
424 403
425 279
426 914
427 911
428 751
429 887
430 244
431 149
432 858
433 1009
434 806
435 795
436 256
437 170
438 975
439 82
440 655
441 226
442 739
443 356
444 917
445 734
446 851
447 575
448 128
449 622
450 1042
451 585
452 611
453 100
454 71
455 263
456 354
457 686
458 190
459 311
460 817
461 758
462 997
463 199
464 220
465 792
466 568
467 804
468 252
469 1028
470 1075
471 1026
472 503
473 239
474 710
475 903
476 956
477 752
478 236
479 1071
480 142
481 291
482 816
483 461
484 1068
485 726
486 266
487 791
488 175
489 208
490 860
491 964
492 1090
493 494
494 415
495 1125
496 863
497 419
498 1073
499 115
500 1081
501 327
502 528
503 1022
504 346
505 762
506 995
507 1100
508 502
509 397
510 498
511 812
512 837
513 909
514 943
515 910
516 411
517 754
518 278
519 1118
520 854
521 898
522 320
523 155
524 309
525 176
526 973
527 779
528 424
529 535
530 1020
531 906
532 326
533 946
534 39
535 294
536 933
537 660
538 1099
539 426
540 940
541 992
542 790
543 880
544 1047
545 606
546 564
547 661
548 381
549 1080
550 657
551 745
552 571
553 697
554 341
555 470
556 258
557 547
558 835
559 659
560 1067
561 663
562 85
563 648
564 414
565 859
566 529
567 978
568 729
569 788
570 901
571 797
572 628
573 619
574 773
575 1127
576 335
577 330
578 712
579 157
580 1085
581 954
582 1038
583 1062
584 344
585 1113
586 365
587 352
588 1126
589 828
590 63
591 1032
592 839
593 14
594 939
595 1017
596 941
597 134
598 702
599 125
600 718
601 930
602 1049
603 855
604 878
605 376
606 1082
607 196
608 152
609 1089
610 47
611 139
612 922
613 1114
614 775
615 213
616 187
617 708
618 95
619 742
620 385
621 814
622 241
623 986
624 307
625 383
626 319
627 832
628 794
629 367
630 246
631 864
632 944
633 518
634 24
635 767
636 857
637 1057
638 969
639 714
640 379
641 524
642 948
643 813
644 531
645 193
646 665
647 189
648 25
649 237
650 808
651 26
652 725
653 495
654 638
655 64
656 207
657 897
658 515
659 79
660 1016
661 322
662 296
663 321
664 222
665 957
666 581
667 1111
668 1122
669 462
670 76
671 915
672 1084
673 161
674 203
675 12
676 181
677 1094
678 338
679 733
680 316
681 763
682 884
683 715
684 1029
685 420
686 513
687 361
688 463
689 674
690 265
691 219
692 228
693 567
694 512
695 786
696 324
697 101
698 603
699 517
700 351
701 920
702 889
703 803
704 777
705 6
706 990
707 477
708 1004
709 819
710 73
711 908
712 537
713 1117
714 15
715 5
716 928
717 40
718 670
719 374
720 1011
721 500
722 332
723 29
724 432
725 654
726 111
727 499
728 261
729 523
730 93
731 21
732 362
733 511
734 393
735 1129
736 871
737 275
738 191
739 260
740 554
741 809
742 1043
743 46
744 206
745 874
746 1031
747 1055
748 996
749 493
750 371
751 314
752 231
753 1103
754 75
755 97
756 486
757 967
758 699
759 230
760 1019
761 192
762 388
763 737
764 664
765 62
766 592
767 542
768 921
769 1106
770 45
771 1053
772 333
773 1105
774 489
775 951
776 652
777 66
778 289
779 151
780 360
781 750
782 677
783 455
784 590
785 223
786 952
787 501
788 89
789 167
790 482
791 934
792 375
793 422
794 386
795 112
796 899
797 162
798 334
799 168
800 916
801 146
802 9
803 735
804 87
805 483
806 90
807 347
808 413
809 488
810 534
811 918
812 868
813 8
814 730
815 569
816 886
817 846
818 353
819 215
820 849
821 18
822 755
823 905
824 595
825 836
826 649
827 1091
828 313
829 160
830 257
831 666
832 719
833 877
834 431
835 60
836 707
837 829
838 576
839 264
840 856
841 31
842 1024
843 32
844 91
845 392
846 883
847 304
848 402
849 566
850 811
851 617
852 960
853 539
854 869
855 631
856 624
857 1079
858 888
859 245
860 1120
861 234
862 348
863 33
864 492
865 894
866 358
867 1045
868 378
869 1066
870 559
871 325
872 243
873 641
874 409
875 700
876 608
877 1086
878 635
879 685
880 428
881 273
882 240
883 867
884 671
885 468
886 553
887 1006
888 225
889 509
890 672
891 572
892 372
893 1008
894 126
895 342
896 473
897 1014
898 447
899 1095
900 578
901 744
902 961
903 466
904 471
905 521
906 1102
907 1093
908 16
909 369
910 1076
911 574
912 200
913 406
914 1005
915 593
916 363
917 380
918 150
919 405
920 980
921 895
922 771
923 565
924 293
925 698
926 927
927 485
928 1015
929 1036
930 614
931 197
932 596
933 637
934 1051
935 1083
936 144
937 1034
938 532
939 780
940 472
941 250
942 13
943 588
944 753
945 1002
946 227
947 1124
948 459
949 204
950 20
951 692
952 589
953 1044
954 998
955 132
956 113
957 147
958 68
959 785
960 302
961 306
962 1130
963 391
964 872
965 1097
966 866
967 407
968 23
969 594
970 599
971 800
972 118
973 958
974 349
975 1128
976 1018
977 879
978 55
979 440
980 923
981 1110
982 120
983 549
984 357
985 138
986 1072
987 30
988 2
989 696
990 102
991 479
992 427
993 475
994 818
995 798
996 988
997 251
998 401
999 646
1000 229
1001 276
1002 53
1003 847
1004 377
1005 558
1006 106
1007 272
1008 506
1009 442
1010 727
1011 1131
1012 653
1013 540
1014 453
1015 41
1016 890
1017 262
1018 740
1019 650
1020 647
1021 893
1022 987
1023 823
1024 968
1025 936
1026 446
1027 805
1028 86
1029 983
1030 598
1031 364
1032 140
1033 693
1034 124
1035 925
1036 768
1037 1027
1038 583
1039 1061
1040 525
1041 1109
1042 615
1043 456
1044 412
1045 982
1046 639
1047 183
1048 484
1049 209
1050 974
1051 81
1052 601
1053 59
1054 626
1055 607
1056 570
1057 1059
1058 247
1059 292
1060 600
1061 1012
1062 896
1063 935
1064 668
1065 932
1066 841
1067 1033
1068 282
1069 950
1070 736
1071 993
1072 108
1073 1119
1074 937
1075 131
1076 562
1077 74
1078 274
1079 156
1080 1078
1081 774
1082 368
1083 609
1084 862
1085 96
1086 557
1087 627
1088 1007
1089 704
1090 550
1091 900
1092 962
1093 312
1094 3
1095 433
1096 394
1097 604
1098 114
1099 840
1100 284
1101 759
1102 724
1103 121
1104 822
1105 270
1106 437
1107 687
1108 955
1109 613
1110 634
1111 92
1112 931
1113 577
1114 965
1115 746
1116 308
1117 80
1118 359
1119 61
1120 731
1121 429
1122 370
1123 404
1124 760
1125 507
1126 732
1127 286
1128 303
1129 297
1130 123
1131 636
1132 586
