672 68
672 329
672 537
672 219
672 385
672 596
672 51
672 777
672 448
672 758
672 1105
672 451
672 706
672 761
672 716
672 665
672 169
672 1113
672 123
672 64
672 917
672 195
672 1106
672 382
672 408
672 94
672 717
672 1109
672 53
672 1035
68 329
68 537
68 385
68 596
68 51
68 777
68 448
68 758
68 451
68 716
68 169
68 1113
68 123
68 1106
68 709
68 527
68 978
68 795
68 970
68 191
329 537
329 385
329 596
329 51
329 777
329 758
329 1105
329 451
329 716
329 169
329 123
329 64
329 917
329 195
329 94
329 717
329 291
329 911
329 960
329 632
329 976
329 363
329 712
329 723
329 576
329 681
329 122
329 86
329 1104
329 279
329 46
329 10
329 480
329 243
329 313
537 758
537 917
537 576
537 1022
537 518
537 274
537 468
537 395
537 1084
537 177
537 43
537 203
537 896
537 649
537 294
537 567
537 946
537 875
537 202
219 451
219 541
219 353
219 608
219 928
219 162
219 72
219 855
385 596
385 51
385 451
385 716
385 169
385 917
385 94
385 717
385 1090
385 903
385 920
385 368
385 814
385 379
385 938
385 106
596 777
596 451
596 761
596 716
596 1113
596 917
596 717
596 928
596 756
596 865
596 149
596 698
596 547
596 724
596 192
596 745
596 453
596 172
596 930
596 102
596 85
51 917
51 717
51 860
51 260
777 448
777 451
777 716
777 64
777 917
777 1106
777 53
777 632
777 686
777 1025
777 512
777 375
448 716
448 1106
448 53
448 291
448 946
448 265
448 50
448 646
448 854
448 484
448 427
448 25
448 410
448 194
448 415
448 947
448 891
448 1030
448 521
448 656
448 516
448 728
448 737
448 224
448 989
448 645
758 169
758 1113
758 123
758 917
758 382
758 94
758 723
758 541
758 297
758 227
758 746
758 549
758 84
758 956
758 1107
758 584
1105 814
1105 271
1105 73
1105 502
1105 654
1105 974
1105 909
1105 96
1105 56
1105 121
1105 1010
1105 901
1105 41
1105 240
1105 612
1105 1097
451 706
451 716
451 169
451 917
451 1106
451 717
451 723
451 567
451 928
451 561
451 1097
451 42
451 862
451 528
451 627
451 705
451 32
451 401
706 761
706 716
706 1106
706 527
706 291
706 1090
706 375
706 484
706 208
706 516
706 956
706 179
706 1029
706 900
706 60
706 687
706 948
706 185
706 225
706 252
706 1071
706 1004
706 517
706 87
706 825
706 967
706 932
706 349
706 626
706 964
706 70
706 866
706 879
761 195
761 527
761 291
761 928
761 724
761 516
761 225
761 731
761 769
761 268
761 610
761 35
761 473
761 1013
761 1115
761 452
716 1106
716 53
716 527
716 291
716 313
716 162
716 512
716 265
716 208
716 737
716 989
716 65
716 18
716 980
716 22
716 328
716 647
716 1034
716 167
716 330
716 367
716 534
716 166
716 147
716 91
716 797
716 113
716 397
716 460
716 1045
716 552
716 251
716 668
716 677
716 1074
716 1127
716 284
716 782
716 1101
716 750
716 751
716 1032
665 1106
665 291
665 410
665 446
665 787
169 1113
169 64
169 917
169 382
169 408
169 94
169 191
169 911
169 399
169 721
169 546
1113 123
1113 94
1113 191
1113 632
1113 946
1113 920
1113 938
1113 1030
1113 1107
1113 610
1113 321
1113 568
1113 322
1113 658
1113 701
1113 981
1113 529
1113 1070
1113 864
1113 419
1113 1121
123 917
123 632
123 363
123 1104
123 903
123 561
123 546
123 658
123 804
123 1036
123 577
123 921
64 195
64 382
64 911
64 960
64 632
64 576
64 681
64 1104
64 480
64 243
64 274
64 698
64 686
64 1025
64 512
64 375
64 627
64 797
64 1045
64 677
64 446
64 419
64 477
64 209
64 436
64 544
64 588
64 80
64 575
64 278
64 572
64 48
64 200
64 255
64 301
64 602
64 739
64 991
917 94
917 709
917 191
195 382
195 191
195 911
195 976
195 363
195 712
195 723
195 576
195 1104
195 480
195 1090
195 172
195 549
195 84
195 974
195 879
195 328
195 166
195 721
195 321
195 1121
195 209
195 807
195 697
195 262
195 228
195 456
195 428
195 275
195 535
195 331
195 101
195 317
195 1003
195 232
195 310
195 11
195 371
195 160
195 759
195 336
195 615
195 380
195 840
195 459
195 40
1106 53
1106 527
1106 291
1106 518
1106 946
1106 265
1106 50
1106 646
1106 484
1106 194
1106 891
1106 1030
1106 521
1106 516
1106 185
1106 225
1106 825
1106 932
1106 879
1106 262
1106 360
1106 671
1106 747
1106 120
1106 637
1106 1018
1106 372
1106 180
1106 107
1106 996
1106 2
1106 76
1106 143
382 408
382 911
382 468
382 1084
382 823
382 721
382 864
382 456
382 747
382 1110
382 1093
382 309
382 806
382 940
382 270
94 191
94 946
94 938
94 745
94 610
94 321
94 322
94 981
94 864
94 11
94 874
94 689
94 661
94 863
717 291
717 879
717 658
717 615
717 1008
717 299
1109 121
1109 969
1109 100
1109 842
1109 430
1109 418
1109 788
1109 218
53 291
53 86
53 626
53 980
53 328
53 330
53 367
53 552
53 782
53 1120
53 934
53 364
53 843
53 311
53 438
53 636
53 772
53 841
53 366
1035 723
1035 480
1035 1025
1035 627
1035 534
1035 804
1035 477
1035 575
1035 602
1035 388
1035 663
1035 614
1035 276
1035 365
1035 1124
1035 511
1035 629
1035 959
1035 356
1035 890
709 1098
527 291
527 1030
527 252
291 243
291 946
291 265
291 879
291 1008
291 771
291 437
191 568
191 658
191 1070
191 48
191 101
191 11
191 663
191 540
191 464
191 557
191 573
191 1049
191 314
191 735
191 1114
191 1016
191 124
911 632
911 976
911 363
911 723
911 576
911 1104
911 46
911 512
911 375
911 721
911 1121
911 477
911 209
911 80
911 456
911 430
911 418
911 221
911 81
911 897
911 305
911 729
911 785
960 976
960 576
960 681
960 86
960 480
960 243
960 313
960 518
960 512
960 627
960 166
960 535
960 107
960 511
960 81
960 897
960 181
960 148
960 598
960 924
960 635
960 187
960 945
960 922
960 936
632 576
632 681
632 122
632 1104
632 279
632 480
632 1084
632 106
632 192
632 686
632 561
632 549
632 84
632 452
632 980
632 1045
632 981
632 864
632 477
632 209
632 436
632 80
632 739
632 697
632 101
632 221
632 365
632 124
632 81
632 897
632 785
632 230
632 1028
632 699
632 736
632 207
632 1044
632 581
632 34
632 634
632 1053
632 558
632 950
976 723
976 814
976 1025
976 512
976 549
976 627
976 477
976 317
976 270
976 418
976 221
976 276
976 1124
976 629
976 959
976 81
976 897
976 305
976 207
976 558
976 773
976 916
976 1042
976 306
976 190
976 241
976 662
976 1130
976 992
976 220
976 837
976 447
976 1082
976 445
976 377
976 990
976 799
976 1057
976 152
976 66
976 3
976 730
976 151
976 88
363 576
363 321
363 1121
363 331
363 840
363 545
712 46
712 84
712 221
712 1098
712 306
712 662
712 129
712 272
712 659
712 490
712 266
712 222
712 910
712 132
712 839
723 1104
723 480
723 541
723 746
723 452
723 721
723 575
723 602
723 276
723 314
723 897
723 924
723 152
723 1079
723 285
723 4
723 150
723 381
723 286
723 522
723 318
723 650
723 163
723 390
576 122
576 46
576 1022
576 518
576 274
576 1084
576 43
576 896
576 567
576 875
576 202
576 903
576 804
576 209
576 840
576 1114
576 81
576 1044
576 152
576 839
576 783
576 173
576 223
576 1095
576 829
576 868
576 135
681 1025
681 629
681 75
122 76
122 221
122 936
122 233
86 480
86 243
86 313
86 928
86 855
86 547
86 512
86 194
86 224
86 268
86 367
86 534
86 797
86 668
86 804
86 331
86 310
86 107
86 270
86 1120
86 247
86 311
86 772
86 841
86 366
86 540
86 635
86 837
86 392
86 1040
86 725
86 89
86 498
86 359
86 52
86 583
1104 46
1104 903
1104 452
1104 546
1104 804
1104 477
1104 602
1104 317
1104 418
1104 636
1104 276
1104 959
1104 81
1104 230
1104 88
1104 774
1104 766
279 480
279 313
279 512
279 255
279 331
279 759
279 959
279 890
279 81
279 922
279 230
279 942
279 481
279 303
279 1043
279 652
279 339
279 666
46 903
46 224
46 746
46 84
46 56
46 627
46 879
46 546
46 804
46 544
46 48
46 331
46 747
46 218
46 276
46 1124
46 890
46 1114
46 924
46 945
46 936
46 730
46 132
46 478
46 618
46 519
46 373
46 680
46 958
46 1062
46 119
46 1063
46 59
10 202
480 928
480 106
480 516
480 731
480 268
480 35
480 1013
480 452
480 535
480 218
480 388
480 614
480 276
480 557
480 81
480 558
480 519
480 319
480 982
480 104
480 803
480 125
480 136
243 313
243 512
243 224
243 367
243 602
243 1120
243 636
243 148
243 1033
243 685
313 162
313 512
313 224
313 746
313 980
313 328
313 367
313 534
313 113
313 1045
313 251
313 668
313 677
313 575
313 637
313 107
313 841
313 221
313 1124
313 148
313 187
313 837
313 1082
313 725
313 819
313 867
313 213
313 738
313 1076
1022 518
1022 274
1022 1084
1022 43
1022 203
1022 896
1022 567
1022 202
1022 568
1022 840
1022 1044
1022 286
1022 783
1022 383
1022 605
1022 1129
1022 835
1022 870
1022 33
1022 503
1022 340
1022 134
1022 55
1022 741
1022 425
1022 198
518 274
518 1084
518 43
518 896
518 649
518 567
518 202
518 375
518 484
518 516
518 65
518 797
518 807
518 840
518 671
518 1114
518 1044
518 445
518 783
518 498
518 718
518 103
518 323
518 325
518 599
518 345
518 355
518 763
274 1084
274 43
274 896
274 567
274 875
274 202
274 200
274 840
274 783
274 829
274 403
274 1065
274 237
274 442
468 741
395 43
395 294
395 227
395 921
395 819
395 741
395 416
395 455
395 1
1084 177
1084 43
1084 896
1084 649
1084 875
1084 202
1084 73
1084 96
1084 41
1084 268
1084 166
1084 275
1084 1098
1084 736
1084 1044
1084 605
1084 690
1084 413
1084 963
177 875
177 41
177 173
177 605
177 12
177 710
177 642
177 591
43 203
43 294
43 567
43 202
43 149
43 840
43 134
43 741
43 12
43 159
203 294
203 840
203 829
203 383
203 605
203 1129
203 503
203 134
203 741
203 159
203 142
203 898
203 554
203 886
896 567
896 875
896 202
896 840
896 218
896 230
896 783
896 176
649 864
649 840
649 671
649 829
649 741
649 323
649 325
649 504
649 587
649 206
649 973
294 567
294 149
294 840
294 1044
294 829
294 819
294 741
294 416
294 159
294 142
294 54
567 202
567 149
567 1101
567 314
567 924
567 783
567 135
567 766
567 125
567 416
567 12
567 591
567 8
567 722
567 1019
567 83
567 488
567 692
567 1078
567 983
946 920
946 265
946 415
946 252
946 1071
946 879
946 658
946 419
946 615
946 663
946 897
946 766
946 599
946 763
946 261
946 193
946 580
875 549
875 658
875 173
875 1095
875 642
875 142
875 90
202 73
202 535
202 840
202 360
202 356
202 1114
202 124
202 305
202 1028
202 1044
202 990
202 373
202 416
202 710
202 159
202 142
202 93
202 590
202 145
202 1118
202 479
202 334
202 116
202 487
202 350
541 865
541 746
541 739
541 101
541 634
541 558
541 132
541 286
541 318
541 303
541 136
541 983
541 752
541 1048
541 1080
541 556
541 966
541 109
353 860
353 224
353 549
353 610
353 980
353 328
353 797
353 658
353 48
353 747
353 125
353 413
353 963
353 513
353 105
353 515
353 422
353 175
353 508
608 612
608 275
608 81
608 1033
608 790
608 884
608 606
608 883
608 623
608 694
928 1090
928 814
928 512
928 415
928 891
928 516
928 121
928 41
928 731
928 268
928 610
928 35
928 1115
928 658
928 275
928 331
928 1098
928 1016
928 990
928 319
928 125
928 136
928 422
928 827
928 674
928 1046
928 454
928 707
928 673
928 164
928 17
928 760
928 708
928 833
928 798
162 121
162 328
162 438
162 286
162 655
72 427
72 1030
72 521
72 179
72 1029
72 932
72 866
72 731
72 647
72 276
72 1012
855 512
855 224
855 746
855 956
855 367
855 311
855 511
855 66
855 156
855 775
1090 379
1090 512
1090 194
1090 1030
1090 737
1090 179
1090 932
1090 769
1090 980
1090 331
1090 598
1090 66
1090 3
1090 775
1090 137
1090 99
1090 643
1090 0
1090 847
1090 997
1090 975
903 549
903 862
903 147
903 546
903 804
903 577
903 739
903 1008
903 276
903 545
903 478
903 519
903 1063
903 175
903 263
903 1123
903 905
903 727
920 192
920 427
920 932
920 70
920 879
920 367
920 658
920 701
920 1070
920 331
920 11
920 160
920 806
920 661
920 916
920 545
920 1063
920 727
920 675
368 974
368 419
368 577
368 992
368 407
814 73
814 502
814 974
814 56
814 41
814 1097
814 221
814 81
814 798
814 853
379 224
379 645
379 18
379 1034
379 91
379 251
379 1074
379 1101
379 1032
379 372
379 841
379 366
379 1057
379 3
379 206
379 1051
379 565
379 267
379 184
379 234
938 192
938 745
938 658
938 558
938 1095
938 519
938 906
938 526
106 549
106 731
106 673
756 547
756 18
756 1034
756 147
756 1101
756 602
756 206
756 267
756 638
756 277
756 74
865 724
865 519
865 104
865 420
865 472
865 308
149 840
149 360
149 990
149 783
149 173
149 829
149 710
149 159
149 472
149 308
149 14
149 720
149 1052
149 139
149 850
149 834
698 658
698 200
698 331
698 1028
698 766
698 904
698 984
698 71
698 826
698 298
547 627
547 367
547 602
547 40
547 655
547 664
547 892
547 1103
547 877
547 915
724 947
724 1013
724 452
724 519
724 803
724 420
724 472
724 489
724 77
724 396
724 802
724 979
724 235
724 927
724 409
192 102
192 297
192 1107
192 568
192 658
192 804
192 428
192 1114
192 634
192 958
192 164
192 906
192 526
192 720
192 242
192 15
192 466
192 1077
745 519
745 466
453 85
453 634
453 958
453 834
453 984
453 622
930 927
930 820
102 84
102 1013
85 526
860 227
860 328
860 456
860 317
860 88
860 1033
860 175
860 847
860 767
860 740
260 356
260 699
686 209
686 826
686 566
1025 512
1025 224
1025 84
1025 42
1025 367
1025 841
1025 276
1025 88
1025 455
1025 324
512 224
512 989
512 731
512 328
512 330
512 367
512 534
512 166
512 147
512 91
512 797
512 1045
512 668
512 677
512 1127
512 284
512 782
512 721
512 529
512 575
512 602
512 310
512 40
512 372
512 863
512 247
512 614
512 276
512 1124
512 598
512 558
512 837
512 66
512 839
512 286
512 725
512 498
512 481
512 1033
512 213
512 690
512 1080
512 137
512 234
512 1096
512 244
512 463
512 559
512 894
512 592
512 326
512 579
512 457
512 63
512 695
561 549
561 1107
561 535
561 356
561 785
561 1079
561 390
561 478
561 1062
561 136
561 479
561 727
561 327
561 111
561 341
561 993
561 755
561 1083
561 551
561 1020
561 127
561 282
561 62
561 765
561 1005
561 682
375 224
375 879
375 328
375 330
375 797
375 284
375 278
375 262
375 778
375 357
375 458
265 1030
265 76
646 415
646 891
646 516
646 879
646 580
646 17
646 639
484 25
484 1030
484 900
484 687
484 185
484 225
484 1071
484 964
484 866
484 317
484 615
484 276
484 897
484 295
484 986
427 1030
427 516
427 549
427 1029
427 900
427 225
427 932
427 866
427 580
427 1061
25 964
25 17
25 639
410 787
410 424
410 807
410 747
410 936
410 519
410 458
410 856
410 831
410 236
194 224
194 980
194 1034
194 367
194 147
194 91
194 797
194 1045
194 668
194 677
194 1074
194 331
194 310
194 637
194 689
194 863
194 540
194 837
194 392
194 498
194 481
194 1033
194 819
194 565
194 244
194 579
194 704
194 1092
194 495
194 1122
194 411
194 304
415 891
415 1030
415 516
415 746
415 84
415 179
415 185
415 268
415 580
415 17
415 112
947 91
947 52
947 685
947 587
947 409
947 494
947 895
891 516
891 252
891 17
891 639
1030 179
1030 900
1030 687
1030 948
1030 225
1030 252
1030 1071
1030 517
1030 825
1030 932
1030 626
1030 964
1030 866
1030 879
1030 658
1030 143
1030 221
1030 580
1030 674
1030 17
1030 639
1030 913
521 900
521 687
521 948
521 225
521 252
521 517
521 825
521 626
521 674
656 747
656 1018
656 388
656 614
656 897
656 1095
656 752
656 1080
656 256
656 293
656 1087
656 496
516 932
516 731
516 508
516 17
516 871
516 82
728 1107
728 879
728 807
728 747
728 388
728 936
728 1095
728 435
728 543
728 1014
823 895
737 167
737 397
737 1101
737 310
737 481
737 267
737 326
737 579
737 457
737 688
737 126
224 879
224 980
224 328
224 367
224 797
224 113
224 284
224 568
224 577
224 310
224 637
224 107
224 270
224 689
224 247
224 636
224 772
224 1095
224 392
224 498
224 411
224 1075
989 330
989 1120
989 1096
989 463
645 980
645 91
645 841
645 3
645 725
645 1033
645 1061
645 393
645 333
297 549
297 84
297 1107
297 862
297 701
297 143
297 663
297 1063
297 503
297 145
297 263
297 904
297 826
297 1092
297 914
297 361
297 791
297 302
297 118
227 921
227 602
227 430
227 614
227 819
227 455
227 966
227 892
227 740
746 549
746 668
746 701
746 840
746 481
746 383
746 454
549 84
549 73
549 862
549 721
549 48
549 418
549 1114
549 230
549 207
549 1053
549 150
549 942
549 1043
549 503
549 198
549 263
549 1123
549 1052
549 765
549 82
549 347
549 880
549 44
549 114
549 165
84 1010
84 862
84 328
84 721
84 100
84 221
84 890
84 936
84 1130
84 431
84 799
84 868
84 958
84 136
84 33
84 413
84 83
84 1080
84 164
84 1123
84 526
84 720
84 543
84 601
84 374
84 476
84 1006
84 762
84 449
956 668
956 940
956 430
956 90
956 454
956 156
956 984
956 112
956 944
956 1050
956 1027
1107 584
1107 879
1107 677
1107 321
1107 658
1107 864
1107 419
1107 577
1107 331
1107 247
1107 221
1107 924
1107 634
1107 132
1107 286
1107 774
1107 478
1107 519
1107 119
1107 54
1107 175
1107 263
1107 727
1107 62
1107 374
584 321
584 1121
271 56
271 121
73 654
73 974
73 96
73 56
73 121
73 1010
73 901
73 41
73 612
73 275
73 1093
73 309
73 842
73 430
73 418
73 388
73 276
73 314
73 81
73 990
73 413
73 963
73 798
73 457
73 178
73 248
73 925
73 486
502 654
502 56
502 612
502 81
502 178
502 343
654 974
654 56
654 121
654 1010
654 41
654 612
654 430
654 221
654 81
654 897
654 88
654 774
654 413
654 137
654 853
654 457
654 343
654 238
974 56
974 121
974 419
974 371
974 1093
974 221
974 916
974 990
974 266
974 222
974 132
974 413
974 407
974 853
974 1077
974 343
974 386
974 594
974 816
974 1024
974 246
974 259
974 937
909 187
909 1130
909 790
909 883
909 888
909 1072
909 619
96 56
96 41
96 612
96 268
96 1070
96 804
96 275
96 614
96 81
96 736
96 207
96 285
96 798
96 78
96 186
56 121
56 1010
56 901
56 41
56 612
56 268
56 742
56 419
56 218
56 221
56 81
56 924
56 736
56 223
56 963
56 798
56 813
121 41
121 612
121 731
121 419
121 418
121 81
121 990
121 710
121 798
121 248
121 338
121 257
1010 797
1010 187
1010 798
1010 178
901 41
901 612
901 268
901 275
901 736
901 963
901 798
901 435
901 925
901 813
41 612
41 731
41 804
41 577
41 81
41 88
41 116
41 798
41 137
240 804
612 268
612 577
612 275
612 309
612 884
612 883
612 798
612 343
612 78
612 813
612 257
612 995
612 679
612 1026
1097 305
1097 990
1097 910
1097 407
1097 853
1097 97
1097 732
1097 733
1097 196
1097 595
1097 58
42 782
862 1070
862 540
862 557
862 924
862 34
862 1053
862 558
862 1079
862 150
862 942
862 263
862 1123
528 535
528 331
528 62
528 293
627 209
627 221
627 276
627 1124
627 679
627 98
705 731
705 447
705 377
705 457
705 282
705 625
705 226
705 204
705 852
705 919
32 233
32 1081
401 812
401 809
401 378
179 731
179 268
179 975
1029 932
1029 328
1029 647
1029 1034
1029 143
1029 841
1029 3
1029 975
900 311
900 1114
900 103
900 1077
900 832
60 687
60 185
60 225
60 87
60 317
60 311
687 948
687 225
687 517
687 825
687 419
687 143
687 674
948 225
948 626
948 879
948 598
948 599
185 1070
185 580
225 1070
225 311
225 580
225 674
225 82
1071 323
1004 455
1004 975
517 143
517 674
932 866
932 879
932 328
932 647
932 1034
932 750
932 841
932 837
932 975
932 110
349 879
349 975
626 921
964 615
964 639
866 647
866 418
866 540
866 513
879 568
879 701
879 1070
879 804
879 160
879 747
879 180
879 76
879 580
879 674
879 1116
879 344
731 268
731 35
731 1013
731 1115
731 452
731 1098
731 181
731 936
731 916
731 190
731 445
731 105
731 707
731 673
731 420
731 308
731 979
731 914
731 449
731 238
731 594
731 972
731 609
731 941
769 268
769 1013
769 452
769 797
769 331
769 833
769 99
268 1115
268 275
268 309
268 388
268 614
268 81
268 187
268 736
268 220
268 285
268 883
268 17
268 137
268 186
268 1026
268 899
610 839
610 1095
610 513
610 643
610 472
610 740
610 566
610 374
610 394
35 125
35 673
35 941
473 373
473 136
473 827
473 137
473 727
473 341
473 127
473 765
473 443
473 509
473 563
473 138
1013 452
1013 519
1013 104
1013 137
1013 420
1013 77
1013 396
1013 616
1013 593
1115 707
1115 798
452 218
452 519
452 104
452 77
65 797
65 787
65 544
65 120
65 438
65 481
65 690
65 393
65 199
65 953
18 328
18 147
18 251
18 1074
18 1101
18 1032
18 366
18 598
18 635
18 3
18 481
18 206
18 1051
18 267
18 638
18 277
18 74
18 199
980 328
980 147
980 1045
980 262
980 107
980 1120
980 772
980 598
980 837
980 66
980 498
980 457
980 977
22 807
22 103
22 986
22 236
22 1014
22 253
328 647
328 367
328 147
328 113
328 1045
328 251
328 677
328 782
328 750
328 1070
328 262
328 331
328 310
328 637
328 1120
328 841
328 276
328 598
328 187
328 837
328 498
328 481
328 213
328 738
328 638
328 495
328 82
328 688
328 977
328 714
328 693
328 49
647 147
647 251
647 750
647 841
647 837
647 693
647 961
1034 147
1034 91
1034 797
1034 113
1034 251
1034 1074
1034 1101
1034 1032
1034 841
1034 3
1034 52
1034 898
1034 975
1034 267
1034 409
1034 244
1034 326
1034 688
1034 393
1034 199
1034 693
1034 713
167 1074
167 1127
167 782
167 751
167 671
167 637
167 635
167 457
167 293
167 386
167 693
167 624
167 555
167 201
330 91
330 1101
330 602
330 317
330 40
330 276
330 819
330 1080
330 234
330 892
330 1096
330 244
330 463
330 894
330 592
330 326
330 435
330 5
330 817
367 534
367 797
367 658
367 301
367 310
367 372
367 107
367 1124
367 511
367 598
367 89
367 1076
367 63
534 677
534 575
534 301
534 247
534 1124
534 1049
534 152
534 1076
534 1123
166 797
166 262
166 438
166 221
166 736
166 285
166 690
166 798
166 133
147 91
147 113
147 460
147 1045
147 668
147 677
147 1127
147 284
147 782
147 658
147 575
147 310
147 372
147 107
147 366
147 1124
147 598
147 558
147 837
147 89
147 481
147 213
147 690
147 267
147 30
147 461
91 113
91 397
91 1045
91 552
91 251
91 1074
91 1127
91 284
91 1101
91 1032
91 310
91 637
91 372
91 837
91 3
91 481
91 267
91 579
91 393
91 713
91 69
797 1045
797 668
797 677
797 1074
797 1032
797 262
797 311
797 841
797 598
797 66
797 498
797 481
797 688
113 251
113 668
113 1127
113 841
113 187
113 837
113 738
113 409
113 393
397 251
397 1101
397 310
397 437
397 481
397 1033
397 234
397 579
397 69
460 1074
460 782
460 88
460 234
1045 677
1045 658
1045 310
1045 311
1045 598
1045 66
1045 88
1045 390
1045 498
1045 481
1045 244
1045 1061
1045 704
1045 393
552 251
552 1074
552 1101
552 637
552 3
552 137
552 411
552 393
552 49
552 69
251 668
251 1074
251 1127
251 1101
251 841
251 366
251 3
251 52
251 213
251 623
251 393
251 69
251 667
251 483
251 779
668 40
668 671
668 863
668 187
668 922
668 725
668 213
668 1076
668 1092
668 667
668 889
668 784
677 577
677 262
677 310
677 107
677 598
677 1095
677 89
677 690
677 63
677 1087
677 435
1074 1127
1074 782
1074 1101
1074 751
1074 1032
1074 637
1074 635
1074 206
1074 1051
1074 267
1074 244
1074 393
1074 693
1074 201
1127 782
1127 1101
1127 751
1127 637
1127 837
1127 498
1127 638
1127 244
1127 126
1127 693
1127 201
1127 398
284 751
284 577
284 107
284 455
284 1080
284 199
284 483
782 310
782 1124
782 635
782 498
782 580
782 137
782 638
782 409
782 324
782 693
782 499
1101 1032
1101 637
1101 3
1101 213
1101 1051
1101 184
1101 63
1101 435
1101 688
1101 126
1101 393
1101 386
1101 30
1101 69
1101 1023
1101 780
750 837
750 290
751 637
751 635
751 508
751 638
751 326
751 693
751 201
1032 1051
1032 267
1032 1026
1032 869
1032 849
446 763
446 513
446 495
446 158
787 897
787 763
787 831
787 236
787 536
424 536
399 983
721 636
721 230
721 558
721 266
721 206
721 580
721 137
721 485
546 804
546 317
546 418
546 890
546 152
546 88
546 957
742 519
321 658
321 419
321 1121
321 1110
321 774
321 71
321 199
321 828
568 1121
568 577
568 48
568 365
568 557
568 539
658 981
658 864
658 419
658 1121
658 577
658 48
658 807
658 840
658 689
658 661
658 558
658 498
658 766
658 93
658 263
658 407
658 1052
658 1077
658 127
658 435
658 374
658 312
658 370
658 628
658 929
658 335
658 617
701 634
701 844
981 255
981 689
981 1079
981 478
981 680
981 1062
981 487
981 164
981 62
981 19
1070 331
1070 689
1070 218
1070 890
1070 897
1070 766
1070 104
1070 690
1070 580
1070 263
1070 802
1070 15
1070 1077
1070 791
1070 347
1070 44
1070 31
1070 358
1070 1015
1070 280
864 223
864 303
864 618
864 1063
864 198
864 554
864 1046
864 165
864 183
864 465
419 577
419 661
419 663
419 233
419 413
419 407
419 853
419 370
419 628
419 269
1121 544
1121 661
1121 545
1121 359
1121 774
1121 346
804 577
804 331
804 218
804 890
804 936
804 1082
804 1079
804 478
804 680
804 125
804 383
804 55
804 263
804 727
804 384
1036 150
1036 137
1036 951
577 270
577 221
577 1044
577 990
577 868
577 478
577 413
577 727
577 853
577 1077
577 346
577 332
577 389
577 140
921 558
921 819
921 455
921 770
477 209
477 544
477 80
477 1124
477 81
209 80
209 924
209 152
209 263
544 614
544 950
544 1082
544 774
544 898
544 508
544 199
544 828
544 13
588 661
80 278
80 40
80 936
80 1095
80 293
80 791
575 301
575 614
575 276
575 1124
575 286
575 725
575 523
278 661
278 247
278 75
278 374
48 602
48 331
48 365
48 959
48 557
48 263
48 1092
48 539
807 160
807 747
807 276
807 897
807 103
807 1014
807 644
807 1066
807 217
807 444
200 331
200 442
200 833
200 984
200 826
200 1020
200 443
200 794
200 61
200 1073
255 218
255 81
255 1028
255 650
255 1062
255 164
255 127
255 719
255 131
301 1049
602 107
602 689
602 276
602 286
602 213
602 778
602 1061
739 150
739 1062
739 919
739 1125
739 789
697 230
697 1053
262 120
262 498
262 481
262 690
228 303
228 1046
228 287
228 128
228 369
456 1003
456 40
456 863
456 1094
428 634
428 526
275 309
275 1098
275 690
275 790
275 884
275 798
275 601
275 178
275 998
275 542
535 218
535 890
535 81
535 785
535 924
535 945
535 230
535 1028
535 377
535 1079
535 390
535 478
535 164
535 1083
535 1020
535 765
535 899
535 764
331 727
331 826
331 361
331 791
331 374
331 23
331 811
101 1114
101 558
101 152
101 263
101 915
101 466
101 335
101 617
101 332
101 1011
101 307
101 281
317 418
317 276
317 897
317 305
317 207
317 1082
317 1057
317 88
317 233
317 625
317 644
317 881
317 641
317 861
232 897
232 455
232 496
232 289
310 841
310 1042
310 837
310 725
310 498
310 481
310 819
310 565
310 267
310 688
310 387
11 336
11 124
11 558
11 1079
11 666
11 1062
11 231
371 1093
371 276
371 992
371 445
371 132
371 839
371 1062
371 853
371 1081
371 881
371 174
371 1132
160 438
160 414
759 175
759 1046
759 465
759 287
759 128
759 1009
759 532
759 968
336 207
336 4
336 666
336 164
336 526
336 341
336 469
615 207
615 1082
615 580
615 986
615 1014
380 356
840 783
840 173
840 829
840 766
840 741
840 159
459 897
459 763
40 388
40 445
40 286
40 1095
40 233
40 350
40 752
40 853
40 256
40 386
40 246
360 741
360 416
360 12
360 642
360 116
671 637
747 2
747 557
747 936
747 103
747 454
747 444
747 676
747 1007
747 146
747 1068
747 754
747 57
637 841
637 3
637 975
637 693
637 49
637 201
1018 897
1018 763
1018 458
1018 986
1018 543
1018 1014
1018 1066
1018 217
1018 585
372 311
372 511
372 481
372 966
372 1051
372 386
107 839
107 713
2 763
2 1007
76 1008
76 846
143 52
143 975
143 333
143 1068
143 405
1110 1095
1110 774
1110 407
1110 1047
1110 491
1093 218
1093 221
1093 276
1093 662
1093 220
1093 445
1093 990
1093 1057
1093 490
1093 266
1093 1095
1093 868
1093 233
1093 413
1093 350
1093 515
1093 708
1093 407
1093 386
1093 594
1093 246
1093 259
1093 1081
1093 817
1093 491
1093 830
1093 423
1093 95
1093 506
309 736
309 1082
309 839
309 1080
309 798
309 1087
806 614
806 340
806 287
806 369
940 312
270 311
270 1098
270 916
270 1042
270 306
270 190
270 241
270 662
270 445
270 498
270 1033
270 620
270 987
270 28
270 239
270 47
270 893
270 793
270 168
874 388
874 678
689 863
689 1008
689 663
689 445
689 89
689 54
689 704
689 246
661 100
661 293
661 98
661 631
661 715
661 933
863 392
863 89
863 876
1008 356
1008 785
1008 558
1008 390
1008 478
1008 680
1008 1062
1008 93
1008 487
1008 105
1008 551
1008 110
1008 844
1008 131
1008 846
299 132
299 870
969 100
969 842
969 1038
969 188
100 842
100 418
100 388
100 715
842 388
842 508
842 641
842 434
842 1002
842 505
842 1131
842 474
430 788
430 735
430 558
430 799
430 88
430 958
430 374
430 476
430 1027
430 609
430 779
430 1119
430 1039
430 210
418 89
418 1062
418 125
418 1019
418 1078
418 606
418 1038
418 1055
788 1049
788 990
788 958
788 1033
788 904
788 476
788 779
218 356
218 314
218 81
218 785
218 230
218 558
218 490
218 1079
218 763
218 176
218 580
218 827
218 62
218 44
218 384
218 971
218 1089
1120 247
1120 311
1120 638
1120 693
364 1112
843 247
843 438
843 878
843 587
843 1075
247 311
247 438
247 636
247 772
247 635
247 1095
247 392
247 583
247 435
247 1075
247 621
311 772
311 511
311 837
311 66
311 89
311 498
311 583
311 481
311 1112
311 296
438 878
438 324
438 1075
636 772
636 207
636 778
772 366
772 635
878 409
878 304
878 781
841 837
841 3
841 137
841 975
841 1051
841 184
841 409
841 693
366 635
388 614
388 221
388 276
388 1124
388 897
388 190
388 1079
388 286
388 75
388 350
388 0
388 856
663 34
663 558
663 263
663 374
663 846
663 400
614 276
614 511
614 356
614 190
614 286
614 650
614 75
614 752
614 1046
614 199
614 384
221 916
221 306
221 662
221 220
221 445
221 990
221 272
221 910
221 868
221 233
221 413
221 752
221 853
221 238
221 259
221 47
221 793
221 1002
221 283
276 1124
276 511
276 629
276 187
276 207
276 916
276 190
276 837
276 266
276 286
276 233
276 958
276 125
276 819
276 103
276 554
276 580
276 752
276 1080
276 606
276 1046
276 655
276 1096
276 551
276 97
276 861
276 532
276 569
276 792
365 81
365 230
365 634
365 958
365 139
365 984
365 622
365 539
365 1069
365 1000
365 726
1124 286
1124 580
1124 752
1124 63
1124 130
511 685
511 915
511 474
629 305
629 306
629 490
629 75
629 1033
629 690
629 253
629 36
959 81
959 905
959 472
959 740
959 282
356 890
356 540
356 81
356 230
356 55
356 1080
356 175
356 454
356 156
356 110
356 873
356 859
356 653
356 912
356 597
356 918
890 81
890 924
890 945
890 551
890 110
890 789
890 633
890 404
1098 729
1098 187
1098 736
1098 773
1098 1042
1098 190
1098 241
1098 220
1098 445
1098 132
1098 285
1098 898
1098 798
1098 137
1098 186
1098 491
1098 620
1098 987
1098 28
1098 239
1098 168
1098 474
1098 161
1098 182
1098 376
771 846
437 66
437 481
437 393
540 1079
540 125
540 103
540 487
540 513
540 1046
540 164
540 127
540 1092
464 735
557 230
557 34
557 152
557 150
557 105
573 305
573 407
573 97
573 196
573 16
573 108
573 564
573 316
573 229
573 27
573 520
1049 942
1049 263
1049 904
314 924
314 1019
314 821
735 922
735 374
735 141
735 429
1114 230
1114 175
1114 466
1114 293
1114 347
1114 816
1114 332
1114 131
1114 532
1016 373
1016 136
1016 827
1016 727
1016 341
1016 755
1016 127
1016 443
1016 926
1016 216
1016 744
1016 824
124 1082
124 455
124 479
124 164
124 137
124 61
124 157
81 305
81 785
81 945
81 230
81 736
81 152
81 1079
81 963
81 798
81 248
81 899
81 881
81 653
897 305
897 729
897 936
897 1082
897 730
897 285
897 1033
897 103
897 763
897 455
897 580
897 778
897 458
897 986
897 82
897 543
897 1014
897 217
897 676
897 432
897 21
897 838
897 801
305 220
305 1082
305 152
305 272
305 266
305 839
305 1033
305 819
305 752
305 515
305 1123
305 407
305 853
305 386
305 732
305 733
305 595
305 625
305 1002
305 27
305 520
305 315
305 1060
729 306
729 285
729 620
729 28
729 168
785 1028
785 558
785 390
785 478
785 176
785 109
785 44
785 625
785 443
785 569
785 939
181 8
181 374
181 609
148 598
148 213
598 66
598 1040
598 889
924 135
924 125
924 1019
924 1048
924 810
635 52
635 201
187 213
945 1028
945 899
945 157
945 939
936 1033
936 819
936 103
936 763
936 580
936 1061
936 236
936 293
936 1087
936 543
936 899
936 217
936 57
936 805
936 475
936 907
230 1028
230 207
230 1082
230 1079
230 127
230 859
230 824
230 939
1028 478
1028 99
1028 157
699 377
699 4
699 850
699 469
736 285
736 690
736 186
207 558
207 136
207 479
207 259
1044 1095
1044 118
34 447
634 558
634 799
634 151
634 4
634 522
634 1095
634 519
634 958
634 720
634 139
634 834
634 984
634 242
634 622
634 469
634 351
634 115
634 943
634 800
634 524
1053 1095
1053 942
1053 263
1053 405
1053 611
1053 691
558 220
558 837
558 447
558 132
558 519
558 136
558 263
558 727
558 579
558 282
558 62
558 1006
558 625
558 204
558 600
558 1058
950 1020
950 828
950 882
773 916
773 1042
773 241
773 1130
773 624
773 776
916 1042
916 306
916 190
916 241
916 662
916 1130
916 445
916 132
916 413
916 515
916 259
916 624
916 239
1042 306
1042 190
1042 241
1042 662
1042 1130
1042 137
1042 565
1042 624
1042 987
1042 161
1042 482
306 190
306 662
306 1130
306 413
306 491
190 241
190 662
190 1130
190 272
190 490
190 752
190 137
190 624
190 889
190 28
190 239
190 168
241 662
241 1130
241 445
241 594
241 624
241 987
241 168
662 1130
662 413
662 259
1130 853
1130 376
992 990
992 88
992 853
992 882
992 881
992 987
992 838
220 990
220 266
220 132
220 868
220 233
220 350
220 515
220 708
220 1077
220 238
220 594
220 246
220 1081
220 828
220 491
220 830
220 423
220 95
220 506
220 412
837 481
837 975
837 386
837 49
837 201
837 290
447 150
447 1062
447 1083
447 902
447 523
447 794
447 20
1082 479
1082 789
1082 1038
1082 824
1082 440
445 498
445 774
445 413
445 259
445 239
445 47
445 893
445 793
445 283
445 776
445 67
445 171
445 988
377 282
377 902
377 204
377 899
377 789
377 501
990 266
990 910
990 233
990 125
990 350
990 515
990 708
990 238
990 97
990 733
990 595
990 58
990 1081
990 987
990 239
990 316
990 229
990 838
990 197
990 1099
799 522
799 958
799 1033
1057 1081
1057 564
1057 838
1057 776
152 833
152 361
152 794
152 315
66 655
66 0
3 52
3 975
3 393
3 333
3 398
3 290
3 651
730 233
730 1083
730 1002
730 949
151 1033
151 1080
151 137
151 1075
151 115
88 233
88 798
88 1092
88 1088
545 1095
129 272
129 659
129 937
272 659
272 266
272 222
272 515
272 259
272 199
272 249
272 669
659 490
659 592
659 386
659 937
659 199
659 434
659 474
490 266
490 222
490 868
490 233
490 853
490 347
490 594
490 246
490 881
490 239
266 132
266 868
266 233
266 350
266 752
266 594
266 817
266 239
266 182
266 79
222 116
222 515
222 616
910 132
910 515
910 407
910 238
910 594
910 97
910 733
910 316
132 515
132 407
132 238
132 491
132 988
839 233
839 98
1079 478
1079 710
1079 590
1079 479
1079 513
1079 164
1079 327
1079 62
1079 347
1079 384
1079 1089
285 798
285 998
4 958
4 984
4 625
4 469
150 1019
150 14
150 919
150 994
150 250
381 1063
381 425
381 554
381 1046
381 957
286 752
286 655
286 199
318 303
318 175
318 1046
318 465
318 21
318 1086
650 127
650 570
390 829
390 1020
390 844
390 794
390 859
173 605
173 416
173 710
173 642
173 591
173 587
173 231
173 1009
173 474
173 696
173 1091
173 1031
1095 519
1095 1063
1095 54
1095 752
1095 556
1095 175
1095 466
1095 199
1095 844
1095 491
1095 631
1095 400
1095 603
1095 734
829 741
829 1065
829 442
829 159
868 1081
868 239
868 434
868 337
135 834
135 280
135 641
135 1131
135 597
135 810
135 391
75 752
75 293
75 290
75 36
233 1033
233 413
233 116
233 350
233 515
233 708
233 293
233 238
233 594
233 246
233 58
233 1081
233 817
233 491
233 830
233 423
233 95
233 506
233 79
392 82
725 498
89 455
89 386
89 246
498 63
498 354
359 766
359 324
52 587
52 975
52 393
52 333
52 536
52 405
774 766
774 413
774 334
774 98
774 199
774 828
774 13
942 1043
942 666
942 59
942 164
942 1123
942 727
481 1033
481 267
481 1096
481 688
481 1112
303 383
303 1129
303 340
303 55
303 1046
303 617
303 465
303 1086
303 29
652 680
339 119
339 937
666 416
666 710
666 479
666 62
666 138
666 644
666 926
666 352
478 373
478 680
478 176
478 727
478 327
478 341
478 755
478 1083
478 62
478 765
478 1087
478 1089
478 467
478 7
478 711
618 55
618 293
519 104
519 137
519 526
519 472
519 308
519 489
519 77
519 396
519 802
519 979
519 118
519 114
519 1015
519 931
519 562
519 887
373 176
373 727
373 341
373 127
680 844
680 467
958 1033
958 1069
1062 109
1062 472
1062 466
1062 44
1062 794
1062 603
1062 582
119 914
119 361
119 794
119 1073
119 440
119 348
119 548
119 205
1063 867
1063 1129
1063 55
1063 425
1063 198
1063 554
1063 90
1063 175
1063 1046
1063 812
1063 128
1063 792
1063 250
1063 734
1063 954
1063 462
1063 857
1063 786
1063 1001
1063 39
1063 640
1063 1108
59 466
319 19
319 1088
319 467
319 589
104 472
104 802
104 979
104 235
104 593
104 1015
104 562
104 683
803 1080
803 420
125 1019
125 513
125 740
125 374
125 609
125 320
136 1033
136 819
136 513
136 727
136 341
136 127
136 443
136 509
136 31
136 744
136 7
1033 103
1033 515
1033 606
1033 798
1033 457
1033 644
1033 1055
1033 597
1033 848
1033 264
819 416
819 455
819 8
819 539
819 644
867 554
867 1080
867 812
867 957
867 128
867 470
383 134
383 175
383 165
383 369
383 29
383 954
383 962
605 33
605 741
605 642
605 812
605 532
1129 134
1129 425
1129 918
1129 250
1129 1086
1129 954
1129 1126
835 1046
870 33
870 503
870 175
870 1046
870 369
870 21
870 1017
33 134
33 236
33 312
33 1007
33 21
33 1086
33 1017
503 198
503 175
503 1046
503 765
503 82
503 880
503 165
503 287
503 607
503 703
340 369
340 1009
340 250
134 55
134 425
134 198
134 325
134 1065
134 442
134 722
134 1046
134 1052
134 165
134 648
134 250
134 352
134 857
134 962
134 497
134 24
134 845
134 757
55 425
55 513
55 1046
55 165
55 532
55 968
55 250
55 1001
741 642
741 159
741 14
425 554
425 454
425 812
425 128
425 792
425 250
425 954
425 786
425 1126
198 1046
198 812
198 640
198 1041
198 553
103 763
103 236
103 496
103 1014
103 676
103 630
323 325
325 1065
325 587
325 722
325 1052
325 24
763 458
763 496
763 1014
763 536
763 676
763 1007
763 754
763 189
403 20
1065 1052
1065 24
237 442
237 972
237 20
237 153
442 361
442 603
442 450
416 12
416 710
416 642
416 1118
416 334
416 827
416 1052
455 513
455 740
455 127
455 19
455 1015
690 963
690 798
690 695
413 513
413 515
413 238
413 594
413 259
413 882
413 239
413 47
413 793
413 283
413 67
413 1111
963 798
963 186
963 679
12 591
12 488
710 591
710 587
710 116
710 827
710 1052
710 987
710 564
710 1091
642 591
642 142
642 1052
642 1027
642 919
591 8
591 476
591 1111
898 199
898 828
898 882
898 13
898 620
898 168
898 434
898 474
898 669
898 439
554 1046
554 812
554 128
554 470
886 170
176 563
206 580
206 1051
206 267
206 638
206 277
206 74
206 644
8 531
8 137
8 374
8 582
722 1052
1019 983
1019 609
1019 908
1078 531
1078 606
1078 1038
1078 1055
1078 500
983 513
983 609
983 280
531 606
531 188
261 926
193 846
580 341
580 411
580 293
580 347
580 140
580 1117
90 984
90 812
590 9
479 926
479 1100
487 513
487 467
350 515
350 386
350 594
350 246
350 1081
350 882
350 423
350 506
752 606
752 0
752 892
752 293
752 165
752 925
752 470
1080 0
1080 1096
1080 165
1080 925
556 17
556 908
556 586
513 105
513 1046
513 164
513 127
513 609
513 617
513 140
513 700
105 609
515 708
515 407
515 386
515 594
515 246
515 259
515 1081
515 817
515 491
515 830
515 423
515 95
515 506
422 164
422 765
422 764
422 510
422 1059
175 1046
175 454
175 165
175 465
175 369
175 1009
175 648
175 873
175 29
175 657
508 1051
508 293
508 199
508 882
508 13
508 641
508 467
508 660
790 798
884 798
884 248
884 925
606 1038
606 188
606 1055
606 500
883 679
623 702
694 641
694 1038
694 1055
694 1037
694 288
827 164
827 137
827 727
827 341
827 127
827 1092
827 443
1046 137
1046 127
1046 165
1046 1116
1046 957
1046 465
1046 128
1046 369
1046 1009
1046 648
1046 21
1046 250
1046 1086
1046 640
454 617
454 465
454 607
707 673
707 405
164 526
164 755
164 127
164 157
164 1059
17 639
708 184
708 594
708 1081
708 817
708 830
708 423
708 95
708 506
833 984
833 1020
833 315
833 440
798 601
798 998
137 472
137 308
137 904
137 755
137 1020
137 986
137 449
137 312
137 1132
137 28
137 533
137 748
137 292
137 796
137 493
99 131
0 256
847 812
975 333
975 693
975 536
263 765
263 1092
263 82
263 914
263 880
263 988
1123 1047
905 320
905 6
727 341
727 993
727 755
727 127
727 293
727 443
727 509
727 138
727 31
727 216
727 744
727 157
727 1128
675 62
407 238
407 259
407 732
407 58
407 1081
407 16
407 27
407 520
407 1060
853 238
853 386
853 594
853 97
853 732
853 196
853 27
1051 267
1051 184
1051 63
1051 386
1051 793
1051 507
565 688
565 733
565 525
565 985
267 638
267 74
267 579
267 688
184 386
234 1026
234 201
906 526
526 472
526 489
526 396
526 341
526 114
526 449
526 679
526 726
526 824
526 848
526 657
526 822
638 74
638 693
638 201
277 386
277 1026
277 475
74 630
420 77
420 396
472 489
472 242
472 679
472 811
308 489
720 469
1052 24
139 622
139 1000
139 197
850 469
834 984
834 280
834 351
834 753
904 826
904 603
984 1069
984 115
984 197
984 885
984 258
984 214
984 441
984 155
71 205
826 914
826 23
892 578
489 813
77 396
77 562
802 1015
979 1092
927 421
409 324
409 494
242 469
1077 259
1077 881
622 469
622 1000
622 943
622 197
622 743
421 813
421 887
740 1092
1096 244
1096 463
1096 894
1096 592
244 463
463 894
326 713
326 201
326 5
579 688
579 69
457 127
457 616
457 713
63 126
63 393
63 199
695 342
111 764
341 755
341 127
341 443
341 509
341 138
755 443
755 824
1083 282
1083 902
1083 269
1083 789
1083 20
551 404
551 651
551 212
551 154
1020 764
127 1092
127 138
127 939
127 510
282 118
282 902
282 852
282 501
282 155
62 449
765 880
765 574
1005 471
682 1088
458 1014
458 585
986 253
986 644
986 550
236 1014
236 1007
236 189
411 818
293 435
293 393
293 302
293 118
293 603
293 29
293 533
1087 491
496 1014
82 880
82 764
82 1058
435 491
543 342
1014 560
688 126
688 201
1075 199
1075 30
393 30
393 784
393 780
333 536
333 57
333 651
333 492
914 794
361 362
302 713
118 199
347 1086
347 851
880 919
880 287
880 994
880 607
880 703
880 757
880 955
44 269
44 764
44 7
165 617
165 369
165 962
165 607
165 955
601 925
601 888
601 1072
601 998
374 861
374 933
374 1111
476 779
762 949
762 37
449 926
1027 370
178 474
343 813
238 732
238 196
238 595
238 16
238 108
238 27
238 520
238 838
238 1099
238 530
386 594
386 246
386 259
386 5
386 398
594 1081
594 817
594 830
594 423
594 95
594 506
594 412
1024 937
1024 776
1024 669
1024 337
246 881
259 1081
259 27
259 67
259 171
937 600
937 669
937 337
619 1015
186 182
338 667
1026 475
97 58
97 229
97 27
732 733
732 196
732 58
732 713
732 27
733 196
733 58
733 16
733 27
196 58
196 27
58 16
58 525
625 469
204 852
852 370
1081 199
1081 817
1081 830
1081 423
1081 95
1081 506
812 957
812 128
812 954
812 39
812 640
812 1108
812 553
812 514
110 653
110 404
972 153
609 779
609 280
609 908
609 952
941 593
443 824
509 31
509 1058
509 1128
563 824
563 749
138 31
616 776
593 168
199 828
199 882
199 13
199 491
693 201
713 201
624 830
624 987
624 28
624 793
624 161
817 830
817 423
817 95
817 506
667 815
667 533
667 292
667 743
667 768
483 828
779 188
779 288
499 130
290 1054
485 1094
957 128
957 786
957 470
957 851
828 882
828 13
312 21
312 1017
370 789
929 269
617 183
617 287
617 369
19 1088
31 744
31 824
31 586
358 764
280 908
465 1009
465 532
465 1126
465 92
951 657
140 776
882 13
882 474
13 406
644 881
644 7
644 1056
644 426
644 1064
1066 217
1066 585
794 440
287 962
287 703
287 757
287 955
128 470
128 553
128 955
369 962
369 1017
369 757
369 955
764 859
23 648
811 1009
811 648
811 968
811 1069
811 254
881 1102
641 1131
641 810
641 815
861 949
861 26
861 1111
174 776
174 1102
1009 648
1009 532
1009 254
648 254
532 968
532 607
532 604
676 923
754 492
491 117
830 423
830 95
830 506
423 95
423 506
95 506
620 28
620 168
620 161
987 412
987 417
28 168
28 1131
893 793
893 283
893 776
893 67
893 171
893 988
893 711
793 283
793 776
793 67
793 988
168 1000
168 161
631 402
715 933
933 586
1038 1055
1038 288
434 474
434 439
1131 210
1131 391
1131 815
1131 533
1131 292
474 669
474 337
1039 815
1039 533
1039 292
1039 743
1039 768
1055 500
1055 1037
1055 288
400 300
283 67
283 988
569 574
792 734
1069 786
1000 197
873 657
653 836
912 711
912 144
597 810
597 815
404 651
404 212
16 108
16 520
108 564
564 838
926 744
21 250
21 1086
21 1017
838 1099
838 660
838 530
315 999
115 885
115 155
776 67
776 988
20 670
440 748
67 988
67 1067
651 212
949 1111
26 1111
669 337
250 1086
250 640
250 757
250 254
570 670
696 684
603 450
603 245
391 815
391 533
391 292
391 768
815 533
815 292
815 796
815 768
467 211
348 205
348 748
205 748
786 1085
1001 851
640 553
848 292
848 743
962 607
962 703
962 757
962 955
703 757
703 955
757 955
553 254
908 571
288 768
533 292
533 796
533 743
533 768
292 796
292 743
292 768
796 768
1128 273
743 753
885 155
885 1021
212 613
154 935
362 215
955 254
215 215
