0 765
1 24
2 488
3 919
4 499
5 462
6 601
7 339
8 489
9 967
10 789
11 754
12 515
13 128
14 100
15 244
16 362
17 673
18 583
19 855
20 5
21 188
22 857
23 367
24 954
25 143
26 730
27 665
28 78
29 205
30 3
31 377
32 670
33 368
34 275
35 575
36 557
37 586
38 560
39 400
40 666
41 840
42 418
43 757
44 381
45 13
46 115
47 859
48 929
49 121
50 443
51 43
52 584
53 526
54 238
55 231
56 263
57 465
58 640
59 543
60 948
61 827
62 161
63 110
64 392
65 567
66 897
67 135
68 605
69 632
70 715
71 79
72 614
73 759
74 428
75 74
76 818
77 748
78 437
79 80
80 562
81 1003
82 1018
83 387
84 727
85 439
86 674
87 623
88 449
89 797
90 435
91 390
92 1045
93 391
94 1058
95 504
96 849
97 199
98 1061
99 265
100 0
101 279
102 178
103 36
104 964
105 166
106 853
107 336
108 916
109 1116
110 35
111 41
112 57
113 579
114 51
115 528
116 829
117 167
118 668
119 59
120 380
121 825
122 414
123 713
124 510
125 690
126 1052
127 749
128 870
129 240
130 72
131 195
132 288
133 37
134 208
135 647
136 617
137 839
138 1132
139 815
140 778
141 926
142 119
143 558
144 1108
145 812
146 985
147 77
148 335
149 1120
150 947
151 708
152 207
153 974
154 804
155 373
156 1097
157 162
158 788
159 311
160 599
161 781
162 322
163 505
164 460
165 707
166 522
167 976
168 25
169 174
170 783
171 503
172 242
173 697
174 346
175 125
176 501
177 861
178 4
179 294
180 820
181 271
182 440
183 957
184 671
185 150
186 615
187 891
188 158
189 641
190 935
191 1001
192 564
193 198
194 494
195 155
196 165
197 997
198 518
199 535
200 593
201 878
202 53
203 819
204 210
205 291
206 50
207 901
208 180
209 659
210 326
211 619
212 269
213 995
214 424
215 937
216 852
217 667
218 624
219 1031
220 358
221 484
222 745
223 194
224 134
225 141
226 236
227 887
228 867
229 982
230 506
231 1092
232 801
233 403
234 467
235 75
236 1005
237 718
238 1038
239 899
240 588
241 333
242 988
243 649
244 189
245 844
246 889
247 944
248 103
249 1070
250 1121
251 657
252 247
253 939
254 52
255 918
256 848
257 770
258 209
259 704
260 310
261 1089
262 1049
263 332
264 421
265 837
266 772
267 805
268 732
269 389
270 1017
271 323
272 419
273 1073
274 1086
275 47
276 406
277 750
278 45
279 989
280 621
281 821
282 308
283 1119
284 1085
285 383
286 233
287 38
288 243
289 768
290 1076
291 910
292 54
293 33
294 542
295 509
296 663
297 517
298 463
299 834
300 8
301 26
302 257
303 241
304 963
305 1020
306 182
307 595
308 847
309 264
310 172
311 969
312 902
313 83
314 295
315 157
316 694
317 655
318 187
319 11
320 15
321 551
322 949
323 680
324 882
325 817
326 798
327 1066
328 771
329 40
330 700
331 442
332 693
333 270
334 490
335 124
336 164
337 497
338 608
339 758
340 885
341 1118
342 736
343 999
344 1074
345 39
346 959
347 299
348 1037
349 793
350 561
351 795
352 508
353 650
354 422
355 811
356 1077
357 92
358 933
359 85
360 304
361 934
362 590
363 29
364 305
365 1055
366 469
367 370
368 577
369 1081
370 225
371 512
372 306
373 319
374 956
375 342
376 324
377 329
378 364
379 482
380 842
381 452
382 168
383 705
384 425
385 1042
386 884
387 833
388 559
389 193
390 507
391 201
392 256
393 153
394 354
395 14
396 395
397 968
398 702
399 62
400 1015
401 61
402 84
403 645
404 118
405 546
406 379
407 254
408 642
409 656
410 94
411 1104
412 1131
413 760
414 67
415 752
416 213
417 487
418 831
419 292
420 532
421 611
422 413
423 828
424 689
425 348
426 545
427 816
428 156
429 412
430 787
431 987
432 93
433 1109
434 996
435 177
436 983
437 55
438 411
439 321
440 374
441 327
442 227
443 1072
444 312
445 175
446 32
447 289
448 96
449 63
450 962
451 453
452 908
453 865
454 28
455 898
456 951
457 1088
458 249
459 147
460 483
461 523
462 97
463 563
464 920
465 350
466 803
467 875
468 763
469 1007
470 556
471 224
472 204
473 524
474 107
475 229
476 127
477 1048
478 186
479 854
480 699
481 1080
482 643
483 1130
484 594
485 662
486 992
487 114
488 864
489 796
490 1102
491 159
492 191
493 1083
494 146
495 218
496 1115
497 447
498 34
499 6
500 111
501 845
502 955
503 744
504 481
505 361
506 635
507 154
508 1054
509 521
510 415
511 252
512 192
513 102
514 698
515 409
516 1129
517 473
518 914
519 151
520 228
521 738
522 160
523 646
524 990
525 585
526 349
527 345
528 277
529 245
530 206
531 895
532 1034
533 420
534 1107
535 777
536 19
537 1002
538 397
539 1075
540 1126
541 230
542 436
543 112
544 626
545 574
546 701
547 743
548 710
549 357
550 807
551 618
552 994
553 137
554 300
555 433
556 612
557 978
558 813
559 106
560 602
561 651
562 1
563 784
564 1084
565 282
566 975
567 492
568 627
569 846
570 1062
571 222
572 993
573 429
574 255
575 283
576 986
577 1093
578 251
579 893
580 860
581 1125
582 925
583 472
584 317
585 394
586 235
587 931
588 1022
589 923
590 232
591 117
592 927
593 196
594 762
595 66
596 871
597 1100
598 653
599 105
600 1044
601 16
602 519
603 1039
604 1122
605 799
606 290
607 660
608 1105
609 1021
610 466
611 775
612 826
613 56
614 475
615 970
616 866
617 832
618 541
619 73
620 639
621 183
622 742
623 883
624 266
625 896
626 1024
627 331
628 284
629 340
630 977
631 355
632 714
633 1027
634 31
635 468
636 341
637 922
638 399
639 709
640 90
641 880
642 664
643 262
644 950
645 973
646 286
647 687
648 780
649 220
650 822
651 672
652 334
653 101
654 733
655 471
656 142
657 1101
658 1059
659 1082
660 10
661 369
662 1014
663 493
664 835
665 552
666 423
667 903
668 548
669 408
670 445
671 1087
672 258
673 676
674 451
675 830
676 99
677 486
678 603
679 843
680 202
681 886
682 862
683 756
684 932
685 785
686 616
687 407
688 450
689 376
690 1094
691 248
692 1009
693 12
694 108
695 444
696 393
697 539
698 144
699 555
700 720
701 338
702 95
703 1013
704 485
705 683
706 313
707 637
708 363
709 566
710 303
711 234
712 1019
713 226
714 661
715 628
716 537
717 458
718 1043
719 272
720 184
721 1099
722 527
723 972
724 301
725 309
726 378
727 747
728 60
729 1123
730 538
731 352
732 48
733 353
734 858
735 276
736 717
737 71
738 268
739 841
740 382
741 706
742 402
743 365
744 1060
745 457
746 1065
747 120
748 1053
749 942
750 678
751 1113
752 328
753 1035
754 965
755 9
756 416
757 476
758 126
759 215
760 91
761 181
762 500
763 589
764 631
765 69
766 176
767 456
768 540
769 237
770 21
771 1067
772 907
773 1124
774 477
775 163
776 1117
777 1064
778 740
779 565
780 1106
781 82
782 371
783 88
784 274
785 109
786 446
787 130
788 958
789 1056
790 755
791 582
792 1078
793 132
794 169
795 766
796 961
797 764
798 64
799 569
800 610
801 461
802 711
803 791
804 909
805 448
806 731
807 81
808 868
809 46
810 438
811 89
812 1008
813 769
814 427
815 239
816 533
817 296
818 596
819 794
820 1012
821 648
822 686
823 360
824 454
825 173
826 410
827 966
828 384
829 516
830 20
831 253
832 553
833 320
834 1032
835 214
836 1040
837 1006
838 200
839 622
840 658
841 917
842 876
843 600
844 630
845 441
846 892
847 824
848 337
849 823
850 773
851 1000
852 913
853 587
854 58
855 316
856 767
857 806
858 753
859 221
860 879
861 42
862 1068
863 728
864 351
865 735
866 388
867 890
868 491
869 669
870 217
871 554
872 620
873 133
874 148
875 721
876 318
877 636
878 65
879 904
880 1023
881 474
882 123
883 478
884 18
885 576
886 581
887 980
888 356
889 122
890 782
891 307
892 219
893 691
894 86
895 496
896 203
897 1127
898 998
899 190
900 44
901 570
902 688
903 149
904 1063
905 729
906 761
907 280
908 609
909 170
910 863
911 725
912 580
913 197
914 1095
915 751
916 401
917 938
918 952
919 1029
920 644
921 606
922 888
923 991
924 838
925 572
926 682
927 250
928 1069
929 802
930 1057
931 285
932 924
933 613
934 1011
935 1071
936 1050
937 1051
938 1128
939 684
940 22
941 940
942 1026
943 984
944 544
945 49
946 695
947 113
948 905
949 17
950 98
951 928
952 703
953 76
954 836
955 930
956 261
957 7
958 530
959 943
960 936
961 347
962 398
963 776
964 179
965 511
966 116
967 293
968 525
969 302
970 297
971 1110
972 281
973 881
974 941
975 405
976 607
977 571
978 1096
979 981
980 652
981 1025
982 1103
983 1010
984 1079
985 104
986 598
987 568
988 70
989 534
990 809
991 629
992 633
993 386
994 851
995 138
996 873
997 455
998 604
999 681
1000 746
1001 722
1002 591
1003 216
1004 1111
1005 906
1006 212
1007 945
1008 874
1009 314
1010 459
1011 869
1012 2
1013 129
1014 800
1015 1098
1016 912
1017 597
1018 136
1019 696
1020 549
1021 344
1022 27
1023 894
1024 513
1025 877
1026 315
1027 960
1028 739
1029 638
1030 531
1031 536
1032 145
1033 1036
1034 267
1035 23
1036 786
1037 359
1038 724
1039 946
1040 131
1041 573
1042 1041
1043 430
1044 921
1045 431
1046 260
1047 211
1048 779
1049 953
1050 298
1051 470
1052 152
1053 343
1054 723
1055 366
1056 171
1057 273
1058 685
1059 287
1060 87
1061 1028
1062 223
1063 1046
1064 1004
1065 741
1066 259
1067 185
1068 547
1069 712
1070 654
1071 498
1072 872
1073 385
1074 404
1075 278
1076 30
1077 1016
1078 520
1079 675
1080 426
1081 810
1082 246
1083 814
1084 550
1085 495
1086 634
1087 716
1088 1047
1089 529
1090 677
1091 592
1092 971
1093 434
1094 856
1095 726
1096 1033
1097 502
1098 1091
1099 330
1100 479
1101 68
1102 625
1103 325
1104 808
1105 911
1106 396
1107 792
1108 915
1109 900
1110 719
1111 417
1112 790
1113 578
1114 514
1115 850
1116 1114
1117 737
1118 480
1119 1090
1120 432
1121 372
1122 679
1123 734
1124 139
1125 1112
1126 692
1127 1030
1128 140
1129 979
1130 774
1131 464
1132 375
