0 492
1 648
2 988
3 605
4 680
5 234
6 677
7 586
8 1045
9 1089
10 72
11 335
12 1081
13 537
14 387
15 377
16 163
17 730
18 1026
19 239
20 431
21 919
22 332
23 203
24 672
25 916
26 569
27 102
28 63
29 779
30 777
31 384
32 875
33 421
34 324
35 112
36 356
37 804
38 419
39 483
40 1027
41 200
42 429
43 840
44 668
45 882
46 252
47 1023
48 663
49 738
50 928
51 393
52 142
53 76
54 134
55 760
56 1069
57 1063
58 615
59 751
60 918
61 192
62 837
63 933
64 724
65 857
66 805
67 746
68 70
69 577
70 791
71 24
72 1059
73 481
74 216
75 684
76 43
77 100
78 38
79 455
80 249
81 1025
82 464
83 35
84 308
85 394
86 57
87 998
88 538
89 1046
90 92
91 435
92 547
93 823
94 906
95 278
96 1032
97 80
98 954
99 273
100 534
101 704
102 304
103 306
104 108
105 895
106 130
107 269
108 551
109 343
110 504
111 859
112 176
113 725
114 453
115 659
116 575
117 723
118 948
119 757
120 1130
121 643
122 640
123 941
124 848
125 93
126 231
127 904
128 951
129 237
130 754
131 1088
132 157
133 360
134 922
135 959
136 50
137 3
138 129
139 232
140 299
141 852
142 1047
143 243
144 707
145 1085
146 964
147 1065
148 30
149 486
150 787
151 213
152 985
153 282
154 625
155 759
156 474
157 1039
158 517
159 477
160 974
161 502
162 981
163 240
164 462
165 630
166 391
167 420
168 241
169 661
170 572
171 172
172 338
173 214
174 1127
175 796
176 1024
177 125
178 834
179 42
180 806
181 636
182 11
183 755
184 838
185 83
186 947
187 247
188 487
189 797
190 159
191 123
192 287
193 178
194 397
195 1007
196 286
197 853
198 13
199 700
200 189
201 1112
202 524
203 258
204 182
205 540
206 597
207 457
208 61
209 567
210 448
211 1010
212 1070
213 363
214 62
215 620
216 186
217 204
218 33
219 667
220 1106
221 87
222 365
223 447
224 55
225 244
226 105
227 250
228 341
229 1004
230 969
231 66
232 535
233 822
234 720
235 1101
236 2
237 327
238 598
239 521
240 905
241 1114
242 291
243 533
244 913
245 756
246 148
247 611
248 156
249 801
250 14
251 1073
252 691
253 320
254 161
255 323
256 561
257 493
258 599
259 96
260 1095
261 924
262 120
263 930
264 808
265 687
266 909
267 815
268 679
269 975
270 758
271 957
272 708
273 526
274 939
275 506
276 1087
277 319
278 807
279 736
280 793
281 925
282 642
283 518
284 1113
285 211
286 750
287 833
288 317
289 348
290 929
291 131
292 1029
293 560
294 217
295 166
296 275
297 1123
298 210
299 77
300 116
301 1048
302 557
303 984
304 376
305 1016
306 940
307 813
308 1071
309 40
310 698
311 728
312 601
313 246
314 369
315 337
316 1105
317 382
318 563
319 514
320 782
321 1093
322 44
323 731
324 513
325 980
326 968
327 242
328 167
329 735
330 686
331 864
332 780
333 370
334 694
335 602
336 701
337 430
338 265
339 900
340 937
341 175
342 424
343 56
344 150
345 53
346 325
347 858
348 132
349 595
350 915
351 305
352 170
353 1001
354 88
355 849
356 764
357 405
358 28
359 1041
360 583
361 662
362 773
363 227
364 475
365 745
366 1060
367 632
368 59
369 271
370 582
371 654
372 101
373 818
374 279
375 893
376 212
377 5
378 666
379 79
380 374
381 389
382 961
383 877
384 868
385 184
386 162
387 887
388 763
389 734
390 1034
391 977
392 786
393 223
394 1018
395 418
396 303
397 966
398 422
399 1003
400 588
401 1009
402 699
403 596
404 541
405 528
406 1031
407 437
408 1115
409 1022
410 658
411 935
412 284
413 27
414 653
415 908
416 1124
417 489
418 280
419 1118
420 871
421 428
422 579
423 144
424 425
425 749
426 803
427 1084
428 330
429 854
430 509
431 695
432 576
433 1122
434 1131
435 46
436 896
437 828
438 531
439 568
440 651
441 261
442 766
443 4
444 790
445 86
446 367
447 682
448 139
449 289
450 336
451 719
452 438
453 82
454 413
455 301
456 733
457 946
458 978
459 554
460 771
461 140
462 539
463 726
464 1128
465 230
466 656
467 938
468 610
469 570
470 714
471 154
472 119
473 173
474 402
475 191
476 37
477 671
478 436
479 683
480 566
481 507
482 1083
483 465
484 350
485 711
486 190
487 45
488 379
489 508
490 846
491 600
492 399
493 321
494 829
495 417
496 874
497 638
498 681
499 1103
500 441
501 264
502 873
503 920
504 690
505 272
506 339
507 826
508 218
509 861
510 205
511 685
512 841
513 546
514 994
515 373
516 881
517 345
518 21
519 876
520 616
521 580
522 228
523 774
524 1066
525 427
526 346
527 955
528 767
529 1094
530 1049
531 953
532 1061
533 353
534 68
535 1028
536 851
537 75
538 1012
539 484
540 221
541 832
542 414
543 965
544 126
545 555
546 590
547 591
548 603
549 619
550 450
551 400
552 396
553 23
554 401
555 552
556 1006
557 798
558 103
559 880
560 564
561 1121
562 193
563 646
564 1036
565 945
566 410
567 110
568 963
569 1017
570 784
571 25
572 942
573 573
574 406
575 127
576 106
577 60
578 390
579 794
580 543
581 743
582 761
583 997
584 458
585 931
586 479
587 536
588 843
589 1021
590 238
591 678
592 1072
593 352
594 587
595 114
596 911
597 473
598 312
599 26
600 168
601 225
602 740
603 1053
604 770
605 885
606 145
607 423
608 298
609 91
610 439
611 7
612 529
613 404
614 1050
615 229
616 604
617 926
618 452
619 1040
620 522
621 71
622 863
623 255
624 972
625 635
626 1008
627 860
628 795
629 121
630 831
631 898
632 434
633 712
634 467
635 627
636 688
637 257
638 825
639 1125
640 318
641 260
642 155
643 17
644 411
645 836
646 549
647 830
648 1013
649 545
650 702
651 649
652 480
653 1037
654 990
655 199
656 89
657 950
658 109
659 1044
660 589
661 715
662 292
663 135
664 81
665 380
666 1100
667 466
668 408
669 412
670 1080
671 48
672 95
673 122
674 169
675 512
676 585
677 499
678 1086
679 9
680 501
681 188
682 73
683 1062
684 207
685 215
686 392
687 914
688 16
689 375
690 283
691 471
692 149
693 706
694 609
695 581
696 138
697 364
698 1051
699 115
700 313
701 1064
702 1099
703 371
704 548
705 274
706 778
707 18
708 111
709 67
710 416
711 263
712 500
713 1057
714 703
715 886
716 461
717 809
718 629
719 22
720 180
721 311
722 967
723 995
724 463
725 368
726 983
727 133
728 1005
729 1108
730 665
731 982
732 1082
733 705
734 889
735 1002
736 494
737 177
738 821
739 378
740 722
741 1067
742 562
743 515
744 634
745 814
746 565
747 1052
748 340
749 295
750 765
751 266
752 443
753 220
754 970
755 470
756 316
757 1033
758 310
759 403
760 1098
761 844
762 1020
763 153
764 789
765 742
766 74
767 1092
768 398
769 1119
770 710
771 358
772 1110
773 550
774 262
775 355
776 482
777 383
778 530
779 613
780 344
781 31
782 592
783 606
784 276
785 51
786 608
787 407
788 721
789 739
790 872
791 245
792 329
793 747
794 772
795 934
796 381
797 254
798 503
799 290
800 285
801 979
802 594
803 268
804 559
805 991
806 222
807 194
808 744
809 1079
810 314
811 128
812 839
813 511
814 104
815 1014
816 1011
817 307
818 716
819 490
820 354
821 1090
822 949
823 960
824 516
825 1055
826 198
827 328
828 971
829 1076
830 219
831 395
832 456
833 776
834 901
835 449
836 639
837 359
838 657
839 84
840 6
841 183
842 622
843 224
844 574
845 910
846 117
847 39
848 164
849 1120
850 446
851 357
852 713
853 351
854 90
855 259
856 556
857 0
858 288
859 478
860 1102
861 209
862 171
863 256
864 768
865 147
866 696
867 769
868 693
869 1015
870 248
871 644
872 558
873 897
874 845
875 835
876 892
877 962
878 617
879 476
880 236
881 472
882 628
883 607
884 361
885 785
886 1117
887 187
888 899
889 1104
890 195
891 952
892 333
893 440
894 621
895 460
896 152
897 302
898 146
899 626
900 689
901 19
902 69
903 294
904 674
905 277
906 827
907 331
908 775
909 326
910 718
911 866
912 729
913 867
914 497
915 633
916 433
917 235
918 1096
919 884
920 1043
921 196
922 819
923 655
924 783
925 20
926 444
927 296
928 891
929 553
930 415
931 151
932 468
933 800
934 8
935 542
936 36
937 664
938 1091
939 10
940 732
941 34
942 495
943 869
944 799
945 996
946 29
947 372
948 810
949 855
950 206
951 32
952 158
953 197
954 388
955 1056
956 98
957 987
958 1107
959 697
960 932
961 1126
962 496
963 762
964 824
965 41
966 97
967 451
968 811
969 362
970 753
971 1038
972 781
973 1058
974 58
975 78
976 459
977 669
978 1075
979 944
980 1042
981 927
982 118
983 675
984 315
985 15
986 52
987 637
988 519
989 943
990 532
991 226
992 623
993 165
994 748
995 107
996 491
997 571
998 903
999 281
1000 1035
1001 1000
1002 523
1003 976
1004 792
1005 650
1006 878
1007 692
1008 894
1009 888
1010 251
1011 879
1012 647
1013 297
1014 618
1015 1019
1016 802
1017 958
1018 124
1019 510
1020 270
1021 208
1022 525
1023 614
1024 907
1025 741
1026 201
1027 47
1028 870
1029 386
1030 445
1031 1129
1032 300
1033 856
1034 1111
1035 64
1036 185
1037 99
1038 94
1039 709
1040 917
1041 432
1042 1116
1043 544
1044 136
1045 1078
1046 349
1047 174
1048 181
1049 442
1050 65
1051 113
1052 54
1053 485
1054 921
1055 673
1056 883
1057 612
1058 752
1059 426
1060 137
1061 454
1062 660
1063 12
1064 505
1065 993
1066 366
1067 1030
1068 1097
1069 865
1070 179
1071 334
1072 488
1073 584
1074 578
1075 816
1076 469
1077 309
1078 999
1079 624
1080 847
1081 652
1082 936
1083 143
1084 788
1085 141
1086 160
1087 817
1088 520
1089 717
1090 820
1091 923
1092 409
1093 385
1094 902
1095 267
1096 1
1097 1132
1098 85
1099 347
1100 850
1101 956
1102 342
1103 527
1104 676
1105 1074
1106 49
1107 727
1108 989
1109 293
1110 641
1111 1109
1112 1068
1113 670
1114 631
1115 593
1116 645
1117 862
1118 973
1119 812
1120 912
1121 202
1122 737
1123 842
1124 890
1125 1077
1126 986
1127 1054
1128 992
1129 322
1130 253
1131 498
1132 233
