0 916
1 592
2 286
3 1132
4 0
5 825
6 411
7 815
8 332
9 293
10 375
11 992
12 43
13 1053
14 1086
15 134
16 545
17 651
18 197
19 1081
20 812
21 153
22 247
23 1021
24 270
25 609
26 568
27 1012
28 304
29 95
30 820
31 10
32 315
33 755
34 1028
35 1049
36 543
37 719
38 754
39 146
40 54
41 584
42 440
43 469
44 783
45 241
46 311
47 398
48 827
49 516
50 869
51 305
52 1121
53 511
54 781
55 798
56 1097
57 837
58 988
59 807
60 6
61 221
62 29
63 1061
64 1100
65 1048
66 473
67 154
68 659
69 718
70 1127
71 41
72 310
73 434
74 1071
75 836
76 1063
77 287
78 455
79 445
80 943
81 101
82 699
83 785
84 904
85 367
86 834
87 881
88 555
89 1129
90 156
91 727
92 1069
93 868
94 483
95 521
96 284
97 795
98 256
99 841
100 136
101 235
102 118
103 65
104 578
105 737
106 506
107 267
108 762
109 539
110 342
111 985
112 647
113 989
114 150
115 668
116 155
117 50
118 144
119 129
120 602
121 400
122 724
123 1003
124 882
125 563
126 461
127 816
128 977
129 232
130 262
131 1115
132 723
133 1001
134 165
135 813
136 550
137 246
138 1084
139 448
140 697
141 190
142 92
143 364
144 518
145 591
146 1088
147 569
148 958
149 128
150 37
151 878
152 170
153 348
154 345
155 752
156 794
157 978
158 652
159 710
160 183
161 851
162 748
163 695
164 624
165 743
166 1042
167 4
168 780
169 848
170 474
171 784
172 49
173 79
174 212
175 649
176 206
177 160
178 502
179 507
180 107
181 478
182 289
183 357
184 919
185 704
186 430
187 462
188 1114
189 337
190 616
191 531
192 873
193 945
194 497
195 706
196 272
197 152
198 86
199 1057
200 323
201 38
202 700
203 661
204 194
205 362
206 97
207 406
208 886
209 606
210 980
211 924
212 677
213 638
214 1011
215 210
216 928
217 1009
218 269
219 16
220 169
221 853
222 1015
223 574
224 89
225 608
226 876
227 758
228 88
229 1074
230 9
231 399
232 618
233 351
234 504
235 464
236 1025
237 897
238 538
239 482
240 720
241 230
242 694
243 728
244 822
245 283
246 260
247 484
248 31
249 818
250 793
251 770
252 1008
253 774
254 1045
255 891
256 285
257 751
258 842
259 566
260 829
261 777
262 678
263 972
264 491
265 77
266 378
267 471
268 740
269 688
270 912
271 892
272 1019
273 274
274 240
275 259
276 179
277 857
278 768
279 619
280 110
281 575
282 457
283 20
284 475
285 593
286 479
287 106
288 1013
289 1113
290 622
291 589
292 585
293 687
294 264
295 308
296 973
297 1058
298 791
299 934
300 205
301 1002
302 936
303 640
304 291
305 268
306 209
307 295
308 373
309 390
310 82
311 559
312 271
313 1064
314 423
315 81
316 34
317 1067
318 884
319 409
320 610
321 73
322 951
323 121
324 974
325 611
326 764
327 760
328 263
329 858
330 549
331 532
332 971
333 603
334 893
335 983
336 327
337 889
338 318
339 266
340 896
341 203
342 1020
343 674
344 78
345 761
346 741
347 385
348 333
349 47
350 371
351 30
352 124
353 1032
354 476
355 1104
356 99
357 601
358 1027
359 1105
360 598
361 171
362 214
363 901
364 27
365 505
366 1065
367 838
368 265
369 734
370 556
371 667
372 184
373 1110
374 249
375 307
376 541
377 322
378 763
379 887
380 899
381 663
382 1006
383 306
384 1124
385 963
386 403
387 729
388 388
389 125
390 957
391 1038
392 414
393 216
394 911
395 1108
396 648
397 909
398 200
399 537
400 819
401 419
402 395
403 514
404 466
405 3
406 1026
407 281
408 319
409 490
410 675
411 875
412 387
413 1040
414 481
415 53
416 522
417 773
418 860
419 548
420 605
421 792
422 120
423 804
424 353
425 745
426 703
427 925
428 7
429 426
430 175
431 558
432 657
433 947
434 148
435 749
436 312
437 573
438 996
439 698
440 772
441 883
442 512
443 1118
444 570
445 520
446 410
447 416
448 835
449 953
450 325
451 493
452 634
453 234
454 32
455 696
456 871
457 1000
458 1024
459 562
460 329
461 513
462 867
463 914
464 636
465 328
466 162
467 1062
468 139
469 1029
470 1052
471 567
472 715
473 161
474 447
475 665
476 995
477 938
478 87
479 8
480 789
481 970
482 1090
483 631
484 917
485 587
486 557
487 1089
488 324
489 742
490 354
491 765
492 999
493 948
494 303
495 686
496 164
497 276
498 862
499 809
500 738
501 52
502 1076
503 630
504 950
505 1078
506 866
507 349
508 360
509 219
510 969
511 993
512 865
513 551
514 300
515 309
516 104
517 56
518 402
519 642
520 874
521 964
522 870
523 15
524 405
525 84
526 48
527 906
528 536
529 446
530 438
531 716
532 684
533 991
534 1072
535 628
536 1083
537 392
538 299
539 435
540 976
541 166
542 257
543 439
544 217
545 517
546 528
547 394
548 201
549 368
550 554
551 496
552 713
553 707
554 908
555 18
556 942
557 523
558 233
559 60
560 832
561 182
562 470
563 202
564 273
565 397
566 987
567 453
568 607
569 595
570 533
571 14
572 68
573 347
574 579
575 771
576 159
577 340
578 1092
579 805
580 1091
581 275
582 195
583 564
584 750
585 17
586 117
587 427
588 1044
589 44
590 57
591 949
592 220
593 1037
594 756
595 903
596 1128
597 302
598 1046
599 480
600 810
601 814
602 1107
603 359
604 1109
605 501
606 885
607 872
608 888
609 905
610 671
611 115
612 975
613 708
614 802
615 965
616 251
617 625
618 70
619 207
620 1122
621 576
622 967
623 982
624 80
625 544
626 193
627 157
628 907
629 243
630 467
631 46
632 376
633 1106
634 596
635 499
636 433
637 920
638 683
639 937
640 488
641 344
642 465
643 1055
644 51
645 753
646 546
647 797
648 1047
649 372
650 660
651 843
652 335
653 189
654 393
655 894
656 358
657 845
658 39
659 632
660 1131
661 317
662 334
663 229
664 24
665 191
666 927
667 361
668 714
669 1007
670 808
671 1014
672 1
673 33
674 629
675 198
676 1068
677 224
678 1054
679 613
680 25
681 1095
682 1033
683 313
684 28
685 1018
686 787
687 436
688 690
689 577
690 147
691 428
692 923
693 422
694 290
695 326
696 58
697 83
698 421
699 639
700 519
701 437
702 735
703 615
704 137
705 954
706 1005
707 215
708 580
709 363
710 131
711 67
712 673
713 292
714 239
715 42
716 76
717 168
718 612
719 509
720 339
721 1060
722 880
723 59
724 786
725 540
726 712
727 280
728 830
729 226
730 185
731 666
732 621
733 823
734 98
735 343
736 75
737 13
738 1123
739 806
740 941
741 1036
742 1079
743 913
744 133
745 12
746 984
747 1031
748 331
749 685
750 689
751 444
752 1056
753 456
754 100
755 790
756 93
757 356
758 432
759 443
760 330
761 301
762 450
763 408
764 662
765 172
766 278
767 796
768 451
769 401
770 633
771 454
772 918
773 702
774 863
775 1041
776 824
777 701
778 778
779 560
780 646
781 255
782 487
783 960
784 72
785 412
786 600
787 252
788 1103
789 94
790 655
791 833
792 218
793 173
794 365
795 204
796 228
797 583
798 180
799 113
800 1102
801 404
802 1120
803 178
804 940
805 245
806 1073
807 721
808 386
809 227
810 779
811 826
812 374
813 672
814 525
815 775
816 320
817 242
818 213
819 1093
820 709
821 350
822 64
823 534
824 382
825 581
826 529
827 369
828 623
829 733
830 766
831 981
832 850
833 744
834 782
835 187
836 852
837 1082
838 1016
839 746
840 231
841 626
842 658
843 747
844 126
845 691
846 248
847 22
848 653
849 840
850 380
851 486
852 1126
853 383
854 955
855 66
856 279
857 547
858 530
859 542
860 966
861 952
862 552
863 338
864 588
865 861
866 111
867 389
868 26
869 1101
870 725
871 1111
872 5
873 109
874 196
875 855
876 277
877 192
878 931
879 586
880 1051
881 594
882 680
883 890
884 831
885 238
886 407
887 186
888 900
889 138
890 341
891 959
892 604
893 854
894 561
895 477
896 96
897 85
898 979
899 681
900 495
901 799
902 856
903 1050
904 962
905 731
906 645
907 527
908 788
909 776
910 236
911 614
912 994
913 45
914 1059
915 503
916 176
917 1080
918 463
919 769
920 211
921 314
922 932
923 722
924 298
925 739
926 1043
927 643
928 641
929 116
930 828
931 1070
932 381
933 726
934 145
935 112
936 460
937 55
938 114
939 425
940 930
941 736
942 926
943 492
944 705
945 258
946 679
947 130
948 143
949 664
950 535
951 452
952 103
953 61
954 692
955 69
956 35
957 123
958 817
959 572
960 151
961 922
962 142
963 11
964 1130
965 441
966 485
967 998
968 670
969 676
970 384
971 237
972 40
973 321
974 1017
975 500
976 1119
977 174
978 944
979 711
980 1004
981 296
982 377
983 420
984 902
985 935
986 997
987 968
988 811
989 1066
990 396
991 188
992 417
993 510
994 297
995 489
996 961
997 167
998 223
999 524
1000 177
1001 617
1002 627
1003 508
1004 418
1005 346
1006 208
1007 253
1008 637
1009 669
1010 1034
1011 656
1012 597
1013 105
1014 19
1015 933
1016 1077
1017 442
1018 956
1019 336
1020 225
1021 222
1022 108
1023 986
1024 800
1025 62
1026 693
1027 352
1028 582
1029 847
1030 158
1031 650
1032 565
1033 946
1034 135
1035 515
1036 244
1037 21
1038 526
1039 821
1040 849
1041 472
1042 759
1043 1098
1044 1087
1045 449
1046 846
1047 921
1048 254
1049 127
1050 767
1051 1010
1052 199
1053 910
1054 415
1055 801
1056 494
1057 1099
1058 895
1059 553
1060 864
1061 379
1062 63
1063 1085
1064 644
1065 590
1066 294
1067 261
1068 149
1069 844
1070 682
1071 119
1072 571
1073 929
1074 1075
1075 429
1076 1023
1077 717
1078 424
1079 459
1080 122
1081 839
1082 859
1083 431
1084 2
1085 635
1086 915
1087 102
1088 620
1089 654
1090 1116
1091 1022
1092 250
1093 141
1094 90
1095 23
1096 91
1097 366
1098 288
1099 730
1100 1035
1101 1125
1102 468
1103 413
1104 1039
1105 1112
1106 132
1107 1030
1108 282
1109 458
1110 877
1111 355
1112 316
1113 71
1114 990
1115 163
1116 498
1117 599
1118 898
1119 1117
1120 140
1121 36
1122 391
1123 757
1124 803
1125 1094
1126 370
1127 74
1128 181
1129 1096
1130 732
1131 939
1132 879
