0 333
1 738
2 702
3 634
4 39
5 1069
6 714
7 967
8 50
9 635
10 739
11 179
12 385
13 149
14 391
15 372
16 854
17 847
18 966
19 1022
20 641
21 1
22 840
23 342
24 900
25 361
26 562
27 26
28 345
29 644
30 189
31 729
32 753
33 362
34 712
35 942
36 704
37 768
38 426
39 433
40 530
41 354
42 769
43 603
44 225
45 985
46 383
47 647
48 1128
49 583
50 547
51 1086
52 140
53 622
54 886
55 757
56 845
57 28
58 691
59 206
60 54
61 1108
62 259
63 558
64 272
65 655
66 986
67 444
68 1007
69 373
70 575
71 275
72 287
73 242
74 660
75 843
76 904
77 472
78 554
79 761
80 452
81 190
82 409
83 258
84 56
85 127
86 41
87 290
88 200
89 1011
90 772
91 403
92 981
93 295
94 948
95 495
96 751
97 178
98 81
99 479
100 449
101 214
102 205
103 227
104 1091
105 593
106 318
107 604
108 1080
109 799
110 257
111 209
112 862
113 1012
114 279
115 445
116 922
117 417
118 15
119 731
120 1025
121 877
122 897
123 79
124 299
125 570
126 870
127 52
128 5
129 130
130 819
131 833
132 48
133 1077
134 684
135 859
136 564
137 1044
138 921
139 620
140 605
141 69
142 147
143 581
144 538
145 710
146 470
147 37
148 758
149 418
150 451
151 666
152 439
153 441
154 1062
155 996
156 802
157 145
158 611
159 837
160 617
161 667
162 32
163 776
164 550
165 885
166 119
167 736
168 1088
169 995
170 1081
171 727
172 1035
173 526
174 210
175 614
176 213
177 148
178 999
179 673
180 539
181 84
182 707
183 759
184 268
185 955
186 1042
187 1037
188 281
189 460
190 682
191 503
192 128
193 1046
194 991
195 515
196 363
197 357
198 1041
199 675
200 315
201 211
202 405
203 773
204 7
205 664
206 24
207 742
208 370
209 588
210 185
211 930
212 834
213 861
214 636
215 964
216 595
217 202
218 1113
219 711
220 143
221 416
222 987
223 101
224 962
225 131
226 123
227 1114
228 623
229 839
230 836
231 438
232 455
233 65
234 137
235 534
236 428
237 78
238 571
239 1121
240 708
241 940
242 775
243 142
244 394
245 11
246 1043
247 715
248 619
249 770
250 734
251 413
252 939
253 867
254 993
255 341
256 477
257 806
258 402
259 1110
260 337
261 663
262 601
263 513
264 678
265 690
266 343
267 1056
268 435
269 574
270 1057
271 920
272 615
273 668
274 871
275 808
276 133
277 589
278 805
279 488
280 511
281 763
282 1032
283 1106
284 576
285 943
286 980
287 928
288 466
289 484
290 73
291 990
292 232
293 249
294 17
295 916
296 959
297 627
298 669
299 1017
300 640
301 748
302 586
303 471
304 180
305 812
306 217
307 653
308 395
309 3
310 842
311 173
312 424
313 531
314 926
315 866
316 434
317 587
318 899
319 1094
320 628
321 718
322 1029
323 392
324 1073
325 421
326 113
327 607
328 679
329 700
330 961
331 671
332 889
333 853
334 755
335 994
336 754
337 239
338 302
339 849
340 829
341 121
342 107
343 228
344 568
345 975
346 752
347 868
348 1023
349 844
350 599
351 895
352 18
353 118
354 978
355 1098
356 726
357 918
358 997
359 86
360 613
361 721
362 864
363 1002
364 730
365 67
366 468
367 419
368 329
369 778
370 379
371 693
372 697
373 454
374 1117
375 498
376 467
377 358
378 196
379 709
380 971
381 497
382 1070
383 764
384 1027
385 723
386 246
387 181
388 786
389 783
390 150
391 947
392 94
393 87
394 760
395 910
396 688
397 824
398 743
399 301
400 1123
401 450
402 286
403 1014
404 136
405 366
406 898
407 352
408 1075
409 831
410 785
411 946
412 170
413 537
414 536
415 1131
416 171
417 43
418 915
419 818
420 95
421 437
422 888
423 350
424 250
425 218
426 252
427 186
428 9
429 135
430 863
431 850
432 406
433 505
434 153
435 535
436 767
437 882
438 412
439 330
440 431
441 851
442 283
443 874
444 10
445 262
446 1096
447 741
448 648
449 642
450 725
451 105
452 496
453 347
454 267
455 432
456 235
457 489
458 244
459 555
460 30
461 29
462 453
463 724
464 478
465 927
466 359
467 1015
468 626
469 12
470 905
471 717
472 1092
473 427
474 892
475 487
476 74
477 172
478 1111
479 1016
480 8
481 1006
482 375
483 308
484 442
485 651
486 120
487 36
488 312
489 183
490 408
491 458
492 821
493 1129
494 500
495 122
496 309
497 766
498 817
499 954
500 901
501 548
502 891
503 216
504 1028
505 592
506 578
507 229
508 869
509 276
510 585
511 782
512 85
513 542
514 765
515 945
516 793
517 936
518 1019
519 238
520 544
521 852
522 110
523 1130
524 393
525 795
526 750
527 609
528 106
529 582
530 207
531 1087
532 174
533 177
534 632
535 1124
536 346
537 953
538 696
539 1021
540 1132
541 1119
542 159
543 541
544 191
545 1099
546 857
547 319
548 70
549 1076
550 865
551 970
552 102
553 33
554 659
555 237
556 873
557 858
558 514
559 182
560 103
561 972
562 911
563 364
564 681
565 969
566 176
567 35
568 952
569 728
570 483
571 524
572 289
573 1061
574 192
575 334
576 1059
577 82
578 976
579 825
580 355
581 344
582 941
583 703
584 193
585 594
586 353
587 670
588 787
589 53
590 983
591 243
592 701
593 559
594 271
595 1050
596 662
597 34
598 722
599 187
600 1095
601 203
602 639
603 1053
604 316
605 652
606 240
607 625
608 71
609 618
610 251
611 126
612 525
613 796
614 674
615 1031
616 792
617 164
618 151
619 305
620 508
621 1072
622 529
623 848
624 322
625 368
626 896
627 331
628 414
629 932
630 104
631 116
632 93
633 462
634 560
635 13
636 465
637 1101
638 1008
639 348
640 76
641 314
642 98
643 328
644 255
645 194
646 672
647 397
648 351
649 109
650 744
651 612
652 719
653 1067
654 20
655 44
656 197
657 390
658 579
659 482
660 1045
661 2
662 1026
663 219
664 156
665 161
666 165
667 1005
668 685
669 801
670 790
671 92
672 492
673 296
674 875
675 485
676 1058
677 912
678 115
679 960
680 401
681 956
682 567
683 77
684 944
685 692
686 1009
687 47
688 784
689 1034
690 253
691 737
692 756
693 31
694 665
695 264
696 448
697 72
698 23
699 957
700 40
701 846
702 340
703 313
704 254
705 1065
706 631
707 1102
708 798
709 780
710 894
711 774
712 1097
713 91
714 88
715 680
716 298
717 624
718 480
719 998
720 518
721 1051
722 510
723 14
724 62
725 977
726 4
727 132
728 1093
729 523
730 913
731 162
732 749
733 893
734 735
735 933
736 475
737 261
738 335
739 338
740 925
741 291
742 699
743 720
744 906
745 356
746 919
747 1100
748 923
749 382
750 269
751 234
752 42
753 420
754 16
755 968
756 377
757 163
758 398
759 931
760 650
761 374
762 1090
763 698
764 695
765 169
766 1063
767 984
768 561
769 306
770 1071
771 144
772 384
773 184
774 533
775 1064
776 456
777 1116
778 880
779 61
780 713
781 410
782 284
783 532
784 881
785 1049
786 411
787 546
788 1048
789 303
790 600
791 552
792 325
793 633
794 1040
795 951
796 425
797 872
798 687
799 323
800 208
801 507
802 566
803 645
804 1047
805 166
806 195
807 649
808 1033
809 241
810 108
811 380
812 830
813 965
814 245
815 745
816 236
817 125
818 112
819 407
820 823
821 224
822 146
823 598
824 572
825 221
826 440
827 1055
828 988
829 1036
830 233
831 788
832 360
833 212
834 199
835 1083
836 791
837 797
838 476
839 602
840 553
841 656
842 963
843 175
844 876
845 256
846 1054
847 596
848 902
849 1089
850 27
851 1052
852 55
853 376
854 292
855 521
856 80
857 436
858 1127
859 215
860 841
861 1109
862 520
863 884
864 989
865 45
866 285
867 154
868 447
869 443
870 938
871 809
872 929
873 160
874 879
875 1030
876 274
877 134
878 129
879 740
880 835
881 654
882 771
883 278
884 320
885 288
886 1084
887 597
888 813
889 297
890 273
891 811
892 60
893 371
894 463
895 387
896 1024
897 1003
898 49
899 490
900 422
901 820
902 804
903 96
904 6
905 51
906 1020
907 580
908 683
909 838
910 336
911 0
912 746
913 502
914 816
915 1018
916 68
917 294
918 504
919 157
920 855
921 934
922 75
923 716
924 979
925 457
926 909
927 610
928 860
929 638
930 1000
931 378
932 369
933 400
934 781
935 446
936 762
937 608
938 527
939 856
940 280
941 365
942 646
943 1013
944 66
945 779
946 1082
947 324
948 404
949 430
950 481
951 117
952 1115
953 124
954 621
955 491
956 1078
957 327
958 686
959 1105
960 732
961 277
962 974
963 473
964 616
965 573
966 493
967 266
968 949
969 99
970 265
971 461
972 247
973 198
974 973
975 158
976 777
977 1060
978 304
979 307
980 908
981 111
982 282
983 429
984 459
985 705
986 1107
987 630
988 1068
989 231
990 917
991 528
992 386
993 155
994 501
995 494
996 499
997 469
998 260
999 512
1000 141
1001 810
1002 188
1003 1079
1004 100
1005 540
1006 226
1007 1122
1008 992
1009 423
1010 565
1011 83
1012 1010
1013 832
1014 657
1015 270
1016 19
1017 220
1018 90
1019 556
1020 89
1021 223
1022 509
1023 326
1024 222
1025 168
1026 349
1027 807
1028 516
1029 522
1030 935
1031 826
1032 629
1033 815
1034 22
1035 950
1036 1004
1037 506
1038 1112
1039 381
1040 1125
1041 58
1042 661
1043 563
1044 591
1045 982
1046 557
1047 914
1048 637
1049 800
1050 878
1051 958
1052 1074
1053 814
1054 293
1055 517
1056 388
1057 152
1058 389
1059 828
1060 230
1061 794
1062 339
1063 924
1064 890
1065 474
1066 167
1067 486
1068 569
1069 606
1070 396
1071 59
1072 551
1073 822
1074 64
1075 139
1076 311
1077 907
1078 248
1079 543
1080 415
1081 138
1082 789
1083 827
1084 590
1085 733
1086 321
1087 464
1088 367
1089 300
1090 1001
1091 1066
1092 57
1093 545
1094 332
1095 317
1096 706
1097 643
1098 689
1099 21
1100 310
1101 1126
1102 38
1103 1104
1104 204
1105 577
1106 937
1107 25
1108 887
1109 1038
1110 747
1111 1118
1112 584
1113 114
1114 201
1115 549
1116 263
1117 903
1118 676
1119 1085
1120 1103
1121 399
1122 519
1123 658
1124 694
1125 1120
1126 97
1127 803
1128 883
1129 677
1130 46
1131 63
1132 1039
