0 676
1 257
2 109
3 1043
4 613
5 285
6 980
7 692
8 616
9 377
10 457
11 1100
12 324
13 705
14 815
15 149
16 564
17 101
18 435
19 804
20 580
21 611
22 706
23 212
24 905
25 15
26 843
27 1063
28 432
29 614
30 1067
31 831
32 914
33 291
34 608
35 600
36 393
37 295
38 840
39 652
40 198
41 196
42 881
43 315
44 930
45 846
46 941
47 610
48 1027
49 1056
50 1020
51 716
52 382
53 979
54 1059
55 303
56 205
57 946
58 948
59 1048
60 577
61 132
62 947
63 356
64 152
65 738
66 517
67 158
68 857
69 688
70 864
71 772
72 156
73 811
74 1049
75 133
76 69
77 968
78 599
79 604
80 428
81 376
82 209
83 957
84 454
85 568
86 940
87 244
88 336
89 730
90 588
91 40
92 1072
93 923
94 527
95 302
96 1120
97 908
98 370
99 793
100 956
101 16
102 861
103 1078
104 288
105 221
106 820
107 150
108 510
109 290
110 629
111 585
112 974
113 963
114 93
115 265
116 848
117 800
118 735
119 455
120 590
121 787
122 39
123 239
124 104
125 636
126 518
127 937
128 499
129 798
130 732
131 916
132 309
133 392
134 82
135 668
136 631
137 561
138 180
139 543
140 639
141 38
142 433
143 525
144 459
145 271
146 88
147 576
148 461
149 910
150 230
151 339
152 808
153 95
154 469
155 827
156 989
157 615
158 223
159 489
160 71
161 317
162 895
163 1095
164 1123
165 483
166 480
167 985
168 579
169 951
170 86
171 254
172 477
173 216
174 87
175 849
176 261
177 809
178 247
179 713
180 85
181 765
182 177
183 421
184 1064
185 452
186 552
187 441
188 1047
189 589
190 1091
191 1010
192 902
193 624
194 1127
195 1104
196 745
197 50
198 509
199 289
200 739
201 229
202 1102
203 192
204 628
205 429
206 683
207 200
208 10
209 866
210 380
211 145
212 1066
213 490
214 57
215 391
216 801
217 569
218 240
219 1076
220 622
221 1122
222 711
223 897
224 299
225 406
226 708
227 277
228 346
229 173
230 426
231 992
232 832
233 607
234 703
235 926
236 151
237 528
238 248
239 954
240 554
241 913
242 844
243 367
244 641
245 68
246 301
247 414
248 768
249 767
250 771
251 92
252 355
253 656
254 18
255 373
256 297
257 546
258 170
259 686
260 884
261 965
262 384
263 823
264 1075
265 34
266 73
267 605
268 59
269 932
270 892
271 880
272 996
273 21
274 678
275 238
276 891
277 664
278 219
279 1032
280 633
281 337
282 162
283 1016
284 1105
285 578
286 995
287 364
288 1128
289 181
290 218
291 821
292 660
293 278
294 333
295 81
296 733
297 722
298 25
299 640
300 931
301 456
302 715
303 374
304 102
305 217
306 522
307 572
308 350
309 728
310 77
311 573
312 539
313 409
314 312
315 523
316 983
317 183
318 557
319 1073
320 272
321 89
322 626
323 448
324 696
325 415
326 1097
327 100
328 1125
329 644
330 783
331 967
332 74
333 203
334 492
335 154
336 872
337 513
338 470
339 1115
340 476
341 774
342 153
343 386
344 1099
345 1060
346 32
347 224
348 952
349 955
350 225
351 308
352 593
353 1110
354 571
355 250
356 512
357 704
358 928
359 746
360 363
361 780
362 779
363 166
364 653
365 724
366 796
367 388
368 444
369 7
370 648
371 371
372 1028
373 973
374 1081
375 710
376 575
377 199
378 810
379 471
380 41
381 4
382 551
383 486
384 540
385 106
386 396
387 865
388 721
389 33
390 977
391 874
392 1096
393 116
394 921
395 885
396 122
397 944
398 777
399 757
400 498
401 899
402 255
403 709
404 662
405 128
406 936
407 1132
408 467
409 194
410 340
411 434
412 669
413 36
414 417
415 918
416 276
417 680
418 812
419 2
420 586
421 473
422 871
423 360
424 950
425 119
426 136
427 405
428 135
429 140
430 94
431 197
432 567
433 612
434 357
435 1041
436 549
437 1034
438 269
439 786
440 650
441 378
442 147
443 129
444 750
445 155
446 48
447 142
448 718
449 348
450 226
451 749
452 530
453 19
454 251
455 118
456 638
457 45
458 598
459 776
460 618
461 112
462 666
463 1030
464 298
465 883
466 972
467 574
468 43
469 292
470 52
471 570
472 134
473 764
474 842
475 1053
476 978
477 836
478 117
479 939
480 925
481 536
482 862
483 56
484 1006
485 394
486 1083
487 627
488 621
489 595
490 953
491 237
492 1069
493 235
494 399
495 998
496 799
497 788
498 890
499 165
500 51
501 617
502 915
503 748
504 1124
505 592
506 1129
507 420
508 491
509 889
510 442
511 993
512 201
513 700
514 875
515 144
516 500
517 1114
518 97
519 114
520 1098
521 763
522 667
523 305
524 898
525 854
526 30
527 1085
528 107
529 361
530 670
531 876
532 754
533 1014
534 78
535 266
536 345
537 75
538 1107
539 189
540 833
541 236
542 986
543 790
544 375
545 64
546 960
547 1003
548 1045
549 753
550 814
551 105
552 1065
553 878
554 529
555 1040
556 0
557 439
558 1054
559 901
560 246
561 130
562 464
563 24
564 782
565 1029
566 228
567 658
568 625
569 58
570 264
571 398
572 707
573 559
574 113
575 472
576 343
577 286
578 912
579 988
580 70
581 1052
582 125
583 438
584 684
585 719
586 1046
587 163
588 919
589 436
590 751
591 353
592 1079
593 845
594 743
595 922
596 484
597 853
598 505
599 673
600 839
601 167
602 742
603 462
604 493
605 450
606 352
607 701
608 969
609 994
610 372
611 726
612 731
613 1018
614 603
615 714
616 545
617 837
618 280
619 287
620 702
621 267
622 268
623 933
624 655
625 734
626 817
627 176
628 407
629 243
630 630
631 1044
632 17
633 547
634 1026
635 98
636 778
637 446
638 174
639 1001
640 234
641 9
642 458
643 332
644 115
645 60
646 1019
647 581
648 1111
649 430
650 917
651 689
652 321
653 1004
654 693
655 6
656 326
657 818
658 1061
659 313
660 1068
661 46
662 1050
663 172
664 84
665 161
666 997
667 524
668 859
669 423
670 1116
671 984
672 42
673 1
674 369
675 795
676 497
677 1094
678 182
679 687
680 635
681 637
682 474
683 938
684 80
685 368
686 366
687 805
688 338
689 460
690 28
691 541
692 418
693 744
694 351
695 215
696 1092
697 447
698 966
699 96
700 879
701 538
702 270
703 282
704 717
705 584
706 274
707 1021
708 335
709 1007
710 245
711 62
712 1087
713 945
714 773
715 403
716 582
717 54
718 949
719 1036
720 1057
721 259
722 65
723 1090
724 401
725 146
726 1051
727 27
728 186
729 342
730 829
731 565
732 943
733 127
734 148
735 981
736 253
737 204
738 256
739 478
740 12
741 911
742 835
743 769
744 437
745 532
746 920
747 698
748 1103
749 807
750 712
751 1080
752 1119
753 587
754 695
755 258
756 468
757 758
758 431
759 349
760 49
761 494
762 249
763 606
764 171
765 330
766 521
767 999
768 252
769 591
770 1101
771 1131
772 139
773 358
774 682
775 555
776 934
777 1117
778 803
779 1130
780 927
781 791
782 213
783 1074
784 720
785 819
786 1008
787 496
788 191
789 694
790 279
791 672
792 685
793 111
794 868
795 83
796 427
797 231
798 558
799 1042
800 190
801 22
802 508
803 260
804 296
805 959
806 141
807 725
808 379
809 193
810 175
811 184
812 942
813 44
814 387
815 362
816 661
817 1121
818 482
819 514
820 824
821 110
822 1012
823 410
824 747
825 858
826 1058
827 830
828 1112
829 319
830 263
831 440
832 451
833 504
834 453
835 487
836 275
837 283
838 888
839 306
840 214
841 400
842 516
843 61
844 108
845 929
846 443
847 645
848 924
849 463
850 307
851 1088
852 385
853 323
854 544
855 179
856 674
857 412
858 870
859 620
860 327
861 740
862 659
863 882
864 642
865 293
866 210
867 991
868 495
869 294
870 759
871 760
872 8
873 1011
874 242
875 1089
876 131
877 1022
878 126
879 886
880 354
881 1071
882 556
883 1106
884 479
885 475
886 76
887 26
888 413
889 784
890 961
891 515
892 741
893 284
894 1108
895 761
896 971
897 47
898 1038
899 519
900 178
901 623
902 331
903 511
904 531
905 699
906 220
907 1002
908 789
909 316
910 962
911 328
912 649
913 727
914 856
915 975
916 634
917 411
918 806
919 273
920 1005
921 1009
922 281
923 869
924 893
925 422
926 1062
927 445
928 1109
929 935
930 310
931 550
932 311
933 322
934 900
935 794
936 1033
937 124
938 643
939 138
940 909
941 79
942 164
943 533
944 3
945 188
946 1093
947 488
948 863
949 781
950 300
951 907
952 852
953 542
954 325
955 262
956 990
957 594
958 67
959 90
960 562
961 13
962 752
963 834
964 601
965 397
966 503
967 904
968 389
969 1055
970 168
971 123
972 31
973 185
974 402
975 159
976 762
977 207
978 318
979 903
980 1015
981 970
982 877
983 37
984 5
985 665
986 896
987 736
988 314
989 860
990 826
991 838
992 1024
993 632
994 520
995 553
996 987
997 1086
998 320
999 619
1000 395
1001 66
1002 1118
1003 416
1004 755
1005 690
1006 602
1007 663
1008 347
1009 502
1010 55
1011 449
1012 566
1013 465
1014 851
1015 850
1016 855
1017 646
1018 597
1019 143
1020 233
1021 756
1022 390
1023 507
1024 1025
1025 828
1026 501
1027 1084
1028 816
1029 404
1030 583
1031 841
1032 535
1033 424
1034 202
1035 91
1036 1017
1037 222
1038 867
1039 691
1040 20
1041 609
1042 334
1043 1039
1044 63
1045 137
1046 596
1047 548
1048 103
1049 365
1050 797
1051 526
1052 1082
1053 1126
1054 654
1055 785
1056 976
1057 1023
1058 873
1059 802
1060 560
1061 408
1062 425
1063 1013
1064 563
1065 1037
1066 681
1067 1113
1068 847
1069 23
1070 792
1071 679
1072 677
1073 169
1074 671
1075 187
1076 537
1077 534
1078 1077
1079 958
1080 894
1081 419
1082 304
1083 211
1084 241
1085 344
1086 1031
1087 822
1088 99
1089 160
1090 120
1091 341
1092 466
1093 1070
1094 383
1095 329
1096 481
1097 775
1098 813
1099 657
1100 887
1101 359
1102 1000
1103 11
1104 675
1105 195
1106 723
1107 766
1108 206
1109 485
1110 729
1111 232
1112 982
1113 506
1114 964
1115 227
1116 72
1117 770
1118 1035
1119 737
1120 14
1121 825
1122 381
1123 157
1124 697
1125 651
1126 35
1127 906
1128 29
1129 53
1130 208
1131 121
1132 647
