678 885
678 901
678 481
678 943
678 1132
678 684
678 122
678 67
678 308
678 390
678 59
678 790
678 72
678 130
678 622
678 787
678 150
678 927
678 839
678 1092
678 972
678 169
678 1054
678 1029
678 515
678 355
678 462
678 826
678 786
678 1094
885 901
885 481
885 1132
885 684
885 122
885 67
885 308
885 390
885 790
885 622
885 150
885 927
885 839
885 972
885 1054
885 638
885 912
885 1078
885 798
885 41
885 755
885 918
901 481
901 1132
901 684
901 122
901 67
901 390
901 59
901 790
901 622
901 150
901 927
901 839
901 1092
901 972
901 169
901 355
901 462
901 1078
901 628
901 497
901 723
901 279
901 619
901 263
901 552
901 404
901 1093
901 147
901 369
901 426
901 60
901 191
901 689
901 617
901 806
901 904
481 390
481 972
481 404
481 69
481 868
481 460
481 1003
481 14
481 506
481 1130
481 753
481 0
481 733
481 913
481 718
481 557
481 485
481 1085
481 804
943 1132
943 790
943 412
943 1006
943 100
943 594
943 129
943 848
943 734
1132 684
1132 122
1132 790
1132 622
1132 150
1132 972
1132 355
1132 462
1132 1078
1132 967
1132 53
1132 1023
1132 432
1132 403
1132 610
1132 875
1132 284
684 67
684 308
684 790
684 130
684 622
684 927
684 972
684 462
684 594
684 439
684 1115
684 653
684 572
684 157
684 866
684 644
684 456
684 119
684 703
684 385
684 791
684 564
122 972
122 462
122 446
122 298
67 308
67 790
67 622
67 1092
67 972
67 1054
67 786
67 723
67 379
67 505
67 463
67 502
67 948
308 622
308 1054
308 786
308 1078
308 485
308 256
308 212
308 635
308 389
308 1025
308 74
308 335
308 740
308 996
308 844
308 17
308 1091
308 1086
308 702
308 411
308 393
308 977
308 235
308 77
308 166
308 475
308 906
308 970
390 150
390 927
390 839
390 972
390 1029
390 355
390 552
390 412
390 84
390 882
390 941
390 449
390 190
390 1001
390 244
390 886
59 403
59 752
59 374
59 643
59 79
59 756
59 10
59 44
59 429
59 466
59 362
59 271
59 178
59 140
59 690
59 40
790 72
790 622
790 150
790 972
790 1054
790 462
790 552
790 557
790 594
790 502
790 40
790 113
790 724
790 988
790 660
790 947
790 171
790 761
72 130
72 622
72 1054
72 912
72 1078
72 967
72 948
72 635
72 1025
72 393
72 977
72 1001
72 589
72 326
72 342
72 286
72 310
72 836
72 1008
72 854
72 563
72 1129
72 1015
72 306
72 558
72 566
72 340
72 394
72 1040
72 746
72 102
72 582
72 216
72 524
130 169
130 912
130 1078
130 594
130 866
130 977
130 854
130 900
130 1012
130 657
130 1057
130 469
130 541
130 430
130 192
130 709
622 1054
622 786
622 912
622 1078
622 904
622 129
622 463
622 256
622 393
622 166
622 906
622 526
622 693
622 173
622 274
622 536
622 630
622 491
622 664
622 378
622 1087
622 52
622 633
622 725
622 4
622 314
622 614
622 193
622 522
622 792
622 1002
622 260
622 827
622 1105
622 498
622 584
622 347
622 289
622 158
622 744
622 692
622 87
787 1054
787 1078
787 740
787 346
787 405
787 214
150 927
150 1092
150 972
150 169
150 1029
150 515
150 355
150 918
150 628
150 963
150 177
150 496
927 839
927 355
927 918
927 723
927 485
927 1023
927 875
927 1086
927 244
927 1057
927 1083
927 966
927 159
927 1041
927 153
927 131
927 452
927 42
927 64
927 569
927 862
927 436
839 972
839 723
839 619
839 426
839 53
839 502
839 496
839 153
839 12
839 625
839 596
839 668
1092 169
1092 1029
1092 628
1092 497
1092 723
1092 404
1092 1093
1092 426
1092 617
1092 806
1092 460
1092 572
1092 379
1092 505
1092 463
1092 948
1092 660
1092 314
1092 792
1092 1105
1092 346
1092 862
1092 580
1092 969
1092 493
1092 442
1092 891
1092 396
1092 571
1092 840
1092 673
1092 251
1092 123
1092 631
1092 358
1092 252
1092 549
1092 213
1092 1026
972 355
972 638
972 918
169 1029
169 918
169 628
169 279
169 619
169 263
169 552
169 404
169 426
169 617
169 967
169 703
169 449
169 190
169 756
169 524
169 536
169 633
169 177
169 966
169 436
169 969
169 123
169 109
169 738
169 896
169 240
169 949
169 280
169 607
169 133
169 588
169 1104
169 99
169 623
169 789
169 758
169 1031
169 143
169 782
169 85
169 343
169 175
169 457
169 349
169 351
1054 786
1054 912
1054 1078
1054 868
1054 485
1054 256
1054 212
1054 635
1054 1025
1054 740
1054 996
1054 1091
1054 1086
1054 702
1054 977
1054 1008
1054 854
1054 566
1054 394
1054 524
1054 738
1054 264
1054 760
1054 155
1054 1035
1054 207
1054 275
1054 1004
1054 1111
1054 534
1054 665
1054 587
1054 477
1054 990
1029 515
1029 628
1029 1003
1029 506
1029 77
1029 177
1029 569
1029 240
1029 155
1029 480
1029 170
1029 933
1029 672
1029 547
1029 315
355 918
355 485
355 875
355 456
355 1057
355 966
355 1041
355 452
355 569
355 758
355 957
355 419
355 83
355 968
462 1078
462 524
462 153
462 343
462 1030
462 998
826 466
826 1098
826 75
826 234
826 1014
826 138
826 277
826 118
786 1078
786 369
786 746
786 173
786 536
786 378
786 1087
786 1002
786 289
786 504
786 1049
786 270
786 917
786 1034
786 200
786 417
786 104
786 267
786 613
786 768
786 701
1094 552
1094 617
1094 505
1094 660
1094 52
1094 12
1094 580
1094 571
1094 549
1094 775
1094 305
1094 816
1094 202
1094 400
1094 455
1094 372
1094 586
1094 187
1094 944
1094 516
1094 884
638 592
912 1078
912 1086
912 563
1078 806
1078 485
1078 256
1078 524
1078 1030
1078 807
1078 327
918 60
918 159
918 153
918 64
918 12
918 251
918 588
918 758
918 305
918 831
918 530
918 602
918 48
918 203
918 211
918 127
918 253
918 237
918 663
628 723
628 279
628 619
628 552
628 404
628 426
628 191
628 463
628 948
628 177
628 436
628 580
628 969
628 396
628 240
628 1014
628 138
628 202
628 247
628 785
628 422
628 590
628 986
497 279
497 404
497 1093
497 369
497 617
497 806
497 904
497 868
497 463
497 660
497 633
497 607
497 534
497 586
497 247
497 785
497 830
497 6
497 339
497 428
497 257
497 276
497 994
497 548
497 208
723 404
723 1093
723 147
723 426
723 60
723 617
723 506
723 284
723 644
723 379
723 502
723 449
723 190
723 709
723 173
723 792
723 452
723 569
723 580
723 969
723 493
723 396
723 213
723 109
723 588
723 202
723 455
723 663
723 247
723 785
723 986
723 474
723 952
723 135
723 1112
723 583
723 946
723 568
723 243
723 459
723 302
723 141
723 627
279 263
279 552
279 426
279 403
279 505
279 463
279 449
279 660
279 580
279 1104
279 315
279 138
279 202
279 400
279 372
279 187
279 944
279 247
279 785
279 422
279 583
279 141
279 829
279 956
279 835
279 136
279 561
279 248
279 556
279 909
279 32
279 921
279 333
279 285
279 68
279 708
279 427
279 719
279 731
279 512
279 699
279 265
279 299
279 1090
279 794
279 585
279 914
619 404
619 966
619 436
619 133
619 457
619 919
263 191
263 190
263 202
263 592
263 136
263 556
263 1017
263 771
263 1024
263 1079
263 597
263 196
263 910
263 352
263 591
552 426
552 617
552 412
552 941
552 709
552 177
552 571
552 549
552 400
552 211
552 785
552 428
552 265
552 599
552 13
552 110
552 56
552 624
552 659
552 215
552 509
552 221
552 1119
552 801
404 147
404 191
404 69
404 868
404 460
404 506
404 753
404 733
404 718
404 557
404 1085
404 804
404 53
404 12
404 969
404 457
404 253
404 247
404 946
404 265
404 591
404 825
404 828
404 261
404 669
404 874
404 573
404 800
1093 505
1093 187
1093 1103
147 477
147 202
147 208
147 334
369 617
369 806
369 904
369 594
369 734
369 157
369 463
369 996
369 475
369 657
369 1087
369 52
369 314
369 827
369 12
369 133
369 789
369 534
369 315
369 504
369 1034
369 200
369 267
369 768
369 701
369 831
369 339
369 257
369 333
369 895
369 677
369 656
369 239
369 82
369 30
369 621
369 647
426 191
426 53
426 709
426 496
426 12
426 580
426 549
426 1104
426 138
426 104
426 400
426 944
426 247
426 208
426 474
426 914
426 666
426 81
60 617
60 904
60 463
60 358
60 133
60 782
60 944
60 884
60 663
60 247
60 548
60 474
60 574
60 484
60 975
60 544
60 205
60 737
60 1022
191 53
191 475
191 941
191 190
191 429
191 660
191 524
191 496
191 12
191 442
191 251
191 133
191 155
191 118
191 400
191 372
191 884
191 253
191 428
191 994
191 208
191 794
191 352
191 1036
191 373
191 454
191 611
191 18
191 230
191 612
191 307
191 421
191 1019
689 804
617 594
617 284
617 977
617 900
617 657
617 469
617 430
617 709
617 607
617 118
617 775
617 816
617 400
617 602
617 247
617 141
617 454
617 33
617 63
617 824
617 106
617 292
617 793
806 904
806 463
806 475
806 1087
806 549
806 504
806 104
806 6
806 679
806 152
904 129
904 463
904 475
904 941
904 173
904 536
904 1087
904 52
904 614
904 792
904 260
904 827
904 1105
904 571
904 207
904 534
904 768
904 202
904 372
904 6
904 276
904 333
904 68
904 656
904 634
904 126
904 338
904 103
904 423
69 868
69 460
69 506
69 753
69 0
69 733
69 557
69 804
69 159
69 457
69 946
69 659
69 825
69 820
69 1028
69 605
69 852
69 965
69 736
69 145
69 365
69 520
69 259
69 325
69 888
69 805
868 460
868 506
868 753
868 733
868 913
868 557
868 804
868 948
868 1025
868 977
868 526
868 314
868 123
868 457
868 760
868 253
868 946
868 708
868 825
868 82
868 834
868 847
868 22
868 1118
868 922
868 674
868 770
868 250
460 506
460 753
460 733
460 557
460 1085
460 804
460 631
460 457
460 825
460 874
460 1010
460 434
460 565
460 818
1003 325
14 753
14 718
14 882
14 668
14 634
14 325
14 649
14 706
14 932
506 1130
506 753
506 733
506 913
506 1085
506 804
506 374
506 44
506 178
506 657
506 633
506 280
506 592
506 1112
506 946
506 1028
506 837
506 488
506 671
1130 1085
1130 178
1130 828
1130 1028
1130 646
1130 287
1130 16
1130 598
753 0
753 718
753 557
753 804
753 653
753 457
753 520
753 325
753 646
753 266
0 718
0 653
0 457
0 874
0 820
0 1028
0 605
0 145
0 520
0 325
0 266
0 94
0 658
0 1074
0 616
733 557
733 1085
733 804
733 457
733 118
733 474
733 825
733 576
913 569
913 457
913 760
913 874
913 325
913 22
913 1118
913 1089
913 872
913 609
913 1128
718 557
718 653
718 457
718 946
718 874
718 634
718 325
718 649
718 266
718 94
718 444
557 804
557 653
557 158
557 211
557 428
557 825
557 800
557 81
557 292
557 649
557 646
557 598
557 846
557 870
557 593
557 392
557 55
557 128
557 76
557 1064
557 698
485 1023
485 256
485 844
485 563
485 1129
485 524
485 153
485 862
485 343
485 305
485 785
485 81
485 922
485 250
485 401
485 796
485 955
1085 449
1085 153
1085 828
1085 669
1085 16
1085 94
1085 629
804 374
804 607
804 457
804 264
804 516
804 253
804 663
804 422
804 952
804 946
804 731
804 221
804 825
804 611
804 649
804 287
804 266
804 94
804 165
804 1
804 763
804 937
804 318
804 842
804 380
804 934
804 603
412 1115
412 941
412 213
412 588
412 459
412 141
412 352
412 659
412 509
412 975
412 793
412 1064
412 254
412 1095
412 228
412 1077
412 860
412 765
1006 446
1006 475
1006 449
1006 1057
1006 173
1006 536
1006 314
1006 153
1006 251
1006 155
1006 292
1006 488
1006 671
1006 1032
1006 26
1006 443
1006 151
1006 529
1006 7
1006 985
100 362
100 690
100 280
100 247
100 679
100 416
100 366
100 197
100 849
100 375
100 1125
594 967
594 403
594 463
594 844
594 1091
594 977
594 466
594 178
594 900
594 657
594 1057
594 469
594 430
594 192
594 153
594 280
594 133
594 118
594 592
594 237
594 731
594 33
594 292
594 793
594 529
594 409
594 539
594 348
594 510
594 189
594 218
594 843
594 341
594 98
594 507
594 206
594 729
129 466
129 536
129 417
129 659
129 550
848 74
848 1086
848 702
848 589
848 326
848 394
848 216
848 900
848 630
848 400
848 999
734 463
734 475
734 941
734 1001
734 1087
734 200
734 586
734 299
734 514
734 511
967 610
967 463
967 996
967 1086
967 166
967 589
967 394
967 1012
967 173
967 133
967 789
967 339
967 299
967 1090
967 511
967 880
967 995
967 101
967 330
967 3
967 49
967 532
53 644
53 449
53 724
53 725
53 496
53 12
53 596
53 213
53 1030
53 400
53 919
53 1036
53 454
53 421
53 7
53 238
53 608
53 537
53 881
1023 644
1023 74
1023 394
1023 582
1023 524
1023 1087
1023 153
1023 131
1023 64
1023 133
1023 758
1023 143
1023 672
1023 83
1023 956
1023 919
1023 421
1023 444
1023 881
1023 717
432 756
432 862
432 596
432 32
432 120
403 374
403 643
403 756
403 429
403 178
403 690
403 40
403 202
403 247
403 729
403 579
610 475
610 970
610 693
610 491
610 4
610 260
610 498
610 158
610 87
610 1004
610 768
610 701
610 699
610 1090
610 609
610 121
610 97
610 176
610 232
610 567
875 644
875 456
875 153
875 141
875 669
875 454
875 323
875 319
284 449
284 900
284 218
439 157
439 693
439 491
439 725
439 158
439 549
439 609
439 176
439 911
439 58
439 531
1115 866
1115 454
1115 824
1115 560
1115 525
1115 24
653 457
653 264
653 731
653 825
653 828
653 874
653 325
653 287
653 266
653 525
653 24
653 819
653 329
653 424
653 1009
653 519
653 601
572 153
572 631
572 133
572 952
572 81
572 938
572 905
572 950
572 278
572 148
157 660
157 1087
157 549
157 351
157 550
157 750
157 66
157 19
157 324
157 812
866 17
866 430
866 709
866 454
866 106
866 560
866 525
866 877
866 961
866 245
866 198
866 920
866 845
866 897
866 479
866 745
644 791
644 84
644 244
644 159
644 153
644 64
644 12
644 949
644 253
644 459
644 230
644 843
644 323
644 319
644 329
644 774
644 984
644 440
644 959
456 454
456 440
119 564
119 459
119 230
119 601
119 905
119 711
385 319
385 897
385 764
385 304
791 190
791 430
791 560
564 319
446 475
446 882
446 536
446 240
446 1104
446 914
446 679
446 7
446 3
446 540
446 876
298 516
298 135
379 969
379 278
379 161
505 463
505 475
505 190
505 113
505 1087
505 289
505 768
505 400
505 914
505 706
505 710
463 996
463 475
463 906
463 900
463 536
463 491
463 378
463 1087
463 52
463 633
463 725
463 4
463 314
463 792
463 827
463 1105
463 584
463 347
463 289
463 177
463 42
463 571
463 549
463 789
463 351
463 1004
463 968
463 1034
463 816
463 400
463 372
463 339
463 141
463 333
463 299
463 591
463 659
463 656
463 82
463 484
463 679
463 338
463 837
463 228
463 880
463 567
463 562
463 704
463 1100
463 851
463 508
463 928
463 258
463 691
463 554
463 1056
463 1069
502 449
502 244
502 607
502 516
502 986
502 285
502 599
502 801
502 1036
502 612
502 793
502 318
502 881
502 606
502 517
502 105
502 272
502 682
502 715
502 38
502 195
502 1055
502 890
502 707
502 705
502 1099
502 1081
948 475
948 524
948 536
948 378
948 314
948 347
948 840
948 738
948 973
948 89
948 354
256 1086
256 477
635 844
635 1091
635 977
635 524
635 955
635 341
635 1045
1025 335
1025 1086
1025 342
1025 310
1025 1008
1025 854
1025 1129
1025 102
1025 216
1025 1104
1025 343
1025 400
1025 785
1025 979
1025 367
74 1086
74 977
74 449
74 326
74 342
74 854
74 394
74 216
74 955
74 501
335 844
335 102
335 341
335 1045
740 405
740 214
740 123
740 155
740 208
740 454
740 354
740 332
740 168
740 489
996 166
996 475
996 173
996 491
996 1087
996 725
996 4
996 314
996 792
996 827
996 1105
996 498
996 133
996 789
996 207
996 419
996 968
996 831
996 333
996 895
996 82
996 484
996 679
996 634
996 97
996 704
996 691
996 468
996 1047
996 823
996 268
996 661
996 716
844 1091
844 1086
844 977
844 941
844 190
844 589
844 1008
844 657
844 955
844 341
844 964
17 4
17 621
17 152
17 872
17 745
17 867
17 413
1091 977
1091 563
1091 341
1091 1045
1086 589
1086 342
1086 310
1086 836
1086 854
1086 563
1086 1129
1086 306
1086 566
1086 394
1086 746
1086 102
1086 216
1086 524
1086 153
1086 990
1086 202
1086 955
1086 539
1086 341
1086 1045
1086 437
702 342
702 310
702 836
702 854
702 563
702 306
702 566
702 746
702 539
411 840
411 155
411 275
411 775
411 816
411 785
411 669
411 254
411 228
411 1060
411 776
411 294
411 570
977 394
977 900
977 985
977 341
977 773
977 345
235 244
235 524
235 123
235 155
235 775
235 208
235 669
235 728
235 144
235 636
77 413
166 664
166 193
166 158
166 789
166 484
166 176
166 258
166 691
166 554
166 1048
166 242
475 244
475 524
475 173
475 536
475 1087
475 314
475 614
475 347
475 159
475 596
475 789
475 207
475 534
475 315
475 419
475 1034
475 104
475 267
475 669
475 895
475 82
475 661
475 398
906 378
906 504
906 562
906 1100
970 173
970 4
970 768
970 1090
970 656
970 679
970 501
970 1088
970 93
84 449
84 190
84 244
84 724
84 131
84 990
84 305
84 421
84 145
84 763
84 238
84 938
84 278
84 1047
84 1005
84 495
84 873
84 883
84 935
882 668
882 549
882 1014
882 816
882 634
882 706
882 860
882 66
882 876
941 449
941 827
941 131
941 457
941 484
941 820
941 510
449 190
449 374
449 724
449 177
449 436
449 251
449 138
449 944
449 253
449 474
449 583
449 302
449 56
449 574
449 544
449 145
449 805
449 238
449 608
449 424
449 705
449 345
449 50
449 220
449 388
449 92
449 387
190 362
190 724
190 1012
190 536
190 177
190 75
190 202
190 884
190 208
190 909
190 427
190 512
190 573
190 230
190 793
190 736
190 488
190 392
190 228
190 843
190 608
190 319
190 329
190 144
190 618
190 209
190 246
190 926
190 857
190 987
1001 827
1001 547
1001 1014
1001 629
1001 510
1001 514
1001 905
1001 964
1001 71
1001 1021
1001 441
244 886
244 524
244 1105
244 966
244 153
244 569
244 862
244 596
244 133
244 1034
244 202
244 428
244 459
244 352
244 659
244 666
244 1036
244 454
244 307
244 444
244 7
244 238
244 881
244 707
244 209
886 966
886 436
752 429
752 466
374 79
374 756
374 44
374 429
374 466
374 362
374 271
374 178
374 690
374 280
374 170
374 933
374 234
374 1014
374 138
374 775
374 202
374 400
374 211
374 247
374 731
374 488
374 671
374 729
374 554
374 88
374 381
374 114
374 667
643 79
643 429
643 690
643 247
643 88
643 788
79 756
79 429
79 466
79 362
79 178
79 690
79 1014
79 202
79 247
79 785
79 914
79 666
79 488
79 880
79 579
79 554
79 788
79 1097
756 429
756 466
756 862
756 1031
756 170
756 202
756 956
756 731
756 597
756 196
756 352
756 488
756 120
756 579
756 959
756 788
756 523
756 528
756 899
756 1106
756 559
756 112
756 813
10 276
10 909
10 416
10 849
10 864
10 35
10 784
44 429
44 178
44 690
44 657
44 64
44 12
44 280
44 816
44 247
44 1112
44 583
44 13
44 729
44 321
44 20
429 466
429 362
429 271
429 178
429 690
429 657
429 1083
429 862
429 118
429 202
429 247
429 428
429 1112
429 261
429 671
429 729
429 772
466 178
466 690
466 900
466 862
466 138
466 247
466 731
466 287
466 729
466 381
466 51
466 395
362 690
362 314
362 276
362 141
362 729
362 88
271 178
271 690
271 657
271 280
271 1112
271 671
271 729
271 728
271 114
271 772
178 690
178 900
178 12
178 596
178 247
178 914
178 380
178 729
178 880
140 12
690 657
690 596
690 280
690 933
690 1112
690 366
690 849
690 729
690 788
690 321
690 772
690 395
690 1131
690 57
690 293
40 422
40 731
40 910
40 120
40 579
40 797
40 694
40 1020
40 233
40 600
40 1072
113 289
724 64
724 831
724 602
724 428
724 243
724 302
724 141
724 599
724 56
724 574
724 238
724 608
724 1047
988 607
988 133
988 707
988 776
988 873
660 969
660 202
660 400
660 372
660 57
660 47
947 900
947 285
947 719
947 554
947 890
947 149
947 290
947 683
947 741
947 902
947 431
171 334
171 754
761 309
761 402
761 377
589 900
589 657
589 192
589 532
326 394
326 536
326 630
326 491
326 990
326 768
326 1090
326 532
326 93
342 200
342 253
342 847
342 959
342 695
286 310
286 1008
286 854
286 558
286 1104
286 200
310 836
310 1008
310 854
310 306
310 566
310 862
310 990
310 539
836 854
836 746
836 524
836 339
836 922
1008 64
1008 955
854 64
854 200
854 955
854 539
854 345
1129 22
1015 706
1015 532
306 990
306 539
394 216
394 524
394 536
394 630
394 491
394 744
394 768
394 333
394 532
394 499
1040 524
1040 532
746 668
102 343
102 1045
216 630
216 138
216 831
216 1032
524 159
524 131
524 64
524 12
524 143
524 155
524 1111
524 477
524 955
524 539
524 513
524 648
900 657
900 469
900 430
900 192
900 709
900 592
900 830
900 208
900 956
900 561
900 708
900 443
900 189
900 218
900 560
900 24
900 920
900 1005
900 987
900 1097
900 528
900 958
900 783
900 313
1012 657
1012 430
1012 709
1012 314
1012 133
1012 206
1012 995
657 192
657 280
657 933
657 775
657 816
657 247
657 276
657 1112
657 921
657 13
657 849
657 341
657 729
657 880
657 20
657 293
657 376
1057 591
1057 669
1057 1032
1057 101
1057 525
1057 876
1057 161
1057 209
1057 486
469 731
469 292
469 218
469 717
469 313
541 611
541 793
541 409
541 880
541 881
541 105
541 1055
541 705
541 185
541 1126
541 721
541 328
430 709
430 454
430 824
430 880
430 560
430 961
430 245
430 46
430 533
192 189
192 218
192 729
709 118
709 454
709 824
709 961
526 314
526 405
526 442
526 1035
526 417
526 484
526 837
526 1088
526 383
526 1096
693 536
693 725
693 260
693 498
693 158
693 87
693 701
693 339
693 257
693 1090
693 484
693 609
693 121
693 176
693 911
693 58
693 531
693 383
173 536
173 725
173 792
173 738
173 534
173 504
173 267
173 339
173 333
173 299
173 82
173 554
173 50
173 317
274 123
274 847
274 367
274 489
274 636
274 229
536 630
536 1087
536 725
536 614
536 792
536 260
536 1105
536 289
536 744
536 64
536 738
536 133
536 789
536 207
536 504
536 768
536 400
536 339
536 276
536 333
536 82
536 484
536 338
536 103
536 911
536 823
536 345
536 1048
536 317
536 916
536 27
536 577
630 725
630 260
630 744
630 207
630 768
630 333
630 27
630 1066
491 725
491 4
491 314
491 614
491 260
491 498
491 158
491 87
491 768
491 1090
491 621
491 658
491 532
491 176
491 745
491 704
491 258
491 1048
491 1088
491 383
491 27
491 188
664 498
664 584
664 289
664 692
664 760
664 207
664 257
664 554
664 776
664 523
664 27
664 1071
664 850
664 65
378 4
378 158
378 549
378 1104
378 351
378 400
378 634
378 228
378 567
378 66
378 562
378 704
378 1100
378 508
378 928
378 258
378 728
378 204
378 361
1087 52
1087 314
1087 289
1087 153
1087 252
1087 789
1087 1004
1087 534
1087 267
1087 372
1087 586
1087 339
1087 239
1087 423
1087 1056
52 1105
52 571
52 252
52 1034
52 372
52 203
52 265
52 423
52 608
633 314
633 738
633 1004
633 417
633 202
633 1112
633 13
633 837
633 729
633 255
725 4
725 614
725 522
725 792
725 1002
725 827
725 1105
725 584
725 347
725 289
725 153
725 571
725 738
725 99
725 789
725 1004
725 534
725 701
725 372
725 339
725 141
725 333
725 239
725 484
725 338
725 837
725 176
725 487
725 527
4 614
4 193
4 792
4 1002
4 260
4 498
4 584
4 347
4 158
4 87
4 789
4 207
4 1004
4 586
4 333
4 1090
4 484
4 176
4 691
4 1088
4 188
4 1127
314 792
314 827
314 1105
314 498
314 87
314 738
314 200
314 768
314 339
314 299
314 82
314 484
314 1048
614 260
614 827
614 584
614 768
614 276
614 333
614 103
614 745
614 1088
193 260
193 158
193 789
193 327
193 484
193 679
193 567
193 691
193 1127
522 498
522 289
522 914
522 567
792 1105
792 153
792 789
792 200
792 339
792 299
792 914
792 801
792 82
792 484
792 704
792 501
792 468
792 1088
1002 260
1002 498
1002 158
1002 207
1002 1090
1002 880
1002 661
1002 1088
1002 577
1002 1127
260 827
260 498
260 584
260 158
260 87
260 768
260 701
260 1090
260 621
260 338
260 375
260 1088
260 1127
260 336
260 929
260 991
827 351
827 760
827 968
827 276
827 548
827 656
827 338
827 423
827 1047
827 336
827 1058
827 780
1105 596
1105 738
1105 789
1105 534
1105 339
1105 669
1105 239
1105 837
1105 1056
1105 294
1105 728
498 584
498 289
498 158
498 692
498 87
498 207
498 257
498 1090
498 609
498 121
498 176
498 704
498 1088
498 27
498 65
584 289
584 158
584 692
584 207
584 333
584 82
584 911
584 704
584 242
584 27
584 65
584 978
347 692
347 596
347 534
347 706
347 228
347 383
347 929
289 789
289 372
289 257
289 82
289 955
289 880
289 911
289 745
289 710
289 27
289 70
158 87
158 207
158 1090
158 338
158 121
158 232
158 1056
158 728
158 1048
158 242
158 1088
158 523
158 487
158 1127
158 167
158 37
744 333
744 778
692 207
692 257
692 985
692 911
692 258
692 27
692 65
87 121
87 176
87 293
87 236
87 863
346 250
346 1032
346 823
346 1039
405 785
405 250
405 168
405 489
405 461
214 461
963 1064
177 104
177 474
177 141
177 597
177 609
177 955
177 880
177 853
496 12
496 1104
496 138
496 884
496 265
496 914
496 543
1083 454
966 153
966 862
966 436
966 480
966 666
966 950
966 383
966 936
159 436
159 596
159 251
159 455
159 602
159 1037
153 452
153 569
153 862
153 436
153 596
153 251
153 123
153 457
153 419
153 83
153 141
153 82
153 81
153 165
153 238
153 120
153 424
153 959
153 1055
153 728
153 209
153 1033
153 1121
153 742
153 687
153 802
153 962
131 459
131 107
452 358
452 419
452 599
452 1036
452 18
452 612
452 934
452 843
452 707
452 414
64 133
64 419
64 118
64 884
64 785
64 81
64 824
64 837
64 955
64 238
64 198
64 984
64 959
64 873
64 50
64 388
64 297
64 464
64 117
64 1120
569 261
569 975
569 373
569 421
569 805
569 1074
569 348
569 387
569 125
569 992
862 596
862 83
862 305
862 334
862 488
862 120
862 579
862 1121
862 742
862 95
436 442
436 83
436 919
436 30
436 666
436 81
436 1096
436 154
12 596
12 133
12 118
12 884
12 208
12 68
12 599
12 1036
12 18
12 292
12 820
12 259
12 238
12 881
12 688
625 56
625 880
625 803
596 315
596 202
596 946
596 731
596 573
596 1036
596 488
596 881
596 579
596 959
596 154
596 225
596 637
596 451
668 141
668 634
668 706
668 231
580 969
580 442
580 396
580 372
580 247
969 396
969 428
969 265
969 238
442 816
442 627
442 68
442 666
442 658
442 985
442 383
442 936
442 408
442 8
891 83
396 840
396 351
396 208
396 669
396 776
396 873
571 252
571 816
571 400
571 372
571 659
571 656
571 898
840 83
840 1034
840 1103
840 209
251 549
251 133
251 455
251 944
251 602
251 238
251 1047
251 1037
123 143
123 155
123 400
123 785
123 208
123 847
123 636
123 951
123 743
123 364
123 90
631 133
631 818
631 206
631 905
631 278
631 195
631 71
631 185
631 465
631 730
631 1043
358 118
358 247
358 952
358 221
358 612
358 843
358 1055
358 370
358 858
252 203
549 534
549 419
549 400
549 659
549 338
549 973
549 501
213 56
213 612
213 441
213 431
213 821
213 1059
109 474
109 302
738 1035
738 82
738 484
738 837
896 975
896 348
896 174
896 470
896 1065
240 99
240 351
240 968
240 5
949 459
949 319
280 933
280 592
280 837
280 416
280 366
280 729
280 618
280 88
280 1113
280 732
607 118
607 884
607 247
607 986
607 428
607 994
607 474
607 952
607 719
607 599
607 801
607 1036
607 843
607 715
607 195
607 705
607 376
607 1073
133 881
133 278
133 495
133 873
133 209
133 815
133 841
588 253
588 141
588 265
588 238
588 812
588 440
588 802
588 962
588 225
588 134
588 893
588 73
1104 138
1104 400
1104 785
1104 422
1104 583
1104 68
1104 699
1104 914
1104 334
1104 149
1104 951
1104 139
1104 1042
1104 1116
623 785
623 706
623 570
623 1124
789 768
789 835
789 333
789 656
789 82
789 484
789 634
789 97
789 176
789 1048
789 726
758 85
758 663
758 141
758 599
758 1022
758 612
758 833
1031 170
1031 400
1031 32
1031 708
1031 352
1031 591
1031 612
1031 579
1031 754
1031 139
1031 222
1031 1062
143 417
143 636
143 61
782 7
782 348
782 992
782 174
782 470
782 281
782 320
782 640
782 503
85 583
85 599
85 110
85 1022
85 843
85 319
85 105
85 249
343 583
343 68
343 955
343 367
343 636
175 516
457 825
457 828
457 874
457 81
457 325
457 266
349 785
349 250
351 775
351 708
351 659
351 669
351 334
351 603
351 254
351 579
351 1060
351 523
351 559
264 325
264 649
264 646
264 16
264 380
760 207
155 587
155 602
155 208
155 847
155 510
155 90
155 353
155 179
155 1053
155 575
155 1038
155 382
155 713
207 768
207 1090
207 532
207 27
207 577
207 65
275 785
275 250
275 354
275 367
275 144
275 636
275 743
275 364
275 15
1004 200
1004 586
1004 484
1004 860
1004 121
1004 523
534 591
534 188
587 250
587 1053
477 1030
477 714
990 621
990 532
990 93
990 1038
990 766
480 669
480 666
480 120
480 1061
480 779
170 118
170 202
170 400
170 556
170 921
170 708
170 731
170 699
170 1079
170 597
170 669
170 573
170 334
170 488
170 603
170 151
170 507
170 120
170 523
170 528
170 559
170 112
170 754
170 361
170 779
170 923
170 655
170 712
170 993
933 1112
933 68
933 591
933 228
933 729
933 294
672 816
672 365
672 174
672 1065
547 1033
315 200
315 592
315 829
315 956
315 835
315 136
315 561
315 248
315 556
315 909
315 708
315 82
315 679
315 111
315 473
315 551
315 368
315 359
315 500
315 720
315 363
957 775
957 1050
419 968
419 1030
419 305
419 708
419 239
419 444
419 468
419 559
83 75
83 776
83 47
83 542
83 1068
83 180
968 895
968 239
968 1123
1030 516
1030 986
1030 141
1030 801
1030 1036
1030 18
1030 612
1030 165
1030 934
1030 443
1030 38
1030 499
1030 107
1030 858
1030 714
998 352
998 965
1098 75
1098 234
1098 1110
1098 476
75 234
75 138
75 775
75 1068
234 775
234 985
234 1042
234 1101
234 751
234 1018
234 997
234 132
1014 277
1014 127
1014 141
1014 512
1014 914
1014 230
1014 209
1014 246
1014 441
1014 783
1014 991
1014 62
1014 360
1014 482
138 239
138 612
138 292
138 593
138 76
138 197
138 1110
138 856
277 203
277 731
277 230
277 679
277 938
277 246
277 991
118 516
118 211
118 247
118 986
118 474
118 141
118 1079
118 599
118 250
118 576
118 955
118 409
118 707
118 388
118 688
118 940
118 681
504 1034
504 200
504 911
504 27
270 1075
917 1034
917 417
917 613
917 872
917 398
1034 200
1034 417
1034 104
1034 267
1034 257
1034 669
1034 895
1034 647
1034 728
1034 398
1034 762
200 267
200 586
200 333
200 299
200 239
200 82
200 647
200 484
200 843
200 1075
200 478
417 613
417 710
417 398
104 267
104 583
104 973
267 701
267 257
613 745
613 716
613 296
768 333
768 1090
768 880
768 532
768 121
768 232
768 745
768 27
701 257
775 816
775 202
775 400
775 372
775 785
775 561
775 599
775 659
775 1103
775 603
775 254
775 330
775 332
305 243
305 141
305 238
305 209
305 714
305 535
816 400
816 586
816 516
816 561
816 659
816 221
816 1103
816 254
816 348
816 383
816 688
202 956
202 136
202 556
202 921
202 708
202 731
202 771
202 910
202 573
202 334
202 488
202 254
202 579
202 1097
202 112
202 359
202 720
202 751
202 757
400 372
400 586
400 187
400 276
400 583
400 956
400 561
400 333
400 597
400 659
400 334
400 230
400 292
400 634
400 847
400 1074
400 955
400 254
400 228
400 197
400 348
400 550
400 562
400 38
400 797
400 1116
400 640
400 282
400 217
455 247
455 474
455 459
455 230
455 1009
455 905
455 711
455 1037
455 146
455 291
455 651
372 659
372 955
372 254
372 1056
372 748
586 152
586 812
586 132
187 422
187 136
187 1079
187 1103
187 679
187 837
187 229
187 322
944 247
944 669
944 537
944 525
944 876
944 890
516 884
516 831
516 247
516 474
516 259
516 228
516 7
516 510
516 514
516 499
516 759
516 300
516 9
516 1122
516 142
516 641
884 247
884 428
884 994
884 38
884 499
884 1059
884 974
884 645
592 590
592 276
592 1112
592 829
592 835
592 561
592 248
592 921
592 708
592 352
592 13
592 658
592 507
592 729
592 880
592 20
592 779
592 111
592 473
592 551
592 368
592 363
592 132
592 595
592 518
592 224
807 714
327 299
327 484
327 1088
831 599
831 292
831 847
831 934
831 1032
831 348
831 843
831 1055
831 1047
831 553
530 127
602 474
602 243
602 265
602 56
602 443
48 422
48 120
48 797
48 233
48 1072
48 184
48 686
48 156
48 1114
48 45
48 418
48 662
203 574
203 238
203 938
211 428
211 593
211 415
127 548
127 209
127 172
127 78
253 474
253 7
253 440
253 776
253 50
253 899
253 225
253 858
253 640
237 611
237 793
237 409
237 881
237 105
237 682
237 1055
237 185
237 696
237 199
237 435
237 1000
663 68
663 706
663 318
663 843
663 880
663 730
663 483
247 422
247 986
247 994
247 474
247 1112
247 265
247 599
247 671
247 729
247 381
247 376
247 139
247 9
247 54
785 422
785 590
785 208
785 68
785 794
785 13
785 679
785 847
785 250
785 706
785 955
785 973
785 354
785 367
785 345
785 144
785 636
785 364
785 179
785 407
785 386
785 448
785 960
422 921
422 68
422 265
422 771
422 597
422 591
422 679
422 634
422 254
422 151
422 608
422 120
422 579
422 1097
422 523
422 694
422 1020
422 600
422 149
422 751
422 418
422 662
422 137
422 942
590 136
590 13
590 111
590 551
590 363
986 952
986 141
986 801
986 1036
986 576
986 765
986 388
986 149
986 185
986 282
986 357
830 846
830 209
830 783
6 339
6 338
339 299
339 677
339 1058
428 800
428 292
428 593
428 1095
428 453
257 621
257 65
276 338
994 952
994 376
994 483
994 357
208 679
208 634
208 847
208 250
208 955
208 501
208 489
208 776
208 294
208 144
208 376
208 364
208 713
208 799
208 739
208 632
474 952
474 583
474 68
474 599
474 1055
474 833
474 300
474 1000
474 357
952 1036
952 995
952 483
135 719
135 110
135 519
135 249
1112 13
1112 837
1112 20
583 141
583 793
583 318
583 112
946 669
946 935
243 285
459 141
459 512
459 585
459 110
459 215
459 669
459 454
459 230
459 329
459 1009
459 601
459 905
459 774
459 711
459 784
459 249
459 680
459 865
459 227
459 1109
459 781
302 669
302 574
302 238
302 766
302 859
302 555
141 921
141 333
141 285
141 352
141 454
141 793
141 238
141 881
141 691
141 890
141 707
141 926
141 149
141 741
141 817
141 11
627 195
627 936
627 408
829 956
829 835
829 248
829 909
829 1071
829 1016
956 835
956 136
956 561
956 248
956 556
956 909
956 708
956 352
956 488
956 151
956 579
956 112
956 1071
956 473
956 368
835 136
835 561
835 248
835 556
835 909
835 880
835 97
835 1071
835 473
835 595
835 115
136 561
136 556
136 909
136 488
136 779
561 248
561 556
561 909
561 708
561 771
561 1079
561 254
561 880
561 1071
561 1058
561 551
561 368
561 363
561 224
248 556
248 909
248 708
248 528
248 1071
248 473
248 363
556 909
556 488
556 112
909 579
909 224
32 731
32 914
32 579
32 408
32 139
32 473
32 448
921 731
921 597
921 352
921 573
921 334
921 603
921 151
921 507
921 959
921 1097
921 528
921 559
921 754
921 361
921 936
921 779
921 923
921 655
921 712
921 993
921 492
333 484
333 532
333 523
333 577
333 65
333 778
285 56
285 612
285 715
285 683
285 898
285 465
285 471
68 318
68 1059
68 1110
68 1000
68 1011
708 82
708 666
708 488
708 112
708 368
708 359
708 500
708 720
708 757
708 1016
708 1084
708 578
708 420
719 890
719 683
719 741
719 376
719 1059
719 832
731 597
731 910
731 334
731 292
731 488
731 603
731 151
731 507
731 1097
731 797
731 1020
731 600
731 1072
731 754
731 473
731 368
731 1114
731 45
731 448
731 976
731 210
512 215
512 230
512 679
699 754
699 156
699 448
699 1016
265 206
265 495
265 465
265 137
299 550
299 330
1090 677
1090 621
1090 532
1090 1088
1090 93
1090 978
1090 778
1090 2
794 334
794 715
794 751
794 654
794 676
585 679
585 228
585 880
585 398
585 865
914 334
914 729
914 1047
914 894
919 669
1017 771
1017 1024
1017 813
771 1024
771 597
771 196
771 151
771 112
771 383
771 312
771 1052
1024 1079
1024 928
1024 523
1024 813
1024 383
1024 1101
1024 132
1079 597
1079 196
1079 573
1079 334
1079 579
1079 50
1079 528
1079 559
1079 139
1079 368
597 196
597 352
597 573
597 334
597 603
597 254
597 528
597 361
597 368
597 518
597 889
196 380
196 151
196 46
910 352
910 151
910 120
910 1097
910 528
910 797
910 1020
910 1114
352 151
352 120
352 1097
352 779
352 420
591 334
591 47
599 1036
599 287
599 1
599 318
599 1032
599 843
599 606
599 707
599 50
599 688
599 681
13 729
13 1113
110 230
110 905
110 149
110 249
56 259
56 593
56 819
56 431
56 811
56 615
624 421
624 888
624 1074
624 348
624 543
624 470
659 254
659 550
659 383
215 519
509 975
509 7
509 348
509 992
509 386
509 930
221 1055
221 650
801 874
801 195
801 107
801 465
801 300
828 1028
828 649
828 287
828 16
828 598
828 872
828 833
828 281
828 132
828 406
828 223
828 1063
669 454
669 421
669 444
669 254
669 1077
669 7
669 440
669 383
669 107
669 779
669 542
669 535
669 344
669 626
874 325
874 434
874 818
874 649
874 266
573 754
573 368
573 1101
573 295
800 601
800 1120
800 1042
800 997
800 142
800 453
800 445
800 749
1103 254
1103 776
1103 778
1103 322
334 679
334 488
334 380
334 603
334 151
334 507
334 304
334 776
334 1097
334 528
334 559
334 1072
334 754
334 361
334 779
334 923
334 655
334 712
334 993
334 889
895 345
656 82
239 706
239 151
239 523
239 559
82 1056
82 767
30 81
30 710
621 872
621 532
621 1088
621 93
621 461
621 766
666 81
666 488
666 842
666 47
666 383
666 936
666 8
574 544
574 1022
574 1019
574 843
574 608
574 881
484 679
484 176
484 562
484 1048
484 1075
975 820
975 605
975 365
975 259
975 348
975 962
975 992
975 930
975 425
205 18
737 307
737 813
1022 649
1022 287
1022 318
1022 707
1022 328
1022 951
1022 696
1022 931
1036 611
1036 18
1036 576
1036 881
1036 606
1036 105
1036 682
1036 715
1036 707
1036 705
1036 294
1036 681
1036 447
1036 1080
1036 116
373 259
373 348
373 776
454 824
454 880
454 319
454 525
454 24
454 877
454 961
454 245
454 198
454 920
454 935
454 92
454 117
454 887
454 700
454 467
611 576
611 881
611 105
611 1055
18 499
18 107
18 447
230 679
230 146
612 765
612 525
612 440
612 388
612 465
612 344
612 545
612 879
307 1005
307 495
307 465
307 1043
307 1011
307 924
307 1107
307 356
421 126
421 605
421 259
421 888
421 805
421 1074
421 629
421 7
421 348
421 309
421 470
421 217
421 615
421 626
421 869
421 43
421 808
421 538
421 28
421 878
421 861
421 747
1019 440
33 414
33 894
33 447
33 450
824 525
824 198
824 920
824 845
824 533
824 117
824 700
824 273
106 228
106 560
292 593
292 1032
292 876
292 209
292 783
292 1102
292 809
793 679
793 634
793 1032
793 881
793 105
793 1055
793 185
793 1126
793 297
793 435
793 1080
679 847
679 151
679 197
679 729
679 554
679 951
679 856
679 142
679 739
679 397
679 670
634 649
634 706
634 846
634 1037
634 951
126 1074
126 228
126 309
126 543
126 470
126 23
338 242
820 520
820 7
820 387
820 1065
820 425
820 869
820 194
1028 736
1028 325
1028 16
1028 309
1028 640
605 520
605 888
605 641
605 615
605 930
605 869
605 288
852 348
965 736
965 145
965 7
965 348
965 1065
965 386
965 163
736 520
736 489
736 1033
736 1053
736 386
736 930
736 163
145 805
145 7
145 348
145 705
145 345
145 220
145 387
145 174
145 183
145 1117
365 1065
365 281
365 615
520 259
520 888
520 805
520 1118
520 434
520 818
520 870
520 348
520 424
520 387
520 320
520 615
520 931
520 808
520 194
520 953
520 391
520 907
520 29
259 888
259 1032
259 348
259 387
259 640
259 503
259 615
259 28
325 16
325 266
325 819
888 1074
888 510
888 309
888 470
888 217
888 615
888 869
888 538
888 288
805 348
805 309
805 861
805 226
805 371
847 250
847 489
847 570
847 636
847 179
847 382
847 697
22 1118
1118 434
1118 872
1118 870
1118 424
1118 440
1118 391
250 354
250 570
250 636
250 461
250 179
250 1053
250 382
250 34
1010 471
434 424
434 391
565 818
565 1005
565 958
565 471
565 86
818 495
818 344
818 182
649 646
649 287
649 16
649 937
649 842
649 409
649 424
649 112
706 1032
706 876
706 1100
706 1055
706 414
706 117
837 671
837 729
837 1069
488 1032
488 151
488 1097
488 528
488 112
488 408
488 368
488 359
488 720
488 757
488 1084
488 186
671 729
671 20
671 57
646 598
646 55
287 598
287 872
287 380
287 409
287 424
287 473
287 156
287 223
16 598
16 94
16 424
16 441
16 431
598 846
598 246
598 186
658 1088
658 383
658 936
658 408
658 8
658 111
658 363
658 1101
658 132
658 1052
658 727
1074 348
1074 309
1074 543
1074 470
1074 23
616 219
576 721
609 955
609 121
609 176
609 911
609 58
609 531
609 951
846 698
846 880
846 209
846 783
846 879
870 424
593 1064
593 1077
593 98
593 783
593 1120
593 331
392 880
76 698
76 197
76 1110
76 856
76 438
1064 1032
1064 783
1064 1120
698 197
698 476
401 696
796 714
955 105
955 661
955 776
955 50
955 451
955 36
629 905
629 309
1 639
318 696
318 337
934 1032
934 447
603 151
603 523
603 528
603 559
603 754
603 408
603 655
603 993
254 197
254 330
254 66
254 776
254 387
254 114
254 23
228 330
228 562
228 387
228 114
1077 341
1077 331
1077 160
1032 443
1032 348
1032 843
1032 1055
1032 783
1032 962
1032 451
1032 350
443 783
151 507
151 120
151 523
151 528
151 559
151 112
151 754
151 361
151 779
151 923
151 655
151 712
151 993
529 843
529 705
529 1073
529 303
529 124
7 348
7 510
7 387
7 992
7 1065
7 281
7 320
7 759
7 425
7 39
985 121
985 776
985 383
985 408
985 8
985 1042
985 447
985 283
416 729
366 729
366 381
366 114
197 1110
197 476
197 856
197 438
849 57
375 1046
1125 1042
1125 1110
1125 856
1125 438
1125 521
1125 241
409 843
409 880
409 881
409 105
409 1055
409 1047
409 185
348 880
348 1055
348 387
348 513
348 543
348 992
348 470
348 1065
348 281
348 320
348 386
348 615
348 930
348 861
510 962
510 992
510 183
189 218
189 766
843 319
843 682
843 1055
843 483
843 124
341 1045
507 232
507 528
507 754
507 361
507 923
507 655
507 712
507 993
206 905
206 195
206 137
206 1011
729 618
729 1113
880 525
880 24
880 938
880 682
880 195
880 367
880 987
880 1033
880 1062
880 551
880 262
880 810
880 164
880 433
880 769
995 858
330 1060
3 309
532 93
532 27
532 461
238 705
238 1047
238 345
238 1005
238 220
238 420
608 876
608 1061
537 809
537 822
881 105
881 272
881 682
881 1055
881 776
881 185
881 1126
881 328
881 297
881 199
881 435
881 1000
881 483
881 903
717 707
120 579
120 1097
120 112
120 797
120 694
120 600
120 1072
120 754
120 184
120 418
120 662
120 942
579 1097
579 523
579 528
579 797
579 694
579 233
579 418
121 176
121 232
121 1056
121 523
121 720
121 1108
97 1048
97 1020
97 971
97 91
176 911
176 58
176 531
176 691
176 1048
232 523
567 293
567 65
323 319
319 525
319 877
319 245
319 105
319 92
319 987
319 57
319 651
319 1000
319 397
319 39
319 954
911 531
911 27
911 65
58 523
58 293
58 739
531 697
560 961
560 245
525 877
525 774
525 57
525 841
24 877
329 249
424 391
1009 711
1009 291
1009 976
519 249
601 905
601 1120
601 680
601 1013
601 795
938 278
938 344
905 146
905 865
905 976
905 685
905 892
905 939
905 80
905 399
950 356
278 1005
278 815
66 838
877 772
961 245
961 700
198 117
920 1047
897 304
745 710
745 867
774 249
959 112
959 139
711 249
711 291
711 227
711 976
711 1013
304 772
304 467
876 1047
562 704
562 1100
562 508
562 928
704 1100
1100 508
258 188
258 65
258 204
691 1048
691 1127
554 1055
554 46
554 188
1056 242
1056 1088
1056 383
1069 814
517 1073
105 682
105 1055
105 185
105 1126
105 328
682 185
682 1000
715 890
715 683
715 95
715 1059
715 471
38 645
38 2
38 1027
38 108
38 472
195 1073
1055 1099
1055 1047
1055 185
1055 328
1055 357
1055 303
890 935
890 683
890 902
890 832
890 399
707 987
705 345
705 220
705 301
1099 181
1081 894
354 636
354 15
367 229
367 951
367 162
489 636
489 1053
489 34
661 1067
776 728
776 1088
776 883
776 935
776 344
776 425
776 262
294 779
570 636
345 220
345 1073
345 11
728 779
144 814
636 735
1048 242
1048 65
398 383
398 487
1088 487
1088 780
1088 37
93 461
93 713
93 2
93 1082
1005 465
495 465
495 652
883 188
935 383
50 930
50 269
220 431
220 174
220 811
220 183
220 1117
220 29
220 855
388 95
388 1073
388 483
388 1080
387 962
387 1065
387 194
387 183
387 855
618 114
618 864
618 35
618 1113
209 1116
209 180
209 186
246 991
857 654
857 620
987 696
441 1121
88 132
788 772
1097 694
1097 233
1097 600
1097 184
1097 686
1097 418
1097 662
1097 448
1097 210
1097 311
523 528
523 559
523 112
523 204
523 978
528 559
528 754
528 361
528 923
528 655
528 712
528 993
528 492
1106 813
1106 1016
1106 1052
1106 295
559 139
112 754
112 418
112 1084
112 578
112 420
813 817
813 1052
813 295
784 117
20 518
51 336
293 739
797 233
797 1072
797 45
797 418
694 1020
694 233
694 1072
694 188
694 418
1020 233
1020 1072
1020 184
1020 418
233 1072
233 418
1072 184
1072 971
149 249
741 902
902 1121
754 383
754 361
754 923
754 655
754 712
754 993
309 543
309 470
309 869
309 878
309 861
309 747
309 371
309 925
499 9
499 645
958 86
783 991
783 1120
783 331
783 871
313 533
486 25
185 1126
185 1000
1126 297
1126 11
1126 903
721 1000
721 494
328 297
46 1016
533 363
383 936
383 408
383 8
383 779
27 65
188 65
1071 923
1071 473
1071 551
1071 720
1071 595
361 923
361 655
361 712
361 993
336 749
336 262
336 164
336 1013
336 410
929 936
991 476
991 241
70 748
778 980
853 5
543 470
543 538
543 23
543 269
936 408
936 8
1033 386
1033 163
1121 1059
687 95
962 125
962 174
962 1065
414 894
297 435
297 1000
297 160
464 1073
1120 331
992 281
992 640
992 288
992 675
803 39
451 1016
408 8
408 132
8 546
951 139
951 1080
951 1044
951 915
951 982
743 364
743 15
465 1011
174 194
174 1117
174 29
174 855
470 23
470 371
470 855
1065 194
1065 163
1065 29
1065 855
1073 300
815 320
841 281
841 320
841 503
841 146
841 604
139 96
1042 997
1042 453
1042 749
1116 654
1116 676
1116 186
222 1016
222 96
281 320
281 640
281 604
320 604
640 503
640 194
640 183
640 581
179 1070
382 1082
779 490
923 655
923 712
923 993
655 712
655 993
712 993
111 551
111 363
111 595
473 492
473 945
551 363
551 997
500 720
500 757
500 1016
500 1084
500 578
500 420
500 116
720 757
720 1016
720 1084
720 420
363 291
363 595
542 722
1068 180
180 160
1110 856
1110 241
1101 132
1101 727
997 482
997 445
997 749
997 262
997 164
132 1052
132 295
360 749
360 262
360 164
360 1013
360 410
856 438
856 521
856 241
535 983
757 1084
757 420
282 301
217 626
146 538
291 976
759 39
9 384
1122 116
1122 908
142 453
142 749
645 2
645 1027
184 686
184 662
686 156
156 448
696 435
483 357
386 615
386 930
386 163
448 210
448 283
448 311
137 21
865 685
865 399
1016 1084
1016 420
471 201
1011 810
1084 420
1084 777
2 1027
654 186
676 186
894 447
1052 295
615 930
615 861
615 29
615 604
650 201
406 31
344 182
344 1007
445 749
445 262
445 164
445 410
749 262
749 164
749 433
749 410
447 642
924 356
924 810
356 810
538 316
28 269
861 371
397 164
397 1013
194 183
194 1117
194 29
194 855
1117 29
1117 855
29 855
371 604
331 1076
241 410
262 164
262 433
262 1013
262 410
164 433
164 1013
164 410
433 410
903 1051
1013 795
685 399
685 981
1027 458
108 472
652 989
855 604
989 989
