0 940
1 754
2 524
3 662
4 266
5 573
6 87
7 434
8 580
9 886
10 899
11 337
12 591
13 111
14 1064
15 534
16 796
17 447
18 209
19 204
20 757
21 1025
22 1059
23 293
24 522
25 519
26 977
27 682
28 123
29 34
30 208
31 75
32 901
33 1000
34 853
35 567
36 590
37 814
38 825
39 1057
40 376
41 88
42 1110
43 832
44 974
45 465
46 24
47 1052
48 911
49 40
50 627
51 142
52 470
53 686
54 80
55 227
56 121
57 907
58 1043
59 766
60 144
61 316
62 235
63 4
64 723
65 409
66 1055
67 68
68 45
69 957
70 358
71 6
72 676
73 503
74 264
75 49
76 946
77 283
78 827
79 882
80 790
81 868
82 471
83 550
84 99
85 165
86 1051
87 345
88 478
89 51
90 922
91 211
92 30
93 636
94 195
95 733
96 748
97 549
98 548
99 156
100 587
101 292
102 656
103 736
104 178
105 1027
106 25
107 437
108 879
109 186
110 496
111 751
112 251
113 335
114 838
115 412
116 926
117 943
118 948
119 332
120 595
121 1020
122 605
123 909
124 129
125 458
126 849
127 13
128 918
129 151
130 1109
131 774
132 785
133 101
134 381
135 140
136 265
137 900
138 56
139 339
140 160
141 182
142 575
143 119
144 732
145 578
146 172
147 794
148 739
149 36
150 954
151 626
152 516
153 749
154 517
155 169
156 499
157 623
158 18
159 809
160 357
161 598
162 276
163 641
164 1033
165 135
166 931
167 311
168 571
169 1009
170 102
171 162
172 109
173 360
174 147
175 722
176 833
177 706
178 1088
179 683
180 789
181 925
182 1076
183 972
184 570
185 998
186 277
187 428
188 1091
189 95
190 413
191 921
192 659
193 543
194 688
195 684
196 969
197 294
198 1042
199 417
200 188
201 455
202 830
203 454
204 597
205 158
206 219
207 669
208 813
209 472
210 883
211 418
212 694
213 1119
214 443
215 518
216 777
217 698
218 399
219 804
220 705
221 374
222 970
223 1075
224 5
225 85
226 314
227 851
228 802
229 256
230 324
231 299
232 1132
233 274
234 502
235 226
236 356
237 721
238 961
239 1078
240 617
241 498
242 152
243 221
244 1068
245 41
246 858
247 632
248 779
249 1100
250 439
251 615
252 988
253 746
254 90
255 816
256 583
257 179
258 610
259 143
260 876
261 983
262 1016
263 666
264 328
265 29
266 672
267 325
268 1037
269 984
270 217
271 898
272 402
273 370
274 906
275 103
276 805
277 202
278 558
279 1092
280 935
281 248
282 664
283 161
284 893
285 847
286 890
287 1010
288 271
289 206
290 408
291 1124
292 781
293 47
294 97
295 670
296 1015
297 22
298 473
299 697
300 1093
301 915
302 724
303 1035
304 1018
305 491
306 546
307 116
308 999
309 305
310 614
311 994
312 752
313 579
314 622
315 877
316 378
317 702
318 329
319 484
320 731
321 1029
322 1105
323 260
324 1103
325 207
326 246
327 634
328 896
329 1099
330 521
331 130
332 588
333 747
334 242
335 132
336 979
337 878
338 508
339 313
340 386
341 104
342 687
343 238
344 985
345 82
346 557
347 647
348 1125
349 1
350 696
351 862
352 1082
353 635
354 624
355 69
356 139
357 584
358 426
359 387
360 867
361 1044
362 267
363 225
364 619
365 223
366 885
367 481
368 1115
369 453
370 333
371 1060
372 63
373 677
374 177
375 270
376 701
377 1129
378 490
379 648
380 28
381 755
382 976
383 59
384 831
385 857
386 427
387 923
388 1048
389 1107
390 888
391 112
392 3
393 150
394 997
395 718
396 67
397 492
398 842
399 1122
400 826
401 981
402 145
403 298
404 1090
405 537
406 423
407 836
408 638
409 254
410 1104
411 57
412 574
413 1003
414 295
415 726
416 569
417 61
418 54
419 601
420 234
421 77
422 629
423 808
424 91
425 187
426 837
427 720
428 920
429 72
430 953
431 559
432 1116
433 48
434 787
435 433
436 955
437 703
438 1083
439 799
440 655
441 98
442 815
443 928
444 141
445 368
446 1072
447 730
448 585
449 349
450 835
451 908
452 436
453 910
454 536
455 422
456 971
457 220
458 405
459 262
460 891
461 951
462 1041
463 163
464 396
465 486
466 541
467 407
468 639
469 167
470 527
471 334
472 553
473 996
474 644
475 361
476 737
477 811
478 431
479 340
480 317
481 621
482 987
483 497
484 653
485 495
486 504
487 740
488 646
489 1097
490 501
491 231
492 912
493 952
494 1011
495 353
496 1034
497 118
498 989
499 1032
500 487
501 468
502 620
503 775
504 78
505 914
506 765
507 309
508 148
509 1056
510 310
511 1054
512 480
513 848
514 1077
515 106
516 713
517 136
518 866
519 750
520 79
521 194
522 1071
523 15
524 860
525 1002
526 258
527 562
528 631
529 393
530 364
531 942
532 198
533 346
534 772
535 968
536 523
537 600
538 73
539 845
540 285
541 230
542 1112
543 477
544 881
545 19
546 400
547 115
548 289
549 60
550 326
551 991
552 905
553 714
554 978
555 843
556 308
557 939
558 944
559 769
560 149
561 819
562 214
563 964
564 201
565 44
566 618
567 401
568 1106
569 854
570 1096
571 137
572 253
573 1073
574 762
575 1050
576 665
577 633
578 451
579 628
580 336
581 551
582 175
583 760
584 347
585 424
586 792
587 593
588 884
589 110
590 218
591 566
592 690
593 568
594 255
595 962
596 35
597 229
598 807
599 982
600 855
601 555
602 459
603 479
604 385
605 351
606 286
607 348
608 729
609 693
610 673
611 1123
612 870
613 604
614 852
615 607
616 967
617 933
618 212
619 661
620 717
621 410
622 865
623 791
624 17
625 191
626 1081
627 530
628 205
629 992
630 297
631 388
632 735
633 829
634 23
635 200
636 189
637 440
638 1120
639 84
640 301
641 170
642 114
643 193
644 1046
645 124
646 797
647 768
648 744
649 1114
650 367
651 33
652 476
653 373
654 448
655 554
656 43
657 547
658 1058
659 572
660 1021
661 821
662 493
663 742
664 565
665 975
666 727
667 894
668 236
669 671
670 513
671 89
672 263
673 949
674 154
675 287
676 20
677 685
678 131
679 466
680 46
681 719
682 390
683 50
684 776
685 950
686 875
687 716
688 9
689 429
690 1007
691 0
692 12
693 552
694 1019
695 414
696 92
697 828
698 753
699 861
700 488
701 798
702 932
703 392
704 398
705 1038
706 1040
707 284
708 318
709 773
710 871
711 489
712 505
713 1069
714 240
715 482
716 354
717 674
718 21
719 782
720 529
721 1061
722 1101
723 824
724 159
725 525
726 986
727 507
728 184
729 461
730 710
731 758
732 582
733 446
734 902
735 712
736 363
737 315
738 355
739 452
740 919
741 764
742 232
743 515
744 841
745 892
746 389
747 700
748 612
749 475
750 707
751 31
752 291
753 300
754 767
755 38
756 155
757 432
758 128
759 62
760 210
761 654
762 372
763 586
764 421
765 435
766 526
767 58
768 667
769 362
770 651
771 945
772 803
773 420
774 350
775 1063
776 658
777 535
778 463
779 812
780 100
781 784
782 419
783 874
784 611
785 268
786 846
787 938
788 594
789 1047
790 157
791 1049
792 319
793 973
794 330
795 375
796 1023
797 26
798 494
799 993
800 1030
801 1066
802 927
803 795
804 577
805 1053
806 1062
807 699
808 514
809 657
810 715
811 850
812 216
813 924
814 613
815 864
816 539
817 1087
818 138
819 1113
820 146
821 783
822 1102
823 321
824 107
825 183
826 592
827 94
828 678
829 450
830 224
831 929
832 904
833 820
834 403
835 506
836 342
837 359
838 609
839 663
840 533
841 959
842 180
843 117
844 425
845 416
846 563
847 273
848 369
849 213
850 545
851 990
852 282
853 844
854 181
855 365
856 279
857 1084
858 153
859 806
860 449
861 280
862 728
863 840
864 190
865 995
866 965
867 259
868 474
869 113
870 834
871 771
872 415
873 74
874 675
875 394
876 1036
877 125
878 174
879 708
880 564
881 173
882 406
883 275
884 652
885 467
886 608
887 462
888 278
889 55
890 168
891 695
892 1012
893 960
894 233
895 352
896 1008
897 397
898 1121
899 1098
900 39
901 1045
902 520
903 1004
904 956
905 1039
906 76
907 122
908 250
909 199
910 745
911 680
912 1080
913 391
914 252
915 709
916 1013
917 616
918 457
919 456
920 963
921 241
922 460
923 64
924 531
925 863
926 1017
927 560
928 166
929 1108
930 203
931 404
932 445
933 581
934 625
935 589
936 108
937 1131
938 27
939 561
940 1130
941 650
942 380
943 873
944 42
945 327
946 509
947 120
948 53
949 528
950 725
951 817
952 185
953 222
954 290
955 542
956 511
957 237
958 643
959 603
960 2
961 606
962 176
963 83
964 958
965 288
966 14
967 303
968 556
969 859
970 171
971 538
972 245
973 93
974 532
975 778
976 540
977 66
978 947
979 681
980 442
981 936
982 872
983 469
984 691
985 761
986 377
987 759
988 500
989 197
990 576
991 1111
992 366
993 485
994 269
995 331
996 1117
997 281
998 70
999 306
1000 483
1001 1031
1002 164
1003 105
1004 11
1005 810
1006 734
1007 384
1008 743
1009 304
1010 741
1011 596
1012 1128
1013 1070
1014 96
1015 411
1016 822
1017 322
1018 1067
1019 244
1020 941
1021 887
1022 320
1023 1094
1024 1126
1025 71
1026 602
1027 257
1028 1024
1029 780
1030 793
1031 272
1032 544
1033 192
1034 642
1035 127
1036 640
1037 395
1038 895
1039 7
1040 903
1041 228
1042 247
1043 438
1044 8
1045 133
1046 1014
1047 980
1048 637
1049 312
1050 196
1051 126
1052 371
1053 1005
1054 1028
1055 134
1056 249
1057 966
1058 1079
1059 763
1060 1006
1061 913
1062 341
1063 379
1064 839
1065 52
1066 344
1067 770
1068 16
1069 934
1070 243
1071 897
1072 1085
1073 930
1074 1118
1075 323
1076 856
1077 1026
1078 239
1079 1095
1080 81
1081 1022
1082 801
1083 823
1084 649
1085 430
1086 1001
1087 343
1088 86
1089 10
1090 510
1091 338
1092 464
1093 1074
1094 786
1095 1127
1096 296
1097 1086
1098 599
1099 215
1100 512
1101 302
1102 756
1103 444
1104 37
1105 1089
1106 679
1107 660
1108 630
1109 692
1110 65
1111 889
1112 869
1113 307
1114 917
1115 1065
1116 645
1117 32
1118 800
1119 668
1120 880
1121 689
1122 738
1123 441
1124 711
1125 916
1126 937
1127 818
1128 382
1129 788
1130 383
1131 704
1132 261
