0 311
1 60
2 561
3 1101
4 555
5 66
6 887
7 490
8 523
9 128
10 885
11 227
12 1003
13 155
14 575
15 515
16 761
17 244
18 774
19 112
20 200
21 967
22 837
23 864
24 633
25 1108
26 792
27 944
28 408
29 933
30 584
31 715
32 1083
33 687
34 589
35 441
36 1055
37 941
38 153
39 13
40 566
41 288
42 797
43 734
44 709
45 411
46 859
47 99
48 772
49 1065
50 520
51 1119
52 730
53 625
54 356
55 1123
56 645
57 752
58 131
59 248
60 1044
61 773
62 401
63 828
64 1111
65 92
66 975
67 29
68 811
69 388
70 855
71 68
72 948
73 1130
74 1092
75 86
76 1039
77 680
78 1112
79 805
80 592
81 731
82 1085
83 815
84 191
85 292
86 189
87 273
88 196
89 522
90 807
91 478
92 257
93 661
94 500
95 335
96 14
97 142
98 923
99 39
100 38
101 604
102 685
103 371
104 987
105 874
106 47
107 906
108 963
109 224
110 1002
111 42
112 358
113 599
114 814
115 652
116 503
117 1050
118 35
119 1008
120 1028
121 272
122 237
123 353
124 660
125 1114
126 253
127 983
128 424
129 217
130 6
131 961
132 762
133 535
134 781
135 410
136 303
137 337
138 123
139 266
140 929
141 294
142 1042
143 741
144 610
145 1011
146 363
147 743
148 1052
149 896
150 964
151 492
152 1089
153 649
154 59
155 215
156 909
157 301
158 366
159 88
160 90
161 121
162 79
163 678
164 790
165 883
166 803
167 23
168 698
169 211
170 312
171 666
172 857
173 175
174 865
175 368
176 637
177 703
178 796
179 434
180 431
181 998
182 526
183 646
184 972
185 801
186 188
187 839
188 707
189 331
190 647
191 340
192 626
193 786
194 177
195 997
196 583
197 728
198 400
199 447
200 158
201 300
202 996
203 221
204 498
205 810
206 760
207 580
208 212
209 409
210 1075
211 1115
212 386
213 1087
214 881
215 986
216 261
217 582
218 510
219 209
220 310
221 403
222 458
223 1018
224 228
225 149
226 242
227 415
228 33
229 876
230 256
231 782
232 58
233 1024
234 102
235 1064
236 653
237 186
238 999
239 1038
240 377
241 904
242 1023
243 521
244 287
245 433
246 651
247 347
248 141
249 169
250 907
251 544
252 74
253 727
254 94
255 669
256 360
257 650
258 724
259 1093
260 820
261 536
262 531
263 821
264 150
265 341
266 383
267 809
268 831
269 677
270 195
271 567
272 1106
273 26
274 732
275 46
276 513
277 297
278 20
279 1099
280 182
281 866
282 742
283 173
284 1079
285 216
286 622
287 49
288 639
289 159
290 971
291 164
292 1072
293 872
294 670
295 259
296 516
297 993
298 902
299 160
300 1049
301 845
302 943
303 729
304 124
305 1066
306 1061
307 156
308 868
309 1103
310 1015
311 494
312 1025
313 206
314 846
315 893
316 342
317 765
318 877
319 385
320 1041
321 1032
322 952
323 722
324 1045
325 326
326 939
327 618
328 452
329 802
330 688
331 671
332 198
333 429
334 758
335 245
336 1059
337 719
338 218
339 1006
340 1016
341 462
342 800
343 954
344 852
345 822
346 67
347 579
348 1063
349 725
350 1110
351 126
352 284
353 27
354 1084
355 40
356 578
357 726
358 601
359 365
360 1053
361 704
362 1001
363 37
364 477
365 481
366 1098
367 417
368 672
369 1007
370 414
371 122
372 405
373 44
374 1000
375 530
376 950
377 708
378 355
379 327
380 213
381 339
382 974
383 615
384 63
385 1095
386 585
387 78
388 990
389 662
390 50
391 867
392 534
393 791
394 713
395 499
396 603
397 1013
398 493
399 406
400 428
401 435
402 162
403 556
404 1068
405 1117
406 230
407 620
408 843
409 350
410 681
411 19
412 1088
413 236
414 139
415 777
416 413
417 616
418 404
419 1097
420 157
421 205
422 91
423 30
424 199
425 565
426 614
427 1022
428 630
429 378
430 208
431 925
432 1127
433 870
434 443
435 1102
436 448
437 174
438 596
439 80
440 138
441 508
442 918
443 908
444 16
445 1058
446 922
447 794
448 856
449 1009
450 754
451 349
452 834
453 757
454 70
455 648
456 226
457 438
458 745
459 850
460 24
461 917
462 753
463 280
464 234
465 886
466 459
467 1035
468 179
469 1047
470 827
471 334
472 362
473 9
474 103
475 134
476 2
477 336
478 278
479 1046
480 18
481 181
482 319
483 542
484 170
485 664
486 87
487 590
488 163
489 1094
490 543
491 306
492 683
493 769
494 394
495 1054
496 806
497 249
498 317
499 1116
500 457
501 844
502 768
503 1004
504 1021
505 136
506 281
507 945
508 873
509 4
510 1030
511 631
512 277
513 168
514 733
515 557
516 913
517 935
518 1060
519 345
520 364
521 966
522 823
523 258
524 111
525 675
526 315
527 12
528 247
529 72
530 454
531 747
532 609
533 275
534 1034
535 69
536 444
537 210
538 1120
539 934
540 426
541 57
542 104
543 851
544 655
545 936
546 15
547 398
548 880
549 109
550 598
551 246
552 25
553 545
554 348
555 430
556 919
557 606
558 61
559 1078
560 994
561 202
562 184
563 389
564 48
565 549
566 296
567 953
568 716
569 456
570 97
571 937
572 320
573 98
574 546
575 882
576 423
577 305
578 439
579 899
580 667
581 391
582 879
583 85
584 96
585 151
586 1086
587 484
588 119
589 432
590 911
591 903
592 979
593 483
594 271
595 197
596 693
597 690
598 553
599 32
600 41
601 384
602 387
603 657
604 117
605 369
606 1031
607 897
608 1010
609 962
610 1005
611 838
612 31
613 474
614 167
615 472
616 587
617 100
618 740
619 735
620 148
621 898
622 756
623 231
624 558
625 264
626 282
627 225
628 238
629 323
630 921
631 970
632 82
633 977
634 608
635 43
636 692
637 605
638 991
639 956
640 34
641 634
642 469
643 1090
644 691
645 276
646 842
647 392
648 849
649 62
650 539
651 214
652 470
653 784
654 235
655 466
656 203
657 572
658 969
659 313
660 788
661 1036
662 223
663 108
664 841
665 293
666 1070
667 89
668 888
669 799
670 976
671 76
672 819
673 176
674 314
675 611
676 744
677 621
678 644
679 562
680 425
681 1048
682 56
683 1051
684 853
685 928
686 107
687 1017
688 395
689 375
690 1029
691 137
692 1113
693 1128
694 73
695 988
696 656
697 890
698 322
699 795
700 528
701 427
702 373
703 252
704 402
705 989
706 930
707 900
708 304
709 833
710 298
711 748
712 595
713 682
714 1067
715 798
716 290
717 495
718 463
719 537
720 243
721 1104
722 642
723 602
724 755
725 55
726 105
727 1027
728 299
729 840
730 482
731 379
732 702
733 910
734 540
735 1091
736 316
737 808
738 1118
739 251
740 640
741 694
742 285
743 274
744 506
745 548
746 255
747 269
748 132
749 696
750 785
751 28
752 619
753 396
754 114
755 502
756 981
757 333
758 924
759 185
760 985
761 344
762 538
763 723
764 570
765 1037
766 343
767 7
768 376
769 737
770 11
771 529
772 514
773 220
774 509
775 1026
776 268
777 1073
778 573
779 1122
780 764
781 858
782 862
783 957
784 771
785 468
786 916
787 1069
788 559
789 171
790 318
791 1
792 180
793 101
794 836
795 946
796 445
797 636
798 638
799 1132
800 118
801 659
802 581
803 932
804 721
805 1074
806 324
807 17
808 476
809 973
810 1080
811 1071
812 825
813 960
814 442
815 1056
816 1125
817 525
818 767
819 832
820 766
821 712
822 21
823 705
824 770
825 267
826 418
827 564
828 577
829 367
830 914
831 51
832 1019
833 759
834 147
835 64
836 511
837 965
838 1124
839 676
840 329
841 978
842 22
843 627
844 912
845 1126
846 455
847 1081
848 187
849 357
850 1012
851 110
852 1121
853 854
854 1062
855 475
856 1040
857 222
858 161
859 504
860 654
861 239
862 233
863 0
864 984
865 390
866 776
867 361
868 144
869 817
870 232
871 283
872 717
873 632
874 554
875 701
876 140
877 307
878 597
879 95
880 53
881 291
882 419
883 479
884 165
885 949
886 507
887 338
888 959
889 697
890 489
891 684
892 113
893 541
894 154
895 485
896 686
897 295
898 352
899 332
900 302
901 421
902 665
903 878
904 550
905 674
906 982
907 629
908 568
909 178
910 750
911 54
912 491
913 588
914 813
915 931
916 263
917 461
918 894
919 749
920 569
921 115
922 861
923 711
924 370
925 1109
926 547
927 192
928 45
929 412
930 5
931 193
932 552
933 689
934 901
935 289
936 600
937 397
938 145
939 309
940 527
941 718
942 517
943 763
944 586
945 915
946 1057
947 130
948 942
949 501
950 955
951 133
952 624
953 783
954 738
955 467
956 779
957 947
958 895
959 1043
960 617
961 152
962 146
963 829
964 848
965 204
966 260
967 804
968 700
969 835
970 593
971 183
972 612
973 751
974 863
975 422
976 1100
977 613
978 436
979 262
980 958
981 286
982 321
983 449
984 250
985 1033
986 816
987 65
988 172
989 10
990 518
991 847
992 486
993 574
994 143
995 812
996 190
997 824
998 1077
999 359
1000 1105
1001 571
1002 437
1003 775
1004 381
1005 374
1006 891
1007 663
1008 135
1009 84
1010 739
1011 607
1012 658
1013 778
1014 623
1015 927
1016 496
1017 826
1018 1082
1019 594
1020 372
1021 787
1022 533
1023 643
1024 120
1025 892
1026 83
1027 1131
1028 380
1029 229
1030 532
1031 920
1032 473
1033 279
1034 325
1035 1096
1036 497
1037 270
1038 351
1039 254
1040 940
1041 551
1042 793
1043 36
1044 968
1045 77
1046 780
1047 1107
1048 450
1049 789
1050 673
1051 563
1052 354
1053 576
1054 869
1055 207
1056 125
1057 505
1058 194
1059 330
1060 201
1061 127
1062 830
1063 471
1064 81
1065 488
1066 560
1067 951
1068 884
1069 328
1070 710
1071 668
1072 938
1073 714
1074 519
1075 71
1076 706
1077 440
1078 628
1079 487
1080 889
1081 420
1082 736
1083 635
1084 524
1085 512
1086 116
1087 860
1088 1020
1089 75
1090 1014
1091 241
1092 926
1093 240
1094 746
1095 871
1096 980
1097 129
1098 641
1099 679
1100 3
1101 905
1102 308
1103 451
1104 1129
1105 166
1106 464
1107 453
1108 346
1109 93
1110 591
1111 393
1112 460
1113 219
1114 399
1115 1076
1116 875
1117 8
1118 720
1119 382
1120 446
1121 265
1122 407
1123 995
1124 416
1125 480
1126 699
1127 52
1128 106
1129 818
1130 992
1131 465
1132 695
