776 711
776 241
776 326
776 603
776 726
776 783
776 635
776 406
776 54
776 1097
776 155
776 516
776 460
776 584
776 986
776 785
776 126
776 745
776 282
776 533
776 81
776 866
776 628
776 872
776 884
776 187
776 426
776 934
776 987
776 137
711 241
711 326
711 726
711 783
711 635
711 406
711 54
711 1097
711 516
711 986
711 126
711 745
711 282
711 81
711 628
711 281
711 469
711 800
711 167
711 196
711 336
711 613
241 326
241 726
241 783
241 635
241 406
241 1097
241 155
241 516
241 986
241 126
241 745
241 282
241 533
241 81
241 866
241 187
241 426
241 800
241 664
241 922
241 781
241 1111
241 897
241 1088
241 583
241 568
241 581
241 1061
241 200
241 797
241 357
241 178
241 514
241 211
241 0
241 1020
326 1097
326 81
326 568
326 497
326 225
326 294
326 480
326 1089
326 127
326 513
326 113
326 317
326 1007
326 880
326 995
326 597
326 33
326 425
326 976
603 726
603 516
603 575
603 779
603 1030
603 518
603 721
603 117
603 337
726 783
726 635
726 516
726 986
726 126
726 81
726 187
726 426
726 800
726 610
726 637
726 64
726 314
726 237
726 523
726 862
726 740
783 406
783 54
783 516
783 584
783 986
783 745
783 81
783 426
783 518
783 580
783 37
783 614
783 852
783 560
783 578
783 123
783 919
783 728
783 340
783 606
783 1000
783 400
635 81
635 426
635 856
635 82
406 54
406 516
406 986
406 533
406 81
406 628
406 987
406 781
406 132
406 408
406 641
406 415
406 128
54 986
54 628
54 987
54 800
54 33
54 285
54 590
54 716
54 484
54 227
54 1107
54 1080
54 1005
54 264
54 487
54 23
54 1084
54 436
54 321
54 760
54 489
54 192
54 7
54 690
54 45
54 464
54 395
1097 126
1097 745
1097 282
1097 81
1097 872
1097 187
1097 583
1097 575
1097 842
1097 457
1097 1104
1097 847
1097 180
1097 144
1097 410
1097 772
155 237
155 965
155 737
155 687
155 429
155 699
155 341
155 832
155 190
155 1082
155 888
155 990
155 551
155 914
155 909
155 874
516 460
516 986
516 126
516 81
516 628
516 426
516 583
516 597
516 518
516 415
516 874
516 837
516 770
516 233
516 100
516 1063
516 305
516 459
460 584
460 986
460 628
460 469
460 800
460 610
460 128
460 716
460 227
460 760
460 489
460 144
460 271
460 786
460 76
460 1072
460 749
460 562
460 80
460 1081
460 262
460 517
460 707
460 561
460 868
460 401
460 26
460 355
460 88
460 1033
460 798
460 153
460 672
584 866
584 469
584 800
584 518
584 578
584 489
584 1081
584 921
584 291
584 906
584 277
584 522
584 582
584 817
584 405
986 628
986 987
986 469
986 800
986 1020
986 721
986 641
986 285
986 760
986 690
986 464
986 232
986 195
986 545
986 886
986 572
986 778
986 775
986 311
986 642
986 273
986 650
986 1123
986 1108
986 369
986 378
986 585
986 253
986 808
986 626
986 571
986 319
986 915
986 333
986 362
986 345
986 475
986 918
986 620
986 161
986 801
986 841
785 628
785 800
785 1005
785 486
785 807
785 889
126 745
126 533
126 81
126 866
126 872
126 884
126 187
126 613
126 664
126 660
126 404
126 108
745 282
745 187
745 613
745 781
745 33
745 64
745 862
745 436
745 410
745 906
745 634
745 97
745 146
745 680
745 439
745 498
745 681
745 678
745 722
745 343
745 138
745 708
282 81
282 781
282 797
282 637
282 415
282 108
282 439
282 472
282 112
282 454
282 554
533 866
533 872
533 664
533 922
533 781
533 568
533 581
533 797
533 211
533 0
533 294
533 852
533 132
533 408
533 641
533 128
533 100
533 378
533 626
533 333
533 486
533 138
533 530
533 1021
533 1028
533 727
533 474
533 77
533 954
533 444
533 531
533 661
533 691
533 133
533 372
533 1014
533 330
533 106
533 118
81 187
81 281
81 613
866 872
866 613
866 664
866 1111
866 897
866 1088
866 583
866 568
866 797
866 211
866 610
866 340
866 847
866 180
866 699
866 672
866 572
866 1123
866 404
866 97
866 708
866 1021
866 691
866 694
866 863
866 315
866 761
866 598
866 601
866 421
866 659
866 1128
866 218
866 961
866 618
866 895
866 823
866 179
866 791
866 130
866 1043
866 766
866 473
866 843
866 998
866 492
628 987
628 469
628 800
628 225
628 33
628 285
628 590
628 716
628 227
628 1005
628 264
628 1084
628 436
628 962
628 489
628 80
628 1081
628 868
628 26
628 672
628 863
628 59
628 375
628 266
628 592
628 1070
628 14
628 855
628 1001
628 479
628 165
628 228
628 249
872 884
872 664
872 480
872 127
872 7
872 404
872 343
872 761
872 266
872 462
872 21
872 548
872 928
872 170
872 148
187 613
187 33
187 862
187 919
187 906
187 97
187 680
187 681
187 343
187 823
187 224
187 821
187 539
187 1129
426 800
426 672
426 439
426 766
426 1121
426 140
934 1082
934 348
934 693
934 948
934 307
934 945
934 208
934 239
987 800
987 200
987 88
987 545
987 572
987 642
987 273
987 571
987 918
987 688
987 432
987 387
987 1091
987 116
987 312
987 342
987 1054
987 625
987 924
987 970
987 471
137 583
137 211
137 408
137 100
137 650
137 472
137 530
137 954
137 330
137 1125
137 873
137 86
137 734
137 744
137 718
137 204
137 147
137 1090
137 898
137 272
137 169
281 1050
469 800
469 436
469 262
800 0
800 33
800 285
800 672
800 1121
800 284
800 673
613 357
613 146
613 439
613 722
613 472
613 661
613 1128
613 823
613 873
613 864
613 346
613 535
613 748
613 1130
613 356
613 953
613 969
613 544
613 764
664 781
664 1111
664 897
664 583
664 568
664 797
664 178
664 641
664 128
664 404
664 708
664 530
664 1021
664 77
664 761
664 307
664 945
664 734
664 184
664 751
664 442
664 263
664 732
922 1111
922 568
922 581
922 200
922 211
922 0
922 1020
922 225
922 641
922 100
922 1123
922 421
922 479
922 147
922 184
922 751
922 697
922 248
922 458
922 777
922 967
922 501
922 834
922 1074
922 840
781 568
781 581
781 1061
781 797
781 357
781 211
781 127
781 740
781 123
781 132
781 415
781 847
781 180
781 405
781 545
781 626
781 681
781 343
781 530
781 1021
781 1028
781 77
781 106
781 694
781 1128
781 734
781 718
781 764
781 184
781 751
781 732
781 991
781 18
781 602
781 890
781 1024
781 604
781 270
781 1073
781 830
781 251
781 438
781 891
1111 1088
1111 583
1111 797
1111 237
1111 408
1111 641
1111 847
1111 100
1111 530
1111 218
1111 148
1111 945
1111 734
1111 744
1111 204
1111 1090
1111 898
1111 184
1111 751
1111 442
1111 1024
1111 438
1111 49
1111 1003
1111 338
1111 213
1111 280
1111 989
1111 177
1111 279
1111 901
1111 402
1111 710
1111 665
1111 828
1111 219
1111 47
1111 1069
1111 358
1111 558
1111 1009
1111 1031
1111 366
1111 198
1111 56
1111 201
897 568
897 97
897 708
897 659
897 1085
1088 178
1088 180
1088 734
1088 1050
1088 213
1088 177
1088 143
1088 1034
1088 1066
1088 485
1088 243
1088 142
1088 434
1088 325
1088 13
583 797
583 211
583 575
583 1104
583 405
583 404
583 954
583 330
583 744
583 356
583 751
583 777
583 1009
583 1004
583 75
583 379
583 644
583 504
583 996
583 36
583 930
583 869
583 769
583 1095
568 1061
568 178
568 497
568 225
568 294
568 127
568 113
568 1007
568 995
568 597
568 425
568 976
568 637
568 472
568 1021
568 843
568 969
568 184
568 604
568 1009
568 13
568 894
568 994
568 328
568 156
568 197
568 1042
568 476
581 408
581 1090
581 528
1061 249
1061 734
1061 840
1061 799
200 211
200 0
200 1020
200 518
200 337
200 560
200 641
200 264
200 45
200 418
200 273
200 650
200 378
200 915
200 472
200 659
200 895
200 479
200 148
200 688
200 116
200 312
200 625
200 970
200 471
200 864
200 458
200 967
200 710
200 1086
200 1002
200 98
200 377
200 683
200 792
200 234
200 119
797 178
797 637
797 405
797 108
797 472
797 530
797 330
797 218
797 945
797 1054
797 744
797 898
797 184
797 840
797 991
797 201
797 695
797 1027
357 211
357 1020
357 641
357 372
357 659
357 130
357 898
357 169
357 764
357 1074
357 991
357 825
357 1127
357 867
357 537
357 215
357 796
357 222
178 637
178 45
178 1104
178 180
178 190
178 100
178 672
178 108
178 472
178 727
178 661
178 659
178 266
178 239
178 744
178 204
178 169
178 969
178 777
178 834
178 840
178 198
178 325
178 877
178 1076
178 615
178 925
178 381
178 1079
178 532
178 289
178 819
178 306
514 976
211 518
211 740
211 489
211 921
211 418
211 277
211 582
211 405
211 421
211 239
211 1125
211 86
211 744
211 535
211 184
211 438
211 615
211 755
211 857
211 65
211 547
211 398
211 631
0 1020
0 641
0 45
0 273
0 330
0 688
0 1054
0 248
0 502
0 420
1020 721
1020 641
1020 45
1020 1104
1020 545
1020 572
1020 273
1020 650
1020 585
1020 626
1020 319
1020 915
1020 333
1020 954
1020 1070
1020 479
1020 970
1020 734
1020 204
1020 248
1020 501
1020 710
1020 828
1020 98
1020 30
1020 992
1020 881
1020 441
1020 1040
497 225
497 294
497 127
497 113
497 317
497 1007
497 597
497 976
497 146
497 843
497 604
497 996
497 894
497 1118
497 66
497 703
497 793
497 723
497 85
497 658
497 730
497 929
497 39
497 175
497 52
497 1113
225 294
225 127
225 113
225 1007
225 880
225 597
225 976
225 128
225 227
225 489
225 232
225 378
225 691
225 843
225 375
225 969
225 604
225 219
225 894
225 683
225 958
225 980
225 739
225 324
225 586
225 553
225 48
294 127
294 113
294 1007
294 597
294 425
294 976
294 133
294 843
294 894
294 197
294 477
294 742
294 646
294 927
480 175
1089 113
1089 995
1089 457
1089 554
1089 30
1089 175
1089 437
1089 639
1089 820
127 513
127 113
127 1007
127 880
127 425
127 976
127 737
127 832
127 551
127 1123
127 601
127 1050
127 890
127 604
127 66
127 999
127 565
127 647
513 425
513 551
513 994
513 66
513 935
513 380
513 972
513 1060
113 317
113 995
113 597
113 976
113 614
113 843
113 929
113 175
113 935
113 235
317 995
317 614
317 843
317 197
317 1118
317 66
317 703
317 658
317 929
317 175
317 235
317 762
317 993
317 83
317 731
1007 597
1007 425
1007 976
1007 843
1007 239
1007 991
1007 894
1007 391
880 343
880 843
880 375
880 197
880 175
880 719
880 739
880 67
880 193
880 3
995 597
995 614
995 843
995 604
995 197
995 30
995 175
995 437
995 235
995 762
995 79
597 976
597 614
597 620
597 356
597 777
597 894
597 476
597 1027
597 398
597 437
597 935
597 1060
597 55
597 536
597 382
597 293
597 907
597 245
597 899
597 871
597 875
33 64
33 285
33 487
33 262
33 517
33 672
33 439
33 138
33 766
33 873
33 751
33 1027
33 324
33 48
33 746
33 815
33 519
425 847
425 439
425 994
425 156
425 972
425 762
425 814
976 737
976 421
976 843
976 59
976 272
976 969
976 764
976 442
976 18
976 604
976 600
976 869
976 894
976 925
976 437
976 380
976 235
976 762
976 423
976 353
976 649
976 822
976 1048
976 255
976 125
976 110
976 1077
575 37
575 1104
575 106
575 1128
575 830
575 438
575 325
575 996
575 930
575 867
575 631
575 871
575 655
575 836
575 803
575 950
575 767
575 500
779 856
779 45
779 847
779 906
779 545
779 572
779 378
779 439
779 661
779 266
779 398
779 565
779 647
779 520
779 1032
779 422
779 916
779 662
779 158
779 865
1030 888
1030 909
1030 601
1030 184
1030 502
1030 738
1030 599
1030 1103
1030 701
1030 63
1030 947
518 610
518 237
518 641
518 487
518 1084
518 489
518 1082
518 551
518 921
518 418
518 906
518 277
518 582
518 817
518 439
518 601
518 659
518 239
518 1050
518 544
518 600
518 755
518 398
518 631
518 662
518 152
518 159
518 782
518 923
518 150
518 754
518 91
518 892
518 669
518 205
518 443
721 1082
721 572
721 342
721 996
721 511
117 1107
117 436
117 962
117 271
117 786
117 26
117 153
117 778
117 744
117 388
337 641
337 45
337 1104
337 144
337 273
337 312
337 147
337 1031
337 352
610 523
610 641
610 264
610 436
610 690
610 271
610 26
610 291
610 545
610 659
610 895
610 458
610 1031
610 366
610 978
610 1
610 985
610 640
610 667
610 364
610 629
610 621
637 123
637 847
637 770
637 1108
637 108
637 472
637 454
637 106
637 1121
637 744
637 1085
637 877
637 615
637 819
637 158
637 456
637 185
637 552
637 5
64 123
64 1107
64 26
64 798
64 672
64 273
64 439
64 498
64 722
64 659
64 823
64 791
64 928
64 539
64 1003
64 1085
64 819
64 79
64 5
64 850
314 699
314 138
314 454
314 901
314 851
237 737
237 687
237 699
237 190
237 551
237 909
237 874
237 734
237 184
237 443
237 114
523 45
523 395
523 195
523 775
523 369
523 319
523 362
523 620
523 841
523 855
523 970
523 471
523 558
523 366
523 3
523 546
523 908
523 173
523 92
523 771
862 123
862 919
862 438
862 156
862 615
862 607
862 256
740 847
740 921
740 150
580 560
580 195
580 775
580 1108
580 620
580 330
580 3
580 173
580 903
580 495
580 44
37 578
37 615
37 65
37 698
37 622
37 765
614 843
614 59
614 600
614 894
614 994
614 197
614 175
614 380
614 235
614 622
614 765
614 109
614 593
614 467
614 747
614 587
852 439
852 133
852 659
852 18
852 1027
852 729
852 259
852 120
852 361
852 736
560 100
560 273
560 330
560 492
560 511
560 451
560 1010
560 1051
560 663
560 1120
578 23
578 582
578 405
578 615
578 547
578 698
578 622
578 975
578 254
578 465
578 470
578 971
578 50
578 861
578 910
578 566
123 1000
123 842
123 410
123 146
123 439
123 722
123 472
123 598
123 969
123 830
123 1079
123 754
123 607
123 256
123 593
123 384
123 608
123 202
123 1022
919 615
919 202
728 400
728 830
728 1079
728 587
728 259
728 879
606 256
606 861
606 40
606 206
1000 180
1000 582
1000 698
400 256
856 45
856 457
856 572
856 761
856 218
856 201
856 502
856 158
856 364
856 668
856 292
82 272
82 602
132 1021
132 361
132 162
408 641
408 45
408 180
408 837
408 273
408 918
408 970
408 744
408 201
408 639
408 521
641 264
641 45
641 464
641 921
641 572
641 775
641 642
641 273
641 650
641 1123
641 1108
641 369
641 378
641 626
641 915
641 333
641 345
641 475
641 918
641 404
641 678
641 954
641 330
641 895
641 492
641 855
641 1129
641 116
641 86
641 744
641 204
641 458
641 438
641 710
641 1031
641 13
641 996
641 98
641 683
641 1127
641 502
641 881
641 999
641 803
641 1
641 771
641 31
641 297
641 759
641 768
641 1106
641 839
641 468
641 556
641 136
641 714
641 942
415 847
415 410
415 421
415 272
415 732
415 665
415 1004
415 1095
415 877
415 532
415 631
415 1048
415 5
415 267
415 885
415 809
415 212
415 392
415 666
415 435
415 70
415 632
415 334
415 191
415 182
415 300
128 45
128 672
128 572
128 642
128 378
128 475
128 444
128 863
128 8
128 904
128 417
285 436
285 249
716 487
716 1084
716 489
716 672
716 519
716 91
716 725
227 1080
227 436
227 76
227 749
227 80
227 1081
227 517
227 1033
227 153
227 218
227 766
227 744
227 751
227 46
227 199
1107 436
1107 489
1107 847
1107 786
1107 76
1107 1081
1107 26
1107 153
1107 519
1107 430
1080 487
1080 1033
1080 91
1080 725
1005 807
1005 889
1005 691
1005 266
1005 840
1005 615
1005 417
1005 1008
1005 957
1005 1062
264 690
264 45
264 545
264 775
264 273
264 1108
264 369
264 378
264 626
264 915
264 333
264 362
264 659
264 895
264 1070
264 821
264 1129
264 864
264 710
264 1086
264 683
264 1127
264 502
264 30
264 908
264 297
264 556
264 1126
264 1122
264 595
264 229
264 795
264 557
487 1084
487 436
487 489
487 1104
487 180
487 271
487 80
487 418
487 519
487 91
487 790
23 369
23 234
23 420
23 193
23 566
23 174
1084 489
1084 262
1084 91
1084 725
436 271
436 749
436 562
436 1081
436 262
436 517
436 561
436 868
436 26
436 88
436 1033
436 153
436 672
436 439
436 1016
436 734
436 519
436 159
436 91
436 725
436 858
962 76
962 749
962 562
962 1081
962 262
962 561
962 868
962 88
962 159
321 444
321 266
321 14
321 1125
321 86
321 751
321 156
321 655
321 803
321 505
321 515
321 810
321 643
489 26
489 921
489 865
489 91
489 1093
489 648
192 410
192 672
192 691
192 266
192 1125
192 840
192 156
192 567
192 203
192 525
7 174
690 311
690 253
690 620
690 895
690 1127
690 173
690 468
690 556
690 136
690 675
690 780
45 410
45 672
45 545
45 572
45 273
45 378
45 585
45 475
45 146
45 454
45 895
45 1070
45 479
45 148
45 821
45 116
45 1054
45 625
45 156
45 1086
45 683
45 795
45 278
464 642
464 688
464 31
464 759
395 545
395 369
395 970
395 366
395 98
395 502
395 430
395 705
395 700
842 847
842 180
842 410
842 770
842 498
842 1016
842 873
842 819
842 658
842 649
842 456
842 729
842 361
842 1122
842 149
842 926
842 124
842 304
842 653
457 554
457 330
457 307
457 86
457 30
457 639
457 767
457 1010
457 292
1104 847
1104 915
1104 498
1104 843
1104 1127
1104 1118
1104 782
847 180
847 737
847 770
847 404
847 708
847 661
847 945
847 898
847 969
847 991
847 1024
847 251
847 644
847 825
847 537
847 658
847 1113
847 185
847 467
847 191
847 648
847 24
847 964
847 327
847 946
847 9
180 888
180 770
180 291
180 572
180 404
180 693
180 734
180 169
180 840
180 279
180 47
180 358
180 1042
180 1079
180 631
180 85
180 565
180 293
180 803
180 754
180 185
180 256
180 593
180 203
180 407
180 654
180 15
180 538
180 354
180 490
144 915
144 170
144 307
144 814
144 782
144 352
144 259
144 790
144 399
144 1075
144 104
410 772
410 672
410 333
410 97
410 439
410 343
410 138
410 454
410 659
410 116
410 734
410 777
410 830
410 325
410 996
410 695
410 877
410 615
410 289
410 79
410 158
410 456
410 5
410 334
410 654
772 97
772 708
965 190
965 1082
737 429
737 699
737 832
737 190
737 1082
737 888
737 990
737 551
737 909
737 601
737 21
737 548
737 948
737 307
737 945
737 1125
737 734
737 744
737 356
737 184
737 600
737 565
737 647
737 443
737 136
737 250
737 912
737 265
737 878
687 429
687 190
687 909
687 184
687 250
429 699
429 190
429 1082
429 888
429 551
429 909
429 307
429 734
429 184
429 751
429 201
429 695
429 565
429 1
429 114
429 136
429 389
429 217
699 190
699 1082
699 138
699 179
699 21
699 734
699 1003
699 600
699 243
699 142
699 325
699 565
699 851
699 114
699 1022
699 389
699 431
699 295
699 246
699 95
699 414
699 351
699 846
341 501
341 279
341 701
341 247
341 508
341 917
832 190
832 551
832 909
832 418
832 722
832 472
832 601
832 86
832 184
832 890
832 1024
832 75
832 443
832 1018
832 350
190 1082
190 888
190 990
190 551
190 909
190 418
190 634
190 138
190 239
190 734
190 184
190 777
190 890
190 328
190 647
190 443
190 816
1082 551
1082 909
1082 921
1082 138
1082 945
1082 184
1082 600
1082 380
1082 443
1082 912
1082 411
1082 684
888 909
888 378
888 501
888 438
888 443
888 250
990 551
990 909
990 418
990 601
990 890
990 647
990 443
990 567
990 265
990 816
551 909
551 921
551 472
551 454
551 184
551 201
551 125
551 443
551 1
914 472
909 418
909 454
909 601
909 548
909 890
909 599
909 701
909 443
909 389
909 1018
909 816
909 684
909 543
909 12
909 58
874 442
874 600
874 434
874 851
874 114
874 702
874 574
874 449
874 290
874 463
874 506
837 918
770 722
770 864
770 535
770 777
770 1073
770 251
770 438
770 1004
770 644
770 825
770 456
770 185
770 1122
233 421
233 659
233 334
233 515
233 124
100 1021
100 734
100 744
100 204
100 1039
1063 921
1063 665
1063 1069
1063 136
1063 632
1063 413
1063 269
1063 122
1063 652
1063 570
1063 57
305 799
305 689
459 844
459 2
459 674
271 921
271 418
271 817
271 621
786 26
786 572
786 778
786 775
786 1016
786 970
786 366
786 621
786 700
76 312
76 969
76 980
76 1022
76 974
1072 749
1072 80
1072 1081
1072 320
1072 218
1072 312
749 562
749 80
749 1081
749 561
749 868
749 138
749 1016
749 159
562 1081
562 88
562 672
562 458
562 324
80 722
80 519
1081 722
1081 312
1081 519
1081 159
1081 648
517 719
707 639
707 621
561 1016
561 159
26 153
26 672
26 572
26 778
26 775
26 161
26 970
26 710
26 621
26 573
355 672
355 621
88 554
1033 766
1033 725
153 778
153 945
153 864
153 520
672 146
672 498
672 722
672 472
672 791
672 266
672 1001
672 249
672 519
672 159
672 62
672 107
921 418
921 277
921 582
921 817
921 405
921 1050
921 697
921 840
921 1003
921 280
921 219
921 422
921 923
921 150
921 698
921 765
921 971
921 149
921 490
921 217
921 295
921 835
921 96
921 806
291 418
291 582
291 405
291 378
291 659
291 205
291 985
418 817
418 601
418 548
418 1125
418 86
418 184
418 501
418 890
418 402
418 75
418 701
418 91
418 443
418 1
418 350
418 58
418 288
906 13
906 156
906 520
906 640
906 622
906 292
906 162
906 654
906 318
277 600
277 398
277 150
277 850
277 806
522 925
522 631
522 152
522 1
522 5
522 214
522 70
522 191
522 940
522 27
522 609
522 433
582 405
582 615
582 65
582 1
582 698
582 254
582 465
582 692
582 172
817 923
817 150
817 443
405 239
405 615
405 65
405 254
232 378
232 807
232 727
232 592
232 342
232 1127
232 999
232 705
232 896
232 220
195 572
195 1108
195 319
195 362
195 620
195 841
195 471
195 458
195 967
195 366
195 1127
195 3
195 546
195 173
195 903
195 495
195 44
195 896
545 572
545 1108
545 626
545 863
545 479
545 688
545 625
545 458
545 710
545 1031
545 683
545 136
545 24
545 238
886 691
886 980
886 199
886 1062
886 481
572 778
572 273
572 1108
572 585
572 626
572 319
572 333
572 918
572 161
572 722
572 863
572 659
572 895
572 1070
572 688
572 970
572 744
572 458
572 501
572 710
572 683
572 1127
572 881
572 441
572 903
572 595
572 648
572 675
572 238
572 483
572 824
572 713
778 1108
778 319
778 161
778 1070
778 970
778 710
778 824
778 455
775 1108
775 369
775 378
775 585
775 319
775 362
775 620
775 841
775 970
775 366
775 234
775 993
775 621
775 173
775 566
775 297
775 468
775 675
775 705
775 896
775 824
775 87
311 362
311 345
311 918
311 801
311 375
311 1070
311 967
311 136
311 515
311 431
311 824
311 1114
311 1112
311 349
642 369
642 620
642 330
642 218
642 492
642 744
642 30
642 803
642 771
642 1010
642 31
642 297
642 759
642 1106
642 839
642 468
642 567
642 1132
642 339
273 650
273 378
273 918
273 439
273 1014
273 895
273 855
273 479
273 625
273 204
273 147
273 458
273 377
273 1040
273 714
650 333
650 954
650 1014
650 116
650 204
650 1130
650 1009
650 1040
650 185
1123 378
1123 863
1123 855
1123 342
1123 734
1123 890
1123 75
1123 999
1123 443
1123 577
1108 369
1108 585
1108 808
1108 626
1108 571
1108 915
1108 333
1108 345
1108 475
1108 918
1108 439
1108 954
1108 863
1108 961
1108 895
1108 855
1108 479
1108 471
1108 204
1108 458
1108 438
1108 710
1108 377
1108 881
1108 999
1108 173
1108 750
1108 549
369 585
369 253
369 626
369 571
369 319
369 362
369 345
369 475
369 620
369 841
369 895
369 1070
369 855
369 147
369 710
369 366
369 1127
369 173
369 556
369 705
369 87
369 623
378 626
378 915
378 333
378 362
378 841
378 863
378 312
378 970
378 458
378 1031
378 683
378 1127
378 675
585 319
585 915
585 345
585 970
585 501
585 710
585 441
585 566
585 705
253 319
253 620
253 895
253 673
253 1127
253 502
253 771
253 556
253 623
808 362
808 918
808 201
808 771
626 333
626 439
626 895
626 312
626 458
626 1031
626 201
626 1095
626 683
626 1127
626 297
626 430
626 1126
626 705
571 319
571 362
571 620
571 1070
571 366
571 1
571 795
571 705
571 713
571 623
319 915
319 362
319 345
319 620
319 841
319 970
319 471
319 366
319 234
319 881
319 63
319 705
319 623
319 373
319 17
319 78
915 492
915 375
915 1129
915 501
915 1074
915 98
915 881
915 1040
915 1122
915 373
915 296
915 29
333 454
333 863
333 895
333 479
333 458
333 156
333 377
333 999
333 714
333 810
333 567
362 345
362 918
362 620
362 801
362 841
362 1070
362 967
362 366
362 3
362 546
362 173
362 297
362 705
362 824
362 349
345 918
345 620
345 801
345 1070
345 683
345 903
345 297
345 780
345 824
345 349
345 524
475 801
475 454
475 479
475 639
475 803
475 896
475 17
918 895
918 204
918 967
918 683
918 519
918 1
918 903
918 566
918 521
918 824
918 563
620 841
620 1070
620 366
620 881
620 546
620 92
620 714
620 567
620 675
620 780
620 705
620 431
620 750
620 623
620 685
620 920
161 710
161 982
801 1070
801 967
801 865
801 903
801 468
801 824
801 349
841 546
841 173
841 58
841 979
841 955
486 48
486 520
486 595
486 28
807 751
807 48
807 957
807 1062
807 645
889 645
660 871
404 1054
404 991
404 438
404 243
404 3
404 519
404 1
404 1102
108 472
108 218
108 945
108 169
108 1009
108 201
108 1044
634 615
97 439
97 138
97 708
97 462
97 695
97 120
97 896
97 973
146 708
146 454
146 661
146 718
146 535
146 101
439 681
439 343
439 138
439 708
439 454
439 661
439 691
439 843
439 821
439 539
439 438
439 683
439 1027
439 423
439 456
439 851
439 467
439 1022
439 70
439 567
439 654
439 1099
439 11
439 735
439 594
439 941
439 555
498 830
498 686
681 372
681 821
681 1004
681 877
681 532
681 110
681 754
681 334
681 309
722 659
722 821
722 239
722 169
722 751
722 1027
722 65
722 999
722 519
722 456
722 470
722 608
722 1022
722 124
722 24
722 327
722 724
722 102
722 89
722 882
343 328
343 867
343 1076
343 819
343 1113
343 83
343 134
343 9
343 743
343 605
138 454
138 539
138 873
138 799
138 565
138 851
138 114
138 11
138 735
138 210
708 727
708 539
708 1085
708 792
708 695
708 1027
708 220
708 1058
472 454
472 659
472 239
472 169
472 840
472 828
472 1004
472 877
472 381
472 398
472 1118
472 39
472 456
472 5
472 787
112 644
112 1
112 424
454 148
454 734
454 604
454 600
454 1042
454 877
454 565
454 5
454 114
454 1022
454 1058
454 499
454 1056
454 166
554 438
554 30
554 639
554 299
530 1021
530 727
530 77
530 204
530 184
1021 77
1021 777
1021 1009
1021 456
727 86
727 891
727 828
727 695
727 993
727 865
727 896
727 973
727 310
727 176
474 539
77 444
77 492
77 840
77 156
77 515
77 124
954 1014
954 86
954 744
954 204
954 996
954 98
954 757
444 539
444 116
444 528
444 654
661 330
661 659
661 718
661 898
661 535
661 456
661 1122
661 101
691 791
691 266
691 744
691 751
691 840
691 980
691 525
691 911
691 579
691 1071
691 322
133 659
133 927
133 259
133 361
133 435
133 399
133 940
133 287
133 1083
133 677
372 239
372 184
372 18
372 869
372 532
372 754
372 70
372 301
1014 1130
330 479
330 821
330 744
330 996
330 881
330 8
330 430
106 644
106 532
106 104
106 57
106 1055
106 854
694 991
694 251
863 592
863 1127
863 999
315 867
315 134
315 1057
315 704
761 961
761 492
761 1129
761 1015
598 830
598 256
601 548
601 1050
601 999
601 738
601 599
601 443
601 407
601 250
601 230
601 38
421 239
421 169
421 184
421 732
421 777
421 834
421 991
421 18
421 1069
421 1004
421 1095
421 877
421 754
421 392
421 435
421 191
421 288
421 183
659 5
659 361
659 926
659 124
659 654
659 316
659 534
1128 969
1128 438
1128 1009
1128 456
1128 1120
1128 202
1128 941
1128 555
1128 499
1128 274
1128 453
218 945
218 744
218 751
218 442
218 1024
218 828
218 558
218 799
218 413
218 911
218 244
218 712
218 216
618 751
618 639
618 643
618 627
895 970
895 338
895 710
895 98
895 683
895 1127
895 30
895 908
895 173
895 675
895 559
823 1043
823 764
823 438
823 1004
823 222
823 532
823 818
179 21
179 744
179 901
179 219
179 325
179 13
179 532
179 114
179 689
179 244
179 482
179 564
791 342
791 525
791 242
130 158
130 134
130 605
130 1057
130 887
130 240
130 956
130 445
130 157
1043 1024
1043 1004
1043 379
1043 222
1043 754
1043 256
1043 214
1043 1036
766 1024
766 828
766 519
766 199
766 525
473 272
843 894
843 994
843 197
843 1027
843 175
843 235
998 751
998 48
492 1125
492 219
492 996
492 156
492 799
492 1077
492 655
492 114
492 505
492 431
492 414
59 175
59 437
59 935
59 972
59 125
375 1070
266 228
266 535
266 840
266 980
266 782
266 322
266 619
266 1119
266 370
266 111
266 43
266 131
266 73
1070 970
1070 366
1070 621
1070 713
1070 349
14 751
14 48
14 417
14 199
14 203
14 525
14 579
14 1071
14 624
855 312
855 147
855 1127
855 767
855 546
855 431
479 13
479 87
228 48
228 370
249 1121
249 207
1016 234
1016 621
1016 700
1016 43
1016 121
462 156
462 695
462 851
462 365
462 720
21 239
21 734
21 744
21 177
21 402
21 219
21 600
21 558
21 485
21 243
21 156
21 1042
21 799
21 565
21 1077
21 916
21 669
21 851
21 431
21 295
21 414
21 351
21 689
21 339
21 720
21 450
21 347
21 1045
21 494
548 890
548 828
548 13
548 803
548 443
548 810
928 86
928 730
928 1057
928 704
170 1099
148 312
148 1050
148 49
148 1003
148 338
148 213
148 280
148 989
148 177
148 279
148 219
148 683
148 502
148 679
148 633
148 753
148 409
148 1096
148 452
148 99
224 1125
224 283
821 1129
821 1121
821 873
821 219
821 377
821 79
821 1126
821 414
539 693
539 515
539 1039
539 252
539 1078
539 461
1129 1086
1129 377
1129 188
1121 272
1121 732
1121 438
1121 1095
1121 877
1121 381
1121 532
1121 423
1121 110
1121 422
1121 666
1121 573
1121 686
1121 301
1121 207
140 325
140 723
348 693
348 948
348 1011
348 1098
693 948
693 945
693 1125
693 1078
948 1125
948 865
948 712
948 93
948 758
948 396
948 859
948 16
307 208
307 953
307 438
307 358
307 201
307 1079
307 15
307 104
307 96
307 78
307 231
307 34
307 427
945 377
945 398
945 382
945 899
945 1103
945 1011
945 236
208 1130
208 600
208 1079
208 502
208 729
208 15
208 78
239 272
239 356
239 184
239 732
239 991
239 438
239 485
239 1004
239 48
239 391
239 519
239 152
239 334
239 327
239 787
239 811
239 1035
688 116
688 312
688 903
688 824
387 53
1091 116
1091 342
1091 924
1091 193
1091 278
116 312
116 342
116 1054
116 625
116 967
116 156
116 1086
116 119
116 567
116 278
116 363
312 625
312 147
312 710
312 1031
312 377
312 683
312 119
312 1127
312 754
312 53
312 446
342 924
342 521
342 278
1054 625
1054 1024
1054 8
625 471
625 967
924 566
924 557
924 540
970 710
970 366
970 1
970 621
970 546
970 92
970 566
970 824
471 967
1125 86
1125 734
1125 744
1125 204
1125 751
1125 280
1125 1004
1125 996
1125 528
1125 1077
1125 655
1125 1008
873 1073
873 438
873 456
873 654
873 207
873 394
86 744
86 147
86 272
86 280
86 996
86 869
86 528
86 655
86 134
86 896
86 787
734 1003
734 213
734 177
734 402
734 219
734 600
734 1034
734 434
734 1042
734 799
734 565
734 655
734 114
734 217
734 351
734 1096
734 99
734 758
734 19
744 204
744 147
744 1090
744 501
744 1024
744 1003
744 280
744 710
744 243
744 996
744 799
744 1079
744 398
744 30
744 980
744 83
744 519
744 655
744 803
744 1103
744 134
744 511
744 31
744 666
744 702
744 216
744 445
744 596
744 397
718 184
718 991
718 830
718 1079
718 160
718 259
718 879
718 101
718 181
718 32
718 937
204 996
204 519
204 655
204 714
204 913
147 420
147 1120
147 16
1090 442
1090 213
1090 485
1090 528
1090 502
1090 999
1090 481
1090 371
898 184
898 156
898 552
898 622
898 292
898 632
272 169
272 864
272 184
272 991
272 39
272 803
272 158
272 782
272 352
272 573
272 752
272 932
272 368
272 509
272 1094
169 184
169 777
169 834
169 666
169 573
169 854
169 22
169 630
1050 263
1050 501
1050 890
1050 49
1050 338
1050 280
1050 989
1050 402
1050 219
1050 325
1050 75
1050 993
1050 669
1050 443
1050 1
1050 350
1050 720
1050 679
1050 633
1050 753
1050 409
1050 550
1050 16
1050 1017
1050 189
1050 952
284 207
673 1031
673 1127
673 705
864 1004
864 398
864 980
864 110
864 520
864 134
864 754
864 70
864 1122
864 756
346 953
535 991
535 1073
535 1009
535 644
535 422
748 442
748 851
748 702
748 290
748 506
748 491
748 35
748 827
748 1105
748 323
748 331
748 448
1130 825
1130 456
1130 729
356 777
356 382
356 359
953 1074
953 654
953 1064
953 507
969 991
969 158
969 202
969 515
969 24
969 246
969 499
969 301
969 445
544 925
544 631
544 152
544 5
544 214
544 212
544 70
544 940
544 1115
544 1131
544 1047
764 828
764 639
764 1048
764 754
764 1
764 1083
764 741
184 442
184 732
184 834
184 991
184 890
184 1009
184 1004
184 647
184 443
184 912
184 288
184 244
184 932
184 845
751 442
751 263
751 840
751 828
751 198
751 75
751 502
751 980
751 48
751 639
751 519
751 8
751 417
751 199
751 648
751 203
751 525
751 1071
751 1119
751 853
751 977
751 428
751 1116
442 402
442 828
442 1034
442 243
442 13
442 502
442 30
442 655
442 916
442 185
442 851
442 114
442 217
442 431
442 574
442 449
442 463
442 413
442 758
442 331
442 448
442 367
442 773
263 213
263 75
263 679
263 753
263 550
732 18
732 438
732 1095
732 877
732 391
732 500
732 327
732 413
732 940
732 596
732 812
697 55
697 654
697 96
248 458
248 881
458 1031
458 1002
458 296
777 476
777 398
777 382
777 836
777 221
967 234
967 349
501 881
834 18
834 288
834 741
834 812
840 502
840 30
840 48
840 519
840 430
840 1062
840 515
840 810
840 203
840 1071
840 73
840 164
840 103
840 386
991 18
991 1024
991 828
991 1004
991 70
991 818
991 616
991 1047
991 812
18 877
18 985
18 741
602 1069
602 379
602 747
602 1036
890 75
890 999
890 350
1024 438
1024 631
1024 1048
1024 351
604 156
604 653
1073 665
830 438
830 358
830 56
830 379
830 36
830 156
830 615
830 1079
830 593
830 160
830 587
830 259
830 384
830 879
830 917
830 1036
830 936
830 802
830 51
830 94
830 1052
251 156
251 825
251 456
251 121
251 90
251 419
438 402
438 710
438 665
438 325
438 615
438 631
438 456
438 5
438 556
438 632
438 334
438 538
438 413
438 652
438 335
438 1053
891 435
891 973
891 310
49 1003
49 338
49 989
49 279
49 1114
49 1025
1003 338
1003 213
1003 280
1003 989
1003 177
1003 279
1003 219
1003 325
1003 565
1003 916
1003 114
1003 351
1003 1114
1003 633
1003 409
338 213
338 280
338 989
338 177
338 279
338 1
338 908
338 1114
338 633
338 1017
338 966
213 280
213 177
213 279
213 565
213 720
280 989
280 177
280 279
280 219
280 1034
280 485
280 655
280 1
280 1114
280 296
280 753
280 409
280 550
280 952
989 177
989 279
989 219
989 295
989 1114
989 633
989 550
177 279
177 565
177 351
279 114
279 952
901 600
901 201
901 114
901 310
901 244
901 633
901 428
402 600
402 243
402 325
402 1042
402 799
402 1077
402 916
402 669
402 1022
402 217
402 295
402 414
402 689
402 339
402 973
402 720
402 450
402 1045
402 494
402 163
710 1127
710 621
710 431
710 713
710 349
710 982
665 644
665 532
665 392
665 122
665 757
665 287
665 1117
828 1048
828 854
828 1011
828 1047
828 1023
219 683
219 695
219 565
219 351
219 409
219 1096
219 452
219 99
219 19
219 1025
219 805
219 286
219 61
1069 632
1069 122
1069 652
1069 288
1069 854
1069 617
600 243
600 434
600 799
600 398
600 565
600 1077
600 916
600 669
600 217
600 702
600 449
600 463
600 506
600 689
600 633
600 409
600 1105
600 323
600 428
600 883
600 60
358 36
358 1079
358 502
558 689
558 827
558 428
558 1025
1009 205
1009 926
1009 287
1009 367
1031 511
1031 667
366 1002
366 234
366 621
366 705
366 700
366 524
366 982
366 963
198 799
198 392
198 758
198 813
198 1049
56 803
56 1
56 278
56 802
201 799
201 443
201 1122
201 503
1085 156
143 1034
143 1066
143 846
1034 1066
1034 243
1034 142
1034 916
1034 351
1034 896
1034 651
1034 209
1066 485
1066 839
1066 431
1066 846
1066 896
1066 93
1066 16
485 243
485 142
485 799
485 114
485 24
485 295
485 414
485 244
485 409
243 142
243 325
243 1042
243 799
243 1077
243 655
243 295
243 339
243 409
243 189
243 657
142 125
142 916
142 692
434 325
434 916
434 851
434 217
434 295
434 702
434 449
434 1105
325 916
325 851
325 217
325 720
325 61
13 799
13 1039
1004 877
1004 380
1004 353
1004 1048
1004 520
1004 754
1004 267
1004 334
1004 24
1004 787
1004 1035
75 443
75 230
379 1079
379 259
379 413
379 1036
644 39
644 382
644 109
644 57
644 374
644 900
504 819
504 52
504 83
504 134
504 1044
504 887
996 655
996 511
996 896
36 747
930 867
930 158
930 134
930 605
930 977
930 1065
869 70
869 860
1095 197
1095 435
1095 686
1095 287
1095 616
994 66
994 437
994 380
994 972
994 1060
994 193
994 818
994 240
994 16
994 931
994 636
994 4
156 615
156 819
156 79
156 655
156 950
156 158
156 202
156 896
156 686
156 720
156 252
156 394
156 390
156 542
197 175
197 742
197 927
197 437
197 235
1042 689
1042 409
1042 93
1042 275
476 587
476 882
476 712
476 859
476 509
476 221
476 10
476 440
528 655
528 515
528 982
528 371
799 502
799 565
799 125
799 1077
799 916
799 669
799 206
799 515
799 217
799 295
799 414
799 506
799 689
799 339
799 720
799 450
799 347
799 1045
799 494
799 657
1086 648
98 683
377 639
377 916
377 431
377 414
683 714
683 6
792 1027
792 521
234 193
234 621
234 705
234 700
234 645
234 121
695 1027
695 565
695 255
695 1039
695 896
695 973
695 176
825 537
825 222
825 306
825 754
825 185
825 5
1127 502
1127 173
1127 31
1127 675
1127 53
867 1118
867 703
867 730
867 39
867 134
867 555
867 605
867 1065
867 943
215 381
796 289
796 846
222 437
222 380
222 1048
222 334
222 433
222 911
222 870
222 1046
877 925
877 381
877 391
877 5
877 267
877 214
877 212
877 392
877 334
877 191
877 810
877 1035
877 1026
877 261
877 1029
1076 39
1076 134
1076 515
615 65
615 1
615 256
615 622
615 765
615 975
615 254
615 465
615 470
615 971
615 653
615 89
615 1038
615 529
615 416
925 391
925 5
925 214
925 70
381 573
381 686
381 1026
1079 502
1079 181
532 500
532 622
532 202
532 327
532 287
532 390
532 968
532 393
289 149
289 926
289 287
289 677
289 1023
289 1059
289 257
289 984
819 992
819 703
819 39
819 52
819 1113
819 83
819 814
819 158
819 134
819 844
819 887
819 397
819 900
819 542
819 788
819 42
819 949
819 638
819 589
819 20
819 569
819 68
306 202
755 309
755 503
755 1026
755 676
65 622
65 470
65 971
65 172
65 89
65 529
65 715
547 803
547 698
398 382
398 520
398 292
398 654
398 96
398 360
398 876
631 502
631 30
631 520
631 5
631 214
631 70
631 940
631 27
631 724
631 1131
631 261
502 980
502 916
502 1103
502 443
502 136
502 911
502 236
502 509
502 103
502 591
502 774
30 437
30 639
30 55
30 101
30 911
992 83
992 803
992 844
992 1044
992 887
992 656
881 780
1118 929
1118 158
1118 9
1118 704
1118 943
1118 788
1118 588
66 85
66 175
66 972
66 844
66 445
703 929
703 52
703 1094
703 900
703 1065
703 788
703 938
793 134
723 85
723 658
723 158
723 134
723 704
723 977
723 186
85 929
85 1062
85 1099
85 370
85 977
85 1065
85 186
658 1113
658 158
658 134
658 191
658 648
658 964
658 9
658 1057
658 831
658 848
730 704
730 240
730 900
929 39
929 52
929 1113
929 739
929 742
929 927
929 536
929 134
929 467
929 9
929 956
929 900
929 1046
929 949
929 588
929 717
929 135
929 344
929 329
39 52
39 520
39 134
39 9
39 445
39 157
39 900
39 589
175 972
175 235
175 109
52 83
52 782
52 844
52 887
52 397
52 900
52 788
52 638
52 938
1113 134
1113 844
1113 569
1113 541
1113 670
980 48
980 1062
980 643
980 525
980 1119
980 131
980 988
719 739
739 742
739 193
739 536
739 467
739 202
739 135
48 417
48 643
48 525
48 645
48 1119
48 370
48 131
48 258
477 1117
742 467
742 135
646 927
646 149
646 835
646 1117
646 115
927 926
927 390
927 905
437 935
437 380
437 972
437 822
437 255
437 152
437 467
437 351
639 520
639 292
639 759
639 70
639 309
639 89
999 647
999 443
999 942
565 520
565 916
565 217
565 295
565 351
565 310
565 409
565 1096
565 99
565 19
565 805
565 706
647 443
647 350
647 12
935 1060
935 907
380 1060
380 193
380 125
380 152
380 467
380 633
380 827
380 636
972 762
972 467
972 104
972 57
1060 55
1060 15
1060 706
993 705
993 896
993 973
993 310
993 176
993 679
993 550
993 93
993 16
993 209
993 385
83 134
83 844
83 1044
83 887
83 656
731 696
391 609
3 519
3 546
3 173
3 903
3 495
3 44
3 911
55 875
55 1
55 654
55 96
55 393
536 467
382 871
382 950
382 892
382 96
382 882
382 41
293 1
899 875
899 1103
899 1011
899 236
899 1041
871 520
871 96
871 882
875 1103
875 1098
746 870
815 207
519 214
519 795
519 515
519 24
519 166
519 276
814 259
814 844
353 313
1048 870
1048 526
110 520
110 1026
1077 916
1077 431
1077 295
1077 414
1077 689
1077 310
1077 347
1077 494
655 1103
655 667
655 1010
655 515
655 9
655 265
803 667
803 31
803 9
803 265
950 91
950 41
950 784
520 422
520 134
520 754
520 70
520 96
520 555
520 166
520 794
422 96
916 669
916 851
916 431
916 295
916 414
916 351
916 689
916 339
916 720
916 450
916 347
916 1045
916 494
662 754
662 191
662 183
662 933
662 260
158 134
158 782
158 9
158 605
158 704
158 240
158 956
158 752
158 943
158 332
865 546
865 515
865 896
865 310
865 176
865 712
865 1026
865 25
738 443
599 443
599 912
599 265
1103 1011
1103 1098
1103 236
1103 1041
701 12
63 141
947 712
947 1011
947 236
947 1041
947 902
947 145
152 754
152 1
152 5
152 214
152 70
152 1122
152 940
134 1
134 70
134 9
134 62
134 1044
134 605
134 887
134 704
134 240
134 956
134 977
134 900
134 1065
134 569
782 555
782 605
782 831
923 150
923 121
754 256
754 212
754 70
754 741
754 260
91 725
669 92
669 295
669 689
669 339
669 450
669 347
669 1045
669 494
205 259
205 435
205 367
205 1023
443 407
443 230
1 622
1 765
1 729
1 212
1 435
1 199
1 490
1 1099
1 564
1 753
1 1012
1 838
1 1101
1 983
1 682
985 301
667 505
364 844
621 700
621 824
621 645
456 191
456 1122
456 648
456 149
456 964
456 61
185 292
185 365
552 876
552 412
5 214
5 809
5 212
5 70
5 515
5 940
5 27
5 433
5 724
5 1115
5 1131
5 1047
5 741
5 223
850 334
851 114
851 217
851 351
851 702
851 574
851 463
851 506
851 689
851 491
851 331
851 448
851 773
114 217
114 431
114 295
114 702
114 574
114 290
114 331
546 173
546 92
546 714
546 431
546 99
546 1087
908 675
908 449
908 308
908 376
173 903
173 495
173 44
173 556
173 675
92 431
771 58
771 349
607 256
256 622
256 975
256 465
256 214
256 946
256 490
256 12
256 937
256 1047
256 591
256 332
256 893
903 44
903 824
903 349
495 431
495 58
495 103
44 988
698 254
698 465
622 975
622 384
622 12
622 534
765 975
593 1036
467 135
160 879
160 32
160 883
747 1036
587 259
587 882
587 936
587 849
587 1100
729 361
729 390
259 181
259 802
259 883
259 1109
259 84
259 129
259 447
259 496
120 984
361 149
361 316
1010 939
975 816
254 465
254 529
470 89
971 1122
861 206
566 521
566 804
384 1036
1022 351
1022 244
879 1036
879 32
879 51
879 883
879 849
206 816
206 416
292 1122
31 297
31 759
31 1106
31 839
297 759
759 1106
468 87
468 349
468 1132
556 675
556 623
136 70
136 692
136 87
714 780
714 705
714 896
942 168
885 183
214 212
214 70
214 940
214 27
214 433
212 940
212 1047
392 632
392 122
392 210
392 854
392 1117
666 630
666 963
666 466
666 1092
666 576
435 183
70 182
70 1122
70 940
70 433
70 812
70 933
632 653
632 122
632 570
632 617
632 496
334 490
191 648
191 964
191 69
182 383
300 503
417 525
417 624
199 481
199 911
199 959
1062 525
1062 370
1062 258
795 1110
515 567
515 705
515 304
515 653
515 390
515 943
515 1012
810 720
643 525
648 964
648 183
648 1053
567 720
203 168
525 194
675 780
675 349
278 896
278 750
705 750
705 29
705 920
700 645
700 73
700 963
700 981
149 287
926 287
926 527
304 87
653 896
24 1065
24 171
964 57
964 1057
964 374
964 831
964 848
964 329
964 105
327 210
327 183
327 741
327 261
9 555
9 704
9 588
9 831
9 105
407 265
407 247
407 508
407 230
654 216
654 461
654 706
15 78
354 813
354 72
490 870
104 11
250 16
389 816
217 574
217 290
217 463
217 491
217 35
217 331
217 448
217 428
217 60
217 403
431 295
431 414
431 351
431 1132
431 524
295 414
295 689
295 339
295 450
295 347
295 1045
295 494
295 163
95 846
95 1025
95 209
95 275
414 244
351 689
351 331
351 805
351 286
351 61
846 335
846 209
846 275
917 89
350 189
411 373
58 103
702 290
702 506
702 323
702 331
574 449
574 290
574 506
574 87
574 331
449 290
449 506
449 491
449 331
290 506
290 331
506 491
506 308
413 1036
652 570
570 11
689 896
689 339
689 450
689 347
689 1045
689 494
844 1044
844 887
844 788
844 20
844 569
844 68
844 670
844 611
573 932
573 630
835 115
96 78
96 882
96 41
96 478
806 172
318 151
940 27
940 1047
27 724
27 1053
27 223
609 1047
609 833
433 724
692 1025
172 550
896 973
896 310
896 176
896 720
824 349
87 349
1114 450
1114 633
1114 753
1114 99
1114 1017
339 450
339 347
339 1045
339 494
373 440
373 1012
373 1101
373 849
373 826
17 973
78 1098
78 145
563 913
982 510
1102 1015
1044 887
1044 638
1044 656
1044 171
973 310
973 176
1099 977
1099 186
11 854
594 210
555 743
555 1057
555 704
309 503
724 1131
724 1047
724 784
102 183
882 41
605 240
605 445
605 938
605 1006
424 332
166 1025
310 176
310 16
176 1068
911 244
911 261
911 709
911 612
911 733
579 1071
579 624
287 1023
1057 588
1057 848
1057 329
1057 105
887 656
887 670
887 105
704 588
704 186
704 329
704 105
183 616
316 956
534 240
534 956
534 157
534 181
534 1013
244 154
712 859
712 221
712 440
216 813
216 1049
216 706
482 1025
482 154
240 956
240 445
240 1013
956 1013
445 157
445 588
445 831
445 829
1119 960
131 981
720 671
450 1045
450 494
347 1045
347 494
1045 494
679 753
679 550
679 1017
633 163
633 512
753 550
753 859
452 99
452 19
452 1025
452 805
452 286
452 61
452 1029
99 19
99 1025
99 805
99 61
550 32
550 1017
252 944
1078 461
461 784
1011 236
1011 145
93 16
93 385
859 427
859 10
859 440
859 1012
859 1101
16 209
16 275
34 440
34 1012
34 1101
34 849
34 826
236 1041
236 902
236 145
394 1019
19 805
19 61
596 69
397 542
181 638
32 883
752 332
932 1037
368 1029
368 763
509 221
509 440
630 963
630 466
491 35
491 448
35 827
827 428
870 1131
741 812
977 900
977 1065
977 186
428 60
428 25
428 403
367 493
802 1109
802 496
1025 805
1025 61
1117 488
1023 838
805 61
805 789
963 466
813 706
1049 706
503 1026
209 275
900 1065
900 569
900 329
900 1013
860 488
390 905
390 139
10 440
10 1012
10 1101
440 1012
440 1101
440 983
440 826
1026 1124
1059 984
1059 838
984 838
638 226
589 171
569 670
591 1101
591 849
588 831
588 848
588 329
588 105
848 329
848 105
329 105
670 1013
41 951
145 826
1012 1101
1012 983
1012 849
1012 826
1101 983
1101 849
1101 826
983 826
223 268
849 1100
1109 496
1109 74
466 302
1092 576
527 1067
105 1013
1067 1067
