0 672
1 68
2 329
3 537
4 219
5 385
6 596
7 51
8 777
9 448
10 758
11 1105
12 451
13 706
14 761
15 716
16 665
17 169
18 1113
19 123
20 64
21 917
22 195
23 1106
24 382
25 408
26 94
27 717
28 1109
29 53
30 1035
31 709
32 527
33 291
34 978
35 795
36 970
37 191
38 911
39 960
40 632
41 976
42 363
43 712
44 723
45 576
46 681
47 122
48 86
49 1104
50 279
51 46
52 10
53 480
54 243
55 313
56 1022
57 518
58 274
59 468
60 395
61 1084
62 177
63 43
64 203
65 896
66 649
67 294
68 567
69 946
70 875
71 202
72 541
73 353
74 608
75 928
76 162
77 72
78 855
79 1090
80 903
81 920
82 368
83 814
84 379
85 938
86 106
87 756
88 865
89 149
90 698
91 547
92 724
93 192
94 745
95 453
96 172
97 930
98 102
99 85
100 860
101 260
102 686
103 1025
104 512
105 561
106 375
107 265
108 50
109 646
110 854
111 484
112 427
113 25
114 410
115 194
116 415
117 947
118 891
119 1030
120 521
121 656
122 208
123 516
124 728
125 823
126 737
127 224
128 989
129 645
130 297
131 227
132 746
133 549
134 84
135 956
136 1107
137 584
138 271
139 73
140 502
141 654
142 974
143 909
144 96
145 56
146 121
147 1010
148 901
149 41
150 240
151 612
152 1097
153 42
154 862
155 528
156 627
157 705
158 32
159 401
160 179
161 1029
162 900
163 60
164 687
165 948
166 185
167 225
168 252
169 1071
170 1004
171 517
172 87
173 825
174 967
175 932
176 349
177 626
178 964
179 70
180 866
181 879
182 731
183 769
184 268
185 610
186 35
187 473
188 1013
189 1115
190 452
191 65
192 18
193 980
194 22
195 328
196 647
197 1034
198 167
199 330
200 367
201 534
202 166
203 147
204 91
205 797
206 113
207 397
208 460
209 1045
210 552
211 251
212 668
213 677
214 1074
215 1127
216 284
217 782
218 1101
219 750
220 751
221 1032
222 446
223 787
224 424
225 399
226 721
227 546
228 742
229 321
230 568
231 322
232 658
233 701
234 981
235 529
236 1070
237 864
238 419
239 1121
240 804
241 1036
242 577
243 921
244 477
245 209
246 436
247 544
248 588
249 80
250 575
251 278
252 572
253 48
254 807
255 200
256 255
257 301
258 602
259 739
260 991
261 697
262 262
263 228
264 456
265 428
266 275
267 535
268 331
269 101
270 317
271 1003
272 232
273 310
274 11
275 371
276 160
277 759
278 336
279 615
280 380
281 840
282 459
283 40
284 360
285 671
286 747
287 120
288 637
289 1018
290 372
291 180
292 107
293 996
294 2
295 76
296 143
297 1110
298 1093
299 309
300 806
301 940
302 270
303 874
304 689
305 661
306 863
307 1008
308 299
309 969
310 100
311 842
312 430
313 418
314 788
315 218
316 1120
317 934
318 364
319 843
320 247
321 311
322 438
323 636
324 772
325 878
326 841
327 366
328 388
329 663
330 614
331 221
332 276
333 365
334 1124
335 511
336 629
337 959
338 356
339 890
340 1098
341 771
342 437
343 540
344 464
345 557
346 573
347 1049
348 314
349 735
350 1114
351 1016
352 124
353 81
354 897
355 305
356 729
357 785
358 181
359 148
360 598
361 924
362 635
363 187
364 945
365 922
366 936
367 230
368 1028
369 699
370 736
371 207
372 1044
373 581
374 34
375 634
376 1053
377 558
378 950
379 773
380 916
381 1042
382 306
383 190
384 241
385 662
386 1130
387 992
388 220
389 837
390 447
391 1082
392 445
393 431
394 377
395 990
396 799
397 1057
398 152
399 66
400 3
401 730
402 151
403 88
404 545
405 129
406 272
407 659
408 490
409 266
410 222
411 910
412 132
413 839
414 1079
415 285
416 4
417 150
418 381
419 286
420 522
421 318
422 650
423 163
424 390
425 783
426 173
427 223
428 1095
429 829
430 868
431 135
432 75
433 233
434 392
435 1040
436 725
437 89
438 498
439 359
440 52
441 583
442 774
443 766
444 942
445 481
446 303
447 1043
448 652
449 339
450 666
451 478
452 618
453 519
454 373
455 680
456 958
457 1062
458 119
459 1063
460 59
461 319
462 982
463 104
464 803
465 125
466 136
467 1033
468 685
469 819
470 867
471 213
472 738
473 1076
474 383
475 605
476 1129
477 835
478 870
479 33
480 503
481 340
482 134
483 55
484 741
485 425
486 198
487 718
488 103
489 323
490 325
491 599
492 345
493 355
494 763
495 403
496 1065
497 237
498 442
499 416
500 455
501 1
502 690
503 413
504 963
505 12
506 710
507 642
508 591
509 159
510 142
511 898
512 554
513 886
514 176
515 504
516 587
517 206
518 973
519 54
520 8
521 722
522 1019
523 83
524 488
525 692
526 1078
527 983
528 531
529 261
530 193
531 580
532 90
533 93
534 590
535 145
536 1118
537 479
538 334
539 116
540 487
541 350
542 752
543 1048
544 1080
545 556
546 966
547 109
548 513
549 872
550 105
551 515
552 422
553 175
554 508
555 790
556 884
557 606
558 883
559 623
560 694
561 827
562 674
563 1046
564 454
565 707
566 673
567 164
568 17
569 760
570 708
571 833
572 798
573 655
574 1012
575 156
576 775
577 137
578 99
579 643
580 0
581 847
582 997
583 975
584 263
585 1123
586 905
587 727
588 675
589 407
590 853
591 1051
592 565
593 267
594 184
595 234
596 906
597 526
598 638
599 277
600 74
601 420
602 472
603 308
604 14
605 720
606 1052
607 139
608 850
609 834
610 904
611 984
612 71
613 826
614 298
615 664
616 892
617 1103
618 877
619 915
620 489
621 77
622 396
623 802
624 979
625 235
626 927
627 45
628 409
629 242
630 15
631 466
632 1077
633 622
634 820
635 421
636 767
637 740
638 566
639 324
640 1096
641 244
642 463
643 559
644 894
645 592
646 326
647 579
648 457
649 63
650 695
651 327
652 111
653 341
654 993
655 755
656 1083
657 551
658 1020
659 127
660 282
661 62
662 765
663 1005
664 682
665 778
666 357
667 458
668 639
669 295
670 986
671 1061
672 856
673 831
674 236
675 704
676 1092
677 495
678 1122
679 411
680 304
681 112
682 494
683 895
684 913
685 256
686 293
687 1087
688 496
689 871
690 82
691 435
692 543
693 1014
694 688
695 126
696 1075
697 393
698 333
699 914
700 361
701 791
702 302
703 118
704 347
705 880
706 44
707 114
708 165
709 601
710 374
711 476
712 1006
713 762
714 449
715 944
716 1050
717 1027
718 178
719 248
720 925
721 486
722 343
723 238
724 386
725 594
726 816
727 1024
728 246
729 259
730 937
731 888
732 1072
733 619
734 78
735 186
736 813
737 338
738 257
739 995
740 679
741 1026
742 97
743 732
744 733
745 196
746 595
747 58
748 98
749 625
750 226
751 902
752 204
753 852
754 919
755 1081
756 812
757 809
758 378
759 832
760 110
761 1116
762 344
763 972
764 609
765 941
766 899
767 394
768 443
769 509
770 563
771 138
772 616
773 593
774 199
775 953
776 977
777 253
778 714
779 693
780 49
781 961
782 713
783 624
784 555
785 201
786 5
787 817
788 133
789 30
790 461
791 69
792 667
793 483
794 779
795 889
796 784
797 398
798 499
799 1023
800 780
801 290
802 869
803 849
804 158
805 536
806 485
807 957
808 828
809 539
810 312
811 370
812 628
813 929
814 335
815 617
816 844
817 19
818 31
819 358
820 1015
821 280
822 183
823 465
824 269
825 346
826 384
827 951
828 332
829 389
830 140
831 770
832 882
833 13
834 523
835 644
836 1066
837 217
838 444
839 794
840 61
841 1073
842 719
843 131
844 1125
845 789
846 287
847 128
848 369
849 1094
850 998
851 542
852 764
853 23
854 811
855 1011
856 307
857 281
858 881
859 641
860 861
861 289
862 387
863 231
864 174
865 1132
866 414
867 1009
868 648
869 532
870 968
871 469
872 858
873 676
874 1007
875 146
876 1068
877 754
878 57
879 585
880 846
881 405
882 1047
883 491
884 830
885 423
886 95
887 506
888 620
889 987
890 28
891 239
892 47
893 893
894 793
895 168
896 678
897 631
898 715
899 933
900 876
901 1038
902 188
903 434
904 1002
905 505
906 1131
907 474
908 1119
909 1039
910 210
911 1055
912 971
913 1089
914 1112
915 621
916 296
917 781
918 400
919 283
920 569
921 792
922 1069
923 1000
924 726
925 130
926 36
927 873
928 859
929 653
930 912
931 597
932 918
933 633
934 404
935 161
936 182
937 376
938 538
939 16
940 108
941 564
942 316
943 229
944 27
945 520
946 821
947 141
948 429
949 926
950 216
951 744
952 824
953 157
954 808
955 432
956 21
957 838
958 801
959 315
960 1060
961 939
962 810
963 805
964 475
965 907
966 351
967 115
968 943
969 800
970 524
971 611
972 691
973 600
974 1058
975 776
976 482
977 412
978 20
979 440
980 67
981 171
982 988
983 501
984 197
985 1099
986 651
987 949
988 26
989 1088
990 249
991 669
992 79
993 994
994 250
995 1086
996 570
997 696
998 1091
999 1031
1000 603
1001 734
1002 337
1003 391
1004 815
1005 354
1006 29
1007 352
1008 467
1009 7
1010 711
1011 931
1012 562
1013 887
1014 965
1015 582
1016 348
1017 548
1018 205
1019 954
1020 462
1021 857
1022 786
1023 1001
1024 39
1025 640
1026 1108
1027 589
1028 683
1029 433
1030 320
1031 848
1032 264
1033 470
1034 962
1035 1126
1036 1017
1037 607
1038 703
1039 497
1040 24
1041 845
1042 757
1043 1041
1044 553
1045 630
1046 189
1047 153
1048 450
1049 1111
1050 439
1051 170
1052 908
1053 500
1054 1117
1055 9
1056 1100
1057 586
1058 700
1059 510
1060 1059
1061 657
1062 660
1063 702
1064 1037
1065 288
1066 533
1067 748
1068 292
1069 796
1070 493
1071 6
1072 1128
1073 507
1074 525
1075 985
1076 822
1077 743
1078 753
1079 885
1080 258
1081 214
1082 441
1083 155
1084 578
1085 342
1086 212
1087 154
1088 935
1089 574
1090 471
1091 550
1092 818
1093 560
1094 492
1095 362
1096 851
1097 955
1098 37
1099 530
1100 514
1101 952
1102 38
1103 749
1104 768
1105 1054
1106 92
1107 406
1108 1056
1109 426
1110 1064
1111 254
1112 1102
1113 604
1114 923
1115 117
1116 417
1117 402
1118 300
1119 836
1120 144
1121 999
1122 670
1123 1067
1124 684
1125 245
1126 211
1127 1085
1128 571
1129 273
1130 1021
1131 613
1132 215
