0 606
1 919
2 963
3 623
4 706
5 1068
6 22
7 174
8 490
9 44
10 14
11 519
12 744
13 88
14 557
15 927
16 951
17 634
18 1128
19 249
20 314
21 487
22 501
23 419
24 996
25 962
26 505
27 130
28 304
29 644
30 859
31 7
32 264
33 952
34 1062
35 227
36 695
37 1078
38 41
39 858
40 741
41 1022
42 1052
43 682
44 813
45 812
46 992
47 697
48 279
49 79
50 691
51 551
52 329
53 412
54 409
55 601
56 150
57 685
58 510
59 578
60 1065
61 377
62 1032
63 106
64 141
65 340
66 679
67 1039
68 925
69 788
70 545
71 266
72 912
73 1066
74 494
75 617
76 671
77 375
78 331
79 330
80 132
81 716
82 13
83 993
84 582
85 480
86 65
87 27
88 385
89 512
90 693
91 593
92 707
93 746
94 524
95 535
96 772
97 687
98 1085
99 1003
100 1127
101 363
102 768
103 1070
104 730
105 1080
106 261
107 561
108 428
109 760
110 637
111 218
112 1059
113 303
114 457
115 202
116 503
117 800
118 147
119 956
120 966
121 791
122 627
123 383
124 640
125 1087
126 823
127 296
128 886
129 384
130 907
131 254
132 111
133 291
134 126
135 271
136 1060
137 888
138 231
139 828
140 157
141 243
142 541
143 165
144 674
145 308
146 193
147 527
148 718
149 770
150 766
151 117
152 225
153 374
154 97
155 175
156 259
157 567
158 87
159 335
160 681
161 1097
162 853
163 587
164 83
165 341
166 388
167 869
168 236
169 109
170 420
171 321
172 478
173 190
174 318
175 699
176 156
177 1038
178 726
179 511
180 71
181 995
182 689
183 838
184 1015
185 507
186 756
187 782
188 216
189 871
190 469
191 205
192 280
193 917
194 255
195 538
196 1100
197 40
198 754
199 1074
200 229
201 47
202 939
203 540
204 794
205 270
206 1101
207 499
208 173
209 872
210 25
211 562
212 979
213 743
214 424
215 112
216 815
217 935
218 30
219 6
220 326
221 348
222 474
223 293
224 161
225 276
226 94
227 263
228 24
229 286
230 826
231 522
232 287
233 914
234 116
235 183
236 592
237 307
238 1095
239 624
240 198
241 447
242 277
243 673
244 897
245 322
246 864
247 285
248 817
249 284
250 158
251 381
252 1036
253 773
254 920
255 346
256 635
257 121
258 874
259 583
260 76
261 678
262 176
263 532
264 274
265 46
266 376
267 306
268 23
269 33
270 751
271 787
272 614
273 278
274 100
275 831
276 386
277 832
278 354
279 848
280 688
281 711
282 69
283 309
284 55
285 289
286 997
287 1112
288 843
289 777
290 908
291 256
292 182
293 305
294 462
295 206
296 719
297 1049
298 82
299 1056
300 465
301 204
302 764
303 937
304 999
305 233
306 713
307 1031
308 610
309 565
310 32
311 195
312 910
313 603
314 328
315 594
316 16
317 863
318 54
319 840
320 783
321 846
322 200
323 857
324 416
325 466
326 325
327 860
328 852
329 737
330 528
331 84
332 887
333 417
334 235
335 294
336 839
337 332
338 1045
339 982
340 1033
341 639
342 949
343 187
344 954
345 115
346 1046
347 343
348 1119
349 497
350 1034
351 230
352 292
353 1117
354 404
355 670
356 470
357 380
358 1006
359 242
360 496
361 312
362 548
363 884
364 590
365 136
366 410
367 168
368 1106
369 632
370 453
371 729
372 101
373 533
374 93
375 463
376 1051
377 1002
378 948
379 1083
380 98
381 1094
382 460
383 91
384 1012
385 834
386 724
387 1113
388 78
389 397
390 149
391 790
392 3
393 973
394 301
395 559
396 26
397 282
398 841
399 625
400 118
401 819
402 878
403 972
404 776
405 882
406 1009
407 821
408 342
409 345
410 854
411 732
412 1129
413 1005
414 1001
415 976
416 74
417 28
418 658
419 721
420 683
421 660
422 252
423 717
424 926
425 868
426 933
427 1099
428 31
429 675
430 885
431 629
432 572
433 201
434 234
435 1114
436 781
437 514
438 958
439 564
440 336
441 169
442 619
443 924
444 784
445 443
446 357
447 435
448 500
449 265
450 353
451 21
452 129
453 529
454 56
455 1073
456 1064
457 1111
458 431
459 52
460 1055
461 515
462 63
463 438
464 369
465 891
466 251
467 981
468 506
469 448
470 275
471 602
472 877
473 880
474 133
475 929
476 915
477 298
478 425
479 290
480 1108
481 407
482 879
483 1130
484 953
485 401
486 440
487 698
488 789
489 317
490 151
491 712
492 765
493 1037
494 1093
495 986
496 616
497 124
498 104
499 725
500 9
501 965
502 742
503 217
504 830
505 272
506 155
507 311
508 758
509 516
510 4
511 73
512 804
513 987
514 807
515 710
516 889
517 900
518 525
519 747
520 677
521 818
522 1110
523 222
524 368
525 337
526 145
527 531
528 39
529 615
530 1124
531 423
532 186
533 1050
534 822
535 77
536 300
537 916
538 748
539 269
540 1014
541 842
542 72
543 780
544 144
545 449
546 1067
547 622
548 928
549 429
550 365
551 456
552 977
553 757
554 89
555 70
556 875
557 1079
558 153
559 669
560 899
561 1084
562 856
563 473
564 128
565 654
566 1
567 339
568 865
569 595
570 214
571 969
572 20
573 319
574 763
575 162
576 361
577 1028
578 268
579 684
580 588
581 1044
582 975
583 648
584 913
585 120
586 135
587 125
588 502
589 327
590 523
591 159
592 493
593 1109
594 959
595 1026
596 232
597 814
598 906
599 37
600 138
601 664
602 647
603 350
604 127
605 630
606 99
607 491
608 495
609 197
610 740
611 108
612 413
613 810
614 805
615 432
616 560
617 961
618 418
619 96
620 1131
621 820
622 1000
623 734
624 873
625 983
626 850
627 799
628 715
629 870
630 262
631 543
632 50
633 483
634 883
635 184
636 553
637 936
638 102
639 655
640 389
641 378
642 985
643 42
644 943
645 1063
646 1053
647 702
648 903
649 613
650 476
651 803
652 980
653 442
654 427
655 509
656 471
657 114
658 131
659 755
660 1096
661 433
662 808
663 861
664 164
665 704
666 36
667 767
668 1058
669 283
670 574
671 163
672 482
673 484
674 1018
675 1030
676 148
677 833
678 876
679 892
680 64
681 444
682 968
683 608
684 107
685 1029
686 34
687 166
688 650
689 1105
690 628
691 472
692 62
693 947
694 35
695 974
696 445
697 113
698 584
699 1103
700 1040
701 320
702 481
703 406
704 566
705 544
706 454
707 245
708 1017
709 372
710 652
711 749
712 29
713 661
714 2
715 520
716 208
717 468
718 373
719 1054
720 735
721 1047
722 1077
723 1126
724 960
725 731
726 364
727 362
728 690
729 467
730 110
731 140
732 295
733 598
734 310
735 753
736 988
737 526
738 694
739 631
740 313
741 636
742 1104
743 241
744 518
745 945
746 260
747 281
748 316
749 898
750 246
751 1013
752 895
753 911
754 402
755 896
756 1107
757 844
758 944
759 504
760 950
761 75
762 451
763 1123
764 600
765 38
766 849
767 8
768 1069
769 890
770 672
771 705
772 931
773 142
774 1007
775 192
776 450
777 53
778 1027
779 575
780 48
781 250
782 862
783 430
784 866
785 498
786 728
787 105
788 370
789 708
790 185
791 399
792 646
793 720
794 226
795 170
796 573
797 585
798 957
799 437
800 811
801 745
802 586
803 1035
804 998
805 403
806 179
807 618
808 569
809 989
810 220
811 19
812 367
813 940
814 68
815 609
816 122
817 1048
818 349
819 786
820 258
821 774
822 439
823 288
824 247
825 12
826 323
827 558
828 1023
829 554
830 665
831 964
832 894
833 801
834 338
835 990
836 599
837 589
838 835
839 750
840 421
841 1132
842 414
843 905
844 571
845 547
846 400
847 580
848 778
849 203
850 43
851 667
852 267
853 196
854 930
855 1125
856 701
857 836
858 207
859 552
860 194
861 709
862 703
863 1091
864 971
865 775
866 167
867 576
868 556
869 461
870 984
871 137
872 837
873 1020
874 143
875 680
876 795
877 797
878 123
879 238
880 213
881 172
882 422
883 92
884 607
885 855
886 771
887 991
888 1102
889 392
890 761
891 641
892 45
893 315
894 769
895 458
896 825
897 17
898 61
899 297
900 212
901 1024
902 967
903 489
904 802
905 178
906 696
907 382
908 103
909 612
910 534
911 591
912 1089
913 1016
914 918
915 347
916 508
917 324
918 211
919 570
920 359
921 224
922 371
923 663
924 1021
925 1004
926 396
927 581
928 904
929 604
930 464
931 239
932 829
933 893
934 597
935 806
936 485
937 486
938 49
939 517
940 530
941 477
942 488
943 542
944 662
945 199
946 333
947 351
948 733
949 1081
950 358
951 659
952 550
953 215
954 605
955 596
956 355
957 299
958 638
959 645
960 723
961 521
962 459
963 334
964 932
965 408
966 1082
967 441
968 881
969 938
970 395
971 994
972 66
973 221
974 651
975 1010
976 67
977 633
978 86
979 356
980 5
981 739
982 626
983 577
984 152
985 244
986 978
987 921
988 455
989 219
990 1025
991 656
992 692
993 1071
994 479
995 59
996 649
997 390
998 188
999 160
1000 727
1001 1092
1002 785
1003 851
1004 398
1005 714
1006 666
1007 393
1008 240
1009 736
1010 57
1011 1116
1012 171
1013 189
1014 154
1015 228
1016 759
1017 209
1018 1019
1019 970
1020 1088
1021 934
1022 941
1023 824
1024 1041
1025 1008
1026 809
1027 579
1028 668
1029 475
1030 446
1031 762
1032 119
1033 642
1034 81
1035 611
1036 902
1037 360
1038 15
1039 1043
1040 942
1041 391
1042 793
1043 536
1044 90
1045 738
1046 80
1047 0
1048 139
1049 10
1050 513
1051 568
1052 1090
1053 134
1054 387
1055 1072
1056 51
1057 555
1058 181
1059 901
1060 85
1061 394
1062 1042
1063 146
1064 827
1065 796
1066 434
1067 405
1068 1075
1069 95
1070 411
1071 257
1072 722
1073 546
1074 58
1075 537
1076 436
1077 686
1078 1076
1079 563
1080 798
1081 177
1082 700
1083 643
1084 909
1085 867
1086 379
1087 426
1088 1086
1089 1118
1090 847
1091 653
1092 1061
1093 676
1094 237
1095 352
1096 792
1097 539
1098 253
1099 1011
1100 273
1101 1122
1102 302
1103 248
1104 344
1105 191
1106 1057
1107 946
1108 657
1109 1098
1110 210
1111 621
1112 620
1113 922
1114 845
1115 492
1116 816
1117 452
1118 415
1119 1115
1120 779
1121 11
1122 752
1123 223
1124 366
1125 923
1126 18
1127 1121
1128 180
1129 60
1130 1120
1131 549
1132 955
