0 982
1 161
1 144
1 917
1 831
1 1053
1 867
1 534
1 278
1 234
1 35
2 535
2 560
2 809
2 1085
2 315
2 568
2 1063
2 1092
2 3
2 675
2 44
2 575
2 1099
2 711
2 866
2 470
2 795
2 889
2 713
2 105
2 390
2 144
2 968
2 299
2 333
2 501
2 860
3 826
3 623
3 830
3 1101
3 390
3 154
3 687
3 1057
3 1027
3 1034
3 686
3 333
3 928
3 770
3 505
3 685
3 772
3 2
3 345
3 713
3 49
3 80
3 266
3 1092
3 1099
4 696
4 805
4 43
4 836
4 913
4 575
4 1091
5 395
5 730
5 832
6 933
6 297
6 63
6 1128
6 308
6 309
6 382
6 1019
6 496
6 581
6 813
6 570
6 651
6 37
6 208
6 1030
6 196
6 512
6 265
6 1007
6 177
6 740
6 173
6 488
6 829
6 472
6 47
6 48
6 1077
6 530
6 586
6 147
7 576
8 284
8 326
8 610
8 977
8 110
8 336
8 871
8 706
8 445
8 213
8 717
8 1108
8 507
8 539
8 756
8 471
8 920
8 965
8 123
8 628
8 548
8 473
8 292
8 832
8 760
9 384
9 148
10 934
10 430
10 924
10 539
10 24
10 806
10 453
10 445
10 1016
10 512
10 854
10 843
10 63
10 537
10 873
10 138
10 480
10 208
10 717
10 638
10 292
10 210
10 196
11 920
11 499
11 344
11 940
11 279
11 832
11 180
12 1071
12 63
12 160
12 1039
12 558
12 865
12 737
12 513
12 695
12 641
12 584
12 134
12 860
12 116
13 48
13 488
13 1051
14 542
14 585
14 294
14 760
14 753
14 720
14 281
14 452
14 946
15 880
15 938
15 754
15 1024
15 82
15 126
15 518
15 766
15 239
16 277
16 519
16 90
16 826
16 312
17 45
17 470
17 894
17 498
17 466
18 574
18 894
18 1077
18 1009
18 1047
18 878
18 983
19 903
19 341
19 503
19 599
19 753
19 666
19 786
19 129
19 1055
19 372
19 384
19 412
19 186
20 263
20 262
20 854
20 677
20 144
20 173
20 794
20 1106
20 593
20 597
20 1051
20 797
20 571
20 320
20 805
20 929
20 128
20 310
20 816
20 153
20 166
20 664
20 1023
20 277
20 45
20 668
20 1072
20 771
20 96
20 988
20 498
20 860
20 914
21 725
22 63
22 703
22 23
22 1045
22 147
22 88
22 849
22 37
22 125
22 1026
22 779
23 344
23 849
23 1026
23 1045
23 296
23 703
23 650
23 147
23 22
24 138
24 10
24 873
24 638
24 63
24 854
24 924
24 999
24 480
24 539
25 64
25 1006
25 1063
25 599
26 878
27 502
27 964
27 1103
27 787
27 252
28 73
28 644
28 252
28 860
28 1104
28 505
28 471
28 472
28 221
28 269
28 962
28 720
28 711
28 707
28 105
28 796
28 732
28 807
28 231
28 641
28 792
29 1117
29 45
29 894
29 794
29 678
29 575
29 320
29 473
29 736
29 128
30 230
30 643
30 156
30 222
30 50
30 554
30 917
30 262
30 1048
30 957
31 36
31 1031
31 872
31 272
31 490
31 1073
31 413
31 484
31 1118
31 494
31 1082
31 483
31 661
31 734
31 755
32 597
33 1027
33 740
33 444
33 699
33 773
34 615
35 1
35 280
35 283
35 938
35 916
35 917
35 902
35 1053
35 518
35 278
36 685
36 48
36 1118
36 1028
36 755
36 809
36 1114
36 31
36 859
36 872
36 1112
36 986
36 108
36 106
36 1051
37 344
37 731
37 1019
37 779
37 631
37 1047
37 903
37 771
37 318
37 122
37 124
37 100
37 297
37 877
37 1106
37 562
37 382
37 77
37 960
37 535
37 263
37 48
37 475
37 6
37 496
37 147
37 933
37 296
37 530
37 1092
37 488
37 1128
37 1097
37 703
37 22
38 503
38 827
38 1006
38 754
39 1078
39 769
39 691
39 253
39 511
39 1051
39 549
39 568
40 475
40 1031
40 770
41 912
41 523
42 717
43 901
43 836
43 183
43 708
43 599
43 4
43 1097
44 663
44 641
44 671
44 755
44 95
44 721
44 202
44 1012
44 2
44 196
44 1047
44 804
44 1020
44 583
44 796
44 954
45 29
45 428
45 446
45 753
45 412
45 96
45 186
45 263
45 498
45 320
45 609
45 128
45 387
45 599
45 17
45 20
46 744
47 1034
47 6
47 214
47 1128
47 691
47 934
47 262
47 374
47 297
47 986
47 1109
47 106
47 1019
48 36
48 892
48 6
48 276
48 37
48 562
48 664
48 13
48 156
48 884
48 278
48 77
48 1092
48 1051
48 549
48 488
48 894
48 253
48 318
48 317
48 296
48 1019
48 214
48 511
48 1128
48 108
48 308
48 461
49 713
49 711
49 3
50 601
50 812
50 77
50 30
50 531
51 765
51 472
51 490
51 65
51 874
51 305
51 374
51 512
51 860
52 991
52 323
52 1012
52 304
52 817
52 358
52 1124
53 507
53 260
53 110
53 188
53 1103
53 737
54 307
54 254
54 390
54 885
54 762
54 300
54 505
54 564
55 896
55 453
55 978
55 432
55 281
55 602
56 834
56 943
56 658
56 191
57 573
57 358
57 541
57 531
57 580
57 596
58 965
58 432
58 424
58 211
58 795
58 182
58 388
58 453
58 359
58 436
59 536
60 795
60 182
61 1088
61 468
61 280
61 283
61 63
61 619
61 766
61 887
61 824
61 418
62 226
62 222
62 642
63 266
63 433
63 809
63 1016
63 833
63 766
63 1115
63 792
63 10
63 274
63 96
63 22
63 61
63 24
63 6
63 989
63 12
63 535
63 77
63 493
63 333
63 169
63 1087
63 287
63 71
63 806
63 447
63 916
63 382
63 664
63 608
63 196
63 574
63 455
63 553
63 393
63 571
63 268
63 1071
63 597
63 694
63 854
63 552
63 1019
63 222
63 730
63 191
63 397
63 480
64 25
64 413
64 980
64 627
64 519
64 560
64 151
64 346
64 267
64 377
64 118
64 587
65 302
65 739
65 913
65 315
65 935
65 170
65 1071
65 1074
65 578
65 430
65 51
65 648
65 1052
65 989
65 455
65 640
65 747
65 285
65 1016
65 980
65 305
65 874
65 308
65 854
65 755
65 1120
65 836
65 490
65 404
65 524
65 395
65 621
65 473
65 96
65 552
65 939
65 853
65 439
65 1080
65 227
65 765
66 964
66 422
66 105
66 252
66 787
66 502
66 1029
66 366
66 644
67 246
67 183
67 472
68 573
69 956
69 262
69 1010
69 794
69 389
69 641
69 525
69 580
69 889
69 814
70 969
70 912
70 1066
71 282
71 150
71 365
71 966
71 299
71 63
71 819
71 546
71 770
72 558
73 436
73 586
73 241
73 417
73 360
73 28
73 369
73 413
73 713
74 101
74 930
74 316
74 338
74 224
74 905
74 268
74 680
75 235
75 1104
75 252
75 787
75 833
76 878
77 488
77 573
77 596
77 63
77 287
77 983
77 612
77 559
77 531
77 1002
77 1060
77 643
77 541
77 318
77 812
77 580
77 1020
77 48
77 774
77 108
77 144
77 50
77 465
77 413
77 771
77 475
77 37
77 639
77 858
78 1092
79 1060
79 533
79 299
79 353
79 770
79 711
79 433
79 134
79 827
79 475
79 671
79 823
79 754
79 385
79 493
79 1015
79 966
79 218
79 948
79 480
79 881
80 777
80 801
80 686
80 711
80 3
81 228
81 126
81 142
81 404
81 766
81 887
82 938
82 15
82 880
82 653
82 126
83 361
83 447
83 1060
83 960
83 196
83 223
83 751
84 616
85 182
86 1057
86 892
86 155
86 290
86 263
86 1044
86 709
87 1077
87 795
87 975
87 562
87 1051
87 571
87 425
87 731
87 930
87 227
87 664
87 499
87 1078
87 529
87 1047
87 214
87 262
87 461
87 424
87 317
87 91
87 429
87 1092
87 182
88 22
88 1026
89 1087
89 766
89 500
89 130
89 480
89 126
89 906
89 754
89 866
89 239
89 619
89 752
89 560
89 413
90 623
90 1084
90 458
90 583
90 790
90 1047
90 561
90 16
90 277
90 312
91 571
91 572
91 1010
91 262
91 87
91 425
91 599
91 529
92 983
93 705
93 738
93 588
93 252
93 112
93 927
93 852
93 183
93 1103
93 502
93 145
94 695
95 44
95 885
95 506
95 1101
95 307
95 671
95 503
95 390
95 982
96 355
96 535
96 564
96 795
96 623
96 20
96 1060
96 433
96 263
96 493
96 287
96 45
96 640
96 1106
96 186
96 63
96 555
96 765
96 166
96 794
96 362
96 711
96 988
96 391
96 627
96 65
96 412
96 404
96 773
96 525
96 1074
96 320
97 854
97 590
97 832
97 362
97 445
97 178
97 857
97 569
97 336
98 782
98 619
99 807
99 704
100 779
100 37
100 1026
101 700
101 74
102 906
102 139
102 149
102 1022
102 337
102 346
103 230
103 665
103 168
103 318
103 957
103 442
103 1048
103 146
104 884
105 319
105 715
105 1104
105 489
105 611
105 865
105 725
105 28
105 598
105 803
105 565
105 1103
105 787
105 66
105 266
105 685
105 426
105 404
105 2
105 252
105 259
105 673
105 269
105 430
105 1107
105 403
105 369
106 1048
106 978
106 496
106 872
106 1127
106 859
106 374
106 893
106 613
106 275
106 1028
106 554
106 553
106 36
106 156
106 755
106 577
106 493
106 756
106 47
106 443
106 760
107 641
107 697
107 404
108 77
108 48
108 488
108 224
108 983
108 296
108 612
108 771
108 748
108 641
108 599
108 144
108 1060
108 36
108 601
108 639
108 740
108 318
108 573
108 1045
108 812
109 980
109 1040
109 983
109 1105
110 952
110 53
110 706
110 610
110 376
110 452
110 213
110 832
110 507
110 1103
110 730
110 424
110 202
110 871
110 852
110 717
110 445
110 8
110 1108
110 628
111 749
112 294
112 969
112 760
112 610
112 852
112 284
112 93
112 927
112 738
112 896
112 548
112 965
113 634
113 864
113 1041
114 1060
115 141
116 558
116 12
116 513
116 938
116 523
116 811
116 1062
116 860
116 912
117 561
117 698
117 878
117 815
117 1121
117 335
117 341
118 902
118 64
119 836
120 678
121 751
122 721
122 703
122 37
122 296
122 125
123 192
123 8
123 473
123 284
123 920
123 756
123 292
123 760
123 717
123 336
123 363
123 322
123 977
123 445
124 37
124 877
124 296
125 540
125 1045
125 296
125 849
125 721
125 1026
125 147
125 347
125 496
125 951
125 703
125 986
125 691
125 1128
125 440
125 511
125 308
125 122
125 22
125 1019
125 650
125 1031
125 318
125 779
126 81
126 752
126 866
126 15
126 754
126 949
126 626
126 82
126 782
126 906
126 165
126 766
126 89
127 262
127 690
127 1054
128 29
128 404
128 753
128 263
128 45
128 300
128 644
128 384
128 298
128 20
128 1023
128 466
128 794
128 320
128 988
128 787
128 939
128 598
129 498
129 931
129 466
129 19
129 412
129 153
129 186
129 753
130 518
130 560
130 1049
130 448
130 1100
130 89
130 938
130 866
130 840
130 346
130 791
130 974
130 245
130 283
130 337
130 538
130 419
130 776
130 919
130 509
130 824
130 766
130 1067
130 165
130 752
131 707
131 794
131 1113
131 263
131 356
131 164
131 269
131 252
131 605
131 988
132 921
132 919
132 162
132 360
132 374
132 666
132 470
133 370
133 696
134 587
134 961
134 535
134 837
134 682
134 12
134 1056
134 155
134 766
134 795
134 79
134 884
134 291
134 713
134 832
134 675
135 912
135 287
136 1104
136 582
137 881
137 770
137 546
137 299
137 673
138 854
138 924
138 10
138 24
139 789
139 1070
139 916
139 766
139 102
139 754
139 917
139 337
139 626
139 149
140 548
140 260
141 115
141 687
142 81
142 1070
142 998
142 239
142 752
142 782
142 906
142 949
142 165
142 845
143 470
143 233
144 20
144 278
144 580
144 889
144 2
144 77
144 573
144 263
144 771
144 1
144 639
144 108
144 1002
144 740
144 774
144 1060
144 224
144 177
144 1092
145 565
145 502
145 787
145 93
145 252
146 1048
146 1001
146 103
146 275
147 37
147 6
147 344
147 703
147 951
147 650
147 1026
147 23
147 22
147 125
147 180
148 9
149 337
149 808
149 781
149 575
149 102
149 139
150 207
150 71
150 546
150 282
151 676
151 972
151 535
151 925
151 64
151 465
151 797
151 164
151 858
151 719
151 908
151 576
152 403
152 787
153 903
153 129
153 599
153 412
153 786
153 20
154 564
154 751
154 3
154 660
155 884
155 503
155 345
155 1044
155 335
155 386
155 713
155 623
155 578
155 134
155 1101
155 398
155 894
155 682
155 86
155 470
155 954
155 182
155 263
155 544
156 530
156 960
156 1127
156 30
156 1050
156 859
156 1028
156 106
156 48
156 554
157 901
158 342
158 885
158 164
159 947
159 878
159 1094
159 171
159 963
159 718
159 625
159 631
160 12
160 865
160 354
160 697
161 722
161 908
161 1
161 867
161 276
161 1065
161 831
161 917
161 1053
162 818
162 233
162 132
162 466
162 412
163 946
163 730
163 202
164 931
164 576
164 131
164 151
164 374
164 158
165 845
165 142
165 126
165 998
165 752
165 346
165 130
165 906
166 20
166 413
166 765
166 96
166 985
166 593
167 911
167 1067
167 805
167 190
167 310
167 524
168 370
168 103
168 355
169 452
169 673
169 795
169 436
169 1047
169 706
169 999
169 946
169 362
169 952
169 63
169 1068
169 202
169 628
169 339
169 832
169 778
169 852
169 445
169 182
169 940
169 730
169 376
169 1008
169 854
170 430
170 640
170 854
170 690
170 65
170 466
170 913
170 381
170 966
170 765
170 455
170 1096
170 1054
170 292
170 453
170 1103
171 1094
171 159
171 529
171 631
172 1126
172 1032
172 842
172 394
173 265
173 847
173 933
173 208
173 778
173 779
173 1128
173 530
173 297
173 1045
173 1019
173 586
173 429
173 20
173 1007
173 496
173 382
173 651
173 570
173 318
173 6
173 581
174 404
174 470
174 503
175 362
175 894
176 747
176 295
176 1016
176 231
176 860
177 867
177 475
177 179
177 144
177 6
177 941
178 537
178 381
178 1021
178 569
178 336
178 832
178 507
178 678
178 612
178 97
178 590
178 292
178 999
178 940
179 475
179 1103
179 177
179 244
179 902
179 1053
179 831
179 903
180 11
180 147
181 1013
182 222
182 695
182 656
182 1033
182 868
182 256
182 975
182 432
182 795
182 473
182 169
182 155
182 453
182 58
182 850
182 747
182 87
182 999
182 979
182 60
182 971
182 85
183 43
183 437
183 413
183 239
183 418
183 1056
183 894
183 67
183 568
183 679
183 667
183 470
183 93
183 805
183 1038
183 1083
183 613
183 587
184 627
184 587
184 519
184 765
184 1083
185 663
185 728
185 509
185 349
185 335
185 772
185 987
185 867
185 398
185 751
185 355
186 19
186 816
186 446
186 96
186 764
186 129
186 693
186 992
186 45
186 412
186 632
186 369
186 200
186 320
187 486
187 883
187 370
188 278
188 926
188 896
188 235
188 919
188 471
188 689
188 737
188 414
188 619
188 902
188 53
188 635
189 730
189 527
189 999
189 404
189 473
189 430
189 942
189 1052
189 1103
189 436
189 975
189 339
190 727
190 519
190 826
190 410
190 167
191 56
191 1089
191 991
191 658
191 465
191 1087
191 1012
191 1077
191 358
191 63
191 304
192 123
193 417
193 560
193 418
194 766
194 518
195 376
196 751
196 608
196 641
196 10
196 83
196 1095
196 6
196 1085
196 465
196 721
196 1047
196 1121
196 833
196 817
196 656
196 44
196 271
196 1115
196 809
196 63
196 740
197 1103
198 418
198 280
198 1022
198 448
198 346
198 766
199 237
200 186
200 412
200 428
201 1127
201 877
202 268
202 169
202 552
202 806
202 747
202 640
202 388
202 792
202 311
202 452
202 946
202 260
202 355
202 468
202 741
202 110
202 292
202 730
202 1043
202 886
202 424
202 285
202 1011
202 220
202 284
202 329
202 488
202 1052
202 163
202 854
202 436
202 457
202 44
202 795
203 1077
203 503
203 825
204 852
204 288
204 787
205 903
205 902
205 635
205 967
205 475
205 414
205 283
206 284
206 780
206 358
207 150
208 265
208 933
208 1128
208 1019
208 651
208 10
208 581
208 382
208 297
208 173
208 496
208 1007
208 6
209 881
210 778
210 537
210 10
211 809
211 432
211 285
211 58
211 657
211 807
211 424
211 453
211 608
212 372
212 257
212 333
212 821
213 979
213 720
213 376
213 110
213 852
213 730
213 1108
213 760
213 507
213 452
213 8
213 400
213 706
214 571
214 1047
214 1010
214 317
214 694
214 48
214 87
214 499
214 1001
214 930
214 664
214 47
214 488
215 624
215 917
216 778
216 628
217 711
218 79
218 974
219 381
219 598
219 259
219 1104
219 252
219 1103
219 292
220 1011
220 202
220 285
220 1074
221 28
222 445
222 759
222 62
222 493
222 1074
222 433
222 256
222 30
222 868
222 63
222 388
222 182
223 695
223 83
223 318
223 470
223 297
223 369
223 1092
223 1031
224 318
224 639
224 703
224 1002
224 889
224 939
224 633
224 812
224 640
224 108
224 74
224 144
224 601
224 771
224 501
224 573
224 774
225 470
226 765
226 931
226 879
226 579
226 360
226 522
226 600
226 675
226 1075
226 568
226 782
226 62
226 289
226 362
226 404
227 939
227 437
227 807
227 87
227 603
227 278
227 619
227 1020
227 986
227 490
227 65
227 853
227 404
227 604
227 1019
227 399
227 659
227 865
227 750
228 560
228 637
228 449
228 626
228 81
228 355
228 974
228 866
228 931
228 241
228 789
229 1068
230 30
230 275
230 103
230 957
230 665
231 413
231 381
231 597
231 705
231 988
231 673
231 252
231 695
231 837
231 176
231 403
231 644
231 28
232 649
232 863
232 336
232 471
232 400
233 143
233 470
233 162
233 818
233 1031
233 412
233 1082
233 362
233 503
233 374
233 985
234 1031
234 534
234 524
234 374
234 413
234 315
234 1
234 777
234 1053
234 917
234 526
234 910
235 75
235 188
235 737
235 919
236 729
236 942
236 854
237 682
237 966
237 199
238 499
239 998
239 1057
239 15
239 142
239 183
239 348
239 766
239 448
239 500
239 413
239 754
239 283
239 518
239 845
239 89
240 384
240 913
241 938
241 974
241 766
241 880
241 637
241 73
241 346
241 228
242 663
243 975
244 1053
244 386
244 475
244 917
244 511
244 245
244 616
244 831
244 351
244 1112
244 967
244 414
244 179
244 908
244 867
245 919
245 413
245 1031
245 867
245 244
245 903
245 419
245 840
245 130
245 1053
245 538
246 612
246 67
246 706
246 445
246 537
246 650
246 457
246 760
247 446
247 1106
248 955
248 720
249 256
249 678
250 381
250 1103
251 595
251 871
251 832
251 424
252 833
252 381
252 105
252 1103
252 673
252 837
252 677
252 28
252 915
252 707
252 145
252 298
252 219
252 607
252 565
252 1082
252 563
252 488
252 66
252 1113
252 27
252 75
252 131
252 231
252 695
252 93
252 597
252 502
252 644
252 678
252 1031
252 1029
253 48
253 1078
253 511
253 549
253 461
253 1051
253 1116
253 39
253 769
254 54
254 362
255 984
255 1071
255 860
255 558
255 865
255 374
255 685
255 381
255 287
256 385
256 1105
256 854
256 424
256 1033
256 741
256 182
256 249
256 388
256 416
256 222
256 795
257 212
258 513
258 851
258 694
259 219
259 105
259 770
259 1103
259 582
260 741
260 339
260 795
260 1011
260 1105
260 473
260 512
260 1056
260 854
260 886
260 202
260 53
260 614
260 268
260 409
260 350
260 329
260 292
260 946
260 140
260 832
260 284
261 599
262 1079
262 499
262 297
262 268
262 562
262 278
262 69
262 379
262 30
262 425
262 263
262 20
262 672
262 127
262 429
262 933
262 554
262 531
262 1051
262 731
262 1129
262 91
262 571
262 1010
262 599
262 580
262 87
262 861
262 1001
262 47
262 691
263 1096
263 535
263 771
263 386
263 988
263 794
263 416
263 564
263 795
263 144
263 854
263 678
263 37
263 131
263 384
263 128
263 1106
263 96
263 20
263 356
263 933
263 766
263 1023
263 929
263 533
263 593
263 531
263 466
263 1002
263 773
263 707
263 45
263 580
263 1031
263 575
263 711
263 262
263 86
263 736
263 155
263 506
263 925
263 565
264 511
264 1051
264 1078
265 173
265 297
265 1007
265 208
265 651
265 1128
265 6
265 581
265 1019
265 496
265 933
265 572
266 921
266 801
266 370
266 547
266 575
266 865
266 1099
266 711
266 424
266 412
266 299
266 3
266 935
266 989
266 1085
266 972
266 741
266 640
266 63
266 639
266 701
266 360
266 755
266 315
266 574
266 666
266 860
266 792
266 333
266 418
266 894
266 1001
266 105
266 891
266 490
266 809
267 64
267 277
267 980
267 1053
268 262
268 812
268 260
268 1074
268 74
268 63
268 202
268 1011
268 730
268 946
268 794
269 381
269 131
269 105
269 28
269 1113
269 787
269 356
269 1103
269 988
269 707
270 894
270 908
270 599
271 434
271 920
271 1019
271 877
271 769
271 496
271 196
271 1047
272 685
272 872
272 31
273 395
274 642
274 553
274 1033
274 63
274 311
275 146
275 382
275 230
275 1048
275 511
275 286
275 571
275 721
275 488
275 106
275 941
275 1001
275 1128
276 936
276 48
276 161
276 1115
276 497
276 545
277 423
277 692
277 519
277 312
277 90
277 16
277 458
277 1096
277 612
277 267
277 20
278 737
278 389
278 48
278 889
278 35
278 794
278 814
278 227
278 777
278 1100
278 144
278 531
278 798
278 262
278 942
278 788
278 475
278 765
278 1
278 315
278 534
278 188
278 524
279 11
280 710
280 61
280 420
280 890
280 887
280 468
280 1123
280 495
280 910
280 1022
280 418
280 198
280 757
280 35
280 647
280 448
281 602
281 683
281 55
281 321
281 14
281 453
282 546
282 150
282 610
282 71
282 738
283 239
283 670
283 205
283 635
283 866
283 518
283 534
283 61
283 1100
283 554
283 967
283 903
283 35
283 526
283 130
283 974
283 902
284 946
284 717
284 920
284 610
284 730
284 260
284 617
284 834
284 123
284 756
284 292
284 590
284 350
284 760
284 206
284 8
284 548
284 202
284 376
284 857
284 112
284 359
284 628
284 445
284 1011
285 759
285 65
285 598
285 211
285 640
285 388
285 795
285 854
285 424
285 1077
285 979
285 202
285 220
285 1016
286 275
287 530
287 553
287 255
287 476
287 641
287 63
287 512
287 895
287 792
287 794
287 433
287 96
287 716
287 488
287 643
287 713
287 485
287 888
287 1087
287 135
287 77
287 493
287 571
288 368
288 884
288 806
288 924
288 204
288 764
288 455
288 699
288 682
288 536
288 850
288 954
288 328
288 641
288 577
288 958
289 1085
289 392
289 1060
289 305
289 721
289 226
289 315
289 1047
289 679
289 1013
289 736
289 1043
289 627
290 86
290 589
290 742
290 823
290 660
290 348
290 330
290 623
291 134
292 985
292 1108
292 311
292 1054
292 381
292 939
292 787
292 1008
292 298
292 598
292 376
292 640
292 590
292 577
292 339
292 326
292 123
292 436
292 1052
292 513
292 756
292 760
292 628
292 717
292 170
292 873
292 946
292 953
292 178
292 219
292 284
292 730
292 854
292 507
292 388
292 1096
292 260
292 453
292 473
292 871
292 10
292 1103
292 389
292 747
292 893
292 202
292 720
292 445
292 1043
292 8
292 466
293 892
294 112
294 759
294 618
294 381
294 753
294 14
294 445
294 896
294 542
295 436
295 548
295 381
295 1077
295 610
295 445
295 920
295 329
295 176
295 452
296 124
296 951
296 849
296 347
296 108
296 650
296 1045
296 23
296 691
296 297
296 125
296 37
296 48
296 779
296 488
296 877
296 122
296 1059
296 882
297 1047
297 933
297 1128
297 794
297 1019
297 265
297 691
297 651
297 362
297 382
297 581
297 296
297 859
297 530
297 1007
297 570
297 496
297 223
297 6
297 721
297 47
297 262
297 37
297 208
297 847
297 173
297 488
298 1103
298 252
298 607
298 1054
298 128
298 598
298 787
298 292
299 1060
299 266
299 79
299 701
299 630
299 623
299 894
299 546
299 71
299 369
299 583
299 355
299 137
299 2
299 972
300 349
300 386
300 1057
300 505
300 982
300 801
300 307
300 599
300 564
300 390
300 682
300 128
300 54
301 1071
301 865
302 65
302 388
302 1043
302 552
302 708
303 656
303 787
304 52
304 991
304 1089
304 191
305 490
305 739
305 972
305 315
305 765
305 65
305 404
305 989
305 289
305 51
305 913
305 568
306 642
307 506
307 505
307 1101
307 54
307 95
307 300
307 682
307 696
307 386
307 390
307 564
307 686
308 771
308 1082
308 6
308 502
308 318
308 48
308 900
308 1073
308 1031
308 65
308 1083
308 1045
308 478
308 1104
308 872
308 440
308 1092
308 125
308 1040
308 639
309 860
309 640
309 315
309 6
310 167
310 911
310 20
311 292
311 553
311 274
311 416
311 202
311 730
311 602
311 771
312 1084
312 826
312 90
312 277
312 1032
312 362
312 423
312 372
312 966
312 613
312 16
313 1082
313 818
314 528
314 878
315 371
315 414
315 475
315 266
315 360
315 490
315 374
315 491
315 737
315 734
315 777
315 234
315 65
315 456
315 1074
315 524
315 404
315 333
315 534
315 518
315 908
315 305
315 635
315 838
315 2
315 640
315 278
315 765
315 309
315 967
315 289
315 798
315 990
316 74
316 580
316 358
317 488
317 571
317 499
317 87
317 1047
317 930
317 214
317 48
317 1001
317 429
317 664
317 1019
317 511
318 173
318 308
318 1019
318 511
318 1045
318 440
318 447
318 570
318 404
318 665
318 771
318 1002
318 125
318 427
318 37
318 778
318 382
318 77
318 941
318 108
318 48
318 488
318 748
318 223
318 103
318 224
318 691
318 664
319 357
319 939
319 770
319 1031
319 1024
319 598
319 985
319 640
319 1096
319 466
319 796
319 105
320 29
320 186
320 765
320 96
320 20
320 525
320 753
320 128
320 412
320 428
320 809
320 711
320 45
321 281
322 123
323 1012
323 834
323 411
323 991
323 52
324 823
324 686
324 770
324 747
324 966
324 392
324 525
324 909
324 742
324 623
324 414
325 775
325 679
326 8
326 843
326 740
326 292
326 720
326 339
327 350
327 771
328 1093
328 288
328 584
328 404
328 641
329 260
329 295
329 940
329 552
329 975
329 795
329 202
329 854
330 290
330 966
331 977
332 894
332 470
332 903
332 878
333 3
333 63
333 390
333 413
333 809
333 985
333 980
333 339
333 754
333 1092
333 2
333 662
333 470
333 315
333 266
333 1063
333 212
333 418
333 770
333 661
333 412
333 568
333 587
333 1085
334 890
334 468
334 887
334 1087
335 404
335 987
335 185
335 505
335 503
335 713
335 155
335 608
335 117
336 339
336 471
336 920
336 8
336 178
336 569
336 232
336 445
336 406
336 400
336 977
336 940
336 97
336 863
336 760
336 999
336 756
336 123
337 130
337 102
337 1091
337 149
337 1070
337 139
337 754
338 74
338 700
339 189
339 260
339 863
339 871
339 999
339 792
339 730
339 359
339 720
339 946
339 655
339 1011
339 362
339 628
339 747
339 1052
339 868
339 940
339 326
339 1061
339 333
339 832
339 1031
339 445
339 577
339 756
339 169
339 336
339 942
339 850
339 457
339 854
339 521
339 436
339 366
339 376
339 292
340 404
340 765
340 671
340 749
341 470
341 878
341 117
341 19
342 1073
342 545
342 158
342 645
343 1054
344 703
344 37
344 721
344 147
344 779
344 23
344 650
344 11
344 849
344 951
345 713
345 818
345 3
345 578
345 155
345 1082
345 699
345 520
345 666
345 765
345 772
345 1031
345 961
346 130
346 824
346 165
346 102
346 241
346 974
346 626
346 880
346 560
346 64
346 418
346 766
346 198
347 125
347 721
347 296
347 1026
347 951
348 239
348 730
348 845
348 644
348 568
348 290
348 1057
348 988
348 641
348 735
348 413
349 185
349 682
349 505
349 885
349 390
349 300
350 825
350 327
350 963
350 402
350 733
350 260
350 411
350 284
351 475
351 244
352 674
353 357
353 561
353 79
354 160
354 738
355 976
355 954
355 96
355 578
355 185
355 202
355 168
355 671
355 481
355 854
355 575
355 640
355 1070
355 372
355 675
355 398
355 765
355 228
355 1060
355 999
355 409
355 299
356 1113
356 269
356 1103
356 707
356 607
356 131
356 381
356 263
356 988
357 1054
357 690
357 640
357 1095
357 319
357 353
357 939
358 52
358 1060
358 905
358 206
358 191
358 812
358 416
358 531
358 1077
358 573
358 316
358 57
359 965
359 756
359 339
359 453
359 284
359 920
359 58
360 675
360 427
360 315
360 266
360 737
360 73
360 579
360 671
360 132
360 754
360 413
360 472
360 396
360 470
360 695
360 916
360 226
361 83
361 839
362 854
362 983
362 312
362 765
362 519
362 169
362 878
362 442
362 568
362 1083
362 390
362 297
362 536
362 96
362 772
362 587
362 412
362 711
362 97
362 691
362 226
362 254
362 686
362 987
362 339
362 1031
362 564
362 812
362 770
362 1047
362 608
362 233
362 807
362 175
362 1121
363 724
363 406
363 123
363 794
363 573
363 843
364 1126
365 71
365 819
366 477
366 795
366 1052
366 1074
366 436
366 473
366 756
366 339
366 1033
366 678
366 747
366 66
366 854
366 388
366 730
366 614
367 771
367 573
368 616
368 983
368 806
368 288
368 768
368 1119
368 536
368 958
368 1095
368 1016
369 73
369 223
369 470
369 589
369 675
369 676
369 667
369 889
369 730
369 520
369 1082
369 885
369 587
369 764
369 732
369 644
369 105
369 575
369 186
369 660
369 568
369 711
369 299
369 942
369 1118
370 805
370 168
370 883
370 870
370 133
370 392
370 266
370 679
370 685
370 804
370 187
371 315
371 903
371 475
371 777
371 737
371 908
371 518
371 524
371 635
372 1060
372 413
372 433
372 19
372 355
372 1047
372 809
372 312
372 212
372 374
372 935
373 402
373 411
373 875
373 825
373 491
373 733
374 384
374 907
374 986
374 888
374 47
374 945
374 418
374 234
374 106
374 754
374 132
374 749
374 909
374 412
374 51
374 615
374 1019
374 901
374 255
374 424
374 315
374 798
374 372
374 164
374 661
374 1087
374 878
374 512
374 1052
374 233
374 469
375 629
375 466
375 503
375 793
376 730
376 195
376 284
376 1008
376 110
376 169
376 837
376 705
376 452
376 673
376 339
376 213
376 292
376 597
377 64
377 845
378 694
378 895
379 889
379 814
379 794
379 861
379 788
379 262
380 666
380 1065
381 255
381 964
381 292
381 294
381 295
381 873
381 515
381 466
381 1054
381 1104
381 707
381 269
381 231
381 219
381 453
381 356
381 988
381 939
381 598
381 178
381 170
381 604
381 605
381 832
381 1103
381 250
381 424
381 912
381 252
381 833
382 1001
382 275
382 173
382 1087
382 807
382 208
382 63
382 861
382 318
382 586
382 1019
382 37
382 1030
382 6
382 838
382 721
382 297
382 941
382 691
382 530
383 898
384 884
384 19
384 374
384 818
384 1025
384 128
384 1082
384 958
384 263
384 9
384 240
385 1105
385 79
385 256
386 244
386 682
386 867
386 263
386 390
386 300
386 307
386 599
386 1056
386 155
386 505
386 506
387 45
387 612
387 769
388 730
388 424
388 886
388 850
388 868
388 202
388 720
388 1031
388 792
388 302
388 832
388 642
388 366
388 854
388 453
388 455
388 58
388 285
388 457
388 795
388 403
388 1043
388 256
388 292
388 443
388 222
389 1074
389 404
389 868
389 473
389 854
389 602
389 488
389 292
389 942
389 567
389 69
389 278
389 580
390 2
390 403
390 3
390 472
390 505
390 398
390 54
390 544
390 474
390 506
390 685
390 386
390 762
390 966
390 307
390 575
390 1101
390 564
390 682
390 300
390 333
390 702
390 349
390 1092
390 95
390 801
390 362
390 885
391 480
391 498
391 96
391 753
392 289
392 519
392 804
392 805
392 324
392 370
392 666
392 696
392 679
393 63
393 1017
393 686
394 878
394 1126
394 1032
394 822
394 172
395 697
395 884
395 5
395 65
395 273
396 360
396 1117
396 770
396 578
397 824
397 418
397 63
397 945
398 185
398 708
398 355
398 413
398 587
398 481
398 390
398 662
398 749
398 921
398 155
399 939
399 853
399 227
400 213
400 336
400 471
400 628
400 979
400 730
400 756
400 863
400 1108
400 720
400 232
401 599
401 447
402 411
402 350
402 373
402 963
402 875
402 599
402 733
402 441
402 1122
402 472
402 825
403 575
403 661
403 949
403 152
403 469
403 1031
403 105
403 1082
403 985
403 611
403 231
403 664
403 418
403 1000
403 987
403 470
403 1104
403 390
403 388
403 1073
404 1071
404 107
404 1070
404 659
404 128
404 987
404 174
404 315
404 65
404 521
404 678
404 1047
404 490
404 807
404 623
404 96
404 940
404 227
404 622
404 525
404 389
404 447
404 531
404 318
404 340
404 939
404 809
404 328
404 189
404 730
404 853
404 81
404 734
404 305
404 894
404 512
404 575
404 675
404 635
404 948
404 226
404 105
404 796
404 413
404 640
404 872
404 335
404 1001
405 482
405 643
405 554
405 838
405 1048
406 778
406 756
406 863
406 363
406 336
406 724
407 503
407 947
408 418
409 260
409 763
409 355
409 1074
410 524
410 190
411 825
411 441
411 373
411 402
411 733
411 1122
411 350
411 323
412 816
412 503
412 753
412 912
412 320
412 786
412 333
412 613
412 609
412 599
412 693
412 129
412 362
412 266
412 19
412 186
412 1130
412 1014
412 959
412 685
412 557
412 162
412 878
412 153
412 45
412 200
412 764
412 374
412 96
412 428
412 233
413 741
413 64
413 231
413 465
413 749
413 1047
413 807
413 73
413 660
413 166
413 557
413 608
413 333
413 481
413 935
413 845
413 662
413 892
413 245
413 89
413 398
413 894
413 360
413 568
413 437
413 183
413 239
413 587
413 765
413 671
413 1057
413 234
413 448
413 372
413 966
413 31
413 348
413 404
413 77
414 244
414 840
414 1067
414 635
414 205
414 324
414 902
414 967
414 903
414 188
414 315
414 524
415 488
415 721
415 643
415 547
416 985
416 597
416 1096
416 358
416 256
416 939
416 311
416 931
416 892
416 263
417 73
417 890
417 193
418 183
418 198
418 647
418 766
418 887
418 619
418 397
418 1123
418 193
418 448
418 374
418 710
418 824
418 468
418 560
418 346
418 408
418 403
418 61
418 974
418 266
418 333
418 910
418 280
418 1088
418 744
419 919
419 908
419 245
419 130
420 280
421 578
421 475
421 493
421 802
421 682
421 525
422 737
422 66
422 1104
423 312
423 458
423 277
423 1040
424 946
424 87
424 975
424 795
424 854
424 374
424 685
424 432
424 381
424 1095
424 730
424 426
424 266
424 920
424 520
424 455
424 430
424 735
424 473
424 436
424 457
424 251
424 256
424 202
424 211
424 978
424 285
424 892
424 1092
424 388
424 110
424 58
425 1010
425 87
425 554
425 262
425 1129
425 529
425 91
426 470
426 627
426 1082
426 518
426 105
426 424
426 1092
426 743
426 935
426 675
426 947
427 318
427 360
428 45
428 753
428 412
428 609
428 320
428 200
428 498
429 1051
429 262
429 572
429 1047
429 731
429 499
429 529
429 571
429 87
429 173
429 672
429 317
430 577
430 189
430 634
430 737
430 874
430 65
430 450
430 424
430 787
430 657
430 105
430 473
430 170
430 730
430 10
430 490
431 797
432 795
432 182
432 685
432 965
432 602
432 58
432 934
432 211
432 874
432 735
432 424
432 1069
432 978
432 979
432 1043
432 55
432 453
432 854
433 493
433 552
433 63
433 222
433 1083
433 947
433 694
433 989
433 739
433 792
433 1016
433 939
433 79
433 1043
433 287
433 96
433 372
433 488
433 525
433 455
434 271
434 877
434 1059
434 867
434 1026
435 641
436 979
436 202
436 366
436 292
436 73
436 747
436 975
436 1033
436 892
436 169
436 765
436 424
436 453
436 636
436 678
436 295
436 339
436 58
436 730
436 189
436 832
437 931
437 939
437 853
437 685
437 525
437 534
437 227
437 183
437 640
437 818
437 1105
437 413
437 1063
437 690
437 894
437 741
437 1054
438 535
439 1073
439 65
440 318
440 1092
440 308
440 960
440 125
440 985
441 733
441 402
441 599
441 411
441 825
442 103
442 362
443 388
443 548
443 977
443 106
443 975
443 1052
443 1021
443 854
443 717
444 33
444 966
445 97
445 868
445 110
445 548
445 169
445 854
445 292
445 628
445 336
445 920
445 339
445 295
445 717
445 760
445 577
445 946
445 284
445 832
445 857
445 123
445 590
445 940
445 871
445 747
445 8
445 10
445 999
445 246
445 222
445 610
445 294
446 247
446 186
446 45
446 529
447 960
447 666
447 404
447 83
447 691
447 401
447 1045
447 839
447 496
447 456
447 63
447 1051
447 318
447 1019
448 551
448 766
448 198
448 1022
448 418
448 239
448 280
448 130
448 413
448 619
449 754
449 866
449 228
450 430
451 507
452 1042
452 202
452 295
452 760
452 14
452 376
452 169
452 977
452 920
452 795
452 110
452 946
452 599
452 940
452 453
452 705
452 610
452 730
452 455
452 473
452 852
452 213
453 10
453 182
453 730
453 463
453 211
453 436
453 359
453 871
453 292
453 1029
453 281
453 795
453 432
453 388
453 170
453 381
453 1103
453 55
453 1003
453 979
453 598
453 58
453 720
453 939
453 602
453 452
454 1119
455 854
455 288
455 63
455 585
455 1047
455 720
455 452
455 740
455 433
455 65
455 388
455 669
455 170
455 424
455 1080
455 894
456 1020
456 854
456 315
456 1114
456 721
456 1001
456 447
456 457
457 1016
457 1052
457 424
457 339
457 246
457 577
457 795
457 388
457 1103
457 1074
457 202
457 456
458 423
458 277
458 90
459 940
460 1031
460 900
461 769
461 549
461 1078
461 253
461 488
461 87
461 977
461 572
461 48
461 1051
462 916
463 453
464 716
465 1012
465 809
465 666
465 490
465 196
465 771
465 991
465 837
465 191
465 413
465 77
465 1089
465 923
465 1085
465 850
465 535
465 476
465 151
465 1047
466 690
466 863
466 903
466 1082
466 1046
466 292
466 642
466 263
466 640
466 381
466 375
466 1054
466 129
466 753
466 170
466 1096
466 128
466 625
466 470
466 836
466 622
466 319
466 985
466 17
466 162
467 552
467 519
468 334
468 202
468 61
468 890
468 480
468 418
468 280
468 887
469 967
469 520
469 374
469 685
469 403
470 426
470 143
470 132
470 503
470 765
470 233
470 174
470 878
470 332
470 333
470 17
470 1031
470 341
470 369
470 466
470 2
470 360
470 685
470 183
470 223
470 403
470 225
470 574
470 155
471 336
471 400
471 756
471 807
471 28
471 232
471 8
471 920
471 751
471 977
471 863
471 188
472 646
472 360
472 51
472 402
472 613
472 891
472 934
472 1073
472 1087
472 67
472 6
472 548
472 888
472 28
472 901
472 390
472 507
472 1127
473 999
473 893
473 452
473 260
473 975
473 1052
473 366
473 737
473 182
473 832
473 29
473 292
473 389
473 430
473 8
473 812
473 65
473 760
473 189
473 747
473 1033
473 569
473 424
473 123
473 892
473 795
474 390
474 966
475 798
475 908
475 801
475 1112
475 77
475 371
475 1100
475 530
475 937
475 663
475 898
475 244
475 518
475 928
475 278
475 315
475 37
475 867
475 623
475 79
475 961
475 524
475 421
475 40
475 526
475 205
475 777
475 179
475 351
475 534
475 737
475 954
475 177
475 635
476 894
476 643
476 645
476 923
476 465
476 287
476 1073
476 943
477 366
477 795
477 610
478 1031
478 308
479 1027
480 485
480 63
480 79
480 89
480 854
480 541
480 894
480 822
480 468
480 391
480 10
480 24
480 888
481 398
481 413
481 355
482 405
482 554
483 585
483 795
483 31
483 1118
484 31
484 893
485 1033
485 287
485 480
485 678
485 1087
486 187
486 883
486 804
486 599
487 894
487 1047
488 317
488 1087
488 894
488 1051
488 490
488 296
488 1045
488 108
488 37
488 461
488 415
488 13
488 77
488 214
488 1047
488 838
488 779
488 297
488 275
488 48
488 639
488 989
488 1092
488 433
488 1002
488 6
488 1001
488 549
488 511
488 318
488 202
488 685
488 287
488 389
488 252
489 766
489 105
490 315
490 465
490 525
490 266
490 807
490 734
490 1047
490 854
490 404
490 686
490 305
490 430
490 765
490 31
490 853
490 51
490 640
490 227
490 65
490 641
490 721
490 809
490 739
490 488
490 659
490 1010
490 1060
490 983
491 817
491 676
491 950
491 1015
491 908
491 733
491 528
491 373
491 875
491 315
491 972
492 642
493 63
493 287
493 1087
493 854
493 96
493 755
493 79
493 106
493 794
493 888
493 552
493 968
493 889
493 766
493 571
493 949
493 421
493 553
493 433
493 222
493 895
494 1092
494 31
495 678
495 280
496 829
496 125
496 271
496 511
496 173
496 1019
496 6
496 447
496 297
496 581
496 265
496 1128
496 838
496 37
496 106
496 530
496 208
496 933
496 651
496 1007
497 1115
497 547
497 276
498 391
498 129
498 753
498 609
498 17
498 428
498 20
498 45
499 317
499 262
499 940
499 571
499 572
499 1129
499 1047
499 238
499 87
499 429
499 930
499 214
499 664
499 672
499 11
499 731
500 239
500 533
500 916
500 89
500 845
501 224
501 2
502 66
502 308
502 252
502 964
502 833
502 93
502 145
502 27
502 787
502 644
502 565
502 732
503 594
503 203
503 470
503 786
503 609
503 19
503 95
503 412
503 1055
503 894
503 155
503 557
503 174
503 233
503 1046
503 375
503 38
503 505
503 335
503 407
503 668
504 642
505 307
505 506
505 966
505 386
505 3
505 54
505 390
505 682
505 1101
505 335
505 28
505 503
505 349
505 300
505 801
506 307
506 675
506 1101
506 682
506 390
506 505
506 263
506 386
506 95
506 702
506 532
506 564
506 728
507 720
507 292
507 572
507 612
507 628
507 965
507 451
507 706
507 8
507 472
507 213
507 1108
507 178
507 53
507 778
507 110
508 865
509 185
509 130
510 1039
511 608
511 48
511 244
511 253
511 1019
511 488
511 39
511 317
511 318
511 496
511 264
511 849
511 1051
511 1128
511 778
511 275
511 664
511 125
512 659
512 374
512 10
512 854
512 51
512 570
512 553
512 778
512 1051
512 6
512 260
512 287
512 1087
512 530
512 620
512 1045
512 404
512 642
513 1071
513 116
513 558
513 12
513 851
513 292
513 258
514 1105
514 707
515 381
516 1105
517 728
517 1104
518 553
518 626
518 35
518 283
518 239
518 737
518 777
518 1100
518 315
518 534
518 524
518 426
518 560
518 974
518 194
518 938
518 371
518 798
518 824
518 475
518 908
518 866
518 130
518 15
518 635
518 902
519 392
519 277
519 1047
519 64
519 16
519 666
519 826
519 190
519 184
519 362
519 966
519 467
520 1064
520 832
520 1016
520 469
520 1051
520 424
520 345
520 369
520 674
520 1083
520 818
520 850
520 1031
520 770
520 570
521 404
521 339
521 659
522 226
522 1031
523 697
523 1066
523 912
523 41
523 969
523 641
523 116
523 893
524 1067
524 534
524 65
524 414
524 1100
524 737
524 475
524 278
524 410
524 696
524 518
524 167
524 908
524 635
524 234
524 840
524 315
524 777
524 371
525 96
525 641
525 741
525 69
525 1047
525 490
525 858
525 698
525 640
525 931
525 809
525 433
525 320
525 1096
525 713
525 637
525 1016
525 437
525 552
525 899
525 1009
525 972
525 421
525 404
525 1088
525 324
525 553
526 1053
526 967
526 283
526 234
526 475
527 893
527 189
527 1103
528 848
528 903
528 625
528 878
528 963
528 314
528 676
528 491
529 425
529 1010
529 446
529 554
529 1129
529 91
529 171
529 87
529 429
529 571
530 651
530 173
530 512
530 287
530 156
530 1019
530 581
530 6
530 475
530 778
530 37
530 496
530 570
530 1128
530 382
530 297
531 1020
531 278
531 700
531 262
531 50
531 1098
531 889
531 263
531 404
531 942
531 956
531 358
531 77
531 794
531 580
531 57
532 506
532 885
532 728
532 564
533 789
533 865
533 754
533 782
533 741
533 1105
533 824
533 263
533 79
533 500
534 737
534 1104
534 967
534 1100
534 777
534 908
534 939
534 518
534 640
534 315
534 283
534 524
534 616
534 234
534 690
534 437
534 278
534 475
534 603
534 1054
534 1
535 972
535 1106
535 151
535 37
535 908
535 96
535 263
535 958
535 545
535 465
535 821
535 63
535 438
535 134
535 892
535 2
535 797
536 59
536 362
536 288
536 368
536 1029
536 1063
536 616
536 806
537 1108
537 760
537 10
537 246
537 706
537 854
537 178
537 210
538 919
538 245
538 840
538 130
539 854
539 747
539 24
539 10
539 924
539 832
539 8
539 628
539 760
540 721
540 125
541 57
541 480
541 1087
541 77
541 700
541 774
542 294
542 14
543 931
543 972
544 390
544 954
544 155
544 701
544 928
544 660
544 846
545 276
545 342
545 685
545 575
545 914
545 1065
545 535
545 763
545 874
545 983
545 894
545 1031
545 1115
545 1083
546 299
546 71
546 150
546 282
546 137
547 1047
547 936
547 415
547 826
547 497
547 266
547 641
548 844
548 760
548 112
548 445
548 717
548 554
548 946
548 140
548 893
548 747
548 8
548 284
548 295
548 871
548 472
548 443
548 655
548 610
548 654
549 1051
549 39
549 253
549 48
549 461
549 488
549 1078
550 954
550 696
551 448
552 1043
552 433
552 792
552 854
552 302
552 493
552 63
552 329
552 525
552 467
552 65
552 553
552 202
553 792
553 287
553 685
553 854
553 525
553 512
553 106
553 1016
553 1087
553 63
553 518
553 274
553 552
553 493
553 311
554 529
554 283
554 482
554 106
554 548
554 425
554 262
554 30
554 405
554 156
554 859
554 755
554 760
555 96
556 684
557 503
557 413
557 412
558 116
558 864
558 513
558 725
558 641
558 584
558 796
558 72
558 634
558 1071
558 12
558 697
558 255
559 77
560 766
560 2
560 193
560 228
560 824
560 891
560 130
560 64
560 89
560 916
560 346
560 884
560 418
560 781
560 518
561 698
561 353
561 765
561 117
561 815
561 90
562 87
562 37
562 571
562 262
562 664
562 838
562 586
562 48
563 252
564 931
564 532
564 1077
564 885
564 307
564 894
564 806
564 390
564 362
564 263
564 300
564 506
564 54
564 966
564 682
564 154
564 884
564 96
565 252
565 964
565 105
565 644
565 502
565 263
565 145
566 666
566 931
566 686
567 389
568 183
568 1056
568 749
568 362
568 305
568 369
568 935
568 1083
568 413
568 333
568 2
568 1057
568 845
568 587
568 685
568 348
568 226
568 1031
568 708
568 39
569 1021
569 97
569 336
569 730
569 999
569 940
569 717
569 760
569 473
569 706
569 178
570 1128
570 778
570 1019
570 173
570 850
570 530
570 318
570 520
570 297
570 586
570 512
570 6
571 275
571 87
571 1047
571 429
571 262
571 572
571 930
571 214
571 529
571 664
571 562
571 287
571 499
571 20
571 1051
571 493
571 63
571 586
571 317
571 614
571 91
571 1087
571 1079
571 599
572 672
572 499
572 91
572 664
572 507
572 429
572 265
572 731
572 1129
572 461
572 571
573 580
573 748
573 363
573 144
573 601
573 367
573 358
573 905
573 1055
573 889
573 771
573 639
573 1002
573 784
573 767
573 108
573 77
573 774
573 1092
573 224
573 68
573 1020
573 814
573 57
573 812
574 698
574 625
574 947
574 878
574 808
574 1077
574 18
574 266
574 894
574 470
574 983
574 1097
574 63
575 263
575 734
575 679
575 935
575 149
575 646
575 1091
575 667
575 678
575 29
575 685
575 696
575 355
575 404
575 266
575 4
575 403
575 795
575 2
575 832
575 390
575 730
575 369
575 836
575 545
576 797
576 676
576 164
576 7
576 151
577 339
577 292
577 445
577 1108
577 617
577 430
577 457
577 1092
577 106
577 288
578 155
578 711
578 421
578 345
578 65
578 355
578 666
578 682
578 396
578 928
578 1060
578 606
579 226
579 1092
579 360
580 57
580 263
580 144
580 812
580 1020
580 77
580 531
580 262
580 700
580 1077
580 573
580 69
580 1060
580 788
580 956
580 639
580 774
580 389
580 771
580 316
580 740
580 1023
580 794
581 496
581 933
581 208
581 173
581 1128
581 530
581 1007
581 1019
581 6
581 297
581 265
582 136
582 1083
582 259
582 994
582 770
583 90
583 1040
583 299
583 44
583 980
583 826
584 888
584 697
584 12
584 558
584 328
585 483
585 720
585 455
585 602
585 14
586 173
586 711
586 1019
586 382
586 1001
586 1048
586 941
586 6
586 562
586 73
586 838
586 570
586 1045
586 571
586 694
587 369
587 568
587 627
587 398
587 362
587 972
587 1096
587 894
587 64
587 662
587 413
587 134
587 333
587 183
587 184
587 713
587 1056
587 749
588 93
589 290
589 369
590 292
590 717
590 445
590 1077
590 284
590 178
590 940
590 999
590 97
590 843
590 654
590 857
591 719
591 853
592 854
593 1106
593 263
593 166
593 20
593 1023
593 929
594 503
595 251
596 1060
596 77
596 57
596 771
597 416
597 63
597 32
597 231
597 837
597 673
597 677
597 252
597 964
597 20
597 376
598 381
598 319
598 1066
598 285
598 1103
598 1104
598 128
598 453
598 292
598 770
598 994
598 1054
598 298
598 219
598 654
598 105
599 822
599 1065
599 261
599 43
599 441
599 45
599 766
599 825
599 262
599 386
599 871
599 270
599 486
599 668
599 91
599 653
599 851
599 300
599 412
599 19
599 854
599 1101
599 742
599 25
599 108
599 720
599 452
599 678
599 571
599 954
599 402
599 153
599 401
599 807
600 226
601 50
601 224
601 1060
601 1002
601 639
601 108
601 748
601 573
602 432
602 311
602 978
602 453
602 585
602 281
602 55
602 893
602 725
602 389
603 902
603 534
603 227
604 227
604 381
604 618
605 131
605 1113
605 833
605 915
605 381
606 578
607 1104
607 252
607 298
607 356
607 964
607 787
608 671
608 63
608 1047
608 211
608 413
608 663
608 511
608 196
608 889
608 335
608 765
608 362
608 796
609 45
609 412
609 498
609 428
609 753
609 503
610 445
610 284
610 678
610 920
610 282
610 477
610 452
610 871
610 852
610 8
610 295
610 705
610 110
610 760
610 548
610 717
610 756
610 112
610 738
610 1068
611 878
611 909
611 741
611 105
611 1082
611 403
612 77
612 682
612 507
612 387
612 1077
612 178
612 108
612 277
612 854
612 246
613 183
613 472
613 106
613 412
613 312
613 798
614 366
614 571
614 260
615 374
615 1073
615 34
616 902
616 806
616 536
616 244
616 84
616 368
616 534
616 967
617 577
617 284
617 859
618 294
618 604
619 891
619 89
619 448
619 227
619 789
619 1082
619 98
619 418
619 188
619 990
619 818
619 766
619 1031
619 61
619 765
620 888
620 512
621 65
622 466
622 404
623 1057
623 928
623 701
623 713
623 1060
623 3
623 966
623 155
623 742
623 90
623 646
623 826
623 686
623 299
623 96
623 972
623 790
623 404
623 324
623 711
623 475
623 290
624 215
625 159
625 1046
625 466
625 528
625 878
625 1126
625 574
626 346
626 139
626 949
626 126
626 518
626 228
627 675
627 1072
627 671
627 587
627 865
627 935
627 426
627 96
627 289
627 184
627 64
628 539
628 507
628 1108
628 946
628 110
628 169
628 706
628 717
628 445
628 854
628 292
628 216
628 720
628 975
628 339
628 284
628 8
628 400
629 813
629 375
629 753
630 299
631 171
631 1126
631 159
631 37
631 1094
632 753
632 186
633 224
633 639
633 771
634 864
634 430
634 113
634 912
634 641
634 697
634 558
635 734
635 404
635 524
635 518
635 1031
635 1118
635 475
635 1100
635 371
635 903
635 205
635 902
635 741
635 414
635 283
635 967
635 315
635 777
635 188
635 917
636 436
636 730
637 931
637 241
637 789
637 754
637 880
637 228
637 525
637 766
638 10
638 854
638 24
638 1048
639 1002
639 266
639 77
639 1130
639 573
639 601
639 814
639 771
639 812
639 633
639 972
639 794
639 308
639 580
639 774
639 144
639 488
639 224
639 711
639 108
639 889
640 1063
640 466
640 1047
640 65
640 1082
640 309
640 224
640 292
640 690
640 525
640 1096
640 355
640 985
640 315
640 937
640 404
640 853
640 765
640 1001
640 534
640 1074
640 266
640 170
640 795
640 734
640 96
640 939
640 1080
640 202
640 357
640 285
640 1054
640 818
640 490
640 319
640 437
641 558
641 288
641 864
641 1071
641 1104
641 108
641 287
641 765
641 888
641 634
641 1047
641 525
641 1081
641 348
641 523
641 69
641 657
641 880
641 44
641 721
641 697
641 196
641 28
641 1077
641 1039
641 1010
641 1074
641 877
641 12
641 435
641 490
641 860
641 984
641 547
641 107
641 328
641 833
642 388
642 62
642 989
642 1119
642 512
642 306
642 795
642 274
642 1016
642 492
642 466
642 863
642 504
643 287
643 77
643 30
643 817
643 1127
643 943
643 875
643 476
643 932
643 923
643 405
643 415
644 787
644 656
644 231
644 28
644 502
644 369
644 348
644 252
644 66
644 1103
644 565
644 128
644 964
645 1073
645 476
645 342
646 1096
646 667
646 472
646 575
646 772
646 623
647 418
647 280
648 65
649 232
650 1045
650 721
650 703
650 23
650 246
650 849
650 125
650 296
650 147
650 344
651 6
651 265
651 173
651 1019
651 297
651 208
651 496
651 530
651 933
652 836
652 872
652 883
653 599
653 82
653 1031
653 880
653 938
654 548
654 598
654 1033
654 590
654 999
655 339
655 548
655 717
655 978
656 182
656 196
656 303
656 732
656 644
656 787
657 1016
657 641
657 430
657 211
658 191
658 1065
658 56
658 908
658 1089
659 512
659 674
659 227
659 404
659 704
659 1095
659 521
659 490
660 154
660 544
660 369
660 666
660 711
660 413
660 686
660 290
660 900
661 31
661 374
661 734
661 333
661 403
662 398
662 413
662 876
662 894
662 333
662 1043
662 587
662 721
662 958
663 966
663 728
663 185
663 608
663 44
663 954
663 242
663 475
663 713
664 63
664 731
664 48
664 499
664 87
664 1047
664 214
664 562
664 317
664 318
664 20
664 403
664 672
664 691
664 1045
664 930
664 511
664 571
664 1128
664 572
664 1051
665 318
665 769
665 230
665 103
665 957
666 980
666 1111
666 901
666 345
666 519
666 392
666 19
666 770
666 266
666 966
666 660
666 987
666 132
666 380
666 465
666 447
666 566
666 578
667 183
667 646
667 575
667 369
668 728
668 20
668 894
668 599
668 503
669 1096
669 720
669 455
670 862
670 283
671 79
671 608
671 413
671 340
671 711
671 807
671 947
671 1060
671 682
671 928
671 809
671 713
671 95
671 765
671 777
671 44
671 823
671 627
671 360
671 355
671 828
671 846
672 572
672 499
672 1047
672 664
672 769
672 262
672 429
672 930
673 1103
673 376
673 705
673 787
673 169
673 837
673 252
673 231
673 597
673 1008
673 105
673 137
673 852
673 760
673 678
673 730
673 988
674 850
674 854
674 735
674 352
674 832
674 520
674 659
674 818
675 853
675 763
675 1054
675 1083
675 987
675 1082
675 134
675 690
675 369
675 858
675 1110
675 355
675 404
675 360
675 226
675 708
675 1026
675 506
675 627
675 2
675 954
675 935
675 1031
675 426
675 818
676 528
676 369
676 151
676 719
676 797
676 576
676 491
677 852
677 707
677 678
677 1023
677 787
677 20
677 252
677 794
677 597
678 436
678 404
678 1025
678 29
678 854
678 120
678 178
678 832
678 787
678 495
678 1117
678 366
678 599
678 575
678 485
678 263
678 852
678 985
678 249
678 252
678 673
678 920
678 610
678 677
678 940
679 1067
679 325
679 289
679 575
679 392
679 370
679 183
680 878
680 764
680 74
681 757
682 612
682 766
682 349
682 307
682 300
682 390
682 801
682 671
682 1056
682 505
682 884
682 155
682 506
682 1031
682 134
682 709
682 237
682 421
682 288
682 564
682 846
682 578
682 386
683 832
683 281
684 894
684 556
685 1082
685 545
685 470
685 255
685 432
685 553
685 272
685 1052
685 412
685 469
685 772
685 1092
685 105
685 1031
685 568
685 575
685 878
685 3
685 36
685 966
685 754
685 424
685 691
685 437
685 370
685 972
685 390
685 488
686 928
686 660
686 765
686 770
686 566
686 307
686 362
686 80
686 623
686 711
686 846
686 966
686 1060
686 3
686 490
686 1121
686 324
686 393
687 1078
687 141
687 3
688 737
689 188
690 640
690 985
690 357
690 939
690 1096
690 170
690 534
690 437
690 1063
690 853
690 127
690 1054
690 818
690 466
690 675
691 779
691 362
691 297
691 125
691 664
691 296
691 47
691 1001
691 1128
691 1024
691 382
691 39
691 931
691 447
691 262
691 318
691 685
692 277
693 753
693 186
693 764
693 412
694 378
694 895
694 942
694 1047
694 63
694 721
694 1077
694 214
694 586
694 433
694 258
694 1080
695 12
695 94
695 182
695 252
695 360
695 964
695 231
695 787
695 833
695 223
696 4
696 133
696 1126
696 575
696 1067
696 736
696 742
696 550
696 307
696 524
696 392
696 944
696 836
697 1039
697 1104
697 737
697 1062
697 864
697 860
697 523
697 711
697 160
697 584
697 811
697 558
697 395
697 107
697 634
697 641
698 525
698 1121
698 117
698 1126
698 574
698 878
698 561
699 345
699 773
699 33
699 288
700 101
700 580
700 531
700 338
700 956
700 541
701 928
701 623
701 846
701 1074
701 266
701 544
701 1060
701 299
701 790
702 390
702 506
703 344
703 147
703 779
703 1096
703 1002
703 122
703 1045
703 224
703 22
703 125
703 37
703 23
703 650
703 721
704 99
704 659
705 730
705 852
705 787
705 452
705 760
705 738
705 610
705 93
705 673
705 376
705 231
706 110
706 1108
706 246
706 213
706 569
706 169
706 8
706 537
706 843
706 628
706 507
707 269
707 732
707 1104
707 514
707 356
707 28
707 263
707 252
707 677
707 794
707 988
707 894
707 741
707 131
707 381
708 568
708 1043
708 398
708 675
708 1097
708 302
708 43
709 86
709 682
710 280
710 418
711 586
711 777
711 263
711 772
711 369
711 80
711 697
711 713
711 671
711 79
711 217
711 858
711 28
711 968
711 1060
711 362
711 320
711 686
711 96
711 623
711 639
711 578
711 660
711 923
711 1019
711 266
711 49
711 2
712 833
713 884
713 155
713 587
713 134
713 1060
713 3
713 671
713 525
713 2
713 287
713 663
713 49
713 772
713 968
713 711
713 867
713 623
713 966
713 335
713 345
713 73
713 898
713 830
713 987
714 867
714 917
715 105
716 464
716 287
716 818
717 857
717 590
717 445
717 610
717 10
717 110
717 1011
717 977
717 628
717 908
717 42
717 844
717 863
717 760
717 934
717 778
717 123
717 8
717 655
717 1021
717 756
717 1042
717 871
717 284
717 569
717 443
717 292
717 920
717 548
718 878
718 159
719 151
719 676
719 591
719 908
719 931
719 797
719 884
720 599
720 326
720 388
720 628
720 28
720 292
720 854
720 585
720 339
720 507
720 14
720 400
720 455
720 453
720 669
720 975
720 248
720 730
720 213
720 965
720 792
720 940
721 275
721 1013
721 289
721 347
721 382
721 1077
721 1026
721 44
721 662
721 694
721 540
721 703
721 1087
721 1121
721 650
721 641
721 297
721 490
721 1128
721 806
721 122
721 196
721 1060
721 778
721 849
721 1047
721 125
721 344
721 415
721 1045
721 456
722 161
722 983
722 894
722 1097
722 834
723 917
724 406
724 1077
724 860
724 363
725 1071
725 602
725 558
725 21
725 105
726 851
727 190
727 802
728 668
728 663
728 185
728 517
728 532
728 506
729 984
729 236
730 756
730 569
730 975
730 311
730 1008
730 169
730 1052
730 940
730 369
730 163
730 388
730 747
730 339
730 575
730 404
730 424
730 1011
730 366
730 952
730 268
730 673
730 705
730 1095
730 376
730 854
730 452
730 430
730 63
730 202
730 284
730 979
730 292
730 348
730 400
730 1076
730 636
730 436
730 720
730 5
730 999
730 453
730 892
730 189
730 110
730 213
731 572
731 429
731 867
731 262
731 960
731 847
731 87
731 1004
731 664
731 499
731 37
732 707
732 369
732 1103
732 833
732 787
732 656
732 28
732 502
733 350
733 817
733 373
733 1122
733 1015
733 441
733 825
733 875
733 402
733 491
733 411
734 640
734 661
734 1063
734 31
734 315
734 635
734 872
734 404
734 575
734 490
735 348
735 424
735 795
735 432
735 674
735 832
736 696
736 263
736 742
736 289
736 1013
736 804
736 29
736 1126
737 53
737 1018
737 235
737 360
737 422
737 893
737 475
737 1125
737 518
737 315
737 371
737 777
737 524
737 1074
737 988
737 1103
737 188
737 430
737 833
737 473
737 908
737 697
737 278
737 1051
737 1100
737 1071
737 534
737 12
737 688
737 919
737 975
738 354
738 282
738 112
738 93
738 969
738 852
738 610
738 705
739 809
739 792
739 755
739 305
739 65
739 1060
739 1047
739 433
739 490
739 765
740 1047
740 1056
740 809
740 144
740 983
740 33
740 960
740 580
740 108
740 1095
740 196
740 326
740 1085
740 455
740 6
741 437
741 525
741 707
741 533
741 413
741 202
741 260
741 611
741 931
741 256
741 635
741 866
741 999
741 266
742 696
742 623
742 966
742 599
742 324
742 1050
742 290
742 736
743 806
743 935
743 426
743 947
744 418
744 808
744 46
744 824
744 890
745 832
746 824
746 789
747 445
747 292
747 1031
747 1052
747 436
747 539
747 999
747 1064
747 730
747 324
747 765
747 975
747 202
747 182
747 366
747 1033
747 339
747 832
747 854
747 940
747 548
747 473
747 65
747 176
748 601
748 573
748 318
748 784
748 108
749 374
749 340
749 996
749 398
749 765
749 413
749 111
749 927
749 568
749 587
750 227
750 1105
751 993
751 154
751 851
751 1058
751 83
751 196
751 1071
751 471
751 1077
751 806
751 185
751 121
752 126
752 998
752 130
752 906
752 142
752 89
752 916
752 165
752 866
753 609
753 786
753 320
753 816
753 19
753 904
753 45
753 466
753 391
753 129
753 629
753 693
753 14
753 128
753 412
753 428
753 498
753 294
753 632
754 337
754 533
754 1095
754 333
754 866
754 360
754 637
754 685
754 789
754 79
754 139
754 827
754 449
754 126
754 239
754 374
754 1070
754 892
754 15
754 38
754 89
755 44
755 554
755 859
755 739
755 65
755 31
755 493
755 893
755 106
755 1028
755 36
755 1050
755 266
755 1127
756 359
756 339
756 106
756 8
756 965
756 284
756 336
756 406
756 610
756 717
756 366
756 292
756 123
756 400
756 977
756 920
756 999
756 863
756 730
756 471
757 280
757 681
757 1096
757 918
758 787
759 285
759 294
759 222
760 548
760 445
760 717
760 452
760 569
760 336
760 852
760 213
760 854
760 246
760 14
760 863
760 673
760 292
760 537
760 106
760 473
760 554
760 8
760 832
760 920
760 284
760 610
760 539
760 705
760 123
760 112
761 988
762 54
762 1035
762 390
763 409
763 545
763 800
763 1110
763 675
763 897
764 288
764 693
764 412
764 186
764 369
764 680
765 641
765 345
765 226
765 51
765 1060
765 362
765 1120
765 436
765 1082
765 878
765 340
765 355
765 305
765 671
765 561
765 954
765 96
765 966
765 184
765 166
765 686
765 814
765 278
765 749
765 170
765 619
765 490
765 640
765 913
765 470
765 928
765 413
765 894
765 798
765 1063
765 1050
765 315
765 739
765 65
765 320
765 981
765 1080
765 608
765 947
765 980
765 747
766 134
766 194
766 1088
766 198
766 1070
766 418
766 880
766 619
766 493
766 560
766 139
766 599
766 448
766 682
766 63
766 239
766 241
766 884
766 637
766 489
766 89
766 130
766 887
766 15
766 81
766 126
766 346
766 263
766 890
766 61
766 789
767 573
767 889
768 868
768 368
768 931
769 1051
769 271
769 839
769 461
769 253
769 1078
769 962
769 672
769 387
769 665
769 39
770 909
770 319
770 3
770 333
770 666
770 520
770 362
770 396
770 1099
770 961
770 686
770 324
770 79
770 137
770 259
770 1072
770 598
770 71
770 582
770 40
771 573
771 37
771 308
771 144
771 20
771 263
771 633
771 596
771 108
771 311
771 224
771 318
771 465
771 867
771 1060
771 77
771 639
771 580
771 327
771 923
771 367
772 345
772 1000
772 185
772 713
772 711
772 362
772 685
772 3
772 966
772 646
773 96
773 33
773 869
773 699
773 1027
773 263
774 144
774 794
774 541
774 224
774 77
774 639
774 580
774 814
774 784
774 573
774 934
774 788
775 325
776 130
777 711
777 80
777 234
777 315
777 534
777 518
777 475
777 524
777 737
777 278
777 371
777 671
777 635
778 977
778 1042
778 868
778 570
778 511
778 721
778 507
778 169
778 1045
778 530
778 850
778 318
778 173
778 210
778 512
778 406
778 1128
778 216
778 717
779 100
779 1128
779 691
779 125
779 344
779 22
779 37
779 1001
779 173
779 703
779 296
779 488
780 206
781 560
781 149
781 916
781 1070
782 1031
782 142
782 226
782 98
782 126
782 884
782 533
783 1077
784 748
784 786
784 573
784 813
784 774
785 901
785 1067
786 784
786 153
786 412
786 19
786 503
786 753
787 915
787 1029
787 145
787 644
787 837
787 803
787 502
787 988
787 695
787 430
787 607
787 939
787 732
787 1103
787 298
787 292
787 75
787 128
787 27
787 1105
787 833
787 105
787 758
787 303
787 953
787 269
787 656
787 678
787 66
787 1096
787 677
787 673
787 152
787 204
787 705
788 580
788 1060
788 774
788 892
788 1055
788 379
788 942
788 278
789 766
789 1070
789 746
789 619
789 916
789 228
789 1086
789 754
789 533
789 139
789 637
790 90
790 623
790 794
790 701
790 1060
790 860
791 130
792 63
792 739
792 388
792 433
792 989
792 1043
792 287
792 266
792 339
792 1087
792 553
792 28
792 854
792 552
792 955
792 202
792 720
793 375
794 131
794 1023
794 128
794 639
794 363
794 889
794 531
794 278
794 795
794 814
794 287
794 905
794 20
794 493
794 263
794 1060
794 790
794 96
794 297
794 580
794 268
794 707
794 379
794 29
794 774
794 1020
794 677
794 69
795 483
795 96
795 965
795 832
795 263
795 202
795 366
795 2
795 575
795 477
795 424
795 457
795 182
795 640
795 260
795 975
795 1074
795 940
795 388
795 169
795 794
795 452
795 854
795 642
795 285
795 87
795 1043
795 432
795 329
795 60
795 979
795 473
795 58
795 256
795 850
795 453
795 735
795 134
796 833
796 319
796 608
796 851
796 1104
796 28
796 915
796 44
796 558
796 404
797 535
797 676
797 431
797 983
797 576
797 884
797 719
797 151
797 20
797 1065
797 1072
797 834
797 914
798 315
798 475
798 518
798 374
798 613
798 278
798 1092
798 765
798 967
799 860
800 763
801 300
801 475
801 266
801 682
801 390
801 80
801 505
802 727
802 421
803 787
803 852
803 105
804 370
804 392
804 44
804 486
804 736
805 370
805 20
805 4
805 167
805 392
805 183
806 751
806 288
806 721
806 368
806 860
806 967
806 743
806 564
806 1065
806 940
806 202
806 10
806 536
806 832
806 63
806 616
807 853
807 671
807 382
807 28
807 362
807 471
807 599
807 413
807 227
807 99
807 404
807 211
807 894
807 854
807 490
808 574
808 149
808 947
808 1126
808 744
809 1118
809 1063
809 1060
809 490
809 860
809 63
809 465
809 2
809 36
809 1085
809 266
809 320
809 740
809 1016
809 404
809 739
809 1047
809 211
809 333
809 372
809 671
809 525
809 196
810 865
810 1103
810 1062
811 697
811 116
812 50
812 473
812 268
812 77
812 894
812 108
812 573
812 358
812 362
812 224
812 639
812 580
813 629
813 784
813 959
813 6
814 1020
814 573
814 889
814 639
814 774
814 278
814 379
814 1060
814 69
814 942
814 765
814 794
815 903
815 1009
815 561
815 117
816 1056
816 186
816 20
816 412
816 753
817 950
817 1127
817 733
817 52
817 196
817 643
817 875
817 491
818 619
818 985
818 1104
818 345
818 384
818 313
818 939
818 640
818 1082
818 162
818 716
818 690
818 233
818 872
818 674
818 520
818 1073
818 853
818 675
818 437
818 987
819 71
819 365
820 1126
821 535
821 212
822 599
822 1047
822 394
822 878
822 1077
822 978
822 480
823 324
823 671
823 290
823 79
824 974
824 1088
824 61
824 130
824 887
824 518
824 397
824 744
824 1123
824 560
824 346
824 418
824 533
824 746
825 402
825 411
825 373
825 350
825 963
825 1122
825 441
825 733
825 203
825 599
826 966
826 3
826 547
826 623
826 900
826 312
826 519
826 583
826 190
826 16
827 754
827 38
827 79
828 671
828 987
828 917
829 1096
829 6
829 496
830 966
830 713
830 3
831 161
831 244
831 179
831 1
831 1100
831 856
831 908
832 747
832 1103
832 8
832 1077
832 381
832 97
832 975
832 539
832 999
832 674
832 134
832 1052
832 5
832 795
832 520
832 445
832 940
832 473
832 806
832 178
832 760
832 678
832 683
832 854
832 339
832 388
832 745
832 575
832 251
832 1056
832 436
832 169
832 110
832 735
832 11
832 1064
832 260
833 796
833 712
833 641
833 737
833 605
833 1103
833 63
833 75
833 837
833 851
833 695
833 915
833 381
833 732
833 252
833 196
833 502
833 787
834 323
834 56
834 284
834 722
834 1097
834 797
834 983
835 983
836 1126
836 575
836 696
836 1031
836 65
836 928
836 652
836 119
836 466
836 4
836 1118
836 43
837 252
837 465
837 884
837 787
837 833
837 134
837 597
837 376
837 231
837 673
838 488
838 405
838 315
838 586
838 894
838 1092
838 496
838 1019
838 957
838 382
838 562
839 447
839 769
839 361
840 919
840 245
840 414
840 524
840 538
840 130
841 1054
842 172
843 590
843 363
843 920
843 706
843 10
843 854
843 326
844 717
844 548
845 348
845 1057
845 239
845 500
845 906
845 413
845 377
845 998
845 142
845 165
845 568
846 682
846 544
846 671
846 701
846 686
847 731
847 173
847 297
848 963
848 528
849 125
849 296
849 650
849 1026
849 721
849 22
849 511
849 344
849 1045
849 23
850 1052
850 182
850 570
850 778
850 465
850 388
850 674
850 795
850 339
850 520
850 1128
850 288
851 726
851 864
851 751
851 513
851 833
851 258
851 796
851 599
852 760
852 110
852 738
852 112
852 705
852 678
852 677
852 969
852 452
852 610
852 213
852 93
852 169
852 803
852 204
852 673
853 1096
853 985
853 490
853 939
853 437
853 591
853 690
853 227
853 640
853 404
853 675
853 818
853 1082
853 65
853 807
853 1085
853 399
853 1054
854 490
854 552
854 924
854 999
854 329
854 807
854 638
854 855
854 389
854 1077
854 388
854 65
854 795
854 553
854 1052
854 256
854 1043
854 674
854 537
854 628
854 432
854 942
854 539
854 97
854 1011
854 940
854 678
854 868
854 792
854 873
854 480
854 292
854 260
854 612
854 285
854 63
854 1016
854 10
854 512
854 263
854 424
854 599
854 832
854 339
854 138
854 20
854 455
854 592
854 443
854 24
854 355
854 720
854 445
854 202
854 456
854 747
854 760
854 169
854 170
854 730
854 975
854 366
854 1047
854 843
854 362
854 493
854 1074
854 236
855 854
855 1082
856 908
856 831
857 590
857 871
857 284
857 97
857 445
857 717
858 151
858 908
858 1036
858 77
858 711
858 525
858 675
858 972
859 554
859 617
859 106
859 1050
859 36
859 297
859 755
859 156
859 1028
859 872
860 799
860 1037
860 1034
860 724
860 28
860 697
860 266
860 984
860 1077
860 1090
860 20
860 809
860 1131
860 865
860 12
860 1074
860 790
860 641
860 912
860 176
860 2
860 51
860 806
860 255
860 116
860 894
860 309
861 382
861 379
861 262
862 670
863 1016
863 406
863 717
863 339
863 756
863 642
863 336
863 760
863 232
863 471
863 466
863 400
864 641
864 634
864 851
864 1103
864 697
864 888
864 984
864 113
864 1041
864 558
864 1037
865 1062
865 912
865 301
865 1071
865 810
865 533
865 508
865 1039
865 160
865 12
865 860
865 1131
865 105
865 973
865 1103
865 627
865 255
865 892
865 888
865 266
865 227
866 449
866 126
866 283
866 228
866 89
866 2
866 752
866 130
866 754
866 518
866 1123
866 741
867 386
867 917
867 475
867 771
867 185
867 1
867 177
867 896
867 731
867 434
867 713
867 903
867 245
867 161
867 714
867 244
868 920
868 389
868 1103
868 339
868 778
868 182
868 388
868 977
868 445
868 768
868 222
868 854
869 773
870 370
871 717
871 339
871 599
871 251
871 445
871 610
871 292
871 548
871 8
871 857
871 110
871 453
871 952
872 734
872 404
872 36
872 1031
872 859
872 106
872 272
872 986
872 31
872 1082
872 818
872 308
872 652
873 924
873 979
873 24
873 10
873 381
873 854
873 292
874 1073
874 545
874 432
874 430
874 65
874 51
874 888
874 895
875 373
875 733
875 402
875 643
875 817
875 491
876 662
876 986
877 271
877 434
877 641
877 201
877 37
877 124
877 882
877 296
877 960
878 76
878 625
878 117
878 698
878 18
878 1009
878 332
878 680
878 765
878 412
878 822
878 159
878 394
878 685
878 362
878 1094
878 718
878 931
878 341
878 1126
878 374
878 470
878 26
878 314
878 947
878 611
878 528
878 574
879 226
880 82
880 766
880 653
880 15
880 241
880 637
880 346
880 938
880 641
881 209
881 79
881 137
881 1060
882 296
882 877
883 370
883 652
883 486
883 187
884 766
884 713
884 892
884 288
884 837
884 104
884 384
884 155
884 962
884 682
884 395
884 961
884 134
884 797
884 564
884 719
884 560
884 782
884 48
885 532
885 158
885 390
885 54
885 564
885 349
885 95
885 369
886 260
886 388
886 202
886 1043
887 1022
887 1088
887 280
887 1070
887 890
887 334
887 81
887 418
887 906
887 824
887 61
887 766
887 468
888 1034
888 584
888 472
888 620
888 493
888 374
888 864
888 865
888 641
888 1087
888 480
888 287
888 874
889 1060
889 369
889 573
889 767
889 608
889 493
889 2
889 814
889 531
889 639
889 69
889 794
889 224
889 379
889 278
889 144
890 334
890 468
890 280
890 1088
890 1085
890 766
890 417
890 887
890 744
891 560
891 472
891 619
891 266
892 473
892 1095
892 754
892 788
892 416
892 86
892 935
892 1127
892 884
892 436
892 424
892 1072
892 1031
892 730
892 48
892 413
892 293
892 535
892 865
893 527
893 484
893 473
893 548
893 755
893 942
893 292
893 999
893 106
893 737
893 602
893 523
894 437
894 29
894 476
894 17
894 662
894 564
894 812
894 860
894 270
894 807
894 487
894 1001
894 574
894 930
894 332
894 299
894 266
894 48
894 587
894 838
894 480
894 488
894 503
894 938
894 455
894 175
894 722
894 183
894 684
894 545
894 984
894 668
894 765
894 413
894 707
894 18
894 404
894 155
895 493
895 287
895 1087
895 694
895 1080
895 378
895 874
895 1068
896 55
896 112
896 294
896 188
896 917
896 867
896 919
897 763
898 383
898 475
898 713
899 525
900 826
900 308
900 660
900 460
901 157
901 43
901 666
901 374
901 472
901 785
901 1067
902 603
902 1053
902 188
902 118
902 205
902 414
902 616
902 903
902 635
902 967
902 518
902 179
902 283
902 35
902 1100
903 414
903 37
903 867
903 283
903 528
903 908
903 466
903 19
903 1094
903 371
903 205
903 332
903 967
903 902
903 153
903 245
903 179
903 917
903 1100
903 815
903 635
904 753
905 794
905 573
905 358
905 1055
905 74
906 998
906 102
906 887
906 165
906 89
906 142
906 752
906 126
906 845
907 1083
907 995
907 374
908 922
908 717
908 371
908 535
908 719
908 534
908 737
908 1100
908 151
908 161
908 524
908 475
908 1089
908 419
908 903
908 1118
908 244
908 518
908 831
908 491
908 856
908 972
908 858
908 967
908 270
908 315
908 658
908 1096
908 1065
909 374
909 770
909 1099
909 611
909 324
910 418
910 234
910 280
910 1105
910 1126
911 167
911 310
912 412
912 1103
912 116
912 381
912 1071
912 634
912 1066
912 41
912 70
912 135
912 865
912 523
912 860
913 240
913 765
913 170
913 4
913 305
913 65
914 20
914 1074
914 545
914 797
914 1065
915 787
915 1113
915 796
915 833
915 252
915 605
916 752
916 462
916 139
916 63
916 781
916 1070
916 789
916 360
916 35
916 560
916 500
917 828
917 35
917 139
917 161
917 867
917 903
917 1
917 244
917 635
917 234
917 714
917 30
917 215
917 723
917 896
917 1053
918 757
919 132
919 896
919 188
919 245
919 235
919 840
919 737
919 419
919 538
919 130
920 868
920 424
920 11
920 985
920 445
920 756
920 843
920 123
920 977
920 452
920 760
920 284
920 678
920 336
920 271
920 295
920 359
920 717
920 471
920 8
920 1042
920 610
921 132
921 398
921 266
922 908
923 939
923 476
923 943
923 983
923 771
923 643
923 465
923 711
924 539
924 873
924 138
924 288
924 24
924 10
924 854
925 151
925 263
926 188
927 929
927 112
927 749
927 93
928 544
928 623
928 836
928 578
928 765
928 1117
928 475
928 671
928 3
928 701
928 686
929 927
929 20
929 1023
929 593
929 263
930 664
930 672
930 894
930 571
930 87
930 1047
930 1045
930 214
930 317
930 499
930 1079
930 74
931 1087
931 129
931 226
931 980
931 164
931 228
931 566
931 691
931 637
931 741
931 719
931 416
931 543
931 878
931 437
931 768
931 564
931 525
932 643
933 651
933 1042
933 208
933 173
933 6
933 297
933 37
933 1128
933 496
933 1019
933 262
933 263
933 265
933 581
933 1007
934 472
934 774
934 717
934 432
934 47
934 1052
934 1031
934 10
935 1056
935 1031
935 675
935 892
935 1016
935 743
935 627
935 947
935 266
935 575
935 413
935 568
935 426
935 65
935 372
936 276
936 547
936 1115
937 475
937 640
938 653
938 130
938 880
938 116
938 15
938 894
938 241
938 82
938 35
938 1062
938 518
939 433
939 1054
939 1082
939 319
939 381
939 1096
939 640
939 1066
939 224
939 292
939 227
939 399
939 534
939 853
939 416
939 404
939 818
939 65
939 690
939 357
939 923
939 1103
939 985
939 128
939 437
939 1063
939 787
939 453
940 747
940 1052
940 806
940 11
940 832
940 854
940 590
940 452
940 404
940 999
940 975
940 459
940 730
940 795
940 569
940 169
940 329
940 178
940 720
940 499
940 445
940 678
940 336
940 339
941 318
941 586
941 1001
941 382
941 177
941 275
941 1128
942 1052
942 694
942 854
942 369
942 893
942 814
942 278
942 339
942 189
942 236
942 531
942 788
942 389
943 56
943 923
943 1012
943 476
943 643
944 696
944 1105
945 397
945 374
946 628
946 202
946 169
946 268
946 260
946 163
946 445
946 292
946 284
946 424
946 548
946 339
946 14
946 452
947 671
947 1094
947 159
947 743
947 765
947 1060
947 935
947 574
947 1126
947 426
947 433
947 878
947 808
947 407
948 79
948 404
949 126
949 142
949 626
949 403
949 493
950 491
950 817
950 972
950 1015
951 1059
951 147
951 1026
951 347
951 125
951 296
951 344
952 169
952 871
952 110
952 730
953 787
953 292
954 599
954 155
954 550
954 765
954 544
954 475
954 663
954 288
954 355
954 44
954 987
954 675
955 792
955 248
956 69
956 580
956 700
956 531
957 838
957 230
957 103
957 30
957 665
958 1056
958 662
958 288
958 1095
958 535
958 384
958 368
959 813
959 412
960 877
960 37
960 740
960 447
960 83
960 731
960 1047
960 1045
960 156
960 440
961 770
961 475
961 345
961 134
961 1027
961 884
962 884
962 28
962 769
962 1092
963 528
963 1122
963 825
963 402
963 159
963 350
963 848
964 565
964 607
964 502
964 1029
964 695
964 27
964 381
964 597
964 1103
964 644
964 66
965 756
965 1108
965 58
965 8
965 432
965 720
965 1074
965 507
965 112
965 359
965 795
966 1063
966 765
966 830
966 71
966 390
966 79
966 444
966 772
966 826
966 742
966 330
966 413
966 1101
966 170
966 237
966 1057
966 686
966 713
966 685
966 505
966 312
966 324
966 666
966 474
966 663
966 1096
966 519
966 564
966 623
967 526
967 315
967 903
967 205
967 616
967 908
967 283
967 1100
967 806
967 798
967 635
967 244
967 534
967 902
967 469
967 414
968 493
968 711
968 2
968 713
969 523
969 738
969 70
969 852
969 112
970 1054
971 999
971 1003
971 182
972 639
972 491
972 525
972 543
972 535
972 587
972 950
972 299
972 305
972 623
972 858
972 685
972 1074
972 151
972 908
972 266
973 865
974 1123
974 418
974 228
974 218
974 518
974 283
974 241
974 130
974 346
974 824
975 436
975 940
975 189
975 182
975 1031
975 329
975 628
975 854
975 720
975 243
975 730
975 737
975 747
975 87
975 424
975 795
975 443
975 832
975 1051
975 473
976 355
976 1099
977 8
977 1127
977 868
977 756
977 1042
977 471
977 461
977 452
977 920
977 443
977 717
977 336
977 331
977 123
977 778
978 424
978 432
978 655
978 55
978 822
978 602
978 106
979 795
979 873
979 453
979 432
979 400
979 285
979 213
979 182
979 730
979 436
980 1132
980 765
980 267
980 109
980 666
980 64
980 931
980 583
980 333
980 65
981 765
982 0
982 300
982 95
983 1122
983 797
983 545
983 834
983 362
983 740
983 77
983 923
983 368
983 835
983 1097
983 722
983 92
983 490
983 18
983 109
983 574
983 1105
983 108
984 860
984 864
984 729
984 641
984 894
984 255
985 1096
985 440
985 319
985 818
985 166
985 292
985 920
985 1054
985 403
985 939
985 466
985 678
985 690
985 640
985 416
985 853
985 233
985 333
985 1002
986 374
986 872
986 876
986 36
986 125
986 227
986 47
987 818
987 335
987 828
987 713
987 675
987 666
987 362
987 954
987 404
987 185
987 403
988 787
988 1103
988 381
988 128
988 20
988 673
988 356
988 269
988 263
988 96
988 231
988 737
988 761
988 348
988 707
988 131
989 488
989 792
989 642
989 266
989 65
989 1096
989 1074
989 1055
989 63
989 1047
989 433
989 1114
989 305
990 315
990 619
991 52
991 323
991 1124
991 1012
991 304
991 191
991 465
991 1077
991 1089
992 186
993 751
994 598
994 582
995 907
996 749
997 1028
998 752
998 239
998 906
998 845
998 142
998 165
999 445
999 741
999 747
999 940
999 590
999 1077
999 24
999 854
999 355
999 971
999 336
999 756
999 339
999 654
999 473
999 569
999 182
999 893
999 832
999 178
999 730
999 169
999 189
1000 403
1000 1106
1000 772
1001 488
1001 275
1001 894
1001 317
1001 146
1001 404
1001 382
1001 262
1001 640
1001 941
1001 586
1001 691
1001 1048
1001 456
1001 214
1001 266
1001 779
1002 263
1002 318
1002 703
1002 1060
1002 77
1002 985
1002 639
1002 573
1002 1045
1002 601
1002 488
1002 1047
1002 144
1002 224
1003 971
1003 453
1004 731
1005 1095
1006 25
1006 38
1007 297
1007 933
1007 581
1007 208
1007 496
1007 1019
1007 173
1007 6
1007 1128
1007 265
1008 673
1008 376
1008 730
1008 169
1008 1068
1008 292
1009 18
1009 815
1009 878
1009 525
1010 490
1010 529
1010 91
1010 69
1010 214
1010 641
1010 425
1010 262
1011 1016
1011 717
1011 260
1011 339
1011 730
1011 854
1011 1021
1011 220
1011 284
1011 268
1011 202
1012 1089
1012 943
1012 323
1012 44
1012 991
1012 52
1012 191
1012 465
1013 289
1013 721
1013 181
1013 736
1014 412
1015 1077
1015 491
1015 79
1015 733
1015 950
1016 520
1016 433
1016 368
1016 457
1016 553
1016 642
1016 525
1016 657
1016 1011
1016 285
1016 63
1016 863
1016 65
1016 10
1016 809
1016 935
1016 176
1016 854
1017 393
1017 1057
1018 737
1019 1051
1019 586
1019 125
1019 271
1019 1128
1019 1007
1019 447
1019 711
1019 511
1019 838
1019 933
1019 227
1019 6
1019 208
1019 265
1019 530
1019 496
1019 63
1019 382
1019 37
1019 581
1019 297
1019 318
1019 374
1019 570
1019 317
1019 48
1019 651
1019 47
1019 173
1020 794
1020 227
1020 77
1020 44
1020 580
1020 456
1020 531
1020 573
1020 1034
1020 814
1021 1011
1021 717
1021 569
1021 178
1021 443
1022 198
1022 102
1022 887
1022 448
1022 280
1023 128
1023 677
1023 263
1023 20
1023 794
1023 580
1023 929
1023 593
1024 15
1024 319
1024 691
1025 678
1025 384
1026 347
1026 1059
1026 23
1026 721
1026 147
1026 849
1026 88
1026 125
1026 100
1026 434
1026 675
1026 951
1026 22
1027 479
1027 33
1027 961
1027 1099
1027 773
1027 1127
1027 3
1028 859
1028 997
1028 36
1028 755
1028 106
1028 156
1028 1127
1029 252
1029 964
1029 66
1029 536
1029 787
1029 453
1030 382
1030 6
1031 545
1031 319
1031 388
1031 1071
1031 568
1031 1040
1031 1082
1031 31
1031 935
1031 362
1031 782
1031 1073
1031 1118
1031 934
1031 653
1031 685
1031 682
1031 40
1031 308
1031 619
1031 836
1031 478
1031 892
1031 872
1031 339
1031 460
1031 635
1031 125
1031 675
1031 223
1031 1063
1031 975
1031 1104
1031 345
1031 233
1031 234
1031 245
1031 1092
1031 520
1031 522
1031 252
1031 470
1031 263
1031 403
1031 747
1032 312
1032 172
1032 394
1032 1126
1033 485
1033 1047
1033 366
1033 654
1033 274
1033 256
1033 747
1033 182
1033 473
1033 436
1034 888
1034 47
1034 3
1034 860
1034 1052
1034 1020
1035 762
1036 858
1037 1041
1037 1071
1037 864
1037 860
1038 183
1039 697
1039 641
1039 12
1039 510
1039 865
1040 583
1040 1031
1040 109
1040 423
1040 308
1041 113
1041 1037
1041 864
1041 1071
1042 452
1042 977
1042 717
1042 778
1042 933
1042 920
1043 795
1043 792
1043 388
1043 302
1043 1052
1043 708
1043 289
1043 432
1043 292
1043 552
1043 662
1043 854
1043 202
1043 433
1043 886
1044 86
1044 155
1045 173
1045 586
1045 318
1045 703
1045 125
1045 930
1045 108
1045 296
1045 849
1045 308
1045 512
1045 1002
1045 488
1045 447
1045 778
1045 721
1045 664
1045 22
1045 650
1045 960
1045 23
1046 503
1046 466
1046 625
1047 1002
1047 694
1047 571
1047 1074
1047 740
1047 214
1047 739
1047 1060
1047 196
1047 465
1047 169
1047 455
1047 854
1047 1051
1047 289
1047 271
1047 372
1047 519
1047 499
1047 809
1047 721
1047 490
1047 488
1047 525
1047 404
1047 297
1047 413
1047 822
1047 487
1047 362
1047 429
1047 547
1047 989
1047 317
1047 641
1047 1033
1047 90
1047 18
1047 87
1047 960
1047 672
1047 37
1047 640
1047 930
1047 608
1047 664
1047 44
1048 405
1048 1001
1048 146
1048 586
1048 30
1048 275
1048 638
1048 106
1048 103
1049 130
1050 156
1050 755
1050 859
1050 765
1050 742
1051 549
1051 262
1051 488
1051 48
1051 511
1051 87
1051 264
1051 769
1051 36
1051 1078
1051 512
1051 39
1051 520
1051 1019
1051 461
1051 253
1051 447
1051 664
1051 571
1051 429
1051 13
1051 975
1051 20
1051 737
1051 1047
1052 685
1052 189
1052 65
1052 940
1052 339
1052 366
1052 942
1052 850
1052 292
1052 934
1052 374
1052 1034
1052 443
1052 473
1052 854
1052 1092
1052 832
1052 730
1052 202
1052 457
1052 1043
1052 747
1053 161
1053 234
1053 245
1053 902
1053 244
1053 1
1053 526
1053 179
1053 267
1053 917
1053 35
1054 1063
1054 640
1054 466
1054 343
1054 970
1054 437
1054 357
1054 381
1054 985
1054 598
1054 841
1054 1096
1054 298
1054 1103
1054 1082
1054 170
1054 690
1054 675
1054 534
1054 853
1054 939
1054 292
1054 127
1055 573
1055 503
1055 19
1055 989
1055 788
1055 905
1056 832
1056 260
1056 568
1056 386
1056 134
1056 587
1056 740
1056 682
1056 183
1056 816
1056 935
1056 958
1057 239
1057 966
1057 413
1057 568
1057 3
1057 845
1057 1017
1057 86
1057 348
1057 623
1057 300
1058 751
1059 1026
1059 951
1059 296
1059 434
1060 1074
1060 739
1060 96
1060 358
1060 809
1060 889
1060 355
1060 144
1060 788
1060 881
1060 814
1060 372
1060 1002
1060 114
1060 947
1060 77
1060 771
1060 108
1060 79
1060 83
1060 289
1060 765
1060 790
1060 299
1060 794
1060 490
1060 596
1060 686
1060 713
1060 711
1060 623
1060 671
1060 580
1060 701
1060 1047
1060 578
1060 721
1060 601
1061 339
1062 865
1062 810
1062 116
1062 697
1062 938
1063 1085
1063 734
1063 690
1063 536
1063 437
1063 25
1063 640
1063 765
1063 2
1063 809
1063 1082
1063 966
1063 939
1063 1092
1063 1031
1063 1054
1063 333
1064 747
1064 520
1064 832
1065 797
1065 806
1065 380
1065 599
1065 658
1065 908
1065 161
1065 914
1065 545
1066 523
1066 939
1066 70
1066 912
1066 598
1066 1103
1067 130
1067 414
1067 785
1067 524
1067 901
1067 696
1067 167
1067 679
1068 895
1068 1008
1068 229
1068 169
1068 610
1069 432
1070 789
1070 142
1070 355
1070 754
1070 887
1070 139
1070 404
1070 766
1070 337
1070 916
1070 781
1071 641
1071 1037
1071 255
1071 865
1071 513
1071 725
1071 912
1071 558
1071 751
1071 1031
1071 301
1071 737
1071 65
1071 12
1071 1041
1071 63
1071 404
1072 797
1072 770
1072 892
1072 627
1072 20
1073 1031
1073 874
1073 818
1073 403
1073 1114
1073 342
1073 476
1073 308
1073 645
1073 615
1073 472
1073 31
1073 439
1074 220
1074 795
1074 1060
1074 457
1074 914
1074 860
1074 268
1074 737
1074 222
1074 640
1074 641
1074 965
1074 366
1074 972
1074 1047
1074 389
1074 989
1074 701
1074 96
1074 315
1074 65
1074 854
1074 409
1074 1080
1075 226
1076 730
1077 694
1077 612
1077 295
1077 822
1077 1015
1077 564
1077 285
1077 574
1077 87
1077 832
1077 1097
1077 999
1077 590
1077 580
1077 724
1077 1128
1077 6
1077 751
1077 783
1077 358
1077 18
1077 203
1077 991
1077 854
1077 191
1077 641
1077 721
1077 860
1077 1095
1078 687
1078 461
1078 253
1078 39
1078 769
1078 264
1078 549
1078 1051
1078 87
1079 930
1079 262
1079 571
1080 895
1080 65
1080 455
1080 640
1080 694
1080 1074
1080 765
1081 641
1082 1130
1082 675
1082 872
1082 619
1082 1031
1082 466
1082 611
1082 1063
1082 426
1082 403
1082 818
1082 345
1082 308
1082 855
1082 939
1082 1054
1082 233
1082 640
1082 369
1082 685
1082 853
1082 1104
1082 384
1082 31
1082 252
1082 313
1082 765
1083 433
1083 568
1083 675
1083 520
1083 362
1083 907
1083 184
1083 582
1083 1104
1083 308
1083 545
1083 183
1084 312
1084 90
1085 890
1085 1063
1085 333
1085 809
1085 289
1085 853
1085 740
1085 465
1085 2
1085 266
1085 196
1086 789
1087 792
1087 541
1087 89
1087 721
1087 472
1087 488
1087 1119
1087 63
1087 553
1087 382
1087 931
1087 493
1087 895
1087 485
1087 374
1087 571
1087 512
1087 287
1087 334
1087 888
1087 191
1088 887
1088 890
1088 525
1088 418
1088 766
1088 61
1088 824
1089 658
1089 991
1089 465
1089 191
1089 908
1089 1012
1089 304
1090 860
1091 4
1091 337
1091 575
1092 37
1092 223
1092 3
1092 573
1092 333
1092 577
1092 798
1092 440
1092 494
1092 48
1092 685
1092 390
1092 308
1092 962
1092 488
1092 144
1092 87
1092 78
1092 426
1092 2
1092 579
1092 424
1092 1031
1092 838
1092 1052
1092 1063
1093 328
1094 947
1094 903
1094 631
1094 878
1094 171
1094 159
1095 196
1095 958
1095 368
1095 357
1095 424
1095 730
1095 754
1095 892
1095 740
1095 1005
1095 659
1095 1077
1096 416
1096 319
1096 966
1096 1103
1096 985
1096 669
1096 587
1096 690
1096 277
1096 525
1096 908
1096 263
1096 703
1096 646
1096 853
1096 757
1096 989
1096 640
1096 1054
1096 292
1096 939
1096 466
1096 829
1096 170
1096 787
1097 43
1097 834
1097 708
1097 574
1097 1077
1097 983
1097 722
1097 37
1098 531
1099 1027
1099 2
1099 909
1099 3
1099 976
1099 266
1099 770
1100 534
1100 518
1100 278
1100 967
1100 903
1100 902
1100 635
1100 475
1100 831
1100 524
1100 908
1100 130
1100 737
1100 283
1101 155
1101 505
1101 966
1101 307
1101 390
1101 599
1101 506
1101 3
1101 95
1102 1126
1103 912
1103 105
1103 598
1103 1104
1103 53
1103 110
1103 673
1103 988
1103 27
1103 964
1103 644
1103 93
1103 939
1103 1107
1103 457
1103 832
1103 219
1103 737
1103 864
1103 453
1103 292
1103 250
1103 865
1103 1054
1103 1096
1103 732
1103 252
1103 197
1103 868
1103 1066
1103 189
1103 527
1103 833
1103 170
1103 787
1103 356
1103 810
1103 381
1103 269
1103 259
1103 179
1103 298
1104 517
1104 105
1104 422
1104 219
1104 707
1104 403
1104 697
1104 598
1104 607
1104 1082
1104 534
1104 641
1104 308
1104 818
1104 796
1104 1031
1104 136
1104 1103
1104 1083
1104 75
1104 381
1104 28
1105 750
1105 910
1105 514
1105 1126
1105 260
1105 787
1105 385
1105 944
1105 983
1105 516
1105 437
1105 109
1105 533
1105 256
1106 37
1106 20
1106 96
1106 247
1106 1000
1106 593
1106 263
1106 535
1107 105
1107 1103
1108 1127
1108 400
1108 628
1108 8
1108 965
1108 706
1108 292
1108 577
1108 213
1108 110
1108 507
1108 537
1109 47
1110 763
1110 675
1111 666
1112 475
1112 244
1112 36
1113 605
1113 252
1113 915
1113 269
1113 356
1113 131
1114 1073
1114 456
1114 36
1114 989
1115 545
1115 936
1115 196
1115 63
1115 276
1115 497
1116 253
1117 29
1117 396
1117 928
1117 678
1118 369
1118 1031
1118 36
1118 836
1118 908
1118 809
1118 483
1118 635
1118 31
1119 1087
1119 642
1119 368
1119 454
1120 765
1120 65
1121 362
1121 117
1121 721
1121 686
1121 698
1121 196
1122 983
1122 402
1122 733
1122 963
1122 825
1122 411
1123 866
1123 418
1123 280
1123 824
1123 974
1124 991
1124 52
1125 737
1126 910
1126 631
1126 736
1126 1102
1126 172
1126 878
1126 698
1126 1032
1126 808
1126 625
1126 394
1126 947
1126 696
1126 836
1126 1105
1126 364
1126 820
1127 755
1127 1028
1127 472
1127 643
1127 1027
1127 156
1127 1108
1127 977
1127 892
1127 201
1127 817
1127 106
1128 275
1128 1007
1128 265
1128 691
1128 6
1128 570
1128 208
1128 125
1128 173
1128 581
1128 850
1128 530
1128 496
1128 933
1128 511
1128 779
1128 1019
1128 297
1128 664
1128 1077
1128 941
1128 37
1128 778
1128 48
1128 721
1128 47
1129 425
1129 529
1129 572
1129 499
1129 262
1130 412
1130 1082
1130 639
1131 860
1131 865
1132 980
