0 610
0 196
0 84
0 87
0 1111
0 791
0 877
0 223
0 1043
0 694
0 790
0 1005
1 323
1 846
1 841
1 196
1 877
1 791
1 556
1 951
1 1085
1 907
1 496
2 1096
2 552
2 643
2 739
2 800
2 1067
2 798
2 978
2 607
2 413
2 167
3 427
3 457
3 1055
3 994
3 982
3 163
3 317
3 946
3 628
3 1021
3 515
3 1024
4 484
4 421
4 528
4 464
4 361
5 720
5 696
6 627
6 214
7 570
7 445
7 894
7 513
7 239
7 872
7 481
8 814
8 654
8 589
8 539
8 21
8 41
9 379
9 107
9 775
9 869
9 320
9 285
10 800
10 474
10 662
10 163
10 441
10 1090
10 1016
10 617
11 682
11 117
11 162
11 140
12 888
12 105
12 33
12 1095
12 91
12 526
12 1113
12 430
12 182
13 632
13 800
13 260
13 654
13 820
13 213
14 800
14 478
14 1055
14 690
14 317
14 769
14 607
14 552
14 427
14 930
15 17
15 694
15 556
15 584
15 475
15 993
16 240
16 667
16 345
16 315
16 933
16 129
16 735
16 166
16 1007
16 932
16 113
16 420
16 1102
16 810
16 915
16 1075
16 1049
16 218
16 102
16 203
16 1082
16 605
16 37
16 647
17 1073
17 463
17 907
17 671
17 390
17 294
17 25
17 1121
17 958
17 1040
17 580
17 409
17 615
17 585
17 588
17 507
17 118
17 1010
17 745
17 1067
17 978
17 218
17 1051
17 190
17 204
17 695
17 868
17 15
17 551
18 427
18 628
18 317
18 712
19 1043
19 508
19 1132
19 955
19 212
19 1071
19 908
19 1010
19 1079
19 583
19 359
19 1021
19 436
19 870
19 262
19 32
19 1120
19 841
19 647
19 596
19 1019
19 587
19 707
19 403
19 491
19 931
19 194
19 906
19 884
19 663
19 465
19 527
19 232
19 395
19 463
20 621
21 297
21 619
21 536
21 294
21 8
21 950
21 1062
22 464
22 551
22 446
22 461
22 138
22 158
22 1035
22 254
22 741
22 1119
22 855
22 982
22 1043
22 1054
22 594
22 771
22 32
22 952
22 1008
23 178
23 733
24 750
24 713
24 621
24 1076
24 28
24 102
24 897
24 668
24 864
24 123
25 431
25 17
25 1115
25 745
25 390
26 1040
27 345
27 655
27 378
27 1099
27 691
28 926
28 46
28 909
28 493
28 555
28 261
28 1120
28 487
28 146
28 786
28 567
28 205
28 54
28 860
28 455
28 157
28 988
28 897
28 451
28 24
28 411
28 681
28 927
28 123
28 808
28 160
28 368
28 718
28 935
28 599
28 856
28 977
28 149
28 756
29 1094
29 590
29 1118
29 385
29 444
29 987
29 790
29 374
30 622
30 729
30 503
30 850
30 204
30 613
30 1085
30 791
30 304
30 694
30 253
31 696
31 392
32 741
32 707
32 628
32 940
32 22
32 659
32 1132
32 491
32 266
32 19
32 657
32 1008
32 858
32 1114
32 1110
32 790
32 1040
32 1051
32 403
33 551
33 91
33 12
33 303
33 192
33 1113
33 984
33 466
33 301
33 182
34 1067
34 881
35 1019
35 608
35 884
35 567
35 1132
35 307
35 906
35 481
35 998
35 1120
35 418
35 480
35 291
35 1125
35 436
35 232
35 803
35 491
35 729
35 443
35 583
35 749
35 700
35 895
35 251
35 470
35 130
36 611
36 835
36 283
36 412
36 94
37 40
37 773
37 536
37 554
37 881
37 911
37 330
37 950
37 785
37 16
37 1114
37 597
38 624
38 575
38 179
38 878
38 637
38 829
38 833
38 334
39 608
40 205
40 773
40 1005
40 593
40 129
40 962
40 408
40 1057
40 945
40 524
40 37
40 529
40 428
40 638
40 1077
40 443
40 440
40 99
41 814
41 8
42 633
42 162
42 1020
43 214
43 910
43 545
43 639
43 1035
43 524
43 238
43 245
43 272
43 177
43 498
43 535
44 606
44 1072
44 186
44 309
45 254
45 850
45 562
45 88
46 28
46 54
46 636
47 158
47 330
47 567
47 615
47 443
47 428
47 197
47 855
48 619
48 412
48 647
49 499
49 988
49 636
49 405
49 288
49 645
49 506
49 222
49 695
50 890
50 980
50 523
50 1040
50 127
50 460
50 571
50 117
50 680
50 494
50 916
51 580
51 978
52 440
52 848
52 179
52 962
52 391
52 790
52 1070
52 574
52 339
52 1127
53 853
53 464
53 428
54 311
54 977
54 99
54 368
54 667
54 681
54 567
54 1121
54 750
54 420
54 837
54 773
54 897
54 221
54 810
54 528
54 549
54 28
54 46
54 218
54 1040
54 406
54 893
54 834
54 752
54 409
54 761
54 1051
55 864
56 140
56 509
56 905
56 345
57 138
57 125
57 218
57 259
58 716
58 838
58 932
59 458
59 971
59 706
59 650
59 294
59 672
59 1087
59 261
59 313
59 783
59 1009
60 443
60 683
61 143
61 431
62 66
62 444
62 1094
62 374
62 1123
63 1123
63 320
63 153
63 519
64 745
64 790
64 1104
64 329
64 1051
64 685
64 560
64 524
65 942
65 191
65 636
65 580
66 1123
66 767
66 1095
66 575
66 62
66 1094
66 1118
67 354
67 700
67 803
68 1082
69 355
69 697
69 1055
69 369
69 98
69 540
69 666
69 716
69 309
69 676
69 1098
69 512
69 995
69 1023
69 260
69 644
69 979
69 989
69 207
69 1070
69 213
69 660
70 148
71 452
72 875
72 294
72 683
72 87
73 233
73 497
73 662
73 104
74 191
74 671
75 847
75 75
76 891
76 976
76 132
76 1010
76 1011
76 330
76 85
76 537
77 1001
77 743
77 651
77 1030
78 1085
79 580
79 819
79 118
79 855
79 796
80 1092
80 511
81 652
81 144
81 906
81 197
81 829
81 183
81 89
82 571
82 902
82 523
82 868
82 127
83 209
83 1015
83 246
83 98
83 1009
83 672
83 133
83 606
83 731
83 348
83 831
83 915
83 1069
84 261
84 223
84 678
84 1070
84 784
84 1078
84 206
84 1057
84 0
84 363
84 365
84 440
84 1119
85 995
85 562
85 76
85 839
85 254
86 610
86 384
86 877
86 729
87 563
87 161
87 72
87 240
87 460
87 1120
87 304
87 644
87 935
87 1049
87 756
87 528
87 261
87 955
87 549
87 962
87 368
87 113
87 1102
87 0
87 361
88 1108
88 254
88 204
88 45
88 692
88 713
88 850
88 562
88 759
89 351
89 204
89 790
89 976
89 496
89 1072
89 81
90 498
90 446
90 415
90 272
90 177
90 339
90 271
90 911
90 429
90 524
90 835
90 238
91 526
91 33
91 12
91 182
91 1113
91 984
92 1020
93 206
93 363
93 1007
93 277
93 1119
93 892
93 1057
93 440
93 1052
94 797
94 476
94 36
94 812
94 483
94 687
94 633
94 867
94 973
94 229
95 379
95 644
95 989
95 153
95 869
95 107
95 207
96 716
96 1023
97 118
97 1121
97 745
97 580
97 338
98 660
98 69
98 83
99 735
99 330
99 129
99 241
99 950
99 40
99 833
99 379
99 760
99 536
99 945
99 1072
99 409
99 662
99 905
99 669
99 898
99 917
99 197
99 54
99 1043
99 670
99 906
99 753
99 986
99 1008
99 162
99 529
99 515
99 1097
99 436
100 716
100 1023
100 413
100 559
100 1111
100 789
100 1014
100 1060
100 828
100 891
101 926
101 922
102 825
102 292
102 1076
102 163
102 24
102 884
102 133
102 125
102 1012
102 16
102 1065
102 251
102 1101
102 118
103 1053
103 696
103 1023
103 524
103 979
103 1111
104 517
104 489
104 207
104 1030
104 226
104 264
104 492
104 768
104 753
104 943
104 775
104 379
104 378
104 142
104 620
104 1129
104 1067
104 73
104 563
104 154
105 637
105 1081
105 217
105 877
105 12
105 1056
105 888
105 899
105 685
105 1059
105 384
105 741
106 491
106 735
107 9
107 733
107 644
107 362
107 534
107 220
107 320
107 517
107 207
107 180
107 379
107 150
107 775
107 434
107 555
107 328
107 869
107 862
107 95
108 163
108 551
108 515
108 731
109 689
109 894
110 1121
110 499
111 453
111 250
111 375
111 848
111 807
112 673
113 966
113 935
113 955
113 240
113 846
113 735
113 241
113 1117
113 443
113 87
113 1049
113 279
113 261
113 16
113 564
113 890
113 1102
113 667
114 846
114 926
114 739
115 418
115 594
115 583
116 994
117 204
117 573
117 50
117 11
117 339
117 270
117 1099
117 414
117 920
117 972
117 390
118 79
118 390
118 17
118 745
118 608
118 149
118 978
118 796
118 580
118 97
118 569
118 280
118 204
118 628
118 102
118 661
119 209
119 445
120 137
120 1087
120 829
120 950
120 379
120 551
121 428
121 951
121 657
121 833
122 871
123 813
123 745
123 750
123 24
123 270
123 920
123 808
123 927
123 28
123 205
123 628
123 411
123 149
123 909
123 148
123 608
123 337
123 201
123 977
124 551
124 1048
124 438
124 581
125 1106
125 917
125 670
125 1023
125 741
125 364
125 475
125 133
125 278
125 694
125 1101
125 558
125 102
125 932
125 1076
125 57
125 655
125 162
125 954
125 259
125 218
125 838
126 787
126 299
126 491
126 214
127 266
127 494
127 50
127 82
127 307
127 319
127 980
127 644
127 673
127 523
127 1089
127 571
128 318
129 426
129 16
129 774
129 563
129 40
129 485
129 750
129 445
129 605
129 484
129 945
129 753
129 1077
129 480
129 1057
129 330
129 566
129 1098
129 749
129 664
129 213
129 881
129 536
129 266
129 198
129 1132
129 390
129 828
129 408
129 518
129 528
129 739
129 773
129 529
129 911
129 99
129 735
129 232
129 428
129 811
129 364
129 282
130 35
130 624
130 136
130 183
130 332
130 1120
130 700
130 191
130 296
130 630
131 1072
131 1068
131 1039
132 438
132 76
133 915
133 873
133 361
133 125
133 950
133 986
133 597
133 184
133 536
133 102
133 83
133 1065
133 831
133 881
133 261
133 1067
133 420
133 724
134 996
135 1072
136 1089
136 916
136 212
136 551
136 1037
136 130
136 307
136 232
136 1131
136 659
136 144
136 527
136 405
136 281
136 222
136 985
136 626
136 575
137 604
137 120
137 608
137 607
137 945
137 464
137 676
137 683
137 696
137 1060
138 163
138 1018
138 249
138 158
138 22
138 594
138 292
138 628
138 707
138 602
138 1008
138 816
138 829
138 855
138 826
138 624
138 491
138 741
138 875
138 57
139 716
139 288
139 652
139 820
139 1023
139 1025
139 733
140 1076
140 983
140 722
140 875
140 509
140 445
140 1067
140 905
140 56
140 204
140 11
140 917
140 1001
140 345
140 771
140 530
140 881
140 518
140 1010
141 500
142 753
142 104
142 563
143 796
143 745
143 567
143 671
143 431
143 580
143 61
144 136
144 81
144 1089
144 266
145 379
146 1049
146 977
146 493
146 28
146 1120
146 750
146 368
147 183
147 616
147 220
147 193
147 1110
148 70
148 1120
148 251
148 935
148 761
148 906
148 668
148 746
148 977
148 856
148 822
148 409
148 178
148 849
148 471
148 733
148 718
148 772
148 368
148 813
148 773
148 405
148 644
148 1049
148 671
148 750
148 887
148 123
148 276
148 855
148 543
149 668
149 750
149 664
149 28
149 118
149 208
149 803
149 123
149 921
149 772
150 107
150 918
150 492
151 720
151 696
151 833
152 1110
152 990
152 267
152 523
152 197
152 916
152 658
152 448
152 288
153 95
153 180
153 875
153 328
153 1068
153 379
153 362
153 347
153 285
153 420
153 434
153 320
153 207
153 63
154 104
154 204
154 1113
154 301
155 985
155 906
155 251
155 1040
155 310
156 246
157 528
157 28
158 751
158 551
158 741
158 47
158 934
158 817
158 350
158 22
158 138
159 771
159 665
159 602
160 849
160 28
160 997
160 772
160 681
160 750
161 766
161 955
161 549
161 679
161 1049
161 1102
161 87
161 935
162 475
162 917
162 11
162 1051
162 560
162 558
162 453
162 433
162 125
162 331
162 99
162 255
162 42
162 907
162 273
162 945
162 954
162 905
162 743
162 419
162 1002
162 670
162 364
162 243
162 361
162 392
163 474
163 732
163 769
163 731
163 275
163 800
163 269
163 227
163 946
163 834
163 167
163 138
163 592
163 407
163 10
163 1076
163 518
163 662
163 552
163 1024
163 601
163 515
163 3
163 1096
163 976
163 1058
163 628
163 1090
163 457
163 102
163 108
163 1015
163 317
163 388
164 647
164 184
164 831
165 873
166 315
166 16
167 2
167 798
167 227
167 607
167 662
167 1096
167 592
167 538
167 163
168 746
168 926
169 697
169 301
170 608
171 1011
172 315
173 810
173 1114
173 694
173 226
173 781
173 1084
173 666
173 605
173 838
173 894
173 845
173 705
173 938
174 941
174 445
174 294
174 477
175 749
175 1110
175 571
175 1019
175 232
175 884
175 276
175 251
175 667
175 1132
175 998
175 626
175 465
175 1010
175 500
175 870
175 257
175 756
175 906
175 1071
175 374
175 266
175 700
175 289
176 849
177 1094
177 43
177 910
177 790
177 1052
177 799
177 556
177 639
177 498
177 999
177 245
177 881
177 664
177 238
177 90
177 1119
177 1035
177 472
177 545
177 1043
177 272
177 737
177 535
177 1070
177 334
177 1097
177 271
178 148
178 23
178 846
179 52
179 603
179 637
179 575
179 624
179 924
179 829
179 271
179 38
179 384
180 294
180 153
180 379
180 107
180 1065
181 626
181 674
181 985
181 212
181 1089
181 289
182 303
182 12
182 526
182 984
182 888
182 91
182 33
182 466
182 192
183 815
183 81
183 197
183 893
183 931
183 849
183 470
183 130
183 147
183 652
184 1101
184 724
184 873
184 1099
184 164
184 647
184 133
184 933
184 905
184 831
184 404
185 687
185 229
185 924
185 812
185 633
185 476
185 1043
186 284
186 44
186 1067
186 1072
186 790
186 204
187 1094
187 987
187 594
188 509
188 903
188 352
189 673
189 931
189 628
189 291
189 1008
190 745
190 1067
190 409
190 431
190 649
190 17
191 612
191 671
191 130
191 978
191 580
191 65
191 74
191 745
192 301
192 182
192 882
192 1113
192 33
192 212
192 583
193 790
193 491
193 443
193 265
193 1114
193 1019
193 1132
193 848
193 960
193 906
193 628
193 147
193 1067
193 934
193 1110
194 583
194 403
194 19
194 1132
195 453
196 503
196 1005
196 791
196 401
196 816
196 0
196 556
196 896
196 694
196 204
196 941
196 877
196 253
196 729
196 470
196 848
196 522
196 504
196 1
196 1085
196 1094
196 445
196 638
196 1111
196 296
197 811
197 919
197 936
197 491
197 403
197 906
197 635
197 658
197 464
197 652
197 849
197 803
197 1107
197 884
197 81
197 152
197 99
197 183
197 47
198 765
198 769
198 591
198 203
198 1076
198 969
198 129
198 269
199 518
199 437
200 339
200 440
200 799
200 1035
200 801
200 524
200 876
200 498
200 299
200 238
200 1053
200 594
200 1106
200 751
201 123
202 223
202 638
202 1005
203 667
203 572
203 836
203 282
203 570
203 992
203 683
203 921
203 771
203 881
203 16
203 536
203 844
203 857
203 198
204 524
204 766
204 751
204 405
204 154
204 186
204 587
204 700
204 89
204 88
204 30
204 745
204 251
204 938
204 254
204 1119
204 117
204 272
204 495
204 236
204 196
204 140
204 1112
204 17
204 491
204 868
204 971
204 118
204 1118
205 499
205 750
205 451
205 808
205 599
205 28
205 681
205 487
205 123
205 311
205 40
205 909
206 277
206 84
206 678
206 440
206 1052
206 365
206 93
206 1007
206 363
207 438
207 69
207 976
207 95
207 379
207 462
207 107
207 441
207 768
207 1064
207 153
207 511
207 104
208 149
209 83
209 949
209 986
209 713
209 995
209 352
209 490
209 119
209 1082
209 1011
209 1044
209 889
210 371
210 1016
210 1024
210 227
210 969
210 1017
210 1103
210 269
210 215
211 399
212 448
212 192
212 300
212 527
212 1089
212 523
212 460
212 508
212 289
212 288
212 19
212 222
212 864
212 870
212 613
212 136
212 307
212 916
212 181
212 985
212 1120
212 516
212 1125
212 1022
212 583
212 626
213 632
213 559
213 1023
213 129
213 13
213 69
213 831
213 800
213 720
213 820
213 268
214 496
214 126
214 6
214 628
214 627
214 287
214 920
214 952
214 822
214 849
214 1089
214 446
214 43
214 491
214 787
214 626
214 1010
214 974
214 319
214 811
214 567
214 341
214 1120
215 969
215 216
215 227
215 1017
215 371
215 230
215 210
215 269
215 929
215 800
216 703
216 397
216 474
216 921
216 413
216 1058
216 215
216 929
216 731
216 1090
216 628
217 236
217 284
217 638
217 1059
217 259
217 935
217 713
217 105
218 604
218 16
218 949
218 731
218 905
218 669
218 588
218 316
218 361
218 841
218 279
218 17
218 485
218 536
218 57
218 1114
218 321
218 54
218 753
218 1111
218 243
218 1051
218 125
218 259
218 230
218 884
218 945
218 816
219 1125
220 1019
220 107
220 1041
220 733
220 527
220 1110
220 307
220 815
220 147
221 554
221 958
221 543
221 977
221 54
221 392
222 136
222 350
222 626
222 523
222 988
222 777
222 307
222 790
222 916
222 1089
222 756
222 506
222 288
222 49
222 636
222 405
222 212
222 985
222 1019
222 663
223 729
223 610
223 816
223 1039
223 877
223 935
223 955
223 0
223 202
223 316
223 1111
223 638
223 782
223 835
223 522
223 791
223 1005
223 84
224 717
224 756
225 480
226 173
226 104
227 798
227 210
227 230
227 388
227 167
227 163
227 648
227 1018
227 662
227 371
227 269
227 215
228 1043
228 806
228 876
228 372
228 829
228 283
228 892
228 1053
228 1035
228 272
228 594
228 299
228 1119
229 680
229 444
229 633
229 1118
229 94
229 687
229 476
229 1043
229 924
229 812
229 185
230 215
230 662
230 908
230 607
230 1055
230 218
230 269
230 459
230 227
230 930
230 800
231 403
231 707
231 933
231 1132
231 443
232 266
232 507
232 1120
232 136
232 683
232 870
232 418
232 626
232 749
232 262
232 341
232 291
232 776
232 129
232 35
232 251
232 975
232 19
232 436
232 803
232 443
232 491
232 700
232 175
233 73
233 1069
234 493
234 718
234 746
234 445
234 977
234 761
234 754
234 640
235 266
236 1048
236 217
236 532
236 204
236 1070
236 284
236 300
236 938
236 933
237 1119
237 1057
238 429
238 524
238 1035
238 177
238 835
238 440
238 535
238 639
238 924
238 90
238 271
238 272
238 245
238 910
238 294
238 737
238 1078
238 200
238 498
238 590
238 43
239 475
239 976
239 7
239 326
239 776
239 917
239 922
240 241
240 735
240 87
240 935
240 932
240 563
240 529
240 515
240 16
240 1042
240 452
240 1102
240 511
240 818
240 364
240 773
240 113
240 911
240 428
240 955
240 925
241 926
241 602
241 846
241 1102
241 1067
241 908
241 831
241 760
241 99
241 935
241 735
241 955
241 1049
241 240
241 606
241 113
241 771
241 1014
241 950
242 295
242 445
242 941
243 162
243 1051
243 453
243 364
243 1061
243 392
243 218
243 965
243 614
244 1009
244 707
245 829
245 483
245 271
245 639
245 535
245 524
245 308
245 737
245 498
245 177
245 799
245 545
245 391
245 272
245 238
245 892
245 1057
245 43
245 910
245 1070
246 771
246 1045
246 683
246 438
246 795
246 156
246 361
246 443
246 83
246 672
247 667
247 1092
247 1117
247 940
247 683
247 615
247 604
247 657
247 986
247 443
247 536
247 570
248 976
248 391
249 518
249 138
249 606
249 723
249 696
250 807
250 960
250 364
250 111
251 266
251 832
251 635
251 663
251 674
251 491
251 262
251 341
251 749
251 700
251 175
251 500
251 756
251 148
251 1010
251 975
251 953
251 102
251 1071
251 436
251 1132
251 1065
251 35
251 626
251 204
251 155
251 916
251 906
251 307
251 232
251 977
251 669
251 911
251 583
251 884
251 900
251 452
252 667
252 745
252 580
253 1085
253 461
253 557
253 791
253 196
253 30
254 562
254 839
254 45
254 22
254 85
254 204
254 713
254 88
254 692
254 628
255 419
255 983
255 722
255 345
255 634
255 489
255 331
255 162
255 1001
255 917
255 1040
255 518
255 905
255 340
256 994
256 894
256 926
256 828
256 317
257 175
258 636
258 960
259 758
259 420
259 580
259 445
259 558
259 694
259 217
259 670
259 881
259 838
259 875
259 1005
259 944
259 57
259 433
259 743
259 682
259 292
259 1051
259 778
259 218
259 498
259 475
259 1040
259 634
259 1082
259 362
259 125
260 654
260 1055
260 720
260 676
260 69
260 13
260 604
260 539
260 660
260 369
260 1025
260 776
261 977
261 28
261 133
261 308
261 304
261 1049
261 113
261 606
261 1102
261 471
261 995
261 917
261 646
261 1120
261 84
261 549
261 445
261 955
261 59
261 644
261 87
261 935
261 265
262 895
262 1106
262 749
262 251
262 919
262 291
262 849
262 418
262 870
262 19
262 1128
262 405
262 480
262 266
262 232
262 756
262 906
262 1071
262 971
262 1120
262 596
262 683
263 741
263 671
264 104
264 753
264 667
264 1072
265 261
265 1110
265 193
266 129
266 583
266 235
266 251
266 516
266 307
266 296
266 32
266 418
266 571
266 175
266 361
266 523
266 1110
266 232
266 436
266 144
266 626
266 527
266 707
266 127
266 959
266 985
266 895
266 1120
266 491
266 262
266 881
266 579
266 864
266 1071
266 665
266 700
266 937
266 596
266 448
266 508
266 870
267 1110
267 971
267 551
267 990
267 516
267 444
267 152
267 663
267 541
267 358
267 916
267 429
267 1120
267 432
267 276
268 820
268 995
268 800
268 213
269 496
269 731
269 210
269 230
269 592
269 515
269 831
269 227
269 163
269 929
269 662
269 198
269 215
270 745
270 577
270 117
270 123
270 431
270 393
270 661
270 976
270 337
271 272
271 1035
271 238
271 429
271 245
271 179
271 90
271 498
271 446
271 524
271 696
271 535
271 545
271 1070
271 741
271 177
272 910
272 90
272 43
272 498
272 415
272 524
272 429
272 892
272 1053
272 1057
272 1119
272 177
272 639
272 204
272 385
272 1097
272 737
272 480
272 535
272 1078
272 238
272 228
272 545
272 924
272 245
272 1070
272 271
273 838
273 774
273 778
273 475
273 683
273 883
273 696
273 162
273 993
273 1100
274 443
275 515
275 800
275 732
275 314
275 333
275 317
275 592
275 994
275 163
275 831
275 607
276 1120
276 571
276 267
276 756
276 148
276 674
276 312
276 175
276 700
276 627
276 998
276 1089
276 971
276 289
277 500
277 93
277 1070
277 1078
277 678
277 206
277 365
277 755
278 696
278 939
278 125
279 713
279 570
279 485
279 218
279 946
279 361
279 920
279 1051
279 848
279 588
279 321
279 113
280 580
280 118
280 645
281 289
281 368
281 136
281 700
281 291
282 129
282 203
283 36
283 412
283 384
283 228
283 575
283 611
284 938
284 430
284 315
284 1045
284 330
284 466
284 602
284 782
284 236
284 877
284 398
284 532
284 848
284 1011
284 186
284 926
284 300
284 217
285 153
285 9
285 379
286 893
287 974
287 214
287 787
287 491
288 152
288 212
288 884
288 307
288 733
288 636
288 139
288 222
288 49
288 295
288 499
289 181
289 454
289 700
289 674
289 281
289 175
289 626
289 212
289 1089
289 276
289 1120
290 463
290 647
290 315
290 583
291 232
291 281
291 189
291 790
291 756
291 1054
291 717
291 35
291 418
291 491
291 262
291 803
292 259
292 392
292 965
292 586
292 138
292 721
292 731
292 838
292 1114
292 321
292 757
292 496
292 102
292 495
292 497
292 694
292 591
292 1020
292 679
292 478
292 923
292 917
293 994
293 317
294 174
294 445
294 320
294 786
294 941
294 814
294 1011
294 989
294 17
294 556
294 238
294 698
294 477
294 476
294 555
294 1111
294 59
294 537
294 718
294 378
294 72
294 875
294 21
294 385
294 491
294 594
294 1094
294 621
294 1052
294 869
294 180
295 873
295 499
295 242
295 288
296 266
296 420
296 895
296 130
296 1085
296 491
296 323
296 504
296 751
296 196
296 486
296 436
296 1060
296 470
297 861
297 619
297 570
297 438
297 776
297 922
297 1009
297 21
297 513
298 800
299 126
299 876
299 429
299 412
299 829
299 228
299 384
299 372
299 200
300 1011
300 1108
300 839
300 236
300 284
300 212
300 532
301 466
301 33
301 154
301 697
301 192
301 845
301 169
302 1056
302 575
303 1113
303 33
303 182
303 984
303 976
304 717
304 480
304 261
304 87
304 931
304 621
304 445
304 935
304 771
304 30
305 576
305 913
306 977
307 541
307 1116
307 829
307 1120
307 627
307 897
307 491
307 1019
307 212
307 626
307 988
307 35
307 251
307 341
307 636
307 220
307 998
307 916
307 1089
307 575
307 460
307 527
307 222
307 136
307 571
307 127
307 266
307 288
308 261
308 524
308 245
309 357
309 360
309 69
309 44
310 155
311 54
311 772
311 445
311 451
311 750
311 205
311 808
312 998
312 516
312 659
312 276
312 1089
313 59
313 1087
313 560
313 1009
313 584
314 1016
314 994
314 1024
314 732
314 275
315 284
315 290
315 330
315 383
315 172
315 16
315 166
316 218
316 223
317 1015
317 14
317 1033
317 712
317 732
317 528
317 1024
317 1051
317 3
317 886
317 163
317 662
317 994
317 515
317 950
317 361
317 531
317 275
317 930
317 256
317 457
317 18
317 1021
317 704
317 464
317 731
317 293
318 612
318 1076
318 832
318 580
318 128
318 443
319 508
319 673
319 443
319 911
319 602
319 507
319 127
319 606
319 726
319 588
319 491
319 1008
319 605
319 587
319 1114
319 628
319 596
319 214
320 961
320 976
320 867
320 153
320 63
320 555
320 107
320 445
320 379
320 481
320 9
320 294
320 775
320 362
320 875
320 869
321 420
321 279
321 986
321 1051
321 647
321 1067
321 1114
321 804
321 218
321 710
321 475
321 964
321 795
321 694
321 993
321 292
322 719
322 716
323 683
323 296
323 694
323 556
323 522
323 1124
323 791
323 948
323 470
323 1
323 1094
323 1060
323 1005
324 926
325 1007
325 1070
325 1078
326 439
326 437
326 1066
326 923
326 682
326 475
326 239
326 879
327 1049
328 153
328 107
329 805
329 64
329 963
330 963
330 1067
330 511
330 949
330 99
330 315
330 537
330 47
330 805
330 129
330 37
330 284
330 76
330 669
330 903
331 255
331 345
331 722
331 1101
331 917
331 162
331 976
331 1030
332 130
332 977
332 895
333 275
334 1022
334 575
334 38
334 829
334 833
334 624
334 529
334 603
334 177
335 960
335 1065
335 462
335 949
335 724
335 602
335 511
335 766
336 983
336 439
336 881
337 927
337 1040
337 123
337 796
337 270
337 773
337 841
337 667
337 549
337 530
338 97
339 694
339 117
339 744
339 664
339 920
339 391
339 52
339 200
339 90
340 1099
340 905
340 518
340 255
340 509
341 232
341 516
341 491
341 251
341 916
341 974
341 307
341 214
341 787
342 790
342 1067
343 993
343 518
343 883
343 433
343 838
344 917
344 905
345 56
345 16
345 140
345 518
345 1030
345 27
345 255
345 793
345 722
345 331
345 634
345 445
345 419
345 905
346 683
347 153
348 1103
348 83
349 583
349 1025
349 977
349 663
349 608
350 158
350 222
350 699
350 1071
350 1038
351 894
351 730
351 1072
351 89
352 209
352 771
352 640
352 490
352 188
353 1125
354 67
354 849
355 1098
355 995
355 696
355 607
355 608
355 654
355 69
355 944
355 604
356 945
357 309
357 679
357 683
357 780
357 584
357 360
358 267
359 463
359 418
359 19
359 508
359 587
360 357
360 780
360 309
360 1072
360 1064
360 489
360 540
360 706
361 485
361 536
361 379
361 468
361 133
361 945
361 317
361 905
361 628
361 246
361 162
361 4
361 218
361 662
361 753
361 87
361 831
361 604
361 279
361 1051
361 588
361 266
361 724
362 320
362 107
362 606
362 153
362 379
362 481
362 259
362 875
362 683
362 588
362 555
363 510
363 628
363 1070
363 1007
363 1057
363 206
363 678
363 93
363 440
363 1078
363 84
364 778
364 683
364 1012
364 240
364 1101
364 162
364 438
364 735
364 243
364 125
364 911
364 250
364 129
365 206
365 84
365 277
365 678
365 440
365 1052
365 1119
365 1057
366 420
366 753
367 757
368 587
368 54
368 28
368 1120
368 148
368 555
368 849
368 1049
368 146
368 955
368 543
368 87
368 977
368 392
368 281
368 549
368 947
368 612
368 773
369 69
369 512
369 660
369 1055
369 676
369 696
369 260
369 1098
370 750
371 215
371 969
371 1017
371 210
371 227
371 1103
371 800
371 1015
372 412
372 228
372 299
373 888
373 526
373 986
373 495
374 385
374 1118
374 1094
374 987
374 62
374 976
374 175
374 574
374 380
374 790
374 500
374 709
374 582
374 590
374 29
374 444
374 594
375 917
375 111
376 681
376 608
376 773
377 763
378 976
378 1067
378 670
378 27
378 104
378 294
379 1074
379 434
379 120
379 99
379 107
379 95
379 104
379 464
379 875
379 517
379 153
379 320
379 775
379 361
379 563
379 544
379 1051
379 1072
379 881
379 943
379 145
379 207
379 671
379 9
379 989
379 1068
379 362
379 180
379 285
379 1042
380 374
381 670
381 528
382 785
383 315
384 716
384 299
384 283
384 1094
384 575
384 826
384 611
384 105
384 1056
384 179
384 86
385 29
385 590
385 1043
385 790
385 892
385 1097
385 987
385 476
385 294
385 709
385 528
385 594
385 272
385 374
385 444
385 924
385 801
385 835
385 582
385 440
386 995
387 778
388 769
388 667
388 163
388 969
388 227
388 1024
389 619
390 129
390 117
390 608
390 1115
390 17
390 443
390 667
390 671
390 762
390 796
390 25
390 1121
390 661
390 893
390 745
390 118
390 628
391 628
391 1097
391 438
391 476
391 667
391 248
391 52
391 245
391 951
391 339
391 973
391 498
391 835
392 1122
392 554
392 31
392 776
392 221
392 549
392 438
392 368
392 1012
392 698
392 292
392 881
392 1061
392 911
392 964
392 243
392 162
392 965
392 433
393 661
393 270
393 751
394 673
395 19
395 527
395 870
396 800
396 1099
397 216
398 284
399 997
399 960
399 676
399 720
399 602
399 660
399 211
399 1014
399 1010
400 708
400 483
400 1007
400 1127
400 1023
401 896
401 461
401 196
401 802
401 546
401 1085
402 613
403 32
403 884
403 1114
403 194
403 1132
403 197
403 436
403 231
403 724
403 19
403 570
403 1120
403 491
403 707
403 933
404 184
404 1051
404 836
405 148
405 49
405 1019
405 222
405 262
405 460
405 204
405 507
405 465
405 626
405 136
406 735
406 908
406 950
406 1072
406 54
406 1061
406 528
407 163
407 607
408 40
408 129
409 54
409 811
409 148
409 464
409 99
409 796
409 1121
409 741
409 17
409 190
410 949
410 468
411 1050
411 123
411 28
411 773
411 750
412 48
412 611
412 835
412 1028
412 299
412 36
412 283
412 372
413 607
413 2
413 1060
413 660
413 1055
413 559
413 716
413 994
413 216
413 100
414 117
415 803
415 960
415 884
415 436
415 429
415 1132
415 713
415 90
415 452
415 911
415 272
416 669
416 646
416 950
416 420
416 615
417 950
417 696
418 523
418 266
418 870
418 463
418 756
418 35
418 232
418 681
418 884
418 359
418 436
418 291
418 262
418 777
418 115
418 491
419 1051
419 345
419 696
419 162
419 255
419 518
419 743
419 905
419 1001
420 528
420 1068
420 669
420 1040
420 509
420 870
420 753
420 366
420 434
420 879
420 133
420 816
420 321
420 536
420 259
420 153
420 745
420 426
420 909
420 296
420 416
420 54
420 1044
420 911
420 682
420 664
420 16
420 808
421 604
421 485
421 4
421 484
421 1117
421 667
421 1098
421 669
421 955
421 529
422 976
422 995
422 1067
423 816
423 791
424 866
424 518
424 917
425 1025
426 588
426 1098
426 616
426 484
426 774
426 833
426 995
426 129
426 773
426 420
427 690
427 930
427 1015
427 994
427 591
427 3
427 607
427 18
427 704
427 14
427 457
427 731
427 1024
428 40
428 129
428 528
428 484
428 1083
428 903
428 684
428 240
428 121
428 47
428 1059
428 551
428 53
429 440
429 738
429 90
429 1071
429 835
429 665
429 267
429 446
429 892
429 1089
429 272
429 299
429 1119
429 1105
429 271
429 415
429 238
429 498
429 680
430 12
430 284
431 977
431 745
431 143
431 61
431 1115
431 190
431 25
431 796
431 580
431 855
431 270
432 916
432 637
432 267
432 663
432 516
432 541
432 1120
432 990
432 980
432 959
432 627
433 694
433 776
433 343
433 1031
433 743
433 683
433 475
433 259
433 162
433 881
433 682
433 722
433 706
433 482
433 392
434 153
434 1068
434 379
434 107
434 420
435 1005
435 515
435 604
436 1120
436 945
436 895
436 19
436 403
436 907
436 443
436 35
436 659
436 251
436 99
436 491
436 870
436 296
436 596
436 232
436 418
436 415
436 266
436 464
436 811
437 1101
437 1002
437 447
437 199
437 445
437 326
437 480
438 1031
438 124
438 565
438 917
438 932
438 364
438 713
438 836
438 246
438 1051
438 132
438 778
438 207
438 297
438 682
438 1009
438 392
438 391
439 592
439 831
439 336
439 1103
439 870
439 1002
439 718
439 635
439 808
439 745
439 326
439 536
440 1052
440 987
440 446
440 782
440 385
440 945
440 206
440 93
440 1057
440 429
440 835
440 52
440 84
440 1119
440 238
440 1043
440 200
440 363
440 365
440 40
441 10
441 1016
441 474
441 207
441 669
441 781
442 995
443 667
443 193
443 1117
443 684
443 463
443 922
443 940
443 318
443 654
443 319
443 436
443 778
443 567
443 604
443 863
443 605
443 274
443 471
443 774
443 40
443 35
443 232
443 615
443 113
443 875
443 587
443 934
443 390
443 47
443 60
443 246
443 588
443 231
443 935
443 624
443 683
443 247
443 491
443 955
443 707
444 574
444 62
444 267
444 594
444 374
444 590
444 385
444 229
444 639
444 29
444 1095
445 634
445 556
445 311
445 234
445 294
445 196
445 1094
445 129
445 644
445 875
445 737
445 555
445 591
445 304
445 477
445 638
445 669
445 119
445 261
445 140
445 746
445 1111
445 259
445 1101
445 941
445 437
445 174
445 345
445 756
445 511
445 1085
445 807
445 7
445 718
445 1070
445 320
445 242
445 491
445 640
445 949
445 884
446 524
446 1008
446 464
446 90
446 22
446 583
446 440
446 271
446 913
446 734
446 741
446 491
446 615
446 673
446 667
446 429
446 214
446 476
447 1101
447 437
448 658
448 212
448 152
448 884
448 523
448 266
448 849
448 460
449 513
449 502
449 1000
450 484
450 945
451 205
451 750
451 499
451 311
451 772
451 28
452 491
452 240
452 415
452 251
452 911
452 635
452 583
452 913
452 71
453 243
453 195
453 111
453 807
453 162
453 1012
454 990
454 491
454 460
454 902
454 937
454 289
455 28
456 997
457 3
457 606
457 1024
457 427
457 163
457 946
457 317
458 59
459 230
459 551
459 769
459 662
460 571
460 500
460 916
460 1125
460 483
460 87
460 405
460 212
460 523
460 1019
460 454
460 756
460 626
460 1089
460 680
460 307
460 738
460 448
460 665
460 906
460 50
461 401
461 522
461 22
461 253
461 496
461 877
462 468
462 790
462 464
462 694
462 207
462 647
462 831
462 1087
462 588
462 1114
462 335
462 605
463 955
463 986
463 443
463 745
463 694
463 418
463 790
463 475
463 1079
463 359
463 875
463 826
463 596
463 657
463 17
463 884
463 470
463 290
463 19
463 993
463 934
463 491
464 898
464 53
464 785
464 4
464 317
464 855
464 828
464 137
464 462
464 197
464 22
464 409
464 662
464 604
464 1072
464 563
464 829
464 472
464 436
464 615
464 446
464 511
464 379
464 836
464 553
464 873
464 712
464 498
464 1061
464 906
465 707
465 405
465 491
465 19
465 884
465 749
465 175
465 583
466 33
466 284
466 301
466 984
466 1113
466 182
467 1121
468 410
468 843
468 462
468 361
469 584
469 1087
470 323
470 1060
470 491
470 35
470 183
470 895
470 1043
470 667
470 296
470 1124
470 727
470 196
470 463
470 1120
471 955
471 443
471 567
471 261
471 1102
471 849
471 683
471 935
471 917
471 1120
471 1049
471 977
471 491
471 148
471 1092
471 644
472 1094
472 829
472 553
472 582
472 1097
472 747
472 907
472 464
472 177
472 498
472 811
472 524
473 1049
473 1102
473 1094
474 10
474 163
474 1090
474 1016
474 1058
474 648
474 716
474 441
474 662
474 216
475 667
475 239
475 259
475 646
475 917
475 560
475 696
475 125
475 321
475 1002
475 273
475 326
475 694
475 584
475 838
475 993
475 433
475 463
475 15
475 776
475 162
475 1101
475 986
475 875
476 687
476 229
476 874
476 446
476 385
476 608
476 801
476 294
476 633
476 790
476 968
476 833
476 892
476 1043
476 391
476 1118
476 94
476 1094
476 185
476 924
476 812
476 590
476 498
477 1070
477 174
477 294
477 445
477 519
477 949
477 875
477 555
478 292
478 14
479 894
480 511
480 949
480 698
480 129
480 766
480 225
480 637
480 662
480 870
480 1076
480 262
480 924
480 504
480 35
480 304
480 1121
480 831
480 906
480 437
480 605
480 272
481 35
481 756
481 320
481 669
481 362
481 7
481 556
481 1067
482 433
482 628
483 94
483 790
483 400
483 498
483 460
483 1127
483 920
483 245
484 426
484 833
484 831
484 421
484 428
484 1117
484 630
484 4
484 810
484 667
484 616
484 450
484 129
484 760
484 735
484 624
484 529
485 129
485 588
485 997
485 361
485 735
485 683
485 1049
485 935
485 1102
485 218
485 955
485 917
485 945
485 1069
485 421
485 279
486 491
486 296
486 649
487 28
487 205
487 977
487 750
487 772
488 873
488 683
488 838
488 667
489 932
489 255
489 530
489 360
489 667
489 1101
489 104
489 1099
489 780
490 1044
490 1080
490 209
490 352
491 583
491 627
491 881
491 884
491 508
491 496
491 626
491 587
491 890
491 516
491 870
491 291
491 647
491 756
491 251
491 341
491 126
491 665
491 470
491 1110
491 443
491 294
491 436
491 749
491 32
491 214
491 700
491 471
491 465
491 1120
491 19
491 452
491 446
491 454
491 287
491 296
491 674
491 307
491 1008
491 418
491 463
491 106
491 266
491 319
491 445
491 822
491 976
491 204
491 232
491 193
491 628
491 35
491 1063
491 403
491 1071
491 787
491 1117
491 197
491 951
491 486
491 1132
491 707
491 974
491 138
491 971
491 659
491 717
491 790
492 150
492 104
492 918
492 840
492 644
493 773
493 234
493 28
493 146
493 772
493 750
494 980
494 50
494 127
494 571
494 569
495 292
495 526
495 204
495 373
496 1021
496 292
496 214
496 1067
496 771
496 89
496 628
496 787
496 461
496 1
496 1054
496 534
496 959
496 269
496 491
496 855
497 73
497 292
497 662
498 429
498 877
498 391
498 910
498 835
498 90
498 43
498 524
498 639
498 1070
498 271
498 238
498 1043
498 545
498 245
498 799
498 924
498 476
498 846
498 892
498 1035
498 200
498 259
498 737
498 464
498 272
498 1057
498 628
498 483
498 709
498 177
498 535
498 472
499 205
499 977
499 950
499 750
499 451
499 49
499 988
499 636
499 110
499 288
499 295
500 460
500 981
500 141
500 175
500 374
500 251
500 277
501 756
501 511
502 449
502 619
503 196
503 1039
503 1085
503 30
504 296
504 1005
504 694
504 1060
504 768
504 522
504 480
504 948
504 196
504 877
505 875
506 804
506 49
506 222
507 405
507 319
507 232
507 668
507 17
508 319
508 1089
508 266
508 212
508 1079
508 359
508 19
508 491
508 870
509 1030
509 905
509 140
509 983
509 188
509 56
509 340
509 420
510 363
510 1070
510 1007
511 555
511 80
511 763
511 335
511 207
511 735
511 464
511 480
511 445
511 1076
511 501
511 951
511 330
511 240
512 660
512 1098
512 604
512 676
512 369
512 995
512 608
512 800
512 696
512 607
512 1055
512 69
512 1060
512 789
512 654
513 619
513 7
513 449
513 841
513 297
514 574
515 769
515 163
515 435
515 317
515 99
515 275
515 269
515 1025
515 683
515 3
515 765
515 240
515 108
515 846
515 735
516 312
516 212
516 1105
516 1120
516 541
516 491
516 1110
516 990
516 980
516 1071
516 341
516 663
516 626
516 267
516 266
516 527
516 432
516 916
516 749
517 107
517 623
517 104
517 989
517 379
518 905
518 340
518 163
518 1065
518 722
518 634
518 1001
518 199
518 140
518 255
518 1076
518 778
518 249
518 917
518 1101
518 343
518 129
518 838
518 345
518 960
518 419
518 424
519 63
519 477
520 812
521 718
522 1111
522 1085
522 1005
522 323
522 196
522 791
522 877
522 811
522 461
522 623
522 504
522 223
523 212
523 418
523 1120
523 152
523 1089
523 916
523 50
523 870
523 448
523 700
523 829
523 127
523 82
523 266
523 222
523 571
523 980
523 680
523 460
523 1125
524 271
524 200
524 272
524 920
524 498
524 40
524 43
524 551
524 446
524 848
524 204
524 90
524 535
524 1052
524 628
524 958
524 737
524 103
524 678
524 64
524 924
524 545
524 918
524 1035
524 1043
524 1070
524 308
524 472
524 245
524 951
524 910
524 639
524 238
525 716
526 495
526 697
526 995
526 1044
526 91
526 986
526 12
526 373
526 182
526 888
526 604
527 516
527 136
527 220
527 906
527 626
527 307
527 1019
527 583
527 1079
527 1120
527 870
527 212
527 19
527 1071
527 395
527 266
528 932
528 406
528 129
528 1132
528 54
528 317
528 669
528 4
528 385
528 87
528 381
528 753
528 897
528 735
528 668
528 1018
528 773
528 905
528 428
528 893
528 420
528 157
529 829
529 760
529 40
529 701
529 735
529 240
529 833
529 129
529 484
529 421
529 553
529 99
529 667
529 334
530 920
530 1003
530 683
530 838
530 816
530 790
530 655
530 831
530 881
530 628
530 489
530 140
530 337
530 892
531 800
531 317
532 236
532 1067
532 300
532 891
532 284
533 1089
534 107
534 869
534 496
535 498
535 272
535 271
535 639
535 737
535 245
535 524
535 545
535 177
535 238
535 43
536 247
536 133
536 218
536 687
536 1103
536 420
536 1065
536 129
536 361
536 21
536 950
536 203
536 99
536 1002
536 881
536 933
536 605
536 37
536 831
536 439
536 873
537 294
537 76
537 330
537 1011
538 1097
538 167
538 549
539 928
539 861
539 260
539 8
539 922
539 800
539 654
540 69
540 753
540 360
540 1072
540 1067
541 1110
541 980
541 267
541 307
541 516
541 870
541 864
541 663
541 916
541 432
541 990
541 919
542 949
543 221
543 368
543 773
543 750
543 148
543 1120
543 977
544 379
544 918
545 177
545 910
545 639
545 245
545 524
545 535
545 43
545 498
545 271
545 272
545 737
546 1039
546 401
547 870
547 985
547 663
547 1071
548 873
549 337
549 261
549 54
549 161
549 87
549 368
549 935
549 538
549 955
549 644
549 392
550 1072
551 646
551 811
551 637
551 1040
551 855
551 267
551 459
551 524
551 725
551 921
551 158
551 136
551 22
551 124
551 120
551 17
551 615
551 905
551 33
551 428
551 108
552 1106
552 601
552 163
552 1015
552 14
552 2
552 1096
552 769
553 472
553 846
553 833
553 464
553 529
553 827
554 947
554 37
554 221
554 598
554 392
555 718
555 294
555 935
555 28
555 1001
555 477
555 941
555 667
555 808
555 362
555 511
555 320
555 556
555 107
555 368
555 445
555 644
556 177
556 445
556 323
556 875
556 746
556 884
556 941
556 816
556 1124
556 948
556 1079
556 786
556 902
556 196
556 1
556 1005
556 622
556 976
556 741
556 481
556 294
556 15
556 694
556 1085
556 1060
556 555
556 640
557 877
557 253
557 638
558 162
558 125
558 259
559 742
559 720
559 413
559 1045
559 891
559 100
559 979
559 213
559 828
559 660
559 716
560 589
560 593
560 1087
560 162
560 64
560 917
560 313
560 795
560 1009
560 475
561 1035
562 45
562 995
562 85
562 88
562 254
562 692
562 713
563 379
563 129
563 1042
563 240
563 735
563 881
563 753
563 104
563 87
563 464
563 142
564 113
564 846
565 438
566 593
566 129
567 28
567 608
567 214
567 726
567 35
567 736
567 471
567 443
567 1117
567 143
567 959
567 47
567 870
567 54
568 1052
568 1127
569 118
569 494
570 694
570 915
570 790
570 247
570 872
570 604
570 403
570 7
570 279
570 203
570 606
570 297
571 266
571 82
571 523
571 980
571 50
571 460
571 674
571 127
571 175
571 307
571 276
571 680
571 1125
571 626
571 916
571 700
571 494
572 203
572 921
573 117
574 1023
574 1094
574 590
574 514
574 1118
574 1070
574 374
574 999
574 52
574 444
575 302
575 307
575 1123
575 283
575 1055
575 136
575 1056
575 384
575 179
575 334
575 1094
575 624
575 66
575 829
575 38
576 890
576 305
577 270
578 1049
579 266
579 913
579 667
580 97
580 280
580 608
580 79
580 796
580 745
580 65
580 773
580 51
580 143
580 431
580 318
580 191
580 643
580 252
580 17
580 259
580 686
580 118
581 124
582 790
582 1043
582 924
582 876
582 709
582 767
582 1118
582 751
582 472
582 374
582 385
583 452
583 35
583 251
583 115
583 1120
583 192
583 349
583 1065
583 926
583 194
583 19
583 908
583 527
583 884
583 1079
583 465
583 266
583 290
583 446
583 491
583 212
584 1087
584 313
584 783
584 357
584 475
584 469
584 15
585 17
586 717
586 292
587 919
587 1003
587 319
587 368
587 19
587 443
587 359
587 906
587 204
587 491
587 955
587 1132
588 17
588 462
588 833
588 1117
588 443
588 955
588 426
588 940
588 920
588 485
588 838
588 848
588 319
588 279
588 218
588 694
588 606
588 1051
588 683
588 1003
588 667
588 713
588 790
588 362
588 361
589 1026
589 1088
589 8
589 1009
589 560
590 574
590 1094
590 1118
590 790
590 444
590 29
590 594
590 476
590 709
590 374
590 238
590 987
590 1123
590 385
591 1121
591 198
591 445
591 926
591 1058
591 929
591 908
591 662
591 292
591 427
592 831
592 167
592 662
592 1055
592 950
592 607
592 1103
592 163
592 1002
592 269
592 969
592 929
592 275
592 439
593 40
593 566
593 682
593 560
594 187
594 790
594 228
594 976
594 590
594 374
594 628
594 1123
594 801
594 1118
594 294
594 22
594 138
594 709
594 200
594 115
594 1095
594 1094
594 444
594 741
594 385
595 688
596 1132
596 884
596 1116
596 262
596 463
596 977
596 959
596 19
596 951
596 906
596 319
596 436
596 266
597 37
597 133
597 915
597 683
598 554
598 773
599 909
599 205
599 803
599 28
599 808
599 920
600 766
600 994
600 756
601 163
601 606
601 552
601 769
601 1058
601 1096
601 662
601 771
602 766
602 319
602 997
602 399
602 284
602 960
602 1010
602 159
602 952
602 335
602 241
602 138
603 683
603 624
603 334
603 179
604 247
604 667
604 570
604 995
604 1098
604 1060
604 1051
604 694
604 716
604 218
604 1014
604 260
604 799
604 607
604 696
604 683
604 676
604 137
604 608
604 955
604 921
604 464
604 526
604 421
604 958
604 951
604 512
604 1117
604 361
604 828
604 944
604 443
604 355
604 435
604 654
605 1084
605 462
605 443
605 810
605 16
605 831
605 173
605 1051
605 536
605 1065
605 669
605 319
605 480
605 129
605 915
606 707
606 457
606 628
606 986
606 249
606 955
606 261
606 1008
606 859
606 908
606 362
606 319
606 667
606 241
606 570
606 601
606 83
606 771
606 44
606 588
606 745
606 776
606 1124
606 875
606 1082
606 1117
606 790
606 1114
606 780
607 660
607 1098
607 230
607 800
607 731
607 608
607 1014
607 413
607 696
607 654
607 592
607 407
607 995
607 810
607 2
607 137
607 1060
607 1008
607 167
607 648
607 275
607 944
607 355
607 14
607 604
607 1055
607 512
607 427
608 604
608 390
608 1014
608 39
608 977
608 118
608 376
608 123
608 349
608 749
608 654
608 137
608 1060
608 567
608 944
608 512
608 823
608 820
608 170
608 1050
608 476
608 696
608 607
608 35
608 921
608 355
608 580
608 1025
608 995
608 718
609 673
609 826
610 223
610 86
610 0
610 694
610 1027
610 791
610 1005
611 36
611 283
611 384
611 412
611 799
612 671
612 977
612 942
612 368
612 191
612 935
612 318
613 402
613 30
613 212
614 647
614 243
615 443
615 446
615 940
615 1117
615 416
615 47
615 17
615 551
615 464
615 683
615 247
616 147
616 426
616 484
616 884
617 10
617 669
617 1062
618 655
619 1051
619 389
619 513
619 502
619 21
619 861
619 48
619 1000
619 297
619 1091
620 644
620 104
620 1034
621 20
621 668
621 304
621 24
621 628
621 864
621 772
621 750
621 294
621 786
621 988
621 897
622 791
622 768
622 1039
622 30
622 556
623 791
623 517
623 1027
623 522
623 1005
623 918
624 637
624 130
624 603
624 334
624 833
624 179
624 1051
624 484
624 940
624 829
624 38
624 575
624 443
624 138
625 675
626 1125
626 460
626 181
626 959
626 700
626 175
626 212
626 214
626 1071
626 222
626 232
626 251
626 136
626 1120
626 266
626 1089
626 674
626 289
626 307
626 1116
626 985
626 826
626 665
626 663
626 733
626 491
626 405
626 527
626 516
626 571
626 916
627 307
627 6
627 491
627 1116
627 432
627 990
627 214
627 276
628 496
628 1114
628 216
628 751
628 1010
628 787
628 32
628 1051
628 214
628 1008
628 3
628 877
628 621
628 1079
628 741
628 606
628 870
628 390
628 963
628 790
628 530
628 875
628 391
628 826
628 1035
628 1040
628 18
628 491
628 163
628 594
628 138
628 938
628 189
628 363
628 949
628 524
628 707
628 123
628 118
628 1071
628 361
628 254
628 920
628 482
628 193
628 498
628 319
628 964
629 1110
630 484
630 130
631 830
631 983
631 905
632 13
632 213
632 800
632 820
633 874
633 476
633 812
633 42
633 185
633 1118
633 94
633 229
633 687
634 1065
634 259
634 976
634 255
634 1101
634 1001
634 345
634 720
634 1023
634 905
634 518
634 722
634 445
635 197
635 906
635 452
635 439
635 251
635 884
636 222
636 1019
636 663
636 258
636 307
636 46
636 1071
636 49
636 65
636 988
636 499
636 288
636 897
636 756
636 786
637 432
637 624
637 551
637 914
637 105
637 680
637 480
637 829
637 179
637 38
638 1005
638 557
638 782
638 882
638 931
638 445
638 877
638 713
638 1070
638 835
638 1023
638 223
638 217
638 1111
638 694
638 196
638 904
638 202
638 40
639 238
639 545
639 177
639 245
639 272
639 43
639 737
639 535
639 524
639 910
639 498
639 444
640 813
640 445
640 761
640 234
640 746
640 352
640 754
640 718
640 556
640 750
641 1076
642 704
643 2
643 686
643 580
643 978
643 1121
644 1049
644 955
644 1013
644 471
644 107
644 935
644 95
644 753
644 261
644 673
644 492
644 1042
644 620
644 961
644 549
644 148
644 735
644 774
644 1034
644 127
644 1120
644 555
644 69
644 1102
644 445
644 87
645 280
645 49
646 551
646 261
646 670
646 416
646 475
646 669
647 184
647 321
647 491
647 164
647 875
647 462
647 955
647 838
647 1099
647 48
647 669
647 700
647 290
647 614
647 1075
647 19
647 683
647 1090
647 769
647 16
647 694
648 1018
648 227
648 607
648 474
648 1015
648 769
649 190
649 486
650 1087
650 59
650 1077
650 783
651 77
652 197
652 815
652 81
652 849
652 183
652 139
653 774
654 828
654 13
654 539
654 607
654 8
654 604
654 443
654 355
654 922
654 1026
654 608
654 995
654 1060
654 260
654 944
654 1098
654 696
654 512
655 1099
655 125
655 618
655 841
655 917
655 530
655 1075
655 696
655 27
656 1052
656 1127
656 1070
657 121
657 1043
657 790
657 247
657 673
657 1051
657 463
657 1114
657 32
657 768
658 1003
658 803
658 906
658 152
658 884
658 1132
658 448
658 197
658 849
659 491
659 32
659 680
659 749
659 312
659 1089
659 1132
659 136
659 436
660 413
660 369
660 512
660 69
660 260
660 1025
660 98
660 399
660 676
660 607
660 1098
660 1046
660 1055
660 559
661 393
661 1120
661 796
661 270
661 978
661 118
661 390
662 1058
662 601
662 269
662 766
662 73
662 167
662 99
662 361
662 317
662 497
662 163
662 921
662 1090
662 230
662 480
662 227
662 591
662 459
662 592
662 10
662 474
662 464
663 864
663 990
663 547
663 541
663 251
663 267
663 636
663 977
663 906
663 985
663 222
663 516
663 1019
663 349
663 626
663 432
663 19
663 916
663 870
664 339
664 420
664 753
664 129
664 892
664 835
664 945
664 149
664 177
665 1132
665 429
665 700
665 803
665 491
665 460
665 159
665 266
665 626
665 977
665 826
665 680
666 1072
666 69
666 705
666 173
666 845
666 714
667 955
667 489
667 935
667 1085
667 175
667 579
667 264
667 529
667 756
667 1013
667 835
667 819
667 604
667 790
667 831
667 203
667 388
667 16
667 488
667 606
667 1117
667 391
667 555
667 1098
667 846
667 484
667 669
667 895
667 443
667 390
667 475
667 913
667 446
667 54
667 870
667 1090
667 588
667 337
667 252
667 470
667 721
667 421
667 247
667 113
667 932
667 875
667 893
668 1040
668 148
668 528
668 750
668 897
668 718
668 507
668 149
668 831
668 621
668 808
668 988
668 24
669 605
669 922
669 756
669 905
669 528
669 445
669 251
669 646
669 218
669 421
669 647
669 99
669 1051
669 870
669 420
669 667
669 617
669 481
669 884
669 1062
669 441
669 330
669 861
669 774
669 416
670 381
670 378
670 1099
670 646
670 99
670 125
670 917
670 162
670 259
670 881
671 191
671 942
671 263
671 379
671 390
671 148
671 17
671 977
671 74
671 1121
671 612
671 978
671 143
672 59
672 1103
672 246
672 83
673 884
673 657
673 394
673 446
673 952
673 319
673 644
673 112
673 1126
673 127
673 1132
673 189
673 609
674 881
674 491
674 289
674 251
674 626
674 181
674 276
674 571
674 998
675 991
675 625
675 994
676 995
676 1010
676 720
676 69
676 260
676 512
676 742
676 1014
676 1055
676 660
676 604
676 1098
676 399
676 137
676 369
677 815
678 84
678 1070
678 755
678 524
678 363
678 206
678 981
678 365
678 1057
678 1007
678 277
679 292
679 161
679 357
680 429
680 916
680 523
680 659
680 460
680 1125
680 229
680 1019
680 50
680 788
680 738
680 637
680 1089
680 571
680 665
681 772
681 205
681 376
681 750
681 808
681 418
681 28
681 160
681 54
682 326
682 259
682 11
682 420
682 883
682 433
682 831
682 593
682 438
683 1092
683 958
683 273
683 443
683 694
683 647
683 838
683 247
683 364
683 615
683 881
683 873
683 232
683 588
683 530
683 485
683 604
683 1117
683 137
683 1067
683 60
683 875
683 362
683 1072
683 488
683 1075
683 934
683 262
683 515
683 357
683 745
683 753
683 1060
683 203
683 831
683 603
683 917
683 471
683 597
683 346
683 323
683 1043
683 955
683 72
683 433
683 735
683 246
683 940
684 428
684 443
685 105
685 1119
685 64
686 643
686 1121
686 580
686 977
687 476
687 892
687 536
687 812
687 229
687 633
687 185
687 94
687 1097
688 1067
688 595
688 1104
689 109
690 1058
690 14
690 427
691 773
691 27
692 841
692 1081
692 562
692 88
692 1108
692 850
692 254
692 713
693 894
694 790
694 339
694 875
694 838
694 323
694 1117
694 1005
694 940
694 1111
694 463
694 610
694 570
694 292
694 462
694 638
694 0
694 556
694 993
694 173
694 604
694 816
694 15
694 196
694 321
694 433
694 588
694 782
694 877
694 259
694 504
694 30
694 778
694 647
694 757
694 475
694 957
694 125
694 683
695 17
695 1121
695 49
696 608
696 1075
696 31
696 1060
696 271
696 419
696 1014
696 417
696 979
696 1023
696 1119
696 512
696 794
696 921
696 877
696 355
696 273
696 604
696 1012
696 655
696 475
696 249
696 654
696 103
696 995
696 137
696 742
696 5
696 1098
696 278
696 944
696 607
696 369
696 1070
696 151
697 1044
697 301
697 824
697 69
697 1034
697 526
697 1072
697 169
698 480
698 294
698 392
698 915
698 1076
698 1011
699 350
700 1071
700 491
700 626
700 204
700 647
700 870
700 908
700 276
700 175
700 266
700 251
700 803
700 281
700 35
700 289
700 998
700 130
700 895
700 665
700 571
700 232
700 523
700 67
700 787
701 1000
701 774
701 529
702 807
703 216
703 1090
704 642
704 317
704 946
704 781
704 427
705 173
705 666
705 845
705 714
705 1123
706 1119
706 780
706 881
706 59
706 433
706 920
706 360
707 491
707 606
707 403
707 1114
707 32
707 1008
707 443
707 465
707 266
707 19
707 628
707 231
707 244
707 138
708 755
708 1052
708 1007
708 400
709 987
709 924
709 1043
709 594
709 498
709 790
709 1118
709 582
709 374
709 385
709 590
709 876
709 892
710 321
711 1035
711 948
711 1094
712 18
712 317
712 464
713 279
713 562
713 920
713 638
713 438
713 949
713 24
713 831
713 415
713 1117
713 790
713 588
713 88
713 692
713 1059
713 254
713 209
713 217
713 877
714 845
714 705
714 666
714 894
715 994
716 604
716 58
716 720
716 69
716 1098
716 96
716 139
716 100
716 1023
716 525
716 384
716 828
716 322
716 559
716 474
716 413
716 891
717 291
717 908
717 803
717 586
717 826
717 224
717 906
717 304
717 884
717 491
717 926
717 1132
718 521
718 445
718 875
718 761
718 148
718 640
718 555
718 439
718 234
718 294
718 897
718 608
718 28
718 668
718 977
719 322
720 1023
720 676
720 1010
720 995
720 213
720 151
720 399
720 559
720 5
720 892
720 634
720 789
720 716
720 1099
720 260
720 979
721 292
721 667
722 255
722 1001
722 922
722 140
722 331
722 518
722 345
722 433
722 983
722 1030
722 634
722 905
723 1088
723 249
724 1119
724 184
724 1067
724 403
724 133
724 335
724 827
724 361
724 831
725 551
725 950
725 1116
726 1003
726 745
726 319
726 567
727 470
728 800
729 877
729 782
729 35
729 30
729 1005
729 1067
729 86
729 881
729 196
729 791
729 223
730 894
730 1087
730 351
731 83
731 607
731 1076
731 317
731 216
731 292
731 218
731 1033
731 163
731 800
731 1015
731 108
731 427
731 269
731 769
732 1015
732 163
732 314
732 317
732 275
732 994
733 220
733 288
733 1041
733 107
733 626
733 23
733 148
733 139
733 970
734 1054
734 855
734 446
735 406
735 955
735 364
735 113
735 485
735 563
735 99
735 810
735 515
735 511
735 106
735 484
735 683
735 129
735 750
735 241
735 240
735 1049
735 16
735 528
735 644
735 1074
735 529
735 818
736 567
737 910
737 498
737 524
737 1094
737 445
737 535
737 639
737 738
737 272
737 177
737 1070
737 245
737 545
737 238
738 1019
738 1089
738 429
738 680
738 737
738 460
739 798
739 114
739 976
739 129
739 2
739 1096
740 894
741 925
741 263
741 556
741 1054
741 875
741 745
741 158
741 1043
741 855
741 594
741 22
741 105
741 125
741 446
741 877
741 138
741 409
741 1114
741 628
741 271
741 1008
741 32
741 1059
742 696
742 676
742 1055
742 828
742 559
743 433
743 77
743 162
743 944
743 259
743 419
744 973
744 339
745 123
745 960
745 204
745 64
745 17
745 773
745 767
745 191
745 118
745 1127
745 782
745 841
745 1119
745 580
745 1096
745 270
745 25
745 726
745 420
745 439
745 97
745 606
745 1117
745 741
745 390
745 683
745 1124
745 143
745 463
745 865
745 796
745 431
745 190
745 252
745 901
745 790
745 920
746 750
746 640
746 1040
746 786
746 556
746 773
746 148
746 761
746 445
746 909
746 813
746 1067
746 168
746 234
746 908
747 472
748 796
749 175
749 129
749 659
749 906
749 262
749 608
749 465
749 895
749 1110
749 884
749 516
749 251
749 35
749 803
749 1118
749 1029
749 491
749 870
749 232
750 487
750 411
750 24
750 160
750 129
750 621
750 1040
750 754
750 681
750 808
750 1043
750 927
750 735
750 543
750 493
750 756
750 451
750 897
750 146
750 311
750 668
750 148
750 205
750 123
750 149
750 746
750 786
750 977
750 499
750 54
750 640
750 370
751 628
751 200
751 393
751 204
751 934
751 1119
751 817
751 1114
751 158
751 582
751 296
751 790
752 54
752 977
753 644
753 836
753 563
753 938
753 1064
753 921
753 664
753 264
753 361
753 540
753 810
753 99
753 104
753 366
753 1072
753 683
753 218
753 528
753 142
753 950
753 1101
753 129
753 961
753 420
754 761
754 750
754 640
754 813
754 234
754 927
755 678
755 708
755 1052
755 1057
755 770
755 1007
755 277
756 291
756 1100
756 276
756 28
756 262
756 175
756 251
756 222
756 786
756 1086
756 481
756 491
756 600
756 460
756 87
756 636
756 976
756 418
756 750
756 501
756 1054
756 445
756 224
756 669
756 897
756 667
757 367
757 965
757 292
757 694
758 259
759 850
759 88
760 529
760 484
760 99
760 241
761 718
761 640
761 148
761 754
761 977
761 54
761 746
761 1040
761 234
762 1121
762 390
763 377
763 511
764 877
765 198
765 515
766 848
766 906
766 851
766 913
766 920
766 870
766 600
766 204
766 480
766 662
766 161
766 335
766 602
767 1094
767 66
767 582
767 1095
767 745
767 1117
767 1124
767 1123
768 104
768 791
768 657
768 504
768 207
768 622
769 648
769 1058
769 552
769 14
769 198
769 459
769 647
769 388
769 771
769 515
769 601
769 163
769 731
770 1119
770 1007
770 1057
770 1052
770 755
771 1031
771 601
771 352
771 881
771 304
771 22
771 1008
771 889
771 246
771 606
771 241
771 908
771 496
771 203
771 821
771 140
771 1072
771 769
771 1097
771 159
772 160
772 808
772 493
772 681
772 149
772 621
772 148
772 977
772 311
772 487
772 451
773 54
773 528
773 493
773 411
773 337
773 148
773 40
773 580
773 691
773 745
773 37
773 598
773 129
773 368
773 376
773 977
773 1040
773 543
773 1014
773 746
773 240
773 426
774 426
774 1062
774 273
774 894
774 1048
774 701
774 922
774 653
774 669
774 443
774 644
774 129
775 9
775 107
775 869
775 104
775 320
775 379
776 239
776 232
776 1061
776 260
776 297
776 606
776 392
776 475
776 917
776 433
776 923
777 418
777 884
777 222
778 438
778 259
778 364
778 1101
778 273
778 694
778 443
778 387
778 518
778 1122
779 925
780 606
780 357
780 894
780 360
780 1072
780 706
780 938
780 489
781 173
781 704
781 441
781 938
781 894
782 1052
782 848
782 835
782 1111
782 284
782 1005
782 638
782 833
782 971
782 976
782 223
782 791
782 877
782 745
782 440
782 729
782 924
782 694
782 1027
783 59
783 650
783 584
783 881
784 84
784 1119
784 1070
784 1052
784 1057
785 382
785 37
785 464
786 636
786 621
786 750
786 941
786 556
786 756
786 294
786 28
786 746
787 496
787 974
787 491
787 700
787 341
787 628
787 126
787 287
787 214
788 680
789 979
789 720
789 512
789 995
789 100
790 751
790 530
790 483
790 89
790 186
790 193
790 920
790 476
790 667
790 713
790 831
790 463
790 657
790 462
790 177
790 1043
790 709
790 940
790 222
790 848
790 491
790 606
790 1119
790 987
790 955
790 52
790 342
790 745
790 694
790 29
790 32
790 1117
790 374
790 588
790 594
790 590
790 385
790 1118
790 876
790 881
790 582
790 1071
790 570
790 0
790 291
790 64
790 1009
790 841
790 628
791 1
791 253
791 223
791 902
791 945
791 816
791 904
791 877
791 30
791 196
791 1085
791 1130
791 623
791 622
791 782
791 768
791 423
791 729
791 323
791 522
791 1005
791 610
791 1111
791 0
792 803
793 345
793 905
794 696
794 955
795 1077
795 321
795 560
795 841
795 246
796 748
796 409
796 978
796 745
796 337
796 143
796 580
796 118
796 431
796 79
796 390
796 893
796 661
797 945
797 1040
797 94
797 1076
798 739
798 227
798 1096
798 2
798 167
799 200
799 1067
799 604
799 245
799 1043
799 611
799 498
799 1056
799 945
799 801
799 177
799 1035
800 298
800 10
800 539
800 13
800 14
800 163
800 820
800 1055
800 396
800 531
800 213
800 371
800 230
800 607
800 731
800 632
800 728
800 275
800 1015
800 215
800 2
800 268
800 512
801 594
801 799
801 200
801 1094
801 1035
801 1118
801 385
801 1070
801 476
801 924
802 1039
802 401
803 67
803 884
803 599
803 919
803 232
803 291
803 792
803 149
803 1071
803 717
803 808
803 1101
803 700
803 665
803 415
803 197
803 826
803 1107
803 1118
803 35
803 849
803 658
803 749
804 996
804 964
804 965
804 321
804 506
805 330
805 891
805 329
805 924
805 1104
805 963
806 228
807 111
807 702
807 875
807 250
807 453
807 445
808 28
808 439
808 555
808 1040
808 668
808 977
808 750
808 772
808 420
808 599
808 205
808 311
808 681
808 803
808 123
809 1002
810 607
810 735
810 484
810 16
810 753
810 173
810 605
810 1084
810 54
810 945
810 906
810 915
811 472
811 522
811 214
811 129
811 197
811 1089
811 551
811 436
811 409
812 892
812 687
812 520
812 229
812 924
812 185
812 476
812 633
812 94
813 640
813 148
813 754
813 927
813 746
813 123
814 41
814 8
814 294
815 220
815 849
815 652
815 183
815 677
815 900
816 218
816 948
816 196
816 1005
816 791
816 138
816 1085
816 877
816 223
816 420
816 1060
816 423
816 530
816 556
816 1111
816 1124
816 694
817 751
817 158
818 735
818 240
819 667
819 842
819 960
819 79
820 800
820 1050
820 139
820 13
820 1025
820 608
820 632
820 213
820 268
820 836
821 771
821 986
822 214
822 919
822 1120
822 491
822 148
822 974
823 608
824 697
824 1072
825 102
826 1132
826 626
826 138
826 717
826 970
826 384
826 463
826 803
826 1114
826 665
826 628
826 609
827 724
827 553
828 1060
828 129
828 559
828 944
828 1014
828 742
828 464
828 604
828 256
828 100
828 831
828 654
828 716
829 38
829 833
829 307
829 299
829 1008
829 624
829 637
829 245
829 959
829 334
829 81
829 228
829 523
829 464
829 138
829 529
829 120
829 472
829 179
829 575
830 631
831 908
831 361
831 530
831 713
831 184
831 873
831 790
831 943
831 592
831 241
831 668
831 462
831 484
831 439
831 480
831 536
831 133
831 921
831 683
831 605
831 1067
831 164
831 682
831 838
831 890
831 275
831 1002
831 83
831 1106
831 213
831 917
831 828
831 950
831 269
831 1103
831 724
831 877
831 667
832 251
832 870
832 318
833 426
833 151
833 484
833 121
833 782
833 38
833 588
833 334
833 624
833 529
833 99
833 476
833 829
833 924
833 553
834 54
834 163
835 1097
835 892
835 1027
835 638
835 924
835 1035
835 238
835 782
835 962
835 877
835 912
835 1053
835 385
835 1005
835 412
835 429
835 223
835 36
835 1043
835 664
835 440
835 498
835 391
835 1057
835 667
835 90
836 753
836 404
836 438
836 820
836 203
836 464
836 1042
836 921
837 54
838 292
838 488
838 915
838 694
838 841
838 530
838 273
838 259
838 518
838 921
838 683
838 58
838 125
838 588
838 343
838 923
838 475
838 647
838 1030
838 944
838 831
838 890
838 173
839 85
839 254
839 300
839 1081
840 492
841 218
841 692
841 1075
841 790
841 1
841 19
841 655
841 1119
841 1030
841 745
841 838
841 513
841 795
841 920
841 337
842 819
843 468
844 203
845 1072
845 1034
845 301
845 666
845 173
845 885
845 705
845 714
846 113
846 1118
846 241
846 935
846 515
846 553
846 1060
846 1046
846 1
846 498
846 667
846 178
846 1018
846 913
846 1117
846 114
846 564
846 1121
847 861
847 75
848 920
848 588
848 937
848 782
848 52
848 279
848 284
848 524
848 1111
848 766
848 196
848 790
848 111
848 1065
848 193
849 803
849 985
849 368
849 884
849 1019
849 471
849 1120
849 197
849 1003
849 160
849 176
849 658
849 652
849 214
849 1132
849 919
849 1110
849 870
849 183
849 354
849 148
849 977
849 448
849 935
849 262
849 815
850 88
850 759
850 692
850 888
850 30
850 1108
850 45
851 766
852 976
853 53
854 946
854 1033
855 464
855 496
855 907
855 431
855 79
855 1121
855 148
855 734
855 138
855 551
855 47
855 741
855 22
856 148
856 28
856 1120
857 203
858 32
859 606
860 28
861 669
861 297
861 539
861 619
861 847
861 950
862 107
863 443
864 55
864 1019
864 212
864 1120
864 621
864 541
864 988
864 1038
864 24
864 870
864 663
864 266
864 897
864 1071
865 745
866 424
867 1053
867 971
867 94
867 320
868 82
868 902
868 17
868 204
869 775
869 534
869 95
869 9
869 320
869 961
869 294
869 107
870 700
870 480
870 669
870 1132
870 919
870 547
870 849
870 628
870 749
870 395
870 418
870 212
870 262
870 766
870 523
870 980
870 266
870 998
870 1071
870 420
870 436
870 864
870 19
870 663
870 1004
870 1067
870 906
870 667
870 895
870 1019
870 1079
870 491
870 988
870 439
870 508
870 1110
870 1120
870 527
870 567
870 175
870 1128
870 1038
870 541
870 832
870 232
870 931
870 897
871 122
871 1055
872 1119
872 1006
872 570
872 7
873 184
873 464
873 548
873 133
873 831
873 683
873 295
873 488
873 536
873 165
874 633
874 476
874 892
875 556
875 72
875 320
875 667
875 463
875 259
875 628
875 881
875 140
875 694
875 955
875 718
875 445
875 884
875 294
875 138
875 475
875 443
875 505
875 915
875 741
875 153
875 949
875 606
875 379
875 647
875 477
875 1114
875 683
875 362
875 807
876 299
876 1097
876 951
876 955
876 1043
876 1053
876 1094
876 1051
876 790
876 228
876 1067
876 709
876 200
876 582
876 1035
877 713
877 729
877 835
877 924
877 741
877 1005
877 504
877 196
877 284
877 628
877 223
877 1060
877 1082
877 86
877 696
877 764
877 522
877 461
877 557
877 782
877 1070
877 498
877 1111
877 1085
877 0
877 971
877 831
877 816
877 791
877 105
877 1
877 694
877 638
877 1043
878 38
879 326
879 420
880 1121
881 177
881 563
881 706
881 433
881 932
881 670
881 890
881 771
881 129
881 1072
881 336
881 491
881 1028
881 530
881 140
881 783
881 1087
881 37
881 536
881 683
881 875
881 729
881 34
881 790
881 379
881 674
881 266
881 203
881 1097
881 259
881 392
881 905
881 133
882 638
882 192
883 1075
883 993
883 1101
883 343
883 682
883 273
883 905
884 19
884 1107
884 1019
884 1132
884 251
884 491
884 463
884 445
884 448
884 635
884 288
884 906
884 849
884 556
884 616
884 673
884 35
884 403
884 658
884 197
884 875
884 218
884 777
884 717
884 596
884 955
884 102
884 465
884 175
884 415
884 1071
884 418
884 669
884 919
884 749
884 803
884 583
884 1118
885 1072
885 845
886 317
887 148
887 977
888 526
888 12
888 850
888 182
888 920
888 105
888 373
889 1076
889 771
889 1011
889 209
889 966
889 995
889 1044
890 1040
890 881
890 1003
890 1117
890 976
890 831
890 1035
890 1067
890 50
890 113
890 838
890 491
890 576
891 716
891 559
891 995
891 532
891 805
891 76
891 1023
891 100
892 228
892 385
892 812
892 687
892 709
892 924
892 476
892 1043
892 429
892 664
892 530
892 874
892 835
892 498
892 272
892 720
892 93
892 1057
892 245
893 796
893 183
893 286
893 54
893 390
893 667
893 528
894 714
894 780
894 781
894 351
894 1034
894 479
894 109
894 1072
894 922
894 740
894 173
894 693
894 256
894 926
894 7
894 774
894 730
895 470
895 35
895 332
895 436
895 977
895 700
895 870
895 667
895 262
895 266
895 296
895 749
896 1085
896 196
896 1124
896 401
897 864
897 988
897 1071
897 668
897 750
897 621
897 1019
897 870
897 977
897 54
897 636
897 528
897 24
897 965
897 718
897 1038
897 756
897 307
897 28
898 464
898 911
898 99
899 105
900 251
900 815
901 745
902 868
902 82
902 556
902 454
902 1125
902 791
903 330
903 188
903 428
903 1083
904 791
904 638
905 1030
905 881
905 722
905 99
905 917
905 793
905 634
905 419
905 1001
905 56
905 162
905 344
905 669
905 140
905 983
905 345
905 361
905 518
905 184
905 340
905 631
905 883
905 218
905 551
905 509
905 255
905 528
905 945
906 81
906 945
906 148
906 1132
906 251
906 1003
906 911
906 884
906 766
906 19
906 460
906 262
906 749
906 193
906 197
906 464
906 870
906 480
906 155
906 35
906 596
906 1118
906 1051
906 810
906 959
906 527
906 658
906 175
906 717
906 635
906 99
906 587
906 663
907 436
907 1
907 855
907 472
907 17
907 162
908 19
908 1098
908 241
908 230
908 1051
908 406
908 746
908 591
908 831
908 717
908 771
908 606
908 583
908 700
909 746
909 205
909 420
909 977
909 123
909 599
909 28
910 639
910 272
910 245
910 238
910 737
910 545
910 43
910 498
910 524
910 177
911 37
911 319
911 129
911 392
911 364
911 906
911 90
911 975
911 420
911 452
911 240
911 415
911 251
911 898
912 835
912 921
913 446
913 1117
913 452
913 766
913 846
913 305
913 667
913 579
914 1127
914 637
915 133
915 597
915 83
915 16
915 698
915 605
915 838
915 875
915 570
915 810
915 1121
916 136
916 937
916 251
916 50
916 516
916 680
916 460
916 1125
916 222
916 663
916 152
916 212
916 541
916 341
916 267
916 523
916 1110
916 985
916 432
916 571
916 1120
916 307
916 1089
916 626
917 964
917 831
917 292
917 471
917 655
917 125
917 424
917 331
917 162
917 475
917 954
917 485
917 344
917 99
917 670
917 1002
917 683
917 255
917 1087
917 375
917 140
917 261
917 1066
917 518
917 560
917 239
917 438
917 905
917 1009
917 776
918 150
918 524
918 492
918 623
918 544
919 262
919 197
919 541
919 822
919 980
919 884
919 849
919 803
919 587
919 870
920 628
920 339
920 588
920 1119
920 745
920 599
920 214
920 888
920 848
920 841
920 279
920 963
920 706
920 117
920 123
920 713
920 790
920 524
920 483
920 766
920 530
921 662
921 572
921 831
921 551
921 1106
921 149
921 604
921 203
921 608
921 753
921 1051
921 838
921 836
921 912
921 696
921 216
922 1093
922 1091
922 539
922 239
922 774
922 669
922 1062
922 894
922 654
922 101
922 443
922 722
922 297
923 326
923 292
923 838
923 776
924 1043
924 968
924 1067
924 385
924 480
924 1052
924 582
924 812
924 782
924 892
924 238
924 1076
924 1070
924 801
924 179
924 229
924 805
924 272
924 835
924 945
924 709
924 833
924 524
924 476
924 877
924 1060
924 498
924 185
925 240
925 779
925 741
926 256
926 284
926 114
926 241
926 1045
926 28
926 168
926 324
926 583
926 101
926 717
926 591
926 894
927 750
927 337
927 754
927 813
927 123
927 28
928 539
929 215
929 592
929 216
929 269
929 1103
929 591
930 317
930 994
930 14
930 427
930 230
931 304
931 638
931 189
931 19
931 1008
931 1120
931 870
931 183
932 240
932 489
932 58
932 1099
932 16
932 438
932 667
932 1075
932 528
932 881
932 125
933 16
933 236
933 184
933 231
933 536
933 403
933 1048
934 443
934 158
934 463
934 751
934 193
934 955
934 683
935 241
935 846
935 1120
935 1102
935 443
935 240
935 223
935 1014
935 304
935 549
935 1049
935 612
935 113
935 1114
935 217
935 161
935 28
935 849
935 261
935 555
935 471
935 955
935 667
935 148
935 977
935 644
935 87
935 485
936 197
937 1120
937 916
937 848
937 266
937 454
937 1110
938 753
938 284
938 628
938 1034
938 204
938 173
938 1072
938 780
938 1067
938 781
938 1051
938 236
939 278
940 32
940 1114
940 615
940 624
940 443
940 683
940 1117
940 247
940 790
940 694
940 588
941 196
941 556
941 555
941 786
941 445
941 242
941 174
941 294
942 671
942 612
942 65
943 104
943 379
943 831
944 654
944 1098
944 995
944 355
944 608
944 828
944 607
944 604
944 1060
944 743
944 838
944 696
944 259
945 218
945 1043
945 797
945 924
945 799
945 129
945 906
945 664
945 99
945 1111
945 810
945 959
945 162
945 791
945 361
945 137
945 1118
945 40
945 962
945 450
945 356
945 1070
945 485
945 440
945 436
945 905
946 1021
946 854
946 1024
946 704
946 994
946 279
946 457
946 3
946 982
946 163
947 554
947 368
948 711
948 323
948 504
948 816
948 1094
948 556
949 445
949 1070
949 1011
949 713
949 995
949 480
949 410
949 875
949 209
949 542
949 1076
949 477
949 335
949 628
949 218
949 986
949 330
950 417
950 317
950 592
950 1062
950 99
950 416
950 21
950 536
950 406
950 1067
950 1065
950 241
950 37
950 725
950 861
950 120
950 1048
950 831
950 499
950 753
950 133
951 491
951 511
951 1
951 121
951 596
951 876
951 604
951 1119
951 391
951 524
952 214
952 602
952 22
952 673
952 956
953 251
954 125
954 917
954 162
955 790
955 240
955 261
955 485
955 644
955 87
955 1014
955 794
955 958
955 934
955 19
955 587
955 368
955 223
955 161
955 588
955 1051
955 241
955 1049
955 606
955 471
955 683
955 876
955 549
955 1102
955 735
955 884
955 875
955 443
955 113
955 604
955 935
955 1117
955 463
955 1120
955 647
955 421
955 667
956 952
957 694
958 524
958 955
958 221
958 1043
958 604
958 683
958 17
959 945
959 960
959 596
959 1120
959 906
959 1022
959 432
959 496
959 266
959 829
959 567
959 626
960 399
960 745
960 974
960 997
960 1076
960 250
960 819
960 335
960 415
960 1068
960 518
960 602
960 959
960 258
960 1075
960 1010
960 193
961 869
961 1067
961 753
961 644
961 320
962 945
962 87
962 52
962 1057
962 835
962 40
963 329
963 628
963 330
963 805
963 1104
963 920
964 628
964 321
964 967
964 917
964 392
964 996
964 804
964 1047
965 292
965 243
965 804
965 392
965 757
965 897
966 889
966 113
967 964
967 1047
968 476
968 924
968 1118
968 1043
969 1103
969 371
969 592
969 1018
969 1017
969 388
969 1090
969 210
969 215
969 198
970 826
970 733
971 1116
971 782
971 491
971 267
971 867
971 877
971 262
971 204
971 59
971 276
972 117
973 391
973 744
973 94
974 787
974 960
974 287
974 491
974 341
974 214
974 822
975 911
975 251
975 232
976 1110
976 303
976 1111
976 270
976 248
976 374
976 1075
976 89
976 756
976 852
976 491
976 634
976 985
976 1048
976 782
976 1094
976 207
976 1095
976 594
976 989
976 1113
976 76
976 1019
976 1001
976 556
976 739
976 320
976 890
976 239
976 331
976 378
976 422
976 1069
976 163
977 234
977 887
977 543
977 663
977 895
977 773
977 665
977 146
977 306
977 1121
977 718
977 979
977 608
977 686
977 671
977 349
977 909
977 148
977 431
977 897
977 261
977 612
977 487
977 808
977 54
977 471
977 935
977 332
977 1049
977 761
977 499
977 1120
977 251
977 123
977 772
977 368
977 596
977 750
977 221
977 849
977 752
977 28
978 796
978 661
978 671
978 118
978 191
978 2
978 17
978 643
978 51
979 103
979 720
979 559
979 696
979 789
979 977
979 69
980 571
980 919
980 516
980 523
980 870
980 432
980 494
980 50
980 1110
980 541
980 127
981 678
981 500
982 3
982 22
982 946
982 1021
982 1024
983 1001
983 255
983 722
983 140
983 631
983 905
983 336
983 509
984 1108
984 33
984 91
984 1113
984 303
984 466
984 182
985 849
985 1120
985 663
985 626
985 181
985 1089
985 547
985 266
985 136
985 916
985 155
985 222
985 212
985 976
986 373
986 99
986 1005
986 821
986 475
986 1082
986 526
986 1051
986 321
986 463
986 247
986 209
986 606
986 133
986 949
986 995
987 790
987 1039
987 385
987 440
987 29
987 187
987 374
987 709
987 590
987 1118
988 49
988 1019
988 668
988 870
988 897
988 307
988 864
988 28
988 636
988 222
988 621
988 499
989 976
989 294
989 69
989 379
989 95
989 517
990 627
990 1116
990 432
990 152
990 541
990 454
990 516
990 663
990 267
990 1071
990 998
991 675
992 203
993 343
993 463
993 321
993 15
993 1051
993 273
993 475
993 883
993 694
994 946
994 930
994 732
994 715
994 314
994 413
994 3
994 675
994 275
994 116
994 1024
994 1021
994 293
994 427
994 600
994 317
994 256
995 986
995 426
995 442
995 1089
995 268
995 607
995 562
995 209
995 261
995 654
995 604
995 720
995 1014
995 944
995 69
995 85
995 889
995 789
995 512
995 1082
995 526
995 891
995 355
995 949
995 696
995 386
995 676
995 422
995 608
996 134
996 804
996 964
997 602
997 456
997 399
997 960
997 1010
997 160
997 485
998 35
998 276
998 870
998 307
998 700
998 312
998 1089
998 674
998 175
998 990
999 574
999 177
1000 619
1000 449
1000 701
1001 905
1001 722
1001 419
1001 1002
1001 255
1001 77
1001 634
1001 983
1001 555
1001 518
1001 140
1001 976
1002 831
1002 917
1002 809
1002 437
1002 439
1002 162
1002 475
1002 1001
1002 536
1002 592
1003 588
1003 906
1003 849
1003 658
1003 587
1003 530
1003 726
1003 890
1004 870
1005 1043
1005 729
1005 835
1005 522
1005 0
1005 259
1005 694
1005 196
1005 638
1005 202
1005 610
1005 40
1005 1051
1005 323
1005 223
1005 782
1005 986
1005 791
1005 556
1005 1111
1005 816
1005 877
1005 1074
1005 504
1005 623
1005 435
1006 872
1007 400
1007 708
1007 510
1007 770
1007 363
1007 755
1007 678
1007 325
1007 206
1007 1057
1007 1119
1007 16
1007 93
1008 741
1008 446
1008 628
1008 189
1008 32
1008 22
1008 138
1008 606
1008 319
1008 491
1008 607
1008 829
1008 707
1008 771
1008 99
1008 931
1009 244
1009 560
1009 313
1009 297
1009 438
1009 790
1009 59
1009 83
1009 589
1009 917
1010 175
1010 602
1010 19
1010 628
1010 76
1010 676
1010 17
1010 140
1010 251
1010 720
1010 399
1010 1084
1010 214
1010 1119
1010 997
1010 960
1011 949
1011 1076
1011 294
1011 76
1011 284
1011 537
1011 171
1011 698
1011 889
1011 209
1011 300
1012 392
1012 696
1012 102
1012 453
1012 1076
1012 364
1013 667
1013 644
1014 696
1014 955
1014 100
1014 241
1014 1025
1014 399
1014 676
1014 604
1014 1055
1014 995
1014 1102
1014 1060
1014 607
1014 935
1014 773
1014 608
1014 1049
1014 1046
1014 828
1015 732
1015 371
1015 83
1015 1096
1015 552
1015 1016
1015 427
1015 163
1015 648
1015 800
1015 317
1015 731
1016 10
1016 441
1016 314
1016 210
1016 1015
1016 474
1017 371
1017 210
1017 1103
1017 215
1017 969
1018 846
1018 227
1018 969
1018 138
1018 528
1018 648
1019 527
1019 680
1019 193
1019 222
1019 35
1019 897
1019 460
1019 175
1019 663
1019 636
1019 220
1019 738
1019 884
1019 307
1019 976
1019 864
1019 405
1019 19
1019 988
1019 849
1019 870
1020 92
1020 42
1020 292
1021 19
1021 496
1021 946
1021 982
1021 1024
1021 994
1021 317
1021 3
1022 334
1022 959
1022 212
1023 213
1023 103
1023 634
1023 400
1023 125
1023 638
1023 696
1023 720
1023 574
1023 69
1023 139
1023 716
1023 891
1023 100
1023 96
1024 388
1024 982
1024 210
1024 1090
1024 994
1024 317
1024 163
1024 457
1024 946
1024 3
1024 427
1024 314
1024 1021
1025 1050
1025 1098
1025 820
1025 1060
1025 139
1025 608
1025 260
1025 660
1025 1014
1025 515
1025 425
1025 1032
1025 349
1026 589
1026 654
1027 835
1027 610
1027 623
1027 782
1028 881
1028 412
1029 749
1030 77
1030 331
1030 509
1030 905
1030 104
1030 838
1030 345
1030 841
1030 722
1031 771
1031 433
1031 438
1032 1025
1033 731
1033 854
1033 317
1034 644
1034 620
1034 1072
1034 697
1034 845
1034 894
1034 938
1035 271
1035 876
1035 561
1035 1053
1035 799
1035 200
1035 1070
1035 498
1035 711
1035 228
1035 890
1035 628
1035 43
1035 1119
1035 1097
1035 835
1035 801
1035 177
1035 238
1035 524
1035 22
1036 1058
1037 136
1038 350
1038 897
1038 1071
1038 864
1038 1120
1038 870
1039 223
1039 131
1039 503
1039 1079
1039 622
1039 802
1039 546
1039 987
1040 32
1040 420
1040 551
1040 668
1040 1110
1040 761
1040 628
1040 54
1040 797
1040 750
1040 155
1040 50
1040 746
1040 337
1040 26
1040 255
1040 17
1040 890
1040 1106
1040 773
1040 808
1040 259
1041 733
1041 220
1042 563
1042 379
1042 644
1042 240
1042 836
1043 790
1043 22
1043 19
1043 1067
1043 470
1043 877
1043 440
1043 683
1043 892
1043 185
1043 1070
1043 582
1043 177
1043 1052
1043 924
1043 476
1043 709
1043 657
1043 1005
1043 1114
1043 968
1043 741
1043 498
1043 229
1043 750
1043 99
1043 1078
1043 0
1043 958
1043 835
1043 385
1043 228
1043 1117
1043 945
1043 876
1043 799
1043 524
1044 490
1044 420
1044 889
1044 209
1044 697
1044 526
1045 926
1045 246
1045 559
1045 1077
1045 284
1046 1014
1046 660
1046 846
1047 964
1047 967
1048 933
1048 976
1048 950
1048 236
1048 1062
1048 774
1048 124
1049 327
1049 471
1049 578
1049 87
1049 485
1049 473
1049 368
1049 161
1049 16
1049 735
1049 935
1049 146
1049 977
1049 261
1049 1109
1049 644
1049 148
1049 1120
1049 241
1049 1102
1049 1014
1049 113
1049 955
1050 1025
1050 608
1050 411
1050 820
1051 986
1051 243
1051 657
1051 1067
1051 64
1051 438
1051 317
1051 993
1051 321
1051 908
1051 379
1051 605
1051 669
1051 17
1051 938
1051 588
1051 906
1051 921
1051 604
1051 218
1051 1097
1051 619
1051 54
1051 876
1051 624
1051 1005
1051 361
1051 404
1051 259
1051 419
1051 1121
1051 1117
1051 955
1051 628
1051 32
1051 162
1051 279
1052 440
1052 177
1052 755
1052 568
1052 1043
1052 784
1052 924
1052 365
1052 93
1052 524
1052 1057
1052 294
1052 656
1052 770
1052 1119
1052 1078
1052 206
1052 782
1052 708
1052 1097
1052 1070
1053 876
1053 867
1053 835
1053 1035
1053 200
1053 272
1053 103
1053 228
1054 734
1054 22
1054 291
1054 496
1054 756
1054 741
1055 871
1055 575
1055 1014
1055 800
1055 413
1055 742
1055 3
1055 260
1055 676
1055 230
1055 369
1055 592
1055 1098
1055 660
1055 14
1055 607
1055 69
1055 512
1056 302
1056 105
1056 384
1056 575
1056 799
1057 962
1057 678
1057 498
1057 93
1057 784
1057 755
1057 1078
1057 363
1057 365
1057 1097
1057 129
1057 272
1057 1007
1057 440
1057 237
1057 892
1057 835
1057 84
1057 770
1057 245
1057 1052
1057 40
1058 1090
1058 1036
1058 591
1058 601
1058 690
1058 769
1058 662
1058 474
1058 163
1058 216
1059 428
1059 713
1059 217
1059 105
1059 1081
1059 741
1059 1083
1059 1067
1060 413
1060 470
1060 1111
1060 607
1060 1085
1060 512
1060 696
1060 683
1060 323
1060 137
1060 828
1060 877
1060 604
1060 296
1060 608
1060 924
1060 816
1060 654
1060 100
1060 504
1060 1025
1060 944
1060 556
1060 1014
1060 846
1060 1094
1061 464
1061 243
1061 406
1061 776
1061 392
1062 669
1062 617
1062 21
1062 922
1062 774
1062 1048
1062 1092
1062 950
1063 491
1064 753
1064 1072
1064 360
1064 207
1065 518
1065 133
1065 583
1065 251
1065 605
1065 102
1065 536
1065 335
1065 634
1065 950
1065 848
1065 180
1066 917
1066 326
1067 1043
1067 321
1067 140
1067 330
1067 1051
1067 799
1067 924
1067 104
1067 950
1067 342
1067 496
1067 241
1067 688
1067 186
1067 870
1067 481
1067 1101
1067 193
1067 17
1067 34
1067 938
1067 729
1067 540
1067 1059
1067 133
1067 746
1067 890
1067 961
1067 422
1067 532
1067 2
1067 683
1067 876
1067 378
1067 190
1067 831
1067 724
1068 434
1068 420
1068 131
1068 153
1068 379
1068 960
1069 233
1069 976
1069 485
1069 83
1070 498
1070 510
1070 236
1070 245
1070 638
1070 1035
1070 877
1070 574
1070 696
1070 784
1070 524
1070 801
1070 945
1070 277
1070 271
1070 1078
1070 363
1070 445
1070 272
1070 69
1070 737
1070 1043
1070 1052
1070 924
1070 949
1070 52
1070 325
1070 477
1070 1127
1070 656
1070 84
1070 678
1070 177
1071 790
1071 636
1071 429
1071 491
1071 547
1071 516
1071 897
1071 266
1071 1038
1071 803
1071 262
1071 864
1071 700
1071 350
1071 870
1071 628
1071 527
1071 175
1071 19
1071 884
1071 251
1071 990
1071 626
1072 360
1072 44
1072 464
1072 697
1072 379
1072 540
1072 186
1072 771
1072 1064
1072 406
1072 881
1072 351
1072 89
1072 135
1072 264
1072 885
1072 824
1072 780
1072 131
1072 1034
1072 894
1072 938
1072 683
1072 845
1072 753
1072 550
1072 666
1072 99
1073 17
1074 735
1074 379
1074 1005
1075 16
1075 932
1075 883
1075 1093
1075 647
1075 696
1075 841
1075 960
1075 683
1075 976
1075 655
1076 641
1076 949
1076 698
1076 889
1076 1012
1076 1011
1076 924
1076 731
1076 797
1076 1101
1076 140
1076 163
1076 125
1076 511
1076 102
1076 198
1076 24
1076 960
1076 318
1076 480
1076 518
1077 795
1077 1045
1077 650
1077 40
1077 129
1078 363
1078 272
1078 1097
1078 1070
1078 1052
1078 1057
1078 277
1078 84
1078 238
1078 325
1078 1043
1079 463
1079 527
1079 583
1079 1039
1079 628
1079 870
1079 508
1079 1094
1079 19
1079 556
1080 490
1081 1059
1081 839
1081 692
1081 105
1082 995
1082 16
1082 986
1082 209
1082 259
1082 606
1082 68
1082 877
1083 903
1083 1059
1083 428
1084 1010
1084 605
1084 173
1084 810
1085 816
1085 30
1085 877
1085 196
1085 556
1085 253
1085 896
1085 1094
1085 791
1085 296
1085 1060
1085 1
1085 503
1085 667
1085 78
1085 522
1085 401
1085 445
1086 756
1087 560
1087 120
1087 313
1087 650
1087 59
1087 462
1087 917
1087 469
1087 881
1087 730
1087 584
1088 589
1088 723
1089 626
1089 508
1089 738
1089 307
1089 811
1089 144
1089 1125
1089 995
1089 276
1089 222
1089 659
1089 533
1089 1120
1089 136
1089 523
1089 680
1089 181
1089 214
1089 998
1089 212
1089 916
1089 127
1089 1131
1089 429
1089 289
1089 460
1089 312
1089 985
1090 1058
1090 969
1090 703
1090 647
1090 474
1090 667
1090 662
1090 163
1090 1024
1090 216
1090 10
1091 922
1091 619
1092 247
1092 471
1092 1062
1092 683
1092 80
1093 1075
1093 922
1094 294
1094 575
1094 574
1094 472
1094 711
1094 1097
1094 948
1094 1124
1094 1095
1094 590
1094 876
1094 196
1094 445
1094 801
1094 66
1094 1060
1094 29
1094 62
1094 594
1094 374
1094 187
1094 323
1094 473
1094 767
1094 1079
1094 737
1094 476
1094 384
1094 1118
1094 177
1094 1085
1094 976
1094 1123
1095 594
1095 1118
1095 767
1095 976
1095 66
1095 1094
1095 444
1095 1123
1095 12
1096 552
1096 798
1096 167
1096 601
1096 163
1096 745
1096 1015
1096 739
1096 2
1097 881
1097 1035
1097 1057
1097 835
1097 538
1097 391
1097 1052
1097 99
1097 385
1097 687
1097 1094
1097 1078
1097 177
1097 272
1097 1051
1097 876
1097 771
1097 472
1098 355
1098 716
1098 421
1098 69
1098 607
1098 654
1098 604
1098 660
1098 696
1098 676
1098 1025
1098 426
1098 129
1098 667
1098 369
1098 512
1098 908
1098 1055
1098 944
1099 720
1099 932
1099 27
1099 396
1099 655
1099 117
1099 670
1099 647
1099 184
1099 489
1099 340
1100 1122
1100 756
1100 273
1101 437
1101 634
1101 447
1101 778
1101 883
1101 518
1101 753
1101 331
1101 445
1101 102
1101 184
1101 364
1101 125
1101 1076
1101 1067
1101 489
1101 803
1101 475
1102 473
1102 16
1102 113
1102 1014
1102 261
1102 241
1102 471
1102 485
1102 935
1102 87
1102 644
1102 161
1102 1049
1102 955
1102 240
1103 969
1103 348
1103 371
1103 592
1103 831
1103 1017
1103 929
1103 210
1103 536
1103 672
1103 439
1104 805
1104 688
1104 64
1104 963
1105 516
1105 429
1106 1040
1106 552
1106 125
1106 200
1106 921
1106 831
1106 262
1107 197
1107 803
1107 884
1108 300
1108 88
1108 850
1108 984
1108 692
1109 1049
1110 1132
1110 32
1110 980
1110 849
1110 220
1110 147
1110 629
1110 516
1110 152
1110 1040
1110 175
1110 1120
1110 937
1110 870
1110 193
1110 491
1110 265
1110 976
1110 916
1110 266
1110 541
1110 267
1110 749
1111 0
1111 782
1111 848
1111 522
1111 638
1111 877
1111 1060
1111 816
1111 1005
1111 196
1111 945
1111 976
1111 218
1111 294
1111 694
1111 445
1111 103
1111 223
1111 100
1111 791
1112 204
1113 984
1113 12
1113 976
1113 466
1113 192
1113 33
1113 154
1113 303
1113 91
1114 403
1114 218
1114 193
1114 826
1114 37
1114 657
1114 875
1114 751
1114 321
1114 741
1114 707
1114 292
1114 462
1114 935
1114 319
1114 940
1114 1043
1114 606
1114 173
1114 32
1114 628
1115 25
1115 431
1115 390
1116 627
1116 725
1116 307
1116 626
1116 596
1116 990
1116 971
1117 1119
1117 606
1117 846
1117 745
1117 247
1117 615
1117 604
1117 713
1117 484
1117 1043
1117 940
1117 567
1117 443
1117 113
1117 683
1117 890
1117 421
1117 491
1117 694
1117 790
1117 667
1117 1051
1117 588
1117 913
1117 955
1117 767
1118 906
1118 29
1118 846
1118 790
1118 1094
1118 66
1118 476
1118 884
1118 1095
1118 709
1118 801
1118 968
1118 987
1118 594
1118 1123
1118 803
1118 633
1118 945
1118 374
1118 574
1118 204
1118 590
1118 749
1118 582
1118 229
1119 872
1119 440
1119 745
1119 920
1119 22
1119 429
1119 770
1119 751
1119 951
1119 365
1119 1007
1119 237
1119 685
1119 1117
1119 1035
1119 228
1119 696
1119 841
1119 177
1119 724
1119 706
1119 784
1119 790
1119 1052
1119 272
1119 84
1119 93
1119 1010
1119 204
1120 1049
1120 212
1120 148
1120 432
1120 583
1120 28
1120 955
1120 959
1120 146
1120 822
1120 661
1120 403
1120 276
1120 130
1120 516
1120 87
1120 523
1120 491
1120 916
1120 527
1120 543
1120 436
1120 471
1120 931
1120 1125
1120 935
1120 937
1120 1089
1120 368
1120 1110
1120 470
1120 214
1120 1132
1120 232
1120 307
1120 870
1120 261
1120 985
1120 266
1120 864
1120 35
1120 262
1120 19
1120 289
1120 856
1120 644
1120 1038
1120 977
1120 849
1120 267
1120 626
1121 880
1121 671
1121 643
1121 409
1121 846
1121 480
1121 695
1121 467
1121 17
1121 762
1121 1051
1121 915
1121 591
1121 97
1121 977
1121 110
1121 855
1121 390
1121 686
1121 54
1122 778
1122 1100
1122 392
1123 63
1123 62
1123 1094
1123 575
1123 66
1123 1095
1123 1118
1123 767
1123 590
1123 594
1123 705
1124 470
1124 896
1124 1094
1124 767
1124 606
1124 745
1124 816
1124 556
1124 323
1125 1120
1125 523
1125 916
1125 219
1125 902
1125 35
1125 1089
1125 353
1125 626
1125 460
1125 680
1125 212
1125 571
1126 673
1127 568
1127 400
1127 483
1127 745
1127 1070
1127 52
1127 656
1127 914
1128 262
1128 870
1129 104
1130 791
1131 136
1131 1089
1132 906
1132 826
1132 717
1132 659
1132 870
1132 658
1132 849
1132 491
1132 35
1132 129
1132 19
1132 665
1132 194
1132 528
1132 193
1132 403
1132 587
1132 415
1132 175
1132 673
1132 231
1132 251
1132 32
1132 884
1132 1110
1132 1120
1132 596
