0 729
1 181
2 1058
3 677
4 1076
5 582
6 804
7 193
8 1072
9 679
10 996
11 1029
12 391
13 214
14 823
15 319
16 627
17 279
18 471
19 1060
20 661
21 462
22 604
23 43
24 387
25 381
26 1045
27 791
28 216
29 893
30 781
31 1089
32 272
33 3
34 1000
35 315
36 710
37 775
38 591
39 90
40 230
41 625
42 435
43 469
44 453
45 76
46 1027
47 509
48 945
49 740
50 468
51 598
52 151
53 572
54 621
55 752
56 29
57 44
58 610
59 1064
60 1064
61 503
62 369
63 467
64 195
65 968
66 1057
67 758
68 871
69 369
70 1067
71 450
72 2
73 635
74 26
75 1061
76 980
77 529
78 758
79 201
80 106
81 1073
82 342
83 11
84 155
85 428
86 934
87 536
88 583
89 984
90 170
91 225
92 499
93 309
94 781
95 895
96 730
97 535
98 208
99 1049
100 530
101 595
102 618
103 188
104 457
105 212
106 879
107 510
108 590
109 531
110 776
111 654
112 358
113 1032
114 551
115 541
116 959
117 439
118 951
119 932
120 1088
121 1075
122 189
123 660
124 756
125 199
126 1011
127 25
128 799
129 1096
130 987
131 907
132 953
133 512
134 455
135 689
136 584
137 338
138 847
139 226
140 844
141 94
142 723
143 714
144 299
145 930
146 115
147 556
148 203
149 20
150 673
151 330
152 929
153 733
154 50
155 415
156 513
157 48
158 659
159 519
160 647
161 559
162 818
163 1042
164 356
165 533
166 964
167 62
168 588
169 794
170 154
171 205
172 251
173 578
174 801
175 58
176 692
177 1086
178 850
179 179
180 498
181 98
182 1102
183 385
184 279
185 441
186 978
187 400
188 813
189 931
190 1128
191 460
192 264
193 940
194 86
195 908
196 830
197 716
198 1120
199 726
200 299
201 335
202 939
203 53
204 158
205 732
206 1015
207 977
208 799
209 1115
210 625
211 1009
212 287
213 779
214 1006
215 12
216 683
217 15
218 1007
219 312
220 46
221 289
222 695
223 630
224 890
225 847
226 150
227 875
228 777
229 874
230 886
231 153
232 643
233 644
234 218
235 502
236 52
237 991
238 39
239 465
240 973
241 670
242 219
243 28
244 1048
245 383
246 717
247 834
248 613
249 302
250 236
251 1100
252 422
253 196
254 208
255 1014
256 481
257 416
258 1129
259 938
260 127
261 553
262 56
263 69
264 290
265 999
266 642
267 328
268 420
269 394
270 1132
271 970
272 550
273 768
274 310
275 695
276 1040
277 549
278 388
279 1037
280 8
281 851
282 957
283 411
284 795
285 1010
286 317
287 561
288 255
289 1124
290 358
291 920
292 161
293 337
294 713
295 906
296 156
297 497
298 903
299 347
300 796
301 1090
302 191
303 1026
304 26
305 694
306 910
307 938
308 494
309 613
310 1103
311 397
312 1030
313 313
314 1033
315 318
316 333
317 744
318 792
319 366
320 1036
321 1125
322 461
323 434
324 77
325 851
326 593
327 919
328 474
329 688
330 99
331 638
332 857
333 545
334 630
335 1052
336 455
337 612
338 720
339 637
340 1065
341 871
342 527
343 501
344 27
345 511
346 481
347 444
348 861
349 653
350 449
351 108
352 320
353 812
354 1085
355 245
356 299
357 120
358 192
359 360
360 520
361 632
362 819
363 82
364 857
365 842
366 470
367 251
368 94
369 797
370 71
371 83
372 432
373 122
374 394
375 93
376 517
377 646
378 645
379 161
380 16
381 722
382 1127
383 384
384 1111
385 827
386 1050
387 400
388 862
389 121
390 984
391 319
392 1041
393 697
394 144
395 365
396 459
397 134
398 268
399 24
400 803
401 881
402 841
403 1019
404 447
405 117
406 399
407 443
408 847
409 293
410 986
411 317
412 715
413 1073
414 927
415 747
416 949
417 477
418 618
419 938
420 1107
421 1022
422 899
423 455
424 91
425 1002
426 339
427 616
428 87
429 597
430 619
431 213
432 392
433 1032
434 656
435 868
436 1093
437 532
438 525
439 74
440 507
441 6
442 811
443 750
444 94
445 368
446 712
447 893
448 89
449 944
450 634
451 690
452 88
453 1102
454 377
455 478
456 750
457 1008
458 75
459 649
460 316
461 287
462 830
463 799
464 775
465 13
466 157
467 979
468 924
469 928
470 76
471 470
472 1094
473 772
474 704
475 607
476 993
477 404
478 603
479 544
480 738
481 865
482 958
483 1106
484 1102
485 988
486 126
487 208
488 778
489 921
490 546
491 97
492 30
493 74
494 1082
495 145
496 846
497 102
498 839
499 860
500 390
501 767
502 95
503 1062
504 665
505 743
506 408
507 834
508 1055
509 185
510 279
511 754
512 274
513 51
514 892
515 424
516 172
517 78
518 755
519 256
520 1017
521 548
522 38
523 103
524 131
525 901
526 357
527 1090
528 154
529 650
530 886
531 824
532 734
533 496
534 599
535 799
536 570
537 528
538 912
539 209
540 440
541 982
542 240
543 322
544 260
545 907
546 1
547 1073
548 152
549 624
550 1118
551 842
552 748
553 914
554 673
555 148
556 1018
557 1124
558 573
559 262
560 237
561 579
562 496
563 260
564 564
565 878
566 965
567 790
568 321
569 702
570 239
571 3
572 1025
573 222
574 234
575 821
576 238
577 346
578 540
579 1101
580 866
581 923
582 845
583 721
584 22
585 725
586 925
587 249
588 1038
589 21
590 1131
591 271
592 240
593 783
594 1060
595 382
596 942
597 12
598 13
599 323
600 659
601 898
602 194
603 631
604 476
605 936
606 473
607 693
608 174
609 266
610 519
611 736
612 1044
613 341
614 1091
615 359
616 186
617 33
618 657
619 262
620 817
621 626
622 1059
623 0
624 1041
625 670
626 997
627 927
628 448
629 1020
630 745
631 809
632 732
633 1082
634 567
635 895
636 787
637 14
638 329
639 551
640 598
641 67
642 918
643 70
644 44
645 228
646 1098
647 552
648 687
649 884
650 752
651 1082
652 81
653 149
654 1009
655 481
656 233
657 616
658 867
659 761
660 852
661 1026
662 157
663 626
664 618
665 59
666 592
667 455
668 1015
669 591
670 571
671 523
672 836
673 418
674 104
675 207
676 1097
677 994
678 511
679 426
680 367
681 407
682 162
683 33
684 364
685 785
686 378
687 123
688 1083
689 581
690 423
691 404
692 486
693 137
694 1122
695 419
696 253
697 742
698 139
699 697
700 796
701 718
702 389
703 820
704 916
705 974
706 1025
707 138
708 819
709 743
710 343
711 131
712 1019
713 1089
714 735
715 324
716 843
717 54
718 410
719 985
720 445
721 1034
722 598
723 675
724 577
725 1095
726 412
727 680
728 279
729 1074
730 263
731 718
732 398
733 840
734 849
735 806
736 1058
737 727
738 916
739 602
740 135
741 71
742 511
743 65
744 618
745 754
746 419
747 800
748 439
749 464
750 933
751 1092
752 967
753 810
754 444
755 1110
756 612
757 600
758 611
759 704
760 66
761 764
762 236
763 159
764 857
765 1013
766 1070
767 968
768 511
769 865
770 178
771 654
772 685
773 58
774 865
775 304
776 983
777 433
778 749
779 463
780 224
781 951
782 766
783 875
784 379
785 60
786 719
787 598
788 596
789 17
790 964
791 805
792 902
793 575
794 853
795 271
796 651
797 666
798 854
799 803
800 774
801 16
802 140
803 31
804 1041
805 926
806 694
807 691
808 790
809 763
810 42
811 463
812 246
813 882
814 1130
815 915
816 700
817 244
818 558
819 309
820 1113
821 4
822 277
823 84
824 40
825 165
826 891
827 964
828 835
829 499
830 440
831 925
832 681
833 292
834 85
835 922
836 789
837 521
838 937
839 1069
840 72
841 371
842 1088
843 1129
844 907
845 405
846 948
847 881
848 815
849 1059
850 234
851 579
852 961
853 1099
854 1126
855 501
856 307
857 663
858 867
859 566
860 183
861 269
862 375
863 693
864 326
865 948
866 687
867 80
868 432
869 210
870 887
871 331
872 1016
873 1115
874 714
875 105
876 659
877 142
878 458
879 300
880 167
881 658
882 883
883 944
884 608
885 134
886 741
887 305
888 825
889 1114
890 816
891 90
892 390
893 45
894 671
895 124
896 308
897 1001
898 705
899 700
900 1056
901 709
902 96
903 780
904 157
905 130
906 981
907 1127
908 1118
909 298
910 248
911 586
912 485
913 115
914 790
915 594
916 450
917 510
918 295
919 666
920 109
921 381
922 352
923 1079
924 128
925 1012
926 542
927 197
928 143
929 372
930 706
931 427
932 314
933 614
934 235
935 652
936 328
937 37
938 897
939 982
940 136
941 349
942 261
943 556
944 614
945 312
946 258
947 476
948 179
949 1110
950 810
951 766
952 470
953 674
954 828
955 554
956 826
957 350
958 749
959 436
960 970
961 894
962 793
963 70
964 703
965 534
966 304
967 299
968 73
969 434
970 1005
971 773
972 762
973 339
974 1003
975 788
976 728
977 294
978 327
979 270
980 9
981 442
982 672
983 303
984 401
985 161
986 243
987 125
988 699
989 132
990 14
991 465
992 267
993 1068
994 976
995 200
996 935
997 232
998 145
999 747
1000 629
1001 47
1002 206
1003 344
1004 699
1005 913
1006 894
1007 114
1008 694
1009 383
1010 554
1011 163
1012 678
1013 578
1014 254
1015 555
1016 85
1017 79
1018 843
1019 765
1020 905
1021 395
1022 1105
1023 807
1024 301
1025 482
1026 805
1027 537
1028 873
1029 833
1030 1043
1031 500
1032 622
1033 601
1034 311
1035 770
1036 92
1037 191
1038 1110
1039 753
1040 373
1041 888
1042 430
1043 223
1044 179
1045 280
1046 767
1047 958
1048 1084
1049 27
1050 376
1051 229
1052 560
1053 1028
1054 859
1055 837
1056 397
1057 563
1058 265
1059 863
1060 722
1061 820
1062 504
1063 807
1064 1044
1065 149
1066 275
1067 393
1068 276
1069 221
1070 1035
1071 297
1072 814
1073 286
1074 579
1075 877
1076 414
1077 133
1078 332
1079 273
1080 1047
1081 950
1082 310
1083 992
1084 880
1085 655
1086 976
1087 751
1088 41
1089 641
1090 480
1091 250
1092 1071
1093 691
1094 100
1095 283
1096 202
1097 68
1098 831
1099 902
1100 965
1101 1123
1102 112
1103 623
1104 322
1105 298
1106 182
1107 397
1108 938
1109 589
1110 99
1111 850
1112 852
1113 382
1114 707
1115 900
1116 403
1117 1123
1118 1068
1119 402
1120 197
1121 1045
1122 1119
1123 1115
1124 306
1125 1097
1126 605
1127 879
1128 686
1129 176
1130 587
1131 412
1132 247
