0 443
1 993
2 83
3 664
4 298
5 890
6 757
7 0
8 260
9 983
10 1054
11 432
12 147
13 460
14 672
15 497
16 466
17 327
18 141
19 485
20 1009
21 152
22 40
23 133
24 237
25 922
26 758
27 540
28 622
29 250
30 294
31 171
32 1132
33 1097
34 464
35 484
36 735
37 613
38 1123
39 56
40 375
41 338
42 653
43 1121
44 956
45 645
46 1080
47 126
48 474
49 272
50 462
51 738
52 880
53 739
54 107
55 342
56 820
57 542
58 51
59 1118
60 957
61 567
62 68
63 77
64 304
65 569
66 482
67 859
68 458
69 277
70 629
71 419
72 475
73 111
74 512
75 924
76 581
77 189
78 384
79 114
80 79
81 904
82 206
83 211
84 984
85 12
86 1111
87 1073
88 33
89 116
90 320
91 604
92 1072
93 109
94 268
95 269
96 1070
97 743
98 548
99 1011
100 691
101 76
102 955
103 929
104 234
105 503
106 788
107 200
108 31
109 218
110 616
111 646
112 301
113 837
114 912
115 1087
116 844
117 358
118 679
119 574
120 511
121 1034
122 1049
123 864
124 675
125 951
126 635
127 423
128 192
129 944
130 596
131 57
132 1110
133 478
134 300
135 1031
136 494
137 990
138 365
139 1126
140 94
141 778
142 424
143 215
144 1106
145 689
146 1008
147 1026
148 538
149 845
150 110
151 1020
152 386
153 28
154 334
155 877
156 266
157 1024
158 249
159 437
160 267
161 1000
162 103
163 831
164 550
165 884
166 671
167 22
168 830
169 381
170 826
171 483
172 1127
173 1037
174 495
175 676
176 737
177 966
178 476
179 655
180 1051
181 379
182 809
183 705
184 517
185 312
186 241
187 1129
188 372
189 919
190 26
191 1114
192 356
193 759
194 998
195 650
196 808
197 265
198 701
199 140
200 575
201 1067
202 66
203 640
204 918
205 1059
206 370
207 435
208 130
209 749
210 836
211 20
212 1088
213 403
214 436
215 539
216 850
217 2
218 946
219 376
220 1036
221 496
222 625
223 905
224 825
225 306
226 696
227 373
228 873
229 992
230 740
231 305
232 561
233 973
234 795
235 507
236 811
237 516
238 789
239 115
240 857
241 717
242 954
243 41
244 687
245 349
246 662
247 592
248 493
249 124
250 607
251 1064
252 598
253 208
254 775
255 81
256 1025
257 446
258 21
259 388
260 754
261 668
262 271
263 1089
264 469
265 931
266 362
267 971
268 981
269 182
270 197
271 1055
272 987
273 67
274 9
275 415
276 537
277 328
278 309
279 1078
280 680
281 6
282 1023
283 369
284 1075
285 282
286 726
287 742
288 173
289 13
290 368
291 932
292 927
293 926
294 1028
295 122
296 221
297 284
298 212
299 134
300 695
301 1012
302 716
303 996
304 562
305 986
306 555
307 317
308 605
309 602
310 659
311 621
312 339
313 253
314 389
315 1116
316 559
317 39
318 589
319 401
320 1107
321 751
322 965
323 813
324 406
325 360
326 11
327 745
328 142
329 913
330 191
331 519
332 515
333 959
334 520
335 73
336 292
337 883
338 930
339 910
340 324
341 828
342 195
343 916
344 340
345 960
346 219
347 97
348 796
349 477
350 786
351 760
352 414
353 25
354 688
355 892
356 532
357 533
358 649
359 293
360 251
361 179
362 1010
363 315
364 928
365 524
366 543
367 490
368 355
369 214
370 933
371 908
372 1041
373 782
374 279
375 637
376 590
377 999
378 90
379 58
380 727
381 900
382 55
383 747
384 82
385 518
386 347
387 1091
388 724
389 1017
390 964
391 764
392 431
393 1043
394 791
395 162
396 995
397 800
398 186
399 779
400 113
401 201
402 275
403 264
404 112
405 207
406 594
407 380
408 232
409 196
410 609
411 1093
412 286
413 297
414 29
415 923
416 311
417 1100
418 814
419 514
420 98
421 487
422 1061
423 753
424 746
425 1108
426 404
427 278
428 50
429 313
430 261
431 972
432 408
433 677
434 833
435 909
436 867
437 387
438 1130
439 167
440 792
441 762
442 65
443 229
444 438
445 165
446 612
447 178
448 1112
449 763
450 489
451 1001
452 36
453 977
454 248
455 101
456 875
457 1018
458 840
459 104
460 47
461 683
462 285
463 417
464 1003
465 509
466 343
467 706
468 254
469 777
470 707
471 765
472 1042
473 371
474 451
475 194
476 1098
477 994
478 856
479 1060
480 1029
481 153
482 896
483 1048
484 639
485 531
486 832
487 125
488 651
489 1047
490 119
491 623
492 682
493 722
494 962
495 397
496 991
497 618
498 1113
499 148
500 228
501 491
502 63
503 473
504 32
505 544
506 157
507 345
508 428
509 545
510 382
511 88
512 204
513 710
514 1019
515 718
516 794
517 620
518 281
519 615
520 700
521 287
522 1050
523 776
524 316
525 398
526 4
527 829
528 180
529 712
530 894
531 102
532 780
533 44
534 120
535 137
536 93
537 553
538 1045
539 95
540 1016
541 184
542 673
543 807
544 784
545 1013
546 236
547 1066
548 714
549 118
550 1052
551 686
552 793
553 939
554 367
555 453
556 917
557 730
558 146
559 535
560 564
561 123
562 648
563 1022
564 190
565 472
566 15
567 364
568 1117
569 359
570 486
571 902
572 413
573 731
574 341
575 418
576 619
577 715
578 526
579 131
580 573
581 456
582 709
583 882
584 333
585 302
586 174
587 314
588 979
589 75
590 463
591 879
592 815
593 770
594 989
595 351
596 121
597 64
598 291
599 307
600 231
601 1120
602 631
603 450
604 283
605 978
606 1074
607 502
608 527
609 170
610 1124
611 652
612 325
613 127
614 49
615 798
616 409
617 54
618 246
619 1071
620 915
621 560
622 183
623 159
624 848
625 449
626 643
627 59
628 948
629 713
630 769
631 522
632 824
633 582
634 16
635 427
636 723
637 395
638 790
639 638
640 303
641 274
642 1122
643 223
644 96
645 556
646 853
647 164
648 513
649 756
650 1057
651 181
652 921
653 891
654 1006
655 529
656 898
657 447
658 346
659 363
660 719
661 91
662 603
663 337
664 222
665 255
666 576
667 588
668 220
669 17
670 1101
671 319
672 1065
673 734
674 1
675 1082
676 74
677 1084
678 444
679 578
680 240
681 92
682 217
683 976
684 1115
685 61
686 175
687 729
688 37
689 952
690 361
691 860
692 835
693 8
694 818
695 980
696 1128
697 963
698 541
699 876
700 614
701 953
702 163
703 805
704 23
705 434
706 1005
707 699
708 78
709 18
710 38
711 7
712 566
713 1105
714 907
715 658
716 71
717 402
718 674
719 216
720 129
721 774
722 290
723 213
724 3
725 847
726 480
727 348
728 804
729 554
730 143
731 80
732 947
733 242
734 868
735 802
736 1014
737 870
738 416
739 508
740 1038
741 632
742 783
743 461
744 570
745 235
746 245
747 323
748 563
749 565
750 374
751 950
752 549
753 350
754 642
755 412
756 440
757 865
758 492
759 982
760 667
761 571
762 781
763 678
764 817
765 968
766 627
767 138
768 405
769 420
770 193
771 703
772 697
773 899
774 225
775 1069
776 70
777 259
778 135
779 1094
780 1095
781 166
782 445
783 641
784 336
785 455
786 422
787 748
788 332
789 1044
790 506
791 881
792 429
793 767
794 87
795 901
796 62
797 150
798 457
799 168
800 391
801 874
802 1002
803 839
804 661
805 1053
806 226
807 628
808 985
809 633
810 690
811 46
812 785
813 842
814 396
815 970
816 296
817 914
818 925
819 156
820 692
821 663
822 773
823 383
824 934
825 471
826 546
827 442
828 940
829 252
830 1092
831 895
832 736
833 1083
834 27
835 906
836 407
837 99
838 861
839 624
840 454
841 523
842 810
843 761
844 871
845 299
846 19
847 768
848 938
849 394
850 202
851 852
852 136
853 997
854 144
855 411
856 752
857 465
858 599
859 257
860 510
861 534
862 185
863 322
864 591
865 600
866 821
867 1125
868 230
869 827
870 53
871 145
872 393
873 105
874 329
875 149
876 854
877 766
878 161
879 988
880 117
881 160
882 657
883 169
884 755
885 660
886 851
887 670
888 188
889 855
890 583
891 85
892 72
893 318
894 772
895 858
896 1035
897 1109
898 572
899 354
900 586
901 209
902 238
903 869
904 694
905 280
906 479
907 750
908 862
909 430
910 885
911 353
912 390
913 276
914 14
915 100
916 949
917 942
918 270
919 920
920 819
921 936
922 426
923 552
924 551
925 626
926 5
927 698
928 863
929 106
930 684
931 86
932 1004
933 975
934 1090
935 1076
936 505
937 644
938 568
939 587
940 797
941 725
942 247
943 308
944 974
945 1056
946 273
947 693
948 525
949 557
950 843
951 656
952 704
953 597
954 728
955 580
956 326
957 823
958 530
959 441
960 498
961 295
962 177
963 911
964 467
965 812
966 132
967 771
968 595
969 263
970 205
971 1030
972 377
973 30
974 834
975 321
976 1040
977 262
978 665
979 967
980 608
981 357
982 504
983 547
984 528
985 199
986 45
987 610
988 846
989 310
990 945
991 35
992 617
993 452
994 1104
995 961
996 838
997 425
998 410
999 606
1000 666
1001 822
1002 108
1003 1096
1004 969
1005 60
1006 1032
1007 172
1008 1119
1009 1103
1010 1102
1011 42
1012 708
1013 499
1014 799
1015 139
1016 198
1017 886
1018 1033
1019 654
1020 155
1021 24
1022 897
1023 733
1024 43
1025 1021
1026 256
1027 203
1028 1015
1029 352
1030 330
1031 400
1032 69
1033 878
1034 866
1035 1063
1036 227
1037 1079
1038 331
1039 1062
1040 937
1041 634
1042 470
1043 481
1044 577
1045 1077
1046 239
1047 941
1048 10
1049 459
1050 579
1051 488
1052 744
1053 224
1054 536
1055 732
1056 849
1057 288
1058 34
1059 187
1060 448
1061 344
1062 48
1063 233
1064 711
1065 630
1066 501
1067 210
1068 154
1069 378
1070 385
1071 806
1072 585
1073 176
1074 1039
1075 243
1076 84
1077 889
1078 1046
1079 1027
1080 903
1081 244
1082 521
1083 681
1084 439
1085 720
1086 151
1087 558
1088 669
1089 872
1090 1131
1091 433
1092 601
1093 958
1094 468
1095 366
1096 89
1097 685
1098 893
1099 52
1100 593
1101 335
1102 289
1103 1086
1104 1058
1105 741
1106 943
1107 702
1108 1068
1109 888
1110 392
1111 1099
1112 258
1113 721
1114 1081
1115 816
1116 803
1117 421
1118 1085
1119 841
1120 801
1121 935
1122 636
1123 787
1124 158
1125 399
1126 1007
1127 611
1128 887
1129 128
1130 500
1131 647
1132 584
