571 67
571 1047
571 948
571 456
571 438
571 924
571 386
571 829
571 754
571 852
571 982
571 1049
571 1039
571 952
571 792
571 868
571 83
571 782
571 732
571 253
571 151
571 272
571 897
571 286
571 220
571 1050
571 410
571 1120
571 1009
67 1047
67 948
67 456
67 438
67 924
67 386
67 829
67 754
67 982
67 952
67 868
67 83
67 782
67 253
67 272
67 471
67 270
67 813
67 101
67 181
67 266
67 904
1047 948
1047 456
1047 438
1047 924
1047 386
1047 754
1047 852
1047 982
1047 952
1047 868
1047 83
1047 782
1047 732
1047 253
1047 151
1047 220
1047 1050
1047 813
1047 618
1047 275
1047 1115
1047 308
1047 353
1047 158
1047 87
1047 856
1047 476
1047 857
1047 1055
1047 2
1047 527
1047 1043
1047 605
1047 779
1047 692
948 754
948 253
948 856
948 582
948 368
948 292
948 448
948 797
948 1007
948 56
948 278
948 632
948 46
948 43
948 459
948 372
948 106
948 225
595 456
595 982
595 1006
595 346
595 501
595 848
595 801
595 177
595 14
456 438
456 924
456 982
456 952
456 868
456 253
456 220
456 1050
456 813
456 559
456 347
456 914
456 505
456 171
456 745
456 631
456 685
438 386
438 829
438 982
438 1039
438 952
438 83
438 253
438 1050
438 848
438 354
438 1096
438 421
438 44
438 655
438 288
438 6
438 757
438 919
438 662
438 810
438 756
438 330
924 253
924 1050
924 1022
924 130
386 829
386 982
386 952
386 732
386 253
386 272
386 1120
386 1115
386 953
386 520
386 140
386 763
386 54
829 952
829 272
829 1120
829 813
829 372
829 234
829 960
829 1093
829 254
829 295
829 926
829 390
829 624
829 859
829 17
829 544
829 458
829 675
829 79
829 1058
829 811
829 1067
829 836
829 609
829 542
829 447
829 769
829 52
754 868
754 83
754 782
754 253
754 897
754 220
754 87
754 1006
754 343
754 523
754 210
754 403
754 301
754 38
754 136
754 867
852 171
852 1101
852 1106
852 964
852 324
852 265
852 215
852 187
852 59
852 1123
852 611
852 1125
852 420
852 1104
852 102
852 195
982 1049
982 952
982 868
982 253
982 272
982 1050
982 87
982 459
982 848
982 763
982 195
982 968
982 222
982 891
982 276
982 824
982 1113
982 1044
1049 1039
1049 952
1049 272
1049 270
1049 813
1049 559
1049 54
1049 1093
1049 295
1049 811
1049 1067
1049 38
1049 993
1049 516
1049 729
1049 794
1049 608
1049 351
1049 1111
1049 671
1049 65
1049 142
1049 416
1049 927
1049 626
1049 267
1049 814
1049 541
1049 741
1049 570
1049 619
1049 216
1049 736
1049 1066
1039 151
1039 270
1039 813
1039 848
1039 288
1039 1067
1039 671
1039 250
1039 149
1039 376
1039 1116
1039 987
1039 302
1039 787
1039 714
1039 880
952 272
952 1120
952 270
952 813
952 692
952 801
952 140
952 234
952 811
952 542
952 769
952 680
952 211
952 942
952 478
952 637
952 1109
952 100
952 596
952 962
952 612
952 196
952 442
952 139
952 708
952 84
952 436
952 668
952 883
952 740
952 586
952 816
952 157
952 35
952 923
952 1097
952 689
952 613
952 109
952 679
952 949
792 272
792 813
792 624
792 784
792 970
792 1023
868 83
868 732
868 253
868 151
868 897
868 286
868 220
868 904
868 618
868 594
868 917
868 690
83 782
83 220
83 904
83 1115
83 372
83 914
83 631
83 675
83 136
83 1116
83 453
83 514
83 606
83 1076
83 287
83 636
83 659
83 827
83 1025
83 800
83 645
83 49
782 253
782 1115
782 353
782 1055
782 347
782 763
782 690
782 287
782 153
782 963
782 774
782 652
732 151
732 897
732 618
732 275
732 1115
732 856
732 476
732 1055
732 605
732 779
732 368
732 44
732 953
732 520
732 140
732 54
732 276
732 84
732 740
732 35
732 784
732 645
732 861
732 1001
732 581
732 507
732 846
732 197
732 958
732 547
732 144
732 374
732 534
732 321
732 293
732 1005
732 182
732 283
732 799
253 220
253 471
253 904
151 897
151 904
151 618
151 308
151 353
151 158
151 87
151 856
151 1055
151 605
151 559
151 662
151 403
151 301
151 265
151 1066
151 637
151 442
151 917
151 514
151 49
151 1001
151 534
151 21
151 812
151 370
151 873
151 306
151 166
151 3
151 881
151 125
151 141
151 913
151 915
151 837
151 616
151 583
151 598
151 236
151 1020
151 719
151 401
151 111
151 361
151 198
272 1120
272 270
272 813
272 582
272 372
272 234
272 960
272 1093
272 295
272 624
272 859
272 458
272 675
272 79
272 1067
272 1111
272 671
272 267
272 541
272 1066
272 812
272 206
272 455
272 530
272 218
272 977
272 1099
272 450
272 556
272 1095
272 1026
272 440
272 574
272 356
897 286
897 618
897 292
897 797
897 609
897 917
897 800
897 873
897 530
897 710
897 488
897 427
897 575
897 956
897 124
220 904
220 631
220 757
220 1116
220 514
220 1076
220 659
220 800
220 616
220 462
220 51
220 502
220 972
1050 813
1050 1066
1050 287
1050 719
1050 414
1050 424
410 1123
410 28
410 989
410 480
410 118
410 1034
410 105
410 969
1120 813
1120 857
1120 570
1120 942
1120 637
1120 962
1120 612
1120 586
1120 613
1120 477
1120 725
1120 500
1120 41
1120 116
1120 365
1120 920
1120 716
1120 809
1120 537
1120 1070
1120 669
1009 87
1009 605
1009 520
1009 276
1009 196
1009 153
1009 861
1009 958
1009 182
1009 1074
1009 628
1009 683
1009 699
1009 985
1009 602
1009 232
1009 1088
1009 509
1009 281
1009 676
471 268
270 675
270 65
813 779
813 234
813 1066
813 414
813 865
813 119
904 2
904 606
904 287
904 1025
904 153
904 374
904 125
904 616
904 468
904 486
904 423
904 620
904 643
904 860
904 1081
904 378
904 437
904 249
904 641
618 1115
618 308
618 353
618 87
618 856
618 1055
618 527
618 140
618 917
618 49
618 861
618 1001
618 197
618 873
618 118
618 1034
618 683
618 903
618 241
618 747
618 1124
618 525
275 308
275 856
275 476
275 857
275 605
275 779
275 692
275 582
275 140
275 276
275 442
275 3
275 1095
275 232
275 903
275 241
275 894
275 713
275 508
275 325
275 935
275 844
275 887
275 804
275 555
1115 856
1115 476
1115 560
1115 1055
1115 2
1115 605
1115 797
1115 685
1115 6
1115 953
1115 763
1115 403
1115 301
1115 880
1115 942
1115 740
1115 659
1115 800
1115 861
1115 1001
1115 581
1115 197
1115 21
1115 125
1115 683
1115 985
1115 641
1115 903
1115 241
1115 525
1115 526
1115 943
1115 326
1115 748
1115 120
1115 638
1115 1127
1115 380
1115 743
1115 656
1115 1040
1115 658
308 158
308 87
308 1055
308 171
308 520
308 140
308 403
308 276
308 861
308 141
308 124
308 1034
308 683
308 699
308 602
308 1088
308 509
308 903
308 241
308 747
308 120
308 1040
308 82
308 340
308 300
308 369
308 635
308 947
308 176
308 751
308 257
308 840
308 429
308 336
308 22
308 126
308 1103
308 37
308 237
308 758
308 995
308 128
308 305
308 1082
308 731
308 720
353 856
353 514
353 49
353 881
353 111
353 10
158 527
158 301
158 683
158 268
158 369
158 176
158 600
158 317
158 475
158 205
158 57
158 255
158 847
158 888
158 31
87 1055
87 605
87 1006
87 210
87 880
87 917
87 958
87 182
87 699
87 1081
87 241
87 325
87 995
87 529
87 91
87 539
87 74
87 1084
87 896
87 630
87 684
87 285
87 1068
87 990
856 560
856 527
856 186
856 582
856 368
856 797
856 56
856 632
856 43
856 459
856 106
856 225
856 347
856 153
856 1001
856 111
856 437
856 903
856 638
856 995
856 31
856 435
856 1032
856 221
856 660
856 263
856 184
856 360
476 520
476 1088
476 545
560 574
560 683
560 555
560 694
857 605
857 779
857 692
857 848
857 14
857 655
857 140
857 859
857 447
857 376
857 612
857 196
857 84
857 157
857 153
857 881
857 837
857 1095
857 124
857 477
857 116
857 365
857 809
857 1070
857 669
857 486
857 508
857 935
857 429
857 228
857 572
857 753
857 550
857 127
857 408
857 667
1055 527
1055 347
1055 880
1055 690
1055 153
1055 861
1055 182
1055 141
1055 1034
1055 716
1055 699
1055 509
1055 903
1055 555
1055 526
1055 720
1055 345
1055 104
2 605
2 692
2 140
2 293
2 881
2 236
2 509
2 676
2 641
2 903
2 804
2 526
2 538
2 200
2 212
2 614
2 389
2 338
2 60
527 347
527 447
527 210
527 301
527 59
527 276
527 1066
527 690
527 153
527 507
527 374
527 881
527 530
527 969
527 699
527 602
527 676
527 437
527 325
527 887
527 555
527 1082
527 888
527 768
527 576
527 503
527 137
527 1085
527 159
527 1060
527 366
527 853
1043 225
605 848
605 685
605 1067
605 250
605 376
605 787
605 880
605 3
605 969
605 1074
605 628
605 620
605 903
605 1040
605 503
605 1078
605 863
605 1021
605 242
605 335
605 1059
779 692
779 140
779 447
779 612
779 182
779 477
779 716
779 713
779 1031
779 1053
692 801
692 140
692 447
692 210
692 942
692 637
692 612
692 196
692 436
692 740
692 816
692 157
692 35
692 958
692 977
692 1095
692 1070
692 683
692 602
692 713
692 844
692 429
692 22
692 737
692 411
692 333
692 1017
692 830
186 582
186 368
186 797
186 56
186 278
186 632
186 459
186 225
186 606
186 111
186 638
186 896
186 435
186 1014
186 235
186 767
186 791
186 513
186 789
186 992
186 5
186 443
186 854
186 358
186 1000
186 877
582 368
582 797
582 56
582 632
582 46
582 459
582 225
582 54
582 295
582 1067
582 680
582 84
582 534
582 111
582 455
582 437
582 638
582 1075
582 435
582 550
582 174
582 417
582 81
582 309
582 467
582 755
582 89
582 892
368 797
368 56
368 632
368 459
368 106
368 225
368 321
368 111
368 435
368 263
368 61
368 1094
368 233
368 463
292 358
448 56
448 43
448 523
448 652
448 737
448 358
448 132
448 193
448 70
797 1007
797 56
797 632
797 46
797 106
797 225
797 1106
797 187
797 420
797 376
797 442
797 166
797 268
797 748
797 638
797 235
797 629
797 640
797 752
1007 106
1007 420
1007 1032
1007 235
1007 805
1007 284
1007 1119
1007 1048
56 278
56 43
56 459
56 225
56 421
56 111
56 443
56 358
56 805
56 954
278 43
278 421
278 111
278 263
278 1014
278 235
278 767
278 992
278 443
278 954
278 1018
278 834
278 492
278 786
632 459
632 106
632 225
632 111
632 969
632 526
632 25
46 800
46 111
46 455
46 263
46 358
46 81
46 309
46 625
46 431
46 188
46 204
43 459
43 421
43 111
43 638
43 263
43 737
43 358
43 132
43 954
43 1018
43 20
459 225
459 421
459 109
459 1081
459 325
459 435
459 360
459 104
459 335
459 132
459 805
459 1048
459 980
459 564
459 633
459 50
459 764
459 593
459 569
459 415
459 506
372 914
372 234
372 17
372 65
372 142
372 1066
372 287
372 645
372 719
372 468
372 241
372 104
372 467
372 892
372 418
372 1107
372 310
106 403
106 287
106 1032
106 660
106 1119
106 1018
106 531
225 1106
225 3
225 111
225 206
225 281
225 437
225 641
225 747
225 943
225 638
225 37
225 285
225 435
225 137
225 132
225 284
225 954
225 1018
225 78
225 483
225 472
225 323
225 466
225 99
225 839
225 341
225 864
1006 1096
1006 210
1006 283
1006 125
1006 743
1006 1040
1006 888
1006 896
1006 684
1006 212
1006 1059
1006 415
1006 818
1006 646
1006 845
1006 461
1006 145
1006 75
346 1022
346 447
346 403
346 1116
346 942
346 637
346 84
346 287
346 374
346 530
346 335
346 640
346 752
346 874
346 1008
346 558
346 945
346 991
346 749
346 290
501 611
501 102
501 166
501 903
501 1031
501 1052
501 19
501 1019
501 1129
501 434
501 16
848 559
848 171
848 140
848 17
848 458
848 1067
848 420
848 250
848 376
848 987
848 787
848 714
848 287
848 166
848 881
848 969
848 268
848 249
848 37
848 1078
848 335
848 1059
848 991
848 957
848 623
848 905
848 402
848 409
848 951
848 444
848 551
848 674
848 835
848 1016
848 0
801 1123
801 637
801 920
801 896
801 838
177 926
177 675
177 79
177 993
177 516
177 541
177 736
177 250
177 1109
177 699
177 367
14 140
14 447
14 210
14 38
14 612
14 365
14 232
14 128
14 391
14 348
559 745
559 140
559 859
559 675
559 542
559 993
559 541
559 149
559 942
559 881
559 837
559 508
559 128
559 305
559 348
559 296
559 706
559 939
559 504
559 938
559 855
559 244
347 6
347 403
347 222
347 139
347 690
347 153
347 774
347 283
347 414
347 699
347 10
347 768
347 503
347 366
347 749
347 1110
347 750
347 975
347 397
914 6
914 926
914 541
914 216
914 1066
914 612
914 287
914 636
914 1025
914 881
914 616
914 598
914 575
914 502
914 340
914 10
914 366
914 20
914 397
914 112
505 265
505 645
505 774
505 257
505 98
171 1106
171 964
171 265
171 59
171 420
171 102
171 195
171 683
171 903
171 0
171 322
745 447
745 52
745 211
745 100
745 708
745 816
745 923
745 109
745 949
745 450
745 1070
745 669
745 758
745 305
745 188
745 512
745 231
745 1037
745 778
745 18
631 6
631 757
631 287
631 1040
631 660
631 503
631 152
631 327
685 403
685 250
685 951
354 655
354 211
354 100
354 139
354 109
354 182
354 188
354 1037
354 936
354 320
354 599
1096 288
1096 503
1096 1021
1096 1122
1096 383
1096 999
421 111
421 206
421 37
421 435
421 1032
421 263
421 358
421 284
421 954
421 383
421 999
421 1071
421 161
421 934
421 901
421 240
421 1098
44 287
44 321
44 881
44 943
44 104
44 543
44 494
44 849
44 579
44 1117
655 276
655 612
655 182
655 198
655 838
655 967
655 703
655 1061
655 396
655 759
288 544
288 787
288 880
288 503
288 242
288 1122
288 383
288 470
288 388
288 762
288 546
288 649
288 170
288 227
288 653
288 419
6 756
6 343
6 136
6 606
6 287
6 1025
6 153
6 306
6 437
6 743
6 159
6 444
6 152
6 327
6 161
6 146
6 460
6 702
6 384
757 503
757 702
919 330
919 743
919 159
919 1098
919 494
919 63
810 327
810 227
810 164
810 88
756 301
756 787
756 1122
330 327
1022 447
1022 523
1022 637
1022 873
1022 141
1022 720
1022 1031
1022 749
1022 938
1022 9
1022 1035
130 281
130 326
953 1001
953 579
953 793
520 140
520 447
520 301
520 968
520 612
520 613
520 1070
520 699
520 720
520 193
520 930
140 859
140 447
140 769
140 250
140 100
140 962
140 612
140 196
140 442
140 139
140 708
140 84
140 740
140 157
140 35
140 1097
140 689
140 613
140 917
140 827
140 958
140 182
140 837
140 198
140 450
140 972
140 116
140 628
140 699
140 602
140 508
140 1040
140 429
140 128
140 31
140 896
140 572
140 550
140 200
140 1031
140 333
140 629
140 845
140 296
140 18
140 108
140 697
140 997
140 1112
140 13
140 807
140 577
140 966
140 297
140 115
140 452
763 403
763 136
763 3
763 281
763 525
763 336
763 529
763 990
763 768
763 190
763 1059
763 466
763 397
763 532
763 58
763 122
763 701
763 133
763 1065
763 1118
763 665
763 479
763 224
763 1057
763 135
763 648
763 766
54 1066
54 637
54 962
54 84
54 689
54 547
54 812
54 68
54 843
54 929
234 675
234 574
1093 17
1093 458
1093 1067
1093 1066
1093 310
1093 551
1093 670
295 390
295 675
295 729
295 608
295 1111
295 671
295 142
295 619
295 736
295 141
295 719
295 699
295 241
295 490
295 597
926 675
926 1067
926 403
926 516
926 729
926 671
926 541
926 736
926 310
926 189
390 17
390 619
390 551
390 670
624 970
624 1023
624 534
624 530
624 555
624 503
624 929
624 795
624 180
624 355
859 542
859 447
859 942
859 100
859 612
859 139
859 708
859 84
859 740
859 157
859 35
859 923
859 881
859 837
859 977
859 51
859 972
859 486
859 429
859 663
859 550
859 200
859 1031
859 737
859 231
859 697
859 966
859 1132
859 464
859 183
859 238
859 783
859 735
17 458
17 675
17 1067
17 210
17 301
17 993
17 1111
17 376
17 310
17 551
17 615
544 708
544 408
544 1053
544 431
544 419
544 377
544 832
458 1067
458 65
458 551
458 670
675 993
675 729
675 608
675 351
675 671
675 65
675 142
675 927
675 267
675 541
675 570
675 619
675 736
675 1066
675 287
675 356
675 683
675 310
675 623
675 551
675 670
675 557
79 729
79 608
79 351
79 671
79 65
79 927
79 267
79 570
79 623
1058 547
1058 530
1058 1099
1058 1074
1058 628
1058 241
1058 660
1058 818
1058 845
1058 1063
1058 802
1058 578
1058 129
1067 541
1067 250
1067 290
1067 551
1067 73
1067 1027
836 136
836 1066
836 534
836 530
836 1074
836 555
836 660
836 413
836 933
836 445
609 832
542 596
542 668
542 109
542 837
542 200
542 1037
542 577
542 966
542 297
542 194
542 651
447 136
447 1066
447 942
447 637
447 612
447 84
447 436
447 689
447 606
447 774
447 837
447 977
447 1095
447 124
447 51
447 116
447 716
447 809
447 660
447 663
447 550
447 783
447 349
769 962
769 477
769 108
769 997
52 942
52 708
52 1070
52 305
52 572
52 1031
52 189
52 251
52 650
343 403
343 301
343 136
343 222
343 636
343 356
343 468
343 366
343 992
343 472
343 1110
343 543
343 579
343 464
343 1102
343 642
343 664
343 1011
343 746
523 652
523 182
523 118
523 628
523 737
523 193
523 145
523 703
523 1035
210 403
210 157
210 636
210 111
210 200
210 1014
210 402
403 301
403 1106
403 222
403 917
403 49
403 374
403 1034
403 509
403 437
403 526
403 120
403 656
403 74
403 538
403 614
403 992
403 877
403 1110
403 750
403 934
403 135
403 1027
403 103
403 634
403 312
403 515
403 90
301 611
301 222
301 149
301 637
301 917
301 989
301 683
301 676
301 555
301 751
301 126
301 237
301 184
301 159
301 1059
301 789
301 640
301 50
301 845
301 444
301 750
301 327
301 161
301 933
301 851
301 828
301 1079
301 134
301 496
301 307
38 157
38 956
38 118
38 531
38 402
38 391
38 494
38 615
38 607
38 30
38 304
136 867
136 1066
136 35
136 514
136 287
136 800
136 645
136 774
136 881
136 116
136 683
136 325
136 743
136 888
136 896
136 345
136 768
136 503
136 1060
136 20
136 749
136 1110
136 397
136 1057
136 828
867 514
867 49
1101 59
1101 1123
1106 324
1106 265
1106 187
1106 59
1106 1123
1106 611
1106 1125
1106 420
1106 102
1106 166
1106 488
1106 427
1106 480
1106 118
1106 1034
1106 1074
1106 683
1106 699
1106 1081
1106 903
1106 37
1106 640
1106 752
1106 0
1106 297
1106 80
1106 959
1106 974
1106 45
964 324
964 59
964 102
964 903
964 80
964 110
324 265
324 59
324 1123
324 611
324 420
324 102
324 118
324 683
324 903
324 241
324 720
324 345
324 640
324 296
324 322
324 297
324 110
324 536
265 59
265 1123
265 645
265 583
265 488
265 683
265 340
265 37
265 57
265 255
265 888
265 640
265 98
265 322
265 384
265 110
265 160
265 1069
265 185
265 179
265 524
265 94
265 1015
215 844
215 751
215 1052
215 1129
215 8
215 1045
215 733
187 59
187 420
187 102
187 376
187 1025
187 153
187 166
187 628
187 903
187 748
187 120
187 91
187 0
187 337
187 4
59 1123
59 611
59 1125
59 420
59 102
59 453
59 645
59 969
59 683
59 903
59 325
59 748
59 221
59 752
59 0
59 280
1123 420
1123 102
1123 250
1123 645
1123 1034
1123 903
1123 37
1123 284
1123 0
1123 959
1123 23
1123 262
611 102
611 84
611 844
611 1040
611 0
611 80
1125 420
1125 102
1125 376
1125 166
1125 748
1125 752
1125 0
1125 413
1125 974
1125 280
420 102
420 250
420 153
420 774
420 903
420 720
420 839
420 0
420 296
1104 153
102 376
102 774
102 166
102 427
102 748
102 19
102 1129
102 0
102 110
102 337
102 280
102 262
102 831
102 76
102 1051
195 747
195 37
195 847
195 98
195 322
195 375
195 1090
195 155
195 165
195 202
968 613
222 1025
222 486
222 620
222 325
222 380
222 656
222 1040
222 529
222 74
222 538
222 1110
222 464
891 3
891 881
891 1057
891 802
891 664
276 1001
276 683
276 699
276 602
276 76
276 316
824 250
824 336
824 1103
824 297
824 224
824 39
824 381
824 589
824 730
824 169
824 86
1113 694
1113 912
1044 298
1044 647
1044 567
993 250
993 376
993 714
993 244
516 541
516 637
516 1109
516 100
516 356
516 1070
516 305
516 244
516 650
729 365
729 437
729 417
729 384
729 561
794 608
794 1111
794 671
794 626
794 141
794 365
608 351
608 1111
608 671
608 927
608 267
608 645
608 356
608 623
351 671
351 570
351 1066
351 508
351 467
1111 1025
1111 310
671 1025
671 365
671 310
671 623
671 1027
142 81
416 193
416 244
927 356
927 623
541 736
541 1066
541 637
541 1109
541 100
541 344
541 1070
541 429
541 244
541 192
741 1066
741 244
570 652
619 719
619 670
736 1109
736 1034
736 486
736 874
1066 606
1066 636
1066 1025
1066 153
1066 598
1066 530
1066 556
1066 574
1066 310
1066 623
1066 535
1066 1086
250 376
250 987
250 787
250 714
250 880
250 268
250 894
250 555
250 340
250 635
250 1075
250 558
250 409
250 951
250 1122
250 999
250 649
250 1102
250 307
250 536
250 1069
250 406
250 944
250 12
149 376
149 787
149 880
149 84
149 881
149 1016
149 706
376 714
376 166
376 427
376 1074
376 628
376 903
376 844
376 748
376 840
376 91
376 1129
376 551
376 0
376 296
376 4
376 1051
376 705
1116 31
1116 660
1116 874
1116 939
1116 383
1116 1035
1116 793
1116 828
1116 770
987 37
987 335
987 951
987 112
987 12
302 137
302 1059
302 957
302 296
302 397
302 122
302 479
302 135
302 554
302 405
302 603
302 71
787 880
787 503
787 1021
787 296
787 1122
787 388
787 762
787 92
787 693
714 409
714 951
714 0
880 969
880 503
880 1021
880 388
680 84
680 970
680 507
680 218
680 920
680 200
680 629
680 251
680 907
680 687
211 637
211 139
211 816
211 923
211 109
211 949
211 669
211 508
211 935
211 305
211 200
211 188
211 512
211 1037
211 936
211 320
211 599
211 907
942 637
942 139
942 740
942 812
942 1095
942 477
942 809
942 508
942 429
942 128
942 550
942 297
942 103
942 994
478 534
478 417
478 597
478 355
478 445
478 274
637 1109
637 612
637 139
637 436
637 740
637 816
637 35
637 613
637 344
637 1025
637 812
637 881
637 837
637 977
637 477
637 1070
637 699
637 508
637 844
637 429
637 550
637 200
637 333
637 1017
637 936
637 183
637 1027
637 194
637 677
637 931
637 291
1109 139
1109 816
1109 344
1109 977
1109 1070
1109 429
1109 931
1109 392
100 139
100 708
100 84
100 436
100 816
100 923
100 109
100 949
100 1070
100 305
100 408
100 834
100 244
100 1037
100 419
100 697
100 577
100 194
100 251
100 907
100 931
100 978
596 923
596 1097
596 613
596 679
596 455
596 977
596 935
596 297
596 802
596 160
596 931
596 592
596 780
596 817
962 708
962 109
962 182
962 141
962 198
962 699
962 737
962 845
962 18
962 703
962 108
962 697
962 997
962 13
962 807
962 577
962 413
962 1030
962 473
612 196
612 84
612 613
612 287
612 1005
612 837
612 450
612 1095
612 809
612 602
612 232
612 508
612 753
612 830
612 115
196 35
196 958
196 1005
196 116
196 602
196 860
196 995
196 830
196 750
442 84
442 812
442 450
442 920
442 683
442 748
442 91
442 629
442 0
442 154
139 708
139 436
139 883
139 740
139 586
139 157
139 35
139 1097
139 689
139 613
139 287
139 958
139 812
139 913
139 837
139 450
139 1095
139 669
139 602
139 508
139 1040
139 429
139 753
139 200
139 333
139 629
139 1037
139 407
139 522
708 436
708 668
708 740
708 586
708 816
708 923
708 1097
708 689
708 109
708 949
708 837
708 977
708 450
708 232
708 429
708 305
708 200
708 1037
708 966
708 251
708 978
708 34
84 740
84 157
84 35
84 923
84 949
84 812
84 365
84 1070
84 508
84 128
84 550
84 200
84 194
436 816
436 157
436 1097
436 844
436 429
436 1017
436 419
436 251
668 816
668 109
668 837
668 119
668 200
668 1031
668 18
668 966
668 34
883 923
883 613
883 720
883 18
740 35
740 287
740 837
740 365
740 508
740 128
740 720
740 990
740 550
740 200
740 697
740 189
740 1132
740 251
586 816
586 923
586 109
586 977
586 305
586 296
586 783
586 251
586 291
586 34
816 157
816 923
816 1097
816 109
816 949
816 1070
816 669
816 305
816 408
816 333
816 434
816 251
816 34
816 686
816 688
816 941
157 198
157 455
157 972
157 844
157 804
157 572
157 333
157 464
157 686
157 819
157 871
35 774
35 812
35 837
35 1095
35 508
35 660
35 753
35 629
35 115
35 578
35 413
923 1097
923 613
923 109
923 679
923 949
923 977
923 935
923 305
923 188
923 512
923 1037
923 697
923 251
923 931
923 817
1097 613
1097 109
1097 679
1097 977
1097 429
1097 550
1097 936
1097 697
1097 651
1097 931
1097 817
1097 893
689 679
689 774
689 1095
689 193
689 845
689 907
689 688
613 837
613 602
613 935
613 550
613 310
613 296
613 936
613 419
613 930
613 931
613 826
109 949
109 977
109 305
109 333
109 512
109 778
109 115
109 413
109 194
109 651
109 251
109 160
109 407
109 34
109 682
109 1064
344 429
344 822
679 977
679 935
679 290
679 936
679 577
679 931
679 817
949 512
949 1037
949 1051
949 872
949 698
784 892
784 874
784 183
784 209
970 241
970 892
970 180
970 355
970 117
1023 117
594 415
917 716
917 526
917 1040
917 57
917 188
917 310
917 296
917 965
690 153
690 141
690 1034
690 676
690 995
690 720
690 937
453 503
514 287
514 645
514 49
514 710
514 345
514 849
514 907
514 798
606 49
606 774
606 374
606 985
606 620
606 788
287 659
287 800
287 645
287 49
287 774
287 374
287 534
287 111
287 502
287 1040
287 550
287 104
287 78
287 1110
287 98
287 934
287 384
287 479
287 413
287 828
287 825
287 1054
287 303
287 422
287 439
287 639
636 743
636 398
659 293
659 51
659 529
659 768
659 1085
659 190
659 341
659 444
659 1057
659 487
1025 881
1025 51
1025 969
1025 676
1025 241
1025 104
1025 1021
1025 629
1025 310
1025 1110
1025 546
1025 460
1025 384
1025 664
1025 103
1025 312
1025 66
1025 64
1025 42
1025 796
800 221
800 212
800 576
800 366
800 877
800 492
800 905
800 90
800 709
800 666
645 774
645 502
645 468
645 694
645 640
645 98
645 322
645 1054
645 303
645 121
49 507
49 502
49 10
49 127
49 345
49 104
49 687
49 711
153 774
153 881
153 969
153 676
153 555
153 22
153 529
153 768
153 1085
153 335
153 1014
153 854
153 1110
153 397
153 973
963 74
963 296
963 1130
774 124
774 683
774 638
774 37
774 184
774 768
774 640
774 397
774 322
774 384
774 711
774 890
774 678
774 167
652 1040
652 737
652 193
652 131
861 1001
861 507
861 197
861 602
861 903
1001 197
1001 325
1001 995
1001 1110
507 628
507 658
507 22
507 345
507 834
507 290
507 907
507 798
507 928
507 885
846 502
197 547
197 198
197 555
197 660
197 802
197 664
958 1005
958 628
958 699
958 602
958 896
958 572
958 533
547 502
547 116
547 545
547 828
374 182
374 881
374 985
374 509
374 620
374 1110
374 464
374 788
534 598
534 699
534 241
534 555
534 417
534 445
534 382
534 833
534 7
534 765
321 881
321 463
321 1016
321 494
321 579
321 665
321 607
321 554
321 878
321 219
321 1038
293 969
293 903
293 943
293 285
293 190
293 444
293 479
293 484
1005 860
182 1095
182 51
182 699
182 896
182 333
182 68
182 189
283 74
283 190
283 304
283 86
283 723
283 585
21 526
21 656
812 218
812 550
812 200
812 629
370 212
370 905
370 899
370 691
370 950
873 913
873 972
873 223
306 743
306 327
166 427
166 268
166 629
166 1052
166 19
166 0
166 851
166 80
166 277
166 681
3 969
3 676
3 903
3 525
3 325
3 887
3 526
3 943
3 1103
3 529
3 990
3 768
3 444
3 1065
3 665
3 135
3 705
3 563
881 397
881 579
881 642
881 664
881 828
881 352
881 229
125 437
125 1040
125 995
125 1110
125 759
125 702
125 439
125 639
125 890
125 906
125 332
125 107
141 1034
141 699
141 241
141 747
141 120
141 22
141 758
141 720
141 694
141 39
141 382
141 162
141 540
141 331
915 241
915 193
915 129
915 696
837 1070
837 300
837 429
837 572
837 550
837 200
837 737
837 231
837 1037
837 194
837 566
616 1020
616 641
616 1040
616 529
616 60
616 190
616 207
583 488
583 699
583 257
583 1075
583 888
583 31
583 190
583 322
583 912
583 162
583 258
583 1028
598 920
598 445
598 876
236 749
236 905
236 666
236 899
236 691
236 95
236 979
236 243
236 902
1020 120
1020 529
1020 539
1020 60
1020 444
1020 327
1020 122
1020 53
719 120
719 22
719 310
719 597
719 445
401 281
111 435
111 1032
111 263
111 104
111 358
111 954
361 241
361 892
198 1074
198 1075
198 896
198 660
198 694
198 864
198 818
198 322
198 1063
198 160
198 524
206 358
206 132
206 805
206 1119
206 839
455 977
530 440
530 620
530 555
530 417
530 402
530 765
530 260
530 604
530 961
530 315
530 548
530 24
977 1070
977 305
977 244
977 931
977 291
977 817
1099 241
1099 892
1099 929
1099 597
1099 933
1099 445
1099 833
1099 7
1099 898
450 365
450 232
450 200
450 145
450 160
1095 31
1095 978
440 892
440 961
574 414
574 916
356 408
356 244
356 650
356 548
356 1091
710 660
710 345
710 98
710 918
710 760
488 969
488 683
488 699
488 176
488 840
488 1075
488 37
488 758
488 205
488 57
488 660
488 184
488 694
488 640
488 864
488 945
488 835
488 98
488 160
488 1069
488 524
488 94
488 912
488 473
488 760
488 869
488 657
488 724
488 721
427 748
427 22
427 31
427 845
427 0
427 578
575 628
575 5
575 899
575 950
956 825
124 365
124 268
124 82
124 340
124 300
124 369
124 635
124 947
124 176
124 751
124 1075
124 550
124 1031
124 988
124 359
124 379
124 553
124 497
124 493
124 469
124 147
462 1074
462 214
51 972
51 414
51 468
51 1075
51 753
51 20
51 1132
51 524
502 989
502 802
502 316
502 627
502 726
502 1010
972 663
972 753
972 489
414 281
414 525
414 1040
414 990
414 768
414 1085
414 190
414 78
414 341
414 558
414 1118
414 192
414 398
414 484
414 916
424 888
424 513
28 989
28 480
28 247
28 986
989 480
989 1034
989 1074
989 726
480 1074
480 290
480 540
480 519
480 510
480 866
480 138
480 1036
118 105
118 378
118 1040
118 237
118 720
118 159
118 828
118 1079
118 304
118 944
118 941
118 1042
118 96
118 568
1034 753
1034 190
1034 335
1034 633
1034 569
1034 1019
1034 247
1034 342
105 860
105 37
105 159
105 1031
105 543
105 1079
105 941
969 281
969 1081
969 903
969 525
969 526
969 1040
969 205
969 529
969 892
969 25
969 310
969 957
969 1057
969 312
969 973
969 580
969 984
477 116
477 365
477 936
500 426
41 116
41 920
41 537
41 431
41 349
116 365
116 920
116 716
116 809
116 935
116 660
116 663
116 667
116 413
116 738
365 809
365 232
365 429
365 128
365 753
365 550
365 667
365 200
365 444
365 426
365 1131
920 537
920 930
920 349
716 809
716 120
716 68
809 669
809 935
537 419
537 735
537 246
1070 429
1070 305
1070 296
1070 244
1070 512
1070 778
1070 419
1070 931
669 935
1074 628
1074 683
1074 699
1074 602
1074 241
1074 635
1074 529
1074 896
1074 545
1074 864
1074 818
1074 504
1074 795
468 380
468 1040
468 1110
468 828
468 916
468 273
628 699
628 232
628 281
628 635
628 896
628 285
628 545
628 818
628 905
628 907
628 973
683 340
683 369
683 176
683 840
683 1075
683 37
683 317
683 847
683 184
683 694
683 640
683 818
683 322
683 536
683 94
683 497
683 469
683 510
683 428
699 602
699 232
699 1088
699 844
699 120
699 340
699 635
699 429
699 57
699 896
699 694
699 159
699 335
699 737
699 417
699 492
699 310
699 818
699 845
699 1019
699 905
699 838
699 108
699 1118
699 1012
699 331
699 243
699 976
699 252
985 903
985 526
985 743
985 159
985 901
985 494
985 63
985 788
985 1046
985 1002
985 785
602 896
602 310
602 818
602 115
602 588
232 1053
232 759
232 1036
1088 747
1088 369
1088 205
1088 545
1088 1031
1088 629
1088 274
1088 565
509 903
509 660
509 975
509 383
509 1035
509 224
281 676
281 486
281 903
281 526
281 854
281 845
281 749
281 402
281 391
281 192
281 449
281 1004
281 40
281 269
281 404
281 815
676 903
676 325
676 887
676 1118
676 192
676 585
676 955
676 884
268 1124
268 844
268 748
268 82
268 300
268 635
268 947
268 840
268 1075
268 888
268 91
268 834
268 835
268 0
268 296
268 4
268 760
268 988
268 359
268 379
268 553
268 147
268 1036
268 499
268 97
268 498
865 916
119 128
119 200
119 251
486 529
486 335
486 417
486 341
486 874
486 905
486 444
486 479
486 464
486 1114
423 378
620 526
620 380
620 995
620 74
620 558
643 747
643 98
643 1012
643 155
643 202
643 150
643 820
643 491
643 385
643 870
643 707
643 842
860 538
860 1110
860 543
1081 325
1081 633
1081 776
378 804
378 828
378 552
378 465
437 526
437 749
437 702
437 802
437 103
437 185
437 890
437 484
437 243
249 137
249 1059
249 957
249 397
249 122
249 133
249 479
249 554
249 371
249 357
249 900
249 806
641 22
641 193
641 466
641 444
641 296
641 219
641 1013
903 747
903 525
903 887
903 526
903 748
903 995
903 529
903 752
903 0
903 959
903 705
903 162
903 40
903 981
241 747
241 1124
241 555
241 22
241 1082
241 91
241 1031
241 417
241 892
241 193
241 310
241 68
241 929
241 597
241 1027
241 933
241 445
241 7
241 604
241 451
241 123
241 1121
241 886
747 840
747 22
747 995
747 317
747 57
747 31
747 1031
747 737
747 818
747 945
747 750
747 98
747 322
747 536
747 160
747 375
747 1090
747 165
747 39
747 510
747 707
747 842
747 113
747 773
1124 369
1124 91
1124 988
1124 379
1124 147
525 943
525 1040
525 990
525 768
525 25
525 75
525 312
525 39
525 554
525 976
525 364
894 980
894 828
894 944
713 508
713 333
508 128
508 228
508 819
325 360
325 335
325 633
325 646
325 587
935 408
935 817
844 333
887 943
887 705
887 1013
887 364
555 1031
555 737
555 417
555 892
555 310
555 189
555 355
555 802
555 578
555 933
555 705
555 7
555 264
555 432
555 715
555 328
526 943
526 120
526 22
526 529
526 479
526 207
526 1004
526 806
526 364
943 768
943 706
943 1013
326 1103
326 539
326 240
326 53
748 91
748 629
748 4
120 1040
120 1059
120 466
120 94
638 660
638 746
380 336
743 1040
743 237
743 731
743 539
743 630
743 660
743 503
743 159
743 161
743 901
743 1098
743 494
743 146
743 63
743 733
743 53
743 294
743 69
743 485
743 922
743 704
656 660
656 538
656 1110
656 1091
656 610
656 446
1040 840
1040 429
1040 336
1040 888
1040 503
1040 1059
1040 1110
1040 397
1040 966
1040 224
1040 1057
1040 134
1040 39
1040 1083
1040 601
658 665
658 798
658 928
82 340
82 300
82 947
82 751
82 592
82 256
340 300
340 369
340 635
340 947
340 176
340 751
340 1075
340 888
340 640
340 945
340 322
340 94
340 592
340 359
340 553
300 369
300 635
300 947
300 176
300 751
300 296
300 231
300 592
300 359
300 499
300 1100
369 635
369 176
369 751
369 640
369 760
635 947
635 176
635 751
635 1075
635 317
635 205
635 818
635 296
635 592
635 819
635 553
635 147
635 498
947 176
947 751
947 1075
947 1069
947 592
947 359
947 147
176 751
176 640
176 94
751 322
751 498
257 37
257 720
257 322
257 928
257 162
257 359
257 1121
840 37
840 57
840 888
840 184
840 694
840 864
840 945
840 835
840 384
840 536
840 1069
840 524
840 912
840 798
840 760
840 869
840 657
840 724
840 721
840 946
429 200
429 244
429 160
429 291
429 817
429 822
336 74
336 190
336 1065
336 589
336 533
336 878
336 1105
22 466
22 585
22 247
22 806
22 712
1075 550
1075 345
1075 640
1075 94
1075 553
1075 497
1075 493
1075 469
1075 428
1075 256
1075 85
1075 15
1075 191
1103 224
1103 589
1103 730
1103 705
1103 585
1103 777
37 57
37 847
37 694
37 335
37 640
37 864
37 945
37 835
37 536
37 1012
37 1090
37 165
37 202
37 912
37 359
37 553
37 385
37 870
37 1121
37 850
37 208
237 630
237 159
237 1031
758 912
758 491
758 1121
758 256
995 1016
995 642
995 878
995 113
128 838
128 504
305 228
305 408
305 244
305 251
305 650
305 893
305 822
305 1072
1082 694
1082 1065
1082 510
1082 700
1082 742
731 1031
731 845
731 296
731 349
731 69
720 694
720 0
720 464
720 271
10 660
600 317
600 475
600 1015
317 475
317 57
317 255
317 945
317 94
317 907
317 562
317 717
475 205
475 807
475 160
475 1015
475 907
475 519
475 1036
205 57
205 255
205 184
205 694
205 322
205 103
205 1069
205 524
205 162
205 553
57 255
57 888
57 184
57 694
57 864
57 818
57 1069
57 473
57 553
57 97
57 1029
255 839
255 945
255 92
847 888
847 945
847 98
847 536
847 1069
847 1012
847 1090
847 385
888 945
888 98
888 536
888 760
888 191
31 694
31 316
529 768
529 284
529 483
529 466
529 874
529 444
529 532
529 1057
529 103
529 973
529 984
91 0
91 277
539 494
539 39
539 53
74 854
74 633
74 1071
74 86
74 1092
74 457
1084 366
1084 1000
1084 492
1084 905
1084 937
1084 691
896 818
896 838
896 907
630 240
684 212
684 749
684 905
684 666
684 123
684 32
285 479
285 521
990 263
990 665
990 398
990 878
990 1004
1032 235
1032 132
1032 284
1032 1119
1032 1048
1032 431
1032 207
1032 95
1032 1036
1032 201
1032 909
1032 654
660 503
660 366
660 20
660 818
660 461
660 749
660 702
660 907
660 398
660 760
660 627
660 273
660 775
660 940
263 358
263 1094
263 463
263 132
263 954
184 912
184 553
184 519
184 841
360 1098
360 796
360 540
360 138
360 404
360 587
360 430
360 363
545 818
545 802
545 822
545 565
694 1031
694 640
694 839
694 864
694 945
694 835
694 88
694 802
694 536
694 1069
694 524
694 202
694 912
694 473
694 760
694 869
694 657
694 724
694 721
694 1029
663 1027
572 550
753 193
753 945
753 160
753 524
550 115
550 895
127 104
127 930
408 431
408 244
408 251
408 650
408 117
408 1091
345 104
345 640
345 99
345 316
345 907
345 798
345 885
538 614
538 60
538 853
538 444
538 750
538 397
200 1031
200 1037
200 108
200 194
200 426
212 1014
212 767
212 5
212 854
212 905
212 639
212 666
212 32
212 350
389 1085
338 1060
338 1015
60 132
60 284
60 466
60 1057
60 71
60 382
60 371
60 48
768 137
768 1085
768 25
768 397
768 532
768 122
768 133
768 1065
768 1057
768 135
768 578
768 984
768 695
768 168
768 1
576 854
576 905
576 802
503 1021
503 296
503 327
503 383
503 999
503 470
503 388
503 762
503 546
503 649
503 746
503 515
503 42
503 178
503 311
503 1041
137 25
137 397
137 122
137 479
1085 192
1085 398
1085 695
159 1031
159 1046
190 75
190 383
190 702
190 312
190 878
190 775
190 517
190 996
1060 1102
1060 642
1060 878
1060 1038
1060 712
1060 259
1060 1024
1060 47
366 411
366 767
366 854
366 1000
366 877
366 492
366 531
366 749
366 905
366 298
366 691
366 252
366 457
366 940
366 875
366 823
366 573
366 879
366 11
366 1126
366 862
366 230
853 702
1078 487
1078 271
1078 695
1078 528
1021 383
1021 546
1021 649
1021 170
1021 693
1021 311
1021 1033
242 845
242 1122
335 633
335 874
335 1035
335 828
335 944
335 282
335 425
1059 1031
1059 737
1059 874
1059 397
1059 122
1059 479
1059 554
1059 405
1059 66
1059 900
1059 168
1031 417
1031 945
1031 1019
1031 0
1031 297
1031 382
1031 404
1031 715
1031 217
1031 858
737 132
737 193
737 980
737 788
737 382
411 492
411 845
411 298
411 937
411 691
411 983
333 651
1014 443
1014 749
1014 90
1014 350
1014 875
1014 248
235 789
235 358
235 1119
235 298
235 243
767 443
767 1000
767 815
767 457
767 32
767 875
767 481
791 905
513 789
513 992
513 749
513 905
513 950
513 123
513 454
789 443
789 355
789 825
789 961
789 123
789 32
789 454
992 877
992 749
992 905
992 135
992 1027
992 634
992 90
992 899
992 313
992 921
5 950
5 95
5 457
443 854
443 1000
443 877
443 309
443 1094
443 463
443 564
443 934
443 90
443 979
443 457
443 48
443 573
443 248
443 1073
443 728
443 998
443 925
854 1000
854 874
854 905
854 90
854 243
854 902
854 457
854 11
358 1119
358 954
358 1071
1000 492
1000 402
1000 298
1000 691
1000 252
1000 457
1000 875
1000 879
1000 481
877 905
877 298
877 862
877 590
877 319
417 892
417 355
417 129
417 445
417 604
417 24
417 393
81 309
309 1094
309 431
309 564
309 934
309 702
309 728
892 929
892 129
892 445
892 117
892 604
892 961
892 24
892 400
61 1105
1094 934
1094 728
233 463
233 1102
233 406
233 1105
233 55
463 642
463 775
463 718
132 805
132 284
132 1119
132 323
132 99
132 957
132 934
132 94
193 874
193 1035
193 997
193 479
193 487
193 42
629 752
629 0
629 452
640 874
640 945
640 536
640 1069
640 94
640 928
640 553
640 497
640 469
640 428
640 85
640 314
752 0
752 4
752 76
805 1048
805 764
284 1048
284 431
284 839
284 957
284 934
284 359
284 491
284 909
1119 1048
1119 1018
1119 934
1119 304
1119 86
1048 980
1048 1079
1048 314
834 251
834 907
834 798
834 928
834 885
834 988
834 147
834 519
834 1036
834 717
834 781
492 905
492 298
492 937
492 691
492 983
786 739
25 603
188 310
188 512
188 1037
188 936
188 320
188 599
188 382
980 506
980 296
980 828
980 944
980 996
564 934
633 415
633 461
633 674
633 944
633 796
633 395
50 296
569 506
569 1019
569 247
569 342
569 163
415 874
415 944
415 796
506 1019
506 986
418 371
1107 916
310 122
310 783
310 802
310 103
310 167
310 1077
531 494
531 298
483 889
466 371
466 412
341 874
341 695
864 945
864 160
864 1069
864 524
864 912
864 928
864 657
864 721
818 1019
818 504
818 703
818 802
818 90
818 974
818 983
845 504
845 108
845 90
845 974
461 551
461 395
461 673
874 558
874 905
874 444
874 479
874 944
874 639
874 167
558 944
945 835
945 98
945 160
945 1069
945 524
945 94
945 912
945 473
945 760
945 869
945 657
945 724
945 721
991 444
991 135
991 563
991 279
991 339
749 905
749 402
749 90
749 666
749 950
749 95
749 979
749 449
749 350
749 33
290 512
290 802
290 907
290 928
290 885
290 540
290 695
290 329
1052 0
19 0
19 959
19 974
1019 247
1019 986
1019 342
1129 76
434 226
16 540
16 247
16 342
16 163
16 387
16 482
957 444
957 296
957 397
957 122
957 479
957 464
957 554
905 296
905 479
905 90
905 535
905 937
905 666
905 691
905 950
905 95
905 979
905 123
905 457
905 32
905 862
402 639
402 666
402 313
409 951
409 1091
444 327
444 133
444 479
444 1013
444 339
551 670
835 778
835 1069
835 912
835 473
835 869
835 657
835 724
835 721
1016 494
1016 665
1016 113
1016 712
0 851
0 277
296 383
296 999
296 543
296 133
296 665
296 597
296 307
296 825
296 1028
296 379
296 299
296 495
296 591
296 661
296 433
706 484
504 1063
938 298
244 650
244 931
244 117
1110 135
1110 464
1110 1027
1110 1102
1110 634
1110 191
750 1035
750 918
975 425
975 362
397 122
397 701
397 133
397 479
397 802
397 554
397 405
397 71
397 66
397 357
397 900
397 806
397 1013
397 199
112 1057
98 322
98 536
98 94
98 1012
98 375
98 165
98 202
98 912
98 150
98 707
98 842
98 773
322 536
322 160
322 1069
322 1012
322 375
322 155
322 707
512 1037
512 778
512 115
512 160
512 469
512 1056
231 194
231 1090
231 644
231 93
1037 936
1037 320
1037 599
1037 966
1037 194
778 160
18 1051
18 817
152 327
327 383
327 470
327 762
327 122
327 515
327 307
327 76
327 785
327 806
327 217
327 33
327 932
936 599
936 931
936 817
320 160
320 1051
320 715
599 393
1122 388
1122 762
383 470
383 146
383 76
383 229
999 470
161 53
934 728
901 63
901 1002
901 850
240 53
1098 494
1098 796
1098 294
1098 26
1098 1089
543 579
543 775
494 1046
494 69
494 850
494 441
494 549
494 72
494 289
494 727
849 47
579 1102
579 352
703 239
470 280
388 762
388 311
546 42
649 464
227 88
419 930
419 377
146 53
384 94
384 162
63 53
63 1002
63 485
63 850
63 26
88 280
88 1041
1035 464
108 697
108 997
108 13
108 807
697 997
997 13
577 978
577 817
577 1030
966 194
966 34
297 479
297 92
297 978
115 651
115 251
115 907
452 1062
58 563
122 133
122 479
122 554
122 405
122 71
133 554
133 806
1065 224
1065 589
1065 121
1065 585
1065 1105
1118 884
1118 1072
1118 213
1118 744
1118 245
665 563
479 648
479 464
479 554
479 71
479 364
479 279
224 746
224 589
224 169
224 777
224 727
1057 307
135 1027
135 634
135 156
648 911
766 271
929 445
929 898
597 274
597 382
597 27
355 445
355 961
355 400
783 622
802 413
802 251
802 1011
802 746
802 775
802 350
802 299
578 760
129 445
1027 634
1027 563
1027 601
413 760
933 1062
445 882
194 651
194 817
349 907
349 407
251 407
251 871
251 1064
650 117
650 264
650 1072
650 29
1102 878
642 878
642 511
1011 978
746 907
103 32
103 621
634 86
634 899
634 1092
634 313
634 921
634 925
634 394
312 121
312 563
312 1013
312 168
90 639
90 950
90 248
90 313
90 394
851 974
851 8
851 1045
851 277
828 331
828 1010
828 314
1079 941
496 700
496 821
307 371
304 1054
80 1036
110 280
536 375
536 155
536 165
536 150
536 820
536 707
536 842
536 1121
536 208
536 203
160 1069
160 524
160 94
160 1030
160 893
1069 524
1069 912
1069 473
1069 869
1069 657
1069 724
1069 721
1069 946
179 1015
179 256
179 717
179 841
524 162
94 912
94 707
94 85
94 15
94 191
1015 1083
1015 717
1015 841
733 42
4 97
23 686
1051 715
1012 155
1012 202
1012 870
1012 707
375 1090
375 155
375 202
375 978
375 707
1090 155
1090 202
1090 150
1090 707
155 202
155 707
202 150
202 644
39 53
730 169
169 1054
912 907
912 473
912 869
912 657
912 724
912 721
298 937
298 691
298 875
298 1126
298 862
298 230
298 319
298 734
192 40
192 884
406 55
944 941
944 796
944 395
944 772
12 693
770 399
554 405
554 806
405 66
405 601
405 199
603 806
603 1128
71 66
92 256
693 147
907 798
907 928
907 885
907 760
931 817
978 817
592 869
592 359
592 379
592 469
592 499
473 869
473 657
473 724
473 721
686 299
686 591
686 26
686 77
688 798
941 986
941 482
826 588
822 148
965 223
937 691
937 879
937 983
937 621
798 928
798 885
825 123
825 454
1054 585
422 121
639 709
639 899
639 950
487 271
66 900
66 806
66 673
64 563
796 395
666 95
666 243
666 481
666 36
1130 33
167 256
928 885
928 1036
885 790
382 162
382 168
382 803
382 172
382 771
833 7
833 898
878 712
899 248
899 921
899 925
899 394
691 983
691 319
691 394
950 248
950 454
950 925
950 394
563 1004
352 979
229 95
229 979
229 902
229 1046
229 373
162 672
540 138
540 587
540 363
331 700
331 742
331 314
258 256
258 672
95 979
95 243
95 373
979 373
243 902
243 248
243 313
243 62
604 808
24 29
760 173
869 657
869 724
869 721
657 724
657 721
724 721
988 379
988 147
988 499
359 946
359 175
379 147
379 138
493 469
493 428
493 256
493 85
493 15
493 191
493 1
469 428
469 256
469 85
469 191
147 1002
147 499
627 722
726 1010
1010 673
247 342
247 482
519 1036
519 781
138 568
138 430
138 363
138 299
138 591
1036 717
1036 841
96 363
96 299
96 591
96 26
96 77
342 163
342 387
342 482
273 114
428 85
428 191
976 156
252 940
1046 879
1002 850
449 33
40 143
269 1
269 908
404 587
404 363
884 1072
884 213
150 820
820 491
491 1121
371 900
1013 364
123 457
123 32
123 454
1121 208
1121 329
1121 203
113 1108
69 441
69 727
256 85
256 191
1105 318
712 495
85 191
85 910
1072 213
700 314
742 314
271 695
717 841
457 32
457 862
457 925
457 373
521 318
201 1003
775 718
775 474
430 363
430 299
430 591
430 77
363 299
363 591
363 661
363 77
695 761
259 47
259 495
47 495
879 584
11 621
217 591
217 26
248 313
248 921
248 925
248 394
921 925
921 394
925 394
319 373
395 1087
482 77
299 591
299 661
299 26
299 77
591 661
591 26
591 77
661 77
199 261
26 1089
441 727
441 334
213 1080
744 245
511 518
394 373
518 518
