1106 566
1106 1047
1106 609
1106 837
1106 333
1106 1088
1106 1124
1106 180
1106 398
1106 693
1106 871
1106 908
1106 312
1106 753
1106 203
1106 981
1106 449
1106 576
1106 938
1106 463
1106 1038
1106 943
1106 18
1106 901
1106 45
1106 934
1106 253
1106 1058
1106 30
1106 909
566 1047
566 609
566 333
566 1088
566 1124
566 180
566 398
566 693
566 908
566 203
566 449
566 576
566 938
566 1038
566 18
566 420
566 303
566 195
566 3
566 557
566 711
566 263
1047 609
1047 333
1047 1088
1047 1124
1047 180
1047 693
1047 871
1047 908
1047 203
1047 449
1047 576
1047 938
1047 463
1047 1038
1047 943
1047 934
1047 253
1047 195
1047 1054
1047 172
1047 652
1047 358
1047 758
1047 789
1047 156
1047 989
1047 10
1047 808
1047 537
1047 795
1047 314
1047 220
1047 645
1047 188
1047 612
1047 1127
609 693
609 1038
609 989
609 267
609 178
609 734
609 424
609 307
609 342
609 104
609 698
609 512
609 1061
609 577
609 337
609 297
609 727
609 89
609 737
837 333
837 908
837 1126
837 592
837 360
837 479
837 343
837 125
837 554
333 1088
333 1124
333 908
333 203
333 449
333 1038
333 934
333 253
333 195
333 239
333 468
333 1035
333 708
333 369
333 538
333 651
333 71
1088 180
1088 398
1088 908
1088 753
1088 203
1088 576
1088 1038
1088 253
1088 479
1088 572
1088 73
1088 226
1088 160
1088 994
1088 173
1088 91
1088 861
1088 371
1088 660
1088 150
1088 912
1088 400
1124 1038
1124 253
1124 80
1124 588
180 398
180 908
180 203
180 463
180 1038
180 18
180 30
180 652
180 662
180 630
180 920
180 605
180 747
398 203
398 18
398 30
398 195
398 727
398 800
398 270
398 98
398 797
398 379
398 589
398 214
398 126
398 883
398 665
398 0
398 431
398 37
398 752
398 1069
398 26
398 803
398 223
398 328
398 1083
398 849
398 1
398 644
693 449
693 576
693 938
693 1038
693 901
693 934
693 156
693 1126
693 661
693 764
693 148
693 951
693 917
693 114
693 732
693 1081
871 369
871 757
871 526
871 448
871 1117
871 159
871 1044
871 672
871 728
871 722
871 907
871 260
871 796
871 1082
871 804
871 457
908 312
908 203
908 449
908 1038
908 18
908 253
908 156
908 297
908 479
908 605
908 457
908 380
908 42
908 510
908 812
908 674
908 113
908 835
312 753
312 203
312 18
312 303
312 195
312 239
312 747
312 98
312 379
312 26
312 803
312 114
312 783
312 1037
312 899
312 556
312 1093
312 668
312 845
312 65
312 20
312 345
312 636
312 140
312 1118
312 262
312 772
312 185
312 51
312 771
312 283
312 541
312 147
312 476
753 943
753 303
753 195
753 479
753 173
753 803
753 65
753 524
753 539
753 949
753 300
753 196
753 406
753 669
753 442
753 166
203 18
203 30
203 303
203 195
203 1127
203 343
203 920
203 800
203 26
203 1083
203 1
203 70
203 341
203 927
203 619
203 805
203 900
203 1027
203 945
203 477
203 965
203 108
203 115
203 1033
203 102
203 555
203 850
203 683
203 1050
203 1102
203 988
203 603
203 777
203 611
203 933
203 655
203 744
203 696
203 1052
203 488
203 851
203 1051
981 18
981 195
981 126
981 551
981 740
981 373
449 576
449 463
449 1038
449 943
449 901
449 45
449 934
449 263
449 1054
449 399
449 515
449 1046
576 938
576 934
576 263
576 652
576 727
576 1035
576 651
576 37
576 732
576 300
576 190
576 1130
576 413
576 818
576 955
576 1028
576 785
576 325
576 573
576 136
576 237
576 680
938 1038
938 652
938 758
938 795
938 468
938 605
938 1046
938 955
938 480
938 793
938 1109
938 258
463 943
463 901
463 1054
463 172
463 652
463 989
463 10
463 795
463 188
463 612
463 734
463 160
463 662
463 630
463 920
463 747
463 812
463 555
463 1102
463 611
463 551
463 237
463 963
463 92
463 1132
463 647
463 193
463 411
463 602
463 1089
463 1123
463 956
463 868
463 571
463 735
463 870
463 139
463 162
463 265
1038 934
1038 420
1038 263
943 901
943 263
943 1054
943 358
943 758
943 789
943 156
943 989
943 795
943 188
943 239
943 660
943 951
943 917
943 159
943 476
943 805
943 115
943 515
943 1130
943 680
943 92
943 868
943 976
943 4
943 1001
943 1067
943 502
943 999
943 219
943 585
943 167
943 176
943 326
943 631
943 209
943 376
943 640
943 428
943 621
943 733
943 1024
943 396
943 152
943 806
943 830
18 30
18 303
18 195
18 178
18 727
18 800
18 270
18 98
18 379
18 126
18 883
18 431
18 37
18 752
18 803
18 845
18 65
18 262
18 185
18 476
18 4
18 22
18 236
18 505
18 650
18 273
18 62
18 261
18 565
18 802
18 154
18 862
18 425
18 1029
901 45
901 1054
901 424
901 342
901 328
901 515
901 136
901 1067
901 505
901 770
901 936
901 814
901 182
901 1034
901 83
934 263
934 727
934 651
934 861
934 300
934 1130
934 818
934 785
934 136
934 376
934 138
934 289
934 798
934 559
253 195
253 476
253 955
253 1024
253 129
253 78
1058 722
1058 157
1058 474
1058 890
1058 490
1058 385
1058 948
1058 894
30 195
30 537
30 771
30 927
30 805
30 477
30 965
30 988
30 696
30 560
30 58
30 610
30 234
30 1099
30 627
30 430
30 401
30 918
30 575
30 361
30 492
909 156
909 188
909 630
909 812
909 108
909 480
909 963
909 602
909 139
909 613
909 717
909 500
909 506
909 189
909 639
909 1063
909 959
909 8
909 501
909 1053
909 1043
420 24
303 195
303 37
303 20
195 612
195 727
195 800
195 476
195 129
195 197
195 742
263 314
263 413
263 955
263 573
263 480
263 956
263 167
263 376
263 717
263 61
263 953
263 1121
263 323
263 44
263 164
263 695
263 36
263 1039
263 313
1054 652
1054 358
1054 758
1054 156
1054 989
1054 795
1054 220
1054 920
1054 747
1054 515
1054 680
1054 963
1054 92
1054 411
1054 1067
1054 490
1054 385
1054 506
1054 935
1054 412
1054 873
1054 330
1054 748
172 358
172 989
172 10
172 537
172 188
172 612
172 1127
172 178
172 920
172 812
172 115
172 219
172 802
172 959
172 935
172 412
172 242
172 656
172 622
172 892
172 57
172 754
172 840
172 750
172 1018
652 989
652 10
652 808
652 795
652 314
652 188
652 342
652 71
652 91
652 662
652 605
652 951
652 917
652 166
652 927
652 1102
652 785
652 136
652 963
652 92
652 1132
652 411
652 162
652 976
652 167
652 506
652 639
652 313
652 935
652 412
652 748
652 875
652 1010
652 35
652 120
652 332
652 534
652 799
652 9
652 103
652 533
652 447
652 450
358 789
358 156
358 795
358 369
358 630
358 920
358 951
358 812
358 963
358 176
358 83
358 385
358 506
358 189
358 1063
358 8
358 501
358 935
358 412
358 873
358 332
358 447
358 381
358 514
358 1048
358 50
358 34
358 96
358 724
358 478
358 145
358 718
358 441
358 101
358 513
358 1097
358 53
358 815
358 25
358 1070
358 880
358 357
358 816
358 131
358 847
358 40
358 485
758 989
758 1130
758 680
758 585
758 152
758 481
789 220
789 917
789 506
789 24
789 50
789 724
789 1056
789 339
789 453
789 960
789 483
789 6
789 179
789 377
789 616
156 795
156 188
156 1126
156 148
156 166
156 515
156 602
156 139
156 189
156 164
156 412
156 892
156 357
156 1119
156 578
156 980
156 355
156 106
156 828
156 60
156 434
156 245
156 838
156 516
989 808
989 220
989 267
989 178
989 734
989 342
989 698
989 1061
989 337
989 297
989 89
989 737
989 468
989 480
989 92
989 152
989 36
989 935
989 534
989 357
989 616
989 255
989 1068
989 584
989 402
989 375
989 366
989 415
10 630
10 8
10 286
808 425
808 506
808 1018
808 183
537 188
537 612
537 1127
537 479
537 554
537 994
537 920
537 883
537 849
537 949
537 965
537 108
537 555
537 777
537 480
537 585
537 209
537 802
537 83
537 560
537 1099
537 627
537 918
537 361
537 492
537 61
537 622
537 57
537 441
537 292
537 122
537 595
537 1101
537 707
537 244
537 946
537 81
795 220
795 468
795 166
795 1046
795 480
795 963
795 139
795 176
795 385
795 401
795 189
795 501
795 935
795 1018
795 875
795 485
795 811
795 760
314 188
314 1127
314 920
314 735
314 585
314 621
314 501
314 1043
314 313
314 935
314 750
314 875
314 863
314 202
314 971
314 1076
314 272
314 774
314 782
220 468
220 849
220 148
220 917
220 728
220 812
220 476
220 1046
220 480
220 647
220 956
220 585
220 505
220 894
220 189
220 1063
220 1043
220 36
220 892
220 840
220 1018
220 847
220 377
220 17
220 84
220 841
220 495
220 194
220 1005
220 66
220 335
220 654
220 205
645 737
188 479
188 71
188 803
188 524
188 949
188 196
188 669
188 166
188 219
188 894
188 613
188 500
188 189
188 1121
188 935
188 447
188 841
188 232
188 525
188 964
188 1115
188 634
188 1004
612 1127
612 920
612 849
612 965
612 139
612 560
612 401
612 656
612 697
612 365
1127 343
1127 920
1127 849
1127 148
1127 927
1127 805
1127 965
1127 108
1127 850
1127 1102
1127 603
1127 777
1127 611
1127 602
1127 273
1127 802
1127 361
1127 506
1127 1063
1127 656
1127 754
1127 441
1127 513
1127 595
1127 225
1127 886
1127 788
1127 1112
1127 21
267 178
267 734
267 342
267 698
267 512
267 1061
267 297
267 737
267 413
267 152
267 534
267 828
267 255
267 1129
267 1091
267 275
267 169
267 773
267 712
267 1011
267 553
267 993
267 1086
267 370
267 966
267 839
178 734
178 342
178 698
178 1061
178 577
178 297
178 737
178 747
178 379
178 803
178 70
178 555
178 868
178 152
178 236
178 36
178 534
178 1097
178 255
178 707
178 690
178 5
178 305
178 417
178 241
178 320
178 561
178 372
734 342
734 698
734 1061
734 297
734 89
734 737
734 571
734 152
734 255
734 375
734 1094
734 889
734 689
734 344
424 370
307 698
307 337
307 764
307 258
307 225
307 370
307 702
307 282
307 729
342 104
342 698
342 1061
342 577
342 89
342 737
342 526
342 672
342 796
342 949
342 115
342 999
342 24
342 120
342 534
342 1091
342 1009
342 874
342 296
104 89
104 796
104 1068
104 1091
104 279
104 542
104 563
104 77
698 512
698 337
698 297
698 737
698 226
698 152
698 993
698 370
698 279
698 836
512 337
512 226
512 152
512 375
512 1129
512 1091
512 275
512 1011
512 993
512 370
512 836
512 700
512 324
512 1016
512 499
1061 297
1061 89
1061 737
1061 152
1061 894
1061 875
1061 255
1061 825
577 136
577 152
577 236
577 375
577 370
577 305
577 417
577 1098
577 736
577 309
577 925
337 297
337 226
337 152
337 534
337 375
337 225
337 370
337 702
337 836
337 700
337 491
297 737
297 226
297 1052
297 164
297 892
297 255
297 415
297 760
297 634
297 702
297 279
297 77
297 820
297 233
297 135
297 235
297 590
297 967
297 192
297 950
297 854
727 1035
727 800
727 665
727 20
727 345
727 476
727 955
727 237
727 1024
727 717
727 412
727 760
727 241
727 372
727 530
727 580
727 238
89 951
89 955
89 1068
89 402
89 563
89 700
89 670
737 526
737 219
737 152
737 22
737 1053
737 36
737 313
737 873
737 1010
737 534
737 25
737 245
737 255
737 495
737 702
737 542
737 836
737 700
737 521
737 1002
737 624
737 914
737 437
737 212
737 484
737 703
737 1022
1126 73
1126 148
1126 162
1126 167
1126 103
1126 447
1126 377
1126 828
1126 434
1126 971
1126 1004
1126 950
1126 779
1126 1092
1126 391
1126 587
1126 41
1126 248
592 80
592 849
592 951
592 300
592 927
592 805
592 555
592 955
592 956
592 505
592 634
592 874
592 296
592 97
592 509
592 107
592 822
592 1021
592 844
592 715
360 907
360 804
360 999
360 935
360 697
360 460
360 692
360 705
360 962
360 290
360 990
479 239
479 369
479 920
479 665
479 431
479 803
479 722
479 796
479 524
479 949
479 300
479 196
479 669
479 442
479 955
479 999
479 585
479 894
479 24
479 1039
479 25
479 232
479 634
479 1004
479 1021
479 284
479 116
479 1074
479 858
479 527
479 738
479 716
479 31
479 459
479 1108
479 1040
479 11
343 722
343 805
343 430
343 828
343 353
125 589
125 37
125 752
125 783
125 1037
125 185
125 147
125 524
125 900
125 189
125 857
554 920
554 849
554 148
554 114
554 965
554 627
554 959
554 816
554 15
554 549
239 538
239 920
239 883
239 37
239 1083
239 783
239 185
239 539
239 927
239 585
239 209
239 622
239 816
239 131
239 549
239 969
239 340
239 677
239 47
239 395
239 454
239 701
468 91
468 951
468 42
468 1033
468 1046
468 480
468 1109
468 162
468 129
468 189
468 481
468 17
468 841
468 654
468 844
468 165
468 456
468 982
468 133
1035 91
1035 589
1035 185
1035 541
1035 476
1035 965
1035 955
1035 1028
1035 573
1035 585
1035 376
1035 428
1035 182
1035 798
1035 514
1035 481
1035 654
1035 491
1035 133
1035 408
708 159
708 237
708 1109
708 145
708 87
369 526
369 448
369 159
369 728
369 796
369 804
369 457
369 506
369 935
369 11
369 105
538 849
538 644
538 341
538 1027
538 102
538 603
538 933
538 1052
538 1051
538 261
538 361
538 492
538 880
538 131
538 309
538 833
538 709
538 567
538 929
538 921
651 91
651 861
651 955
651 447
651 402
651 841
651 719
651 643
71 951
71 524
71 738
572 994
572 341
572 1027
572 1033
572 1052
572 139
572 309
572 567
572 350
572 1057
572 977
73 173
73 841
73 964
73 864
73 280
73 63
226 152
226 22
226 25
226 255
226 1068
226 375
226 370
226 542
226 836
226 280
226 63
226 386
226 95
226 809
226 910
226 404
226 39
160 955
160 571
160 585
160 1010
160 760
160 519
160 227
160 791
160 79
160 1015
994 812
994 965
994 139
994 830
994 353
994 923
994 675
994 529
994 604
994 75
173 0
173 669
173 166
173 841
173 1115
173 864
173 280
173 1014
173 2
173 714
173 99
173 637
173 287
173 893
173 787
173 954
91 912
91 661
91 732
91 413
91 955
91 573
91 480
91 502
91 36
91 103
91 1005
91 716
91 719
91 643
91 95
91 216
91 928
91 1060
91 1105
861 841
861 1060
371 400
371 103
371 1005
371 39
371 227
371 291
150 643
150 893
150 1000
150 435
912 917
912 669
912 864
400 643
80 849
80 764
80 805
80 1067
80 176
80 485
80 697
80 844
80 395
80 59
80 591
588 1053
588 35
662 92
662 79
662 807
630 920
630 849
630 917
630 380
630 965
630 696
630 361
630 189
630 485
630 282
630 421
920 883
920 849
920 1
920 524
920 805
920 1027
920 477
920 965
920 108
920 115
920 1033
920 102
920 555
920 1102
920 777
920 611
920 655
920 744
920 696
920 515
920 325
920 602
920 139
920 209
920 830
920 261
920 559
920 1099
920 500
920 189
920 1063
920 622
920 447
920 441
920 816
920 616
920 828
920 595
920 707
920 202
920 697
920 788
920 1009
920 391
920 969
920 921
920 247
920 128
920 1095
920 85
920 228
920 466
920 1104
920 364
920 208
920 438
920 390
605 951
605 732
605 219
605 1053
605 748
605 101
605 1119
605 516
605 17
605 66
605 1004
605 437
605 133
605 780
605 827
605 352
605 464
605 471
605 12
605 389
605 130
605 536
605 1042
605 443
605 1036
605 201
605 298
747 849
747 476
747 805
747 477
747 555
747 744
747 1089
747 4
747 363
747 207
747 759
800 37
800 425
98 665
98 431
98 803
98 476
98 238
98 31
98 720
379 214
379 37
379 899
379 1093
379 845
379 65
379 345
379 283
379 147
379 176
379 1024
379 189
379 412
379 649
379 486
589 37
589 803
589 951
589 1037
589 899
589 65
589 185
589 147
589 238
589 29
214 665
214 283
214 31
214 720
126 740
126 373
126 868
126 505
126 1018
126 841
126 759
126 362
126 1030
126 1087
883 1083
883 849
883 927
883 1027
883 965
883 1033
883 102
883 555
883 1102
883 777
883 611
883 933
883 585
883 209
883 273
883 289
883 559
883 61
883 441
883 292
883 707
883 202
883 697
883 225
883 709
883 128
883 364
883 76
883 855
883 1079
883 403
883 134
883 221
665 431
665 37
665 803
665 148
665 917
665 783
665 845
665 949
665 238
665 31
665 778
0 102
0 946
0 365
0 736
0 954
0 594
0 213
431 803
431 20
431 31
431 720
37 783
37 899
37 1093
37 668
37 65
37 20
37 345
37 140
37 262
37 185
37 771
37 283
37 147
37 476
37 955
37 1029
37 506
37 238
37 116
37 31
37 720
37 653
752 899
752 1093
752 668
752 65
752 20
752 140
752 262
752 771
752 116
1069 1089
1069 505
1069 62
1069 613
1069 500
1069 412
1069 402
1069 779
1069 391
1069 824
1069 852
1069 142
1069 110
803 185
803 524
803 715
803 31
803 161
803 694
223 732
223 476
223 868
223 505
223 613
223 1018
223 402
223 635
223 1071
223 249
328 213
1083 945
1083 683
1083 1052
1083 209
1083 202
1083 567
1083 1104
1083 364
1083 208
1083 853
1083 904
849 732
849 476
849 927
849 805
849 965
849 555
849 850
849 744
849 413
849 1109
849 209
849 273
849 802
849 83
849 289
849 1099
849 401
849 918
849 402
849 292
849 707
849 134
849 1007
1 477
1 560
1 247
1 1095
644 927
644 102
644 361
644 131
644 595
644 697
644 29
644 288
644 726
661 951
661 917
661 732
661 42
661 1028
661 1029
661 717
661 654
661 1011
661 624
661 165
661 519
661 79
661 855
661 745
661 123
661 911
661 16
661 710
764 258
764 139
764 490
764 500
764 225
764 282
764 41
764 675
764 591
148 951
148 777
148 1028
148 152
148 202
148 1129
148 858
951 917
951 526
951 42
951 515
951 680
951 956
951 385
951 501
951 36
951 875
951 332
951 533
951 355
951 863
951 1076
951 1011
951 839
951 165
951 456
951 809
951 1036
951 694
951 38
951 467
951 930
951 43
951 149
917 907
917 42
917 539
917 805
917 515
917 474
917 506
917 1043
917 1018
917 478
917 53
917 1070
917 366
917 1005
917 1004
917 712
917 874
917 235
917 391
917 716
917 456
917 643
917 95
917 1071
917 642
917 878
917 278
917 494
917 998
917 127
114 777
114 1034
114 490
114 670
114 858
114 15
114 227
114 778
114 264
114 552
114 111
732 1081
732 476
732 611
732 1130
732 955
732 136
732 237
732 1109
732 585
732 1099
732 506
732 892
732 103
732 377
732 828
732 811
732 17
732 841
732 335
732 491
732 844
732 165
732 133
732 443
732 878
1081 1130
1081 680
757 728
757 722
526 1117
526 159
526 672
526 728
526 722
526 907
526 260
526 796
526 804
526 999
526 936
526 814
526 890
526 490
526 385
526 613
526 506
526 189
526 164
526 935
526 25
526 874
526 296
526 11
526 208
526 440
526 422
526 638
526 885
448 1117
448 728
448 804
448 935
448 440
448 1100
1117 159
1117 728
1117 722
1117 907
1117 796
1117 804
1117 490
1117 506
1117 935
1117 412
1117 485
1117 811
1117 874
1117 969
1117 105
1117 208
1117 1100
1117 13
159 728
159 722
159 237
159 640
159 936
159 506
159 514
159 25
159 483
159 6
159 377
159 874
159 87
159 105
159 1105
159 1100
159 626
159 978
159 1077
159 55
159 334
159 48
159 846
1044 754
1044 478
1044 460
1044 962
1044 393
1044 387
1044 54
672 728
672 796
672 804
672 949
672 573
672 480
672 999
672 500
672 935
672 120
672 332
672 578
672 11
672 608
672 469
728 722
728 907
728 260
728 796
728 804
728 949
728 190
728 237
728 894
728 506
728 935
728 892
728 120
728 584
728 296
728 11
728 461
722 796
722 804
722 524
722 237
722 385
722 935
722 25
722 542
722 11
722 422
722 319
722 230
907 804
907 555
907 754
907 447
907 11
907 440
260 796
260 804
260 949
260 999
260 120
260 296
260 11
260 635
260 638
260 461
796 804
796 524
796 480
796 1109
796 935
796 485
796 484
796 11
796 969
1082 480
804 949
804 1109
804 999
804 814
804 120
804 692
804 962
804 11
804 1100
804 608
804 461
804 230
804 1045
804 564
804 952
457 873
457 25
457 179
457 87
457 105
457 346
457 523
457 685
457 531
457 992
457 646
380 696
42 573
42 61
42 1121
42 892
42 9
42 533
42 447
42 1119
42 355
42 863
42 165
42 456
42 855
510 219
510 585
510 443
510 852
510 911
812 92
812 506
812 189
812 1063
812 564
812 765
674 524
674 101
674 815
674 208
674 1042
674 1084
674 628
674 445
674 520
674 1059
674 958
113 183
113 367
835 416
835 1110
835 678
783 524
783 949
783 442
783 701
1037 185
1037 805
1037 900
1037 1027
1037 1029
1037 361
1037 131
1037 701
1037 726
899 627
899 36
899 5
899 1105
899 869
556 1093
556 845
556 65
556 1118
556 176
556 627
1093 668
1093 845
1093 65
1093 140
1093 262
1093 237
1093 1029
1093 116
668 65
668 771
668 476
668 622
668 241
845 573
845 238
65 573
65 627
65 238
65 116
65 694
345 305
636 282
636 701
140 1029
140 116
185 147
185 476
185 805
185 900
185 1027
185 488
185 361
185 441
185 701
185 984
51 476
51 701
771 258
283 1024
283 720
147 900
147 385
147 61
147 97
476 413
476 1028
476 573
476 480
476 428
476 505
476 565
476 425
476 238
476 116
476 1090
476 52
524 949
524 196
524 669
524 442
524 166
524 24
524 242
524 1018
524 514
524 34
524 1097
524 107
524 527
524 738
524 864
524 63
524 637
524 745
524 127
524 13
524 978
524 532
524 968
524 215
539 949
539 669
539 166
539 555
539 585
539 1040
539 340
949 442
949 999
949 814
949 613
949 500
949 935
949 754
949 120
949 718
949 578
949 962
949 31
949 11
949 969
949 469
949 952
949 763
300 616
300 402
300 97
300 677
300 280
300 591
300 807
300 878
300 579
196 25
196 634
196 738
196 408
196 215
406 495
406 1004
406 284
406 969
406 133
406 352
406 536
406 1036
406 570
406 657
406 924
406 599
669 166
669 841
669 964
669 969
669 864
669 2
669 714
669 877
669 124
442 527
442 738
442 11
166 894
166 841
166 964
166 2
70 555
70 740
70 647
70 650
70 430
70 202
70 1009
70 288
70 568
70 766
341 805
341 1033
341 603
341 933
341 1052
341 1051
341 492
341 622
341 57
341 131
341 202
341 309
341 833
341 567
341 350
341 1057
341 977
341 568
927 805
927 1033
927 1102
927 4
927 802
927 560
927 918
927 622
927 441
927 816
927 707
927 208
927 38
927 632
619 868
619 5
619 486
619 1087
619 249
619 593
805 900
805 965
805 1033
805 850
805 1102
805 603
805 611
805 696
805 488
805 573
805 4
805 585
805 209
805 273
805 560
805 361
805 189
805 622
805 754
805 441
805 707
805 202
805 788
805 1112
805 350
805 1079
805 694
805 853
805 632
805 574
805 794
805 204
900 1033
900 603
900 488
900 273
900 361
900 441
900 794
900 318
1027 1033
1027 102
1027 555
1027 850
1027 603
1027 933
1027 1052
1027 1051
1027 361
1027 131
1027 946
1027 324
1027 701
1027 567
1027 954
1027 128
1027 1104
1027 853
1027 288
1027 568
1027 794
1027 121
945 933
945 655
945 696
945 851
945 236
945 273
945 57
945 208
945 852
945 626
945 794
945 1066
945 801
945 663
477 102
477 1052
477 139
477 176
477 830
477 189
477 225
477 391
477 921
477 675
477 247
477 128
477 1095
477 228
477 466
477 1104
477 635
477 23
477 146
965 108
965 555
965 696
965 955
965 870
965 209
965 261
965 802
965 918
965 1063
965 959
965 622
965 1101
965 21
965 438
108 611
108 602
108 870
108 1099
108 1063
108 44
108 357
108 21
108 456
115 555
115 4
115 261
115 430
115 506
115 120
115 578
115 1009
115 11
115 504
1033 102
1033 850
1033 1050
1033 1102
1033 988
1033 777
1033 611
1033 655
1033 744
1033 696
1033 955
1033 602
1033 4
1033 326
1033 209
1033 261
1033 802
1033 492
1033 1063
1033 622
1033 447
1033 441
1033 1101
1033 202
1033 788
1033 1009
1033 567
1033 658
1033 374
102 850
102 683
102 1102
102 988
102 603
102 933
102 655
102 744
102 1052
102 1051
102 209
102 273
102 261
102 959
102 441
102 131
102 202
102 567
102 364
102 288
102 121
102 957
555 1102
555 777
555 611
555 933
555 1051
555 4
555 627
555 361
555 622
555 816
555 707
555 202
555 853
850 603
850 777
850 655
850 361
850 754
850 441
850 1112
850 954
850 288
683 603
683 1052
683 209
683 742
683 202
683 697
683 921
683 364
683 957
1050 933
1050 696
1050 485
1050 921
1102 611
1102 955
1102 209
1102 627
1102 622
1102 816
1102 485
1102 516
1102 707
1102 202
1102 128
1102 29
1102 76
1102 288
988 603
988 933
988 1052
988 273
988 131
988 969
988 134
988 288
988 204
988 957
603 777
603 933
603 655
603 1052
603 1051
603 361
603 492
603 131
603 946
603 788
603 290
603 288
603 957
603 206
603 259
603 620
777 830
777 236
777 559
777 754
777 750
777 595
777 788
777 21
777 855
777 206
777 784
777 614
611 1109
611 4
611 209
611 802
611 622
611 402
611 1101
611 1009
611 438
611 142
611 635
933 655
933 696
933 1052
933 851
933 1051
933 273
933 57
933 131
933 309
933 833
933 567
933 128
933 288
933 794
933 663
655 696
655 1052
655 851
655 273
655 441
655 707
655 350
655 128
655 904
655 794
655 663
655 947
744 851
744 1109
744 802
744 282
744 391
744 568
744 259
696 209
696 1063
696 57
696 707
696 238
696 969
696 350
696 954
696 421
696 794
696 155
1052 1051
1052 273
1052 131
1052 788
1052 833
1052 929
1052 438
1052 635
1052 853
1052 904
1052 288
1052 626
1052 658
1052 957
1052 1107
1052 281
488 441
488 28
851 273
851 57
851 715
851 350
851 1104
851 794
851 663
1051 833
1051 567
1051 952
1051 117
1051 175
551 372
551 97
551 1079
551 897
740 412
740 372
740 1030
740 1087
740 547
373 547
399 950
515 401
515 875
515 447
515 483
515 309
515 238
515 969
515 277
1046 480
1046 176
1046 385
1046 1043
1046 357
1046 485
1046 109
190 841
1130 955
1130 237
1130 680
1130 770
1130 811
1130 791
1130 568
1130 1020
413 680
413 1109
413 956
413 639
413 1121
413 151
955 785
955 136
955 237
955 680
955 1109
955 956
955 868
955 152
955 289
955 798
955 447
955 707
955 760
955 521
955 165
955 87
955 809
955 1105
955 536
955 635
955 878
955 681
955 970
955 269
955 418
955 100
955 829
1028 103
1028 848
785 735
785 289
785 1119
785 17
785 194
785 66
785 703
785 716
785 443
785 1120
573 585
573 289
573 894
573 1043
573 412
573 760
573 964
573 1009
573 238
573 165
573 99
573 928
573 1105
573 911
573 38
573 930
573 72
573 601
573 682
573 199
136 584
136 971
136 84
136 654
136 839
136 1016
136 1074
136 149
136 497
136 691
237 1109
237 798
237 717
237 183
237 874
237 87
237 105
237 970
237 269
237 14
680 647
680 798
680 481
680 244
680 811
680 760
680 766
680 198
480 1109
480 585
480 894
480 1043
480 1018
480 513
480 1119
480 17
480 194
480 634
480 1129
480 1086
480 165
480 133
480 327
793 355
793 969
793 676
1109 83
1109 506
1109 534
1109 25
1109 366
1109 17
1109 874
1109 133
1109 105
1109 1105
1109 198
1109 810
1109 429
1109 222
258 447
258 225
258 282
258 598
963 92
963 647
963 411
963 1063
963 935
92 411
92 892
92 357
92 165
647 500
647 450
647 513
647 811
647 324
647 715
647 568
647 1020
647 973
647 1055
193 798
411 1089
411 830
411 1018
411 402
411 852
411 911
602 870
602 500
602 189
602 1063
602 828
602 595
602 90
1089 798
1089 1099
1089 286
1089 878
956 139
956 585
956 639
956 501
956 1121
956 165
956 855
956 151
868 428
868 505
868 189
868 412
868 1018
868 5
868 249
868 27
868 623
868 583
868 987
571 585
571 344
571 1040
571 227
571 79
571 130
571 264
571 570
571 1103
571 394
571 1128
735 894
735 935
735 1010
735 245
735 66
735 716
735 536
735 19
735 1131
870 44
139 802
139 289
139 189
139 828
139 788
139 363
139 29
162 355
162 66
162 111
162 958
162 768
162 229
976 875
976 533
4 650
4 707
4 202
4 1009
1001 971
1001 1074
1001 452
1001 432
1001 1114
1067 326
1067 830
1067 559
1067 813
502 103
502 643
999 814
999 24
999 1009
999 460
999 692
999 11
999 642
999 440
999 293
999 217
219 894
219 1043
219 935
219 748
219 892
219 840
219 875
219 1010
219 815
219 1119
219 516
219 17
219 716
219 12
219 130
219 1036
219 763
219 975
585 133
585 79
585 123
585 911
585 878
585 153
585 891
167 36
167 447
167 357
167 165
167 75
167 1060
167 100
167 829
167 810
167 315
167 881
167 1017
176 385
176 189
176 412
176 873
176 332
176 513
176 880
176 485
176 183
176 1084
176 27
176 687
176 359
176 673
631 412
631 282
631 110
631 562
209 361
209 1048
209 441
209 595
209 707
209 202
209 225
209 709
209 567
209 853
209 1065
376 733
376 313
376 447
376 1119
376 782
376 66
376 985
640 936
640 189
640 145
640 1097
640 377
640 616
640 66
640 105
640 367
640 687
640 191
640 256
428 430
428 249
428 751
621 844
621 1074
621 691
621 452
621 432
621 119
621 939
621 276
621 439
733 332
733 1119
733 980
733 782
733 716
733 643
733 352
733 158
1024 332
1024 513
1024 238
1024 486
1024 249
396 1053
152 255
152 1068
152 375
152 760
152 370
152 836
806 412
806 372
830 613
830 1097
830 828
830 402
830 183
830 1022
830 779
830 105
830 824
830 626
830 334
22 370
22 702
22 279
22 563
22 484
236 273
505 862
505 1121
505 1018
505 5
505 858
505 987
505 338
505 916
505 629
505 1025
505 550
505 240
505 972
273 361
273 131
273 701
273 794
273 204
273 663
62 412
62 372
62 759
62 486
62 1071
62 249
62 623
62 583
62 1026
261 627
261 959
261 202
261 41
261 833
261 626
802 616
802 121
862 372
862 629
425 129
425 1019
1029 946
1029 701
1029 726
1029 550
1029 913
770 402
770 811
770 87
770 872
770 1003
936 894
936 506
936 189
936 724
936 718
936 1097
936 25
936 880
936 960
936 483
936 402
936 366
936 183
936 874
936 1022
936 822
936 1108
936 87
936 626
936 978
936 334
936 48
936 367
936 146
936 1003
936 294
936 257
936 86
936 210
814 120
814 513
814 616
814 391
814 11
814 142
182 500
182 553
182 452
182 1114
1034 681
83 627
83 24
83 381
83 514
83 1048
83 50
83 34
83 96
83 724
83 478
83 1097
83 707
83 697
83 33
83 482
83 618
83 503
83 888
83 1096
83 641
83 664
138 613
138 356
289 559
289 129
289 717
289 1097
289 1101
289 491
289 76
289 334
798 474
798 852
798 765
798 489
798 860
798 1013
559 292
559 1101
559 859
129 1053
129 748
129 447
129 516
129 17
129 194
129 66
129 521
129 703
129 107
129 389
129 984
129 848
129 1131
129 1019
78 377
78 773
157 474
157 890
157 475
157 856
474 890
474 385
474 613
474 860
890 613
890 715
890 359
890 746
890 310
890 906
890 879
890 446
490 948
490 695
490 447
490 1070
490 485
490 1005
490 878
490 278
490 111
490 968
490 620
490 181
490 762
490 1049
385 1101
385 66
385 634
385 135
385 192
385 705
385 475
385 1064
948 44
948 25
948 1005
948 697
948 519
948 278
948 620
894 1053
894 164
894 935
894 748
894 875
894 447
894 960
894 1119
894 372
894 825
894 238
894 284
894 443
894 930
894 327
894 218
894 942
560 1099
560 627
560 350
560 794
610 842
234 1099
234 430
234 575
234 736
234 1007
1099 627
1099 430
1099 401
1099 918
1099 57
1099 402
1099 292
1099 81
1099 635
1099 1007
1099 633
627 918
627 959
627 441
627 816
627 1101
627 707
627 81
627 202
627 716
627 842
627 823
430 575
430 421
430 1007
401 918
401 332
401 363
918 492
918 57
575 954
575 221
575 141
361 441
361 131
361 969
361 701
361 833
361 929
361 954
361 794
492 57
613 500
613 506
613 189
613 1063
613 412
613 34
613 1119
613 828
613 286
613 1022
613 779
613 47
613 362
717 9
717 447
717 165
717 878
717 1019
717 336
500 189
500 959
500 1053
500 34
500 828
500 245
500 286
500 779
500 1074
500 568
500 327
506 514
506 50
506 724
506 718
506 1097
506 25
506 339
506 179
506 366
506 183
506 874
506 779
506 105
506 13
506 48
506 888
506 641
506 310
506 56
189 1063
189 959
189 8
189 754
189 332
189 514
189 34
189 441
189 483
189 828
189 183
189 1005
189 634
189 225
189 5
189 1016
189 238
189 779
189 391
189 705
189 1074
189 353
189 247
189 389
189 346
189 673
189 276
189 351
189 721
639 935
639 875
639 103
639 1005
639 910
639 227
639 291
639 151
639 790
639 304
639 743
1063 828
1063 238
1063 779
1063 438
1063 508
959 365
959 75
959 446
8 873
8 50
8 960
8 286
8 697
8 1009
8 593
8 915
501 935
501 402
501 982
501 280
501 591
501 1042
1053 1043
1053 61
1053 935
1053 875
1053 1086
1053 391
1053 844
1053 858
1053 15
1053 984
1053 1073
1053 684
1053 731
1053 713
1053 69
1053 321
1043 935
1043 892
1043 840
1043 389
1043 984
1043 229
1043 1023
1043 558
24 330
24 754
24 120
24 381
24 1048
24 34
24 96
24 718
24 1097
24 377
24 578
24 324
24 1108
24 11
24 969
24 469
24 1003
24 33
24 482
24 618
24 503
24 664
24 446
24 741
24 688
24 922
197 1019
742 816
742 202
742 288
61 1119
61 634
61 5
61 703
61 97
61 1074
61 716
61 536
61 855
61 378
953 695
1121 875
1121 9
1121 357
1121 355
1121 107
323 873
323 87
323 346
323 531
323 646
323 184
323 409
323 268
323 755
323 926
323 473
323 843
44 863
44 165
44 519
164 892
164 135
164 600
695 750
695 878
695 231
695 896
36 875
36 844
36 1060
36 852
36 38
36 1077
36 810
36 1131
36 276
1039 495
1039 1004
1039 284
1039 133
1039 352
1039 471
1039 536
1039 570
1039 819
1039 383
1039 898
1039 983
313 513
313 282
313 437
313 716
313 969
313 394
313 597
935 873
935 748
935 840
935 875
935 120
935 357
935 1119
935 296
935 11
935 422
935 763
935 687
935 731
935 528
412 873
412 330
412 1018
412 513
412 847
412 578
412 697
412 5
412 372
412 282
412 238
412 363
412 759
412 486
412 694
412 1071
412 249
412 583
412 916
412 767
412 596
412 251
412 686
873 718
873 513
873 357
873 339
873 483
873 616
873 697
873 225
873 779
873 822
873 456
873 87
873 105
873 13
873 626
873 523
873 685
873 992
873 1084
873 310
873 473
873 843
873 979
873 919
330 50
330 578
330 33
330 618
330 664
748 1010
748 447
748 516
748 17
748 825
748 248
748 930
748 1084
748 570
748 351
748 832
242 820
242 878
242 968
656 622
656 788
622 816
622 122
622 784
892 415
892 634
892 135
892 1092
892 252
57 946
57 663
754 788
840 1010
840 763
840 597
840 832
1018 697
1018 225
1018 5
1018 372
1018 238
1018 29
1018 1087
1018 852
1018 142
1018 1071
1018 763
1018 583
1018 972
1018 331
1018 831
1018 517
875 1010
875 332
875 513
875 1119
875 536
875 985
875 684
875 983
875 832
1010 17
1010 340
1010 597
35 815
35 980
35 404
35 158
120 578
120 1009
120 469
332 447
332 1004
332 437
332 48
534 402
534 710
9 101
103 447
103 1070
103 40
103 980
103 60
103 402
103 841
103 1005
103 95
103 910
103 39
103 227
103 216
103 291
103 54
103 158
103 821
103 671
103 995
103 1080
103 522
533 402
533 863
533 165
533 913
533 177
533 7
447 718
447 441
447 101
447 377
447 841
447 1004
447 165
447 133
447 364
447 1042
447 443
447 494
447 1084
447 520
447 511
447 548
450 130
450 1020
450 973
381 514
381 1048
381 96
381 478
381 1066
381 94
514 1048
514 50
514 34
514 96
514 724
514 478
514 1097
514 377
514 874
514 822
514 105
514 48
514 1066
514 482
514 503
1048 50
1048 34
1048 96
1048 724
1048 478
1048 969
1048 709
1048 1066
1048 482
1048 741
1048 1111
50 34
50 724
50 478
50 874
50 1003
34 96
34 724
34 478
34 1097
34 339
34 960
34 779
34 969
34 1066
34 784
34 618
34 503
34 664
34 922
96 724
96 478
96 1097
96 978
96 1066
96 482
96 664
724 478
724 874
724 48
478 105
478 922
145 25
145 485
145 105
145 973
145 687
145 482
145 251
718 25
718 483
718 377
718 366
718 183
718 1022
718 822
718 1108
718 1105
718 13
718 978
718 334
718 367
718 146
718 1020
718 1003
718 294
718 257
718 86
718 210
718 1113
441 202
441 701
441 626
441 204
441 663
441 28
101 355
101 66
101 12
101 445
101 90
101 1103
101 625
513 437
513 229
513 475
513 983
513 211
1097 707
1097 811
1097 874
1097 48
1097 503
1097 888
1097 1096
1097 641
1097 56
1097 94
1097 730
1097 699
1097 581
815 1042
815 445
815 520
815 763
815 229
815 462
25 483
25 179
25 183
25 634
25 874
25 1022
25 822
25 1108
25 13
25 346
25 685
25 992
25 646
25 367
25 482
25 503
25 755
25 926
25 251
25 991
25 388
1070 60
1070 1005
1070 697
880 367
880 268
880 251
880 94
357 1040
357 123
357 1103
357 979
816 353
816 47
131 122
131 946
131 701
131 288
131 726
131 947
131 28
131 397
847 183
847 12
847 310
847 545
847 118
40 697
40 391
40 969
40 1007
40 671
485 183
485 11
485 855
485 961
481 402
1056 339
1056 453
1056 846
339 453
339 483
339 6
339 822
339 48
339 568
339 667
339 931
453 960
453 466
453 626
453 846
453 568
453 746
453 446
960 483
960 6
960 366
960 183
960 105
960 38
960 978
960 334
960 687
960 503
483 6
483 377
483 366
483 183
483 1022
483 779
483 978
483 146
483 503
483 688
483 316
6 484
6 822
6 877
179 377
179 822
179 87
179 13
179 978
179 346
179 685
179 755
377 822
377 87
377 13
377 1003
377 581
616 183
616 765
1119 17
1119 542
1119 1002
1119 437
1119 97
1119 716
1119 780
1119 443
1119 38
1119 327
1119 942
578 11
578 293
980 1005
980 227
980 1084
980 158
355 1086
355 135
355 386
355 958
355 382
355 786
106 654
106 966
106 1016
106 1074
106 109
106 432
828 779
828 353
828 568
60 404
434 971
434 844
434 1074
434 691
434 596
434 607
245 536
245 74
516 375
516 130
516 848
516 1103
516 684
1068 1091
1068 702
1068 542
1068 563
1068 77
1068 736
1068 985
1068 119
1068 446
1068 384
1068 187
1068 1116
402 841
402 654
402 491
402 779
402 587
402 844
402 1060
402 568
402 848
402 1003
402 489
402 336
402 895
402 170
375 370
375 889
375 344
375 702
375 836
366 367
366 503
366 746
366 986
415 39
415 199
415 359
415 879
415 69
415 252
415 944
415 451
286 779
286 852
286 28
286 915
183 697
183 874
183 484
183 1022
183 822
183 1108
183 435
183 852
183 13
183 978
183 334
183 646
183 367
183 146
183 1003
183 294
183 257
183 86
183 210
183 316
292 694
595 707
1101 282
1101 822
1101 626
1101 334
707 438
707 940
244 760
244 421
946 736
946 701
946 288
946 726
946 547
946 913
811 760
811 874
811 212
811 765
811 568
811 1020
811 1055
863 1076
863 782
863 205
863 716
863 456
863 133
202 697
202 567
202 247
202 853
202 842
971 1129
971 275
971 553
971 1086
971 1074
971 829
971 691
971 607
971 419
272 194
774 335
774 846
782 702
782 542
782 437
782 443
782 599
782 27
782 819
782 49
17 495
17 194
17 825
17 133
17 780
17 352
17 471
17 12
17 443
17 1036
17 142
17 942
17 769
17 496
17 865
84 1086
84 1074
84 852
841 964
841 969
841 643
841 280
841 63
841 1014
841 2
841 714
841 99
841 637
841 710
841 43
841 682
841 470
841 739
841 329
495 825
495 133
495 352
495 536
194 984
194 848
194 769
1005 697
1005 790
66 248
66 280
66 1060
66 930
66 1103
66 895
66 544
66 867
335 745
335 123
335 1103
335 1128
335 211
335 1122
335 82
335 546
654 886
654 275
654 1086
654 966
654 839
654 1016
654 670
654 844
654 1074
654 416
654 432
654 721
654 786
654 170
654 866
654 1031
654 410
654 405
654 271
654 64
654 174
654 311
205 1060
232 1120
232 961
232 769
232 266
964 280
964 99
964 637
964 287
964 124
964 682
964 739
964 1006
1115 391
1115 864
634 135
634 97
634 591
634 878
634 968
634 1078
634 299
1004 697
1004 225
1004 97
1004 133
1004 352
1004 536
1004 570
1004 657
1004 72
1004 898
1004 496
697 5
697 822
697 705
697 11
697 208
697 27
697 1064
697 69
697 831
697 876
697 254
225 702
225 282
225 820
225 151
225 27
886 1016
886 391
886 416
886 109
886 432
886 487
788 904
1129 993
1129 844
1129 149
1129 1114
1129 419
1129 866
1129 882
1091 712
1091 370
1091 563
1091 416
1091 276
275 993
275 966
275 321
275 786
275 607
275 866
275 348
169 1074
773 712
773 1011
773 844
773 1074
773 1114
773 596
773 937
712 993
712 1087
712 681
712 629
712 596
712 607
712 937
1011 839
1011 844
1011 1074
1011 1036
1011 694
1011 467
1011 149
1011 452
1011 349
1011 781
553 1114
553 119
553 786
993 1086
993 966
993 839
993 417
993 889
993 344
993 233
993 1074
993 809
993 149
993 939
993 786
993 49
993 410
993 882
993 455
993 932
993 615
993 1062
1086 966
1086 97
1086 1074
1086 149
1086 276
1086 439
1086 786
1086 271
370 563
370 836
370 386
966 1016
966 858
966 416
966 432
966 721
966 786
966 866
966 405
966 348
839 1074
839 416
839 174
839 756
839 1075
5 372
5 1087
5 110
5 249
5 916
5 240
5 295
305 417
417 889
417 736
417 233
417 809
417 1060
417 932
372 759
372 110
372 249
372 547
372 916
372 629
372 240
372 444
1094 625
889 809
889 932
689 344
689 745
689 532
689 625
689 317
344 123
344 895
344 887
702 279
702 542
702 563
702 914
702 212
702 284
702 809
702 48
282 97
282 591
282 1095
282 536
282 1120
282 682
1009 296
1009 11
1009 390
874 97
874 822
874 13
874 978
874 48
874 973
874 503
874 888
874 641
874 56
874 730
874 974
296 11
296 469
296 564
279 77
279 590
542 77
542 736
542 484
542 284
542 809
542 482
542 268
542 187
563 77
563 700
563 809
563 111
563 958
77 820
77 278
77 974
324 288
324 568
324 1020
324 973
324 1055
324 33
324 664
324 746
324 446
324 931
324 347
1016 1074
1016 416
1016 109
1016 432
1016 487
499 458
825 924
309 238
309 833
309 567
309 350
309 1057
309 977
309 27
820 854
820 969
820 878
820 968
820 867
233 809
135 950
135 587
135 459
135 968
135 199
135 274
235 969
192 854
192 705
192 475
192 1064
192 423
950 97
950 968
950 199
854 705
854 856
530 819
580 1019
238 352
238 134
238 852
238 38
238 222
238 776
670 227
670 416
1002 704
437 819
437 725
703 97
703 769
1022 822
1022 626
1022 978
1022 334
1022 367
1022 973
1022 257
1022 210
779 705
779 47
779 675
779 852
779 149
779 638
779 487
391 47
391 247
391 149
391 638
587 31
587 274
587 1041
97 107
97 1074
97 716
97 536
97 968
97 829
97 222
97 306
107 968
822 1108
822 87
822 626
822 978
822 334
822 48
822 367
822 146
822 1003
822 294
822 257
822 86
822 210
1021 716
1021 1036
1021 975
1021 535
1021 407
844 1074
844 858
844 149
844 691
844 1114
844 119
844 939
844 1073
844 419
844 493
715 833
715 852
715 568
715 973
715 1055
715 359
715 769
715 88
460 11
692 11
692 422
692 638
705 475
705 856
705 1064
705 423
962 564
290 1125
990 359
990 475
990 1064
990 423
990 902
990 679
284 716
284 969
284 133
284 352
284 536
284 855
284 570
1074 969
1074 536
1074 149
1074 1090
1074 109
1074 691
1074 432
1074 1114
1074 119
1074 939
1074 596
1074 786
1074 607
1074 174
858 829
858 691
858 349
527 738
527 913
716 643
716 471
716 536
716 597
716 407
31 720
1108 929
1108 978
1108 367
1108 146
1108 294
1108 257
1108 86
1108 210
1040 227
1040 130
1040 979
1040 211
11 642
11 293
969 280
969 63
969 519
969 471
969 130
969 486
969 127
969 681
969 256
969 618
969 792
969 540
969 775
969 648
969 884
340 1131
47 824
395 416
701 726
701 794
701 547
165 1036
165 855
165 694
165 745
165 467
165 581
456 591
456 872
982 299
982 1072
133 352
133 464
133 471
133 536
133 852
133 570
133 657
133 599
133 72
133 383
133 898
133 983
133 597
133 617
408 443
87 105
87 13
87 48
87 346
87 523
87 992
87 646
87 367
87 184
87 473
87 843
87 919
105 13
105 626
105 978
105 346
105 523
105 531
105 473
833 567
833 929
833 438
833 626
833 641
833 582
709 853
709 685
709 322
709 706
567 350
567 1057
567 977
567 364
567 853
929 626
921 952
921 663
719 643
643 280
643 1014
643 714
643 352
643 43
643 127
643 564
643 743
643 983
643 876
643 493
643 414
350 977
350 794
350 663
1057 626
1057 952
1057 831
977 295
864 2
864 714
280 1014
280 216
280 564
280 891
63 1014
95 158
809 932
910 291
910 304
910 991
404 158
39 227
39 199
39 821
39 1012
39 826
519 79
519 895
227 790
227 671
227 991
227 472
227 606
227 308
227 941
227 586
791 546
79 745
79 153
675 368
1014 461
2 714
2 739
99 682
637 855
893 435
954 421
954 594
216 158
1105 48
1105 687
291 158
291 304
291 995
291 991
291 1012
435 461
435 329
591 855
247 128
247 1095
247 228
247 466
128 1095
1095 228
1104 121
1104 663
1104 23
364 853
364 957
208 536
208 877
208 121
438 904
438 288
438 568
390 112
827 975
352 471
352 536
352 570
352 657
352 599
471 570
471 983
12 1042
12 445
12 14
12 229
12 625
389 558
389 397
389 285
389 666
389 498
130 975
536 201
536 855
536 570
536 599
536 832
536 535
1042 710
1042 445
1042 1059
1042 462
1042 586
443 127
1036 694
1036 467
1036 834
201 163
298 961
759 249
759 1026
486 593
486 27
486 427
1087 249
1087 629
1087 444
134 465
852 635
852 288
852 16
852 710
852 895
852 419
852 792
142 1003
110 249
694 467
694 975
694 548
635 1003
1071 112
249 518
853 904
853 663
1007 568
1007 658
288 658
288 614
288 281
726 547
726 972
726 397
726 1085
745 1103
123 1103
123 749
16 121
710 568
38 607
38 224
467 958
467 452
467 382
467 349
467 781
467 1062
467 32
930 14
930 975
930 597
930 496
149 829
149 1114
149 882
149 349
149 32
642 638
642 393
642 387
642 293
878 673
878 1013
878 974
278 620
998 545
998 569
127 819
111 970
440 446
1100 461
13 523
13 531
13 992
13 184
13 409
13 473
13 843
13 251
13 388
13 996
626 978
626 334
626 48
626 23
626 947
978 334
978 367
978 146
978 294
978 257
978 86
978 210
978 1113
55 846
55 94
55 931
55 986
334 687
48 367
48 473
48 730
48 699
48 581
846 511
846 931
846 986
54 682
469 688
319 206
952 831
346 531
346 646
346 926
346 473
523 685
523 531
523 646
523 121
523 473
685 531
685 646
685 184
685 473
531 646
531 473
646 184
646 322
1084 158
520 1059
1059 970
367 568
367 146
367 294
367 257
367 86
367 210
416 109
416 432
416 866
416 64
416 174
416 311
416 1075
416 436
984 731
984 558
532 317
968 620
968 199
968 274
968 1032
215 124
579 137
570 657
570 983
657 72
657 548
657 617
924 983
924 354
599 72
877 94
124 664
568 1020
568 973
568 1055
568 1003
794 663
121 663
1066 294
1066 482
1066 618
1066 641
1066 741
146 294
146 257
146 86
146 210
206 451
206 792
206 775
206 1012
206 186
259 1020
620 856
620 679
155 508
28 68
277 813
109 432
109 405
109 487
109 224
1020 973
1020 1055
681 596
681 937
970 229
418 14
829 497
829 452
829 1114
1120 961
72 898
72 983
72 1041
601 975
199 274
691 119
691 276
691 348
691 817
676 493
222 94
973 1055
973 446
1055 246
27 687
27 496
27 302
27 200
27 1008
623 583
623 1026
1103 211
452 882
452 781
452 1062
452 32
432 487
432 1075
432 32
1114 882
1114 937
1114 1062
1114 32
975 684
153 939
891 119
891 939
891 439
891 790
891 433
687 723
359 879
359 252
359 451
673 545
673 118
673 974
191 94
191 723
119 939
119 276
119 433
939 433
276 439
276 882
276 349
276 144
916 301
240 1085
1003 997
294 257
294 86
294 210
257 86
257 210
86 210
33 618
33 664
33 741
482 1113
482 250
618 664
618 879
1096 641
1096 56
1096 94
1096 730
1096 699
1096 581
1096 865
641 56
641 94
641 730
641 581
664 304
664 741
489 905
860 1013
1013 1041
475 1064
475 679
746 446
746 347
879 1049
879 944
879 451
879 792
879 775
446 931
446 986
762 451
762 792
762 775
762 1012
762 186
1064 423
1064 902
1064 679
336 543
56 730
56 581
351 834
721 170
790 405
304 991
1073 493
731 171
713 865
713 168
69 252
69 451
558 397
558 285
184 409
184 843
409 268
268 251
819 898
597 832
596 786
596 607
596 937
251 388
251 88
251 996
979 761
671 472
671 586
94 730
94 581
625 67
211 540
730 581
730 426
397 285
545 974
118 974
961 769
931 986
786 607
786 174
786 1062
786 433
74 67
384 392
895 887
895 93
944 451
944 792
944 775
944 186
451 792
451 775
451 648
451 186
769 903
1122 546
1122 540
546 540
405 659
271 224
174 1075
876 775
876 1012
882 349
882 781
882 1062
882 32
781 1062
781 32
1062 32
1075 433
274 132
679 186
792 775
792 648
792 1012
792 186
775 648
775 1012
775 186
648 186
617 243
1012 826
472 586
472 46
285 507
666 498
749 143
32 433
143 143
