969 240
969 670
969 915
969 340
969 139
969 545
969 252
969 939
969 1048
969 1127
969 694
969 520
969 484
969 781
969 142
969 290
969 972
969 674
969 61
969 54
969 414
969 745
969 330
969 746
969 988
969 284
969 209
969 676
969 567
969 605
240 670
240 915
240 139
240 545
240 252
240 939
240 1048
240 1127
240 520
240 142
240 972
240 674
240 61
240 414
240 330
240 772
240 499
240 1066
240 393
240 266
240 642
240 162
670 915
670 139
670 545
670 252
670 939
670 1127
670 694
670 520
670 142
670 972
670 674
670 61
670 54
670 414
670 745
670 284
670 209
670 1066
670 1082
670 836
670 921
670 170
670 839
670 515
670 875
670 230
670 133
670 932
670 963
670 698
670 312
670 757
670 863
670 1110
670 847
670 652
915 1127
915 414
915 230
915 513
915 456
915 1052
915 65
915 724
915 368
915 32
915 874
915 309
915 1025
915 715
915 576
915 742
915 573
915 468
915 395
340 139
340 520
340 396
340 1130
340 739
340 10
340 1096
340 1086
340 268
139 545
139 252
139 520
139 142
139 972
139 414
139 284
139 209
139 1066
139 224
139 1095
139 213
139 1101
139 25
139 417
139 1021
139 906
545 939
545 1048
545 520
545 781
545 142
545 674
545 414
545 209
545 10
545 898
545 60
545 316
545 489
545 202
545 1098
545 1061
545 669
545 543
545 129
545 973
545 594
545 853
252 414
252 209
252 959
252 248
939 1048
939 520
939 142
939 54
939 414
939 330
939 567
939 921
939 768
939 344
939 723
939 348
939 1108
1048 142
1048 330
1048 567
1048 1066
1048 573
1048 447
1048 619
1048 1038
1048 880
1048 84
1048 179
1048 686
1048 378
1048 1031
1048 914
1048 688
1048 598
1048 991
1048 589
1048 653
1048 831
1048 1121
1048 379
1048 226
1048 667
1048 559
1048 41
1048 689
1127 972
1127 674
1127 61
1127 414
1127 746
1127 284
1127 875
1127 396
1127 233
1127 459
1127 995
1127 805
1127 132
1127 474
1127 339
1127 345
694 25
694 77
694 282
694 1043
694 763
694 1078
694 482
694 681
694 258
694 145
694 897
694 599
694 39
694 750
694 165
694 1004
520 484
520 142
520 972
520 414
520 330
520 209
520 875
520 742
520 10
520 348
520 1004
520 1000
520 365
520 292
520 26
520 21
520 516
520 317
484 781
484 142
484 330
484 499
484 1066
484 224
484 1108
484 1038
484 84
484 831
484 1121
484 474
484 817
484 807
484 126
484 436
484 958
484 480
484 1041
484 96
484 952
484 568
484 111
484 984
484 996
484 109
484 740
484 168
484 521
484 216
484 125
484 816
484 1056
484 630
781 745
781 499
781 1066
781 10
781 1098
781 1121
781 96
781 31
781 299
781 577
781 572
781 727
781 671
781 128
781 950
781 1113
142 330
142 567
142 499
142 1066
142 652
142 1096
142 723
142 447
142 831
142 667
142 41
142 446
142 220
142 734
142 185
142 985
142 491
142 913
142 265
142 1054
142 62
142 4
142 998
142 647
142 1002
142 98
142 1080
142 538
142 503
142 1006
142 1097
142 858
142 137
142 514
142 1077
142 78
142 205
142 79
142 1104
142 455
142 196
142 590
290 330
290 1066
290 378
290 765
290 371
290 50
972 674
972 54
972 414
972 745
972 746
972 988
972 284
972 162
972 1082
972 890
972 990
972 930
674 61
674 284
674 162
674 921
674 573
674 213
674 1021
674 991
674 339
674 572
674 910
674 197
674 655
674 425
674 823
674 182
674 586
674 386
674 842
674 1064
674 1034
674 592
61 414
61 921
61 839
61 698
61 1095
61 348
61 930
61 823
61 375
61 140
61 184
61 784
54 745
54 746
54 1082
54 836
54 921
54 230
54 133
54 698
54 1110
54 847
54 1052
54 489
54 768
54 344
54 723
54 1108
54 26
54 98
54 1006
54 514
54 765
54 1034
54 76
54 48
54 850
54 602
54 311
54 649
54 322
54 546
54 644
54 625
54 260
54 620
54 1014
54 627
54 1005
54 600
54 525
414 284
414 772
414 162
745 746
745 162
745 1082
745 170
745 839
745 515
745 875
745 230
745 698
745 1110
745 224
745 129
745 805
745 132
745 1078
745 630
745 985
745 998
745 990
745 197
745 592
745 48
745 260
745 1008
745 1128
745 743
745 957
745 818
745 704
745 351
745 143
745 501
745 1115
745 477
745 940
745 548
745 687
745 264
745 90
745 1016
745 72
745 870
745 385
745 1107
745 864
745 803
330 567
330 499
330 1066
330 456
330 573
330 447
330 619
330 1038
330 84
330 378
330 1031
330 598
330 991
330 589
330 1121
330 1041
330 96
330 109
330 168
330 630
330 1128
330 766
330 537
330 324
330 659
330 1123
330 149
330 110
330 427
330 1010
330 526
330 231
330 725
330 778
746 988
746 1082
746 65
746 368
746 226
746 990
746 1064
746 957
746 324
746 789
746 975
746 180
746 38
746 106
746 729
284 162
284 573
284 1021
284 669
284 572
284 197
284 425
284 586
284 1064
284 687
284 355
284 944
284 779
284 841
209 1066
209 630
209 823
209 870
209 785
209 901
676 145
676 1119
676 829
676 672
676 433
676 294
676 399
676 911
567 1066
567 963
567 216
567 734
567 985
567 1054
567 62
567 1097
567 79
567 1070
567 838
567 493
567 304
567 646
567 1083
567 430
567 120
567 135
567 786
567 571
567 682
605 875
605 1110
605 344
605 26
605 4
605 375
605 76
605 322
605 1005
605 569
605 934
605 360
605 1093
605 1055
605 795
605 239
605 1011
605 30
605 529
605 664
605 1112
772 53
499 1066
499 991
499 952
1066 847
1066 573
1066 447
1066 630
1066 785
1066 680
1066 490
162 312
162 655
162 823
162 842
162 375
162 625
162 501
162 687
162 934
162 782
162 872
162 141
162 624
162 460
162 804
162 792
162 163
162 925
162 29
1082 921
1082 170
1082 839
1082 875
1082 230
1082 698
1082 757
1082 723
1082 1108
1082 990
1082 592
1082 76
1082 48
1082 649
1082 957
1082 433
1082 294
1082 1093
1082 1003
1082 904
1082 261
1082 645
1082 487
836 170
836 230
836 133
836 963
836 1110
836 847
836 652
836 456
836 723
836 26
836 998
836 351
836 1010
836 1011
836 1003
836 904
836 756
836 404
836 275
836 161
836 245
836 73
836 458
836 346
836 97
921 230
921 133
921 932
921 698
921 312
921 1110
921 368
921 906
921 1061
921 768
921 348
921 805
921 132
921 1113
921 734
921 1006
921 586
921 1064
921 76
921 48
921 850
921 649
921 600
921 1008
921 501
921 1093
921 795
921 29
921 1003
921 904
921 487
921 250
921 660
921 719
921 931
921 549
921 303
921 948
921 506
921 637
921 359
921 621
921 288
170 515
170 875
170 698
170 25
170 344
170 723
170 805
170 26
170 76
170 1115
170 729
170 294
170 1093
170 1055
170 239
170 30
170 529
170 1003
170 904
170 261
170 549
170 621
170 575
170 504
170 498
170 35
170 954
170 71
170 519
170 524
170 173
170 338
170 215
170 755
170 797
170 728
170 754
170 1032
170 585
170 535
170 1081
170 75
170 150
170 445
170 636
170 806
170 88
839 230
839 197
839 592
839 143
839 1107
839 305
515 757
515 132
515 1093
515 53
515 35
515 519
515 641
515 552
515 539
515 697
515 679
515 878
515 283
515 852
515 540
875 698
875 1110
875 396
875 995
875 1113
875 990
875 322
875 1005
875 1055
875 804
875 904
875 161
875 75
875 462
875 824
875 432
875 46
875 1091
875 981
875 382
875 708
875 372
875 373
875 690
230 932
230 757
230 513
230 456
230 1052
230 368
230 874
230 1025
230 576
230 742
230 468
230 395
230 1095
230 375
230 48
230 1107
230 163
230 1003
230 303
230 75
230 540
230 945
230 104
230 1030
230 892
230 1071
230 187
230 286
133 344
133 30
133 885
932 725
932 1093
932 97
932 443
963 1110
963 847
963 652
963 10
963 268
963 202
963 723
963 1031
963 559
963 577
963 62
963 4
963 98
963 137
963 375
963 143
963 548
963 1010
963 729
963 1070
963 646
963 1083
963 135
963 571
963 682
963 782
963 275
963 245
963 215
963 762
963 99
963 731
963 1105
963 424
963 721
963 306
963 583
698 757
698 1095
698 1113
698 930
698 375
698 76
698 1005
698 1115
698 294
698 120
698 1055
698 529
698 1003
698 97
698 250
698 88
698 1058
698 138
312 1110
312 652
312 723
312 1014
312 143
312 1016
312 529
312 1112
312 29
312 1003
312 346
312 250
312 412
312 1122
312 421
312 370
312 962
312 287
312 101
757 1095
757 559
757 995
757 132
757 258
757 26
757 630
757 930
757 375
757 602
757 625
757 143
757 324
757 911
757 1055
757 239
757 1112
757 163
757 161
757 458
757 97
757 636
757 852
757 254
757 955
757 17
757 1044
757 965
757 451
757 376
757 154
757 578
757 1063
863 395
1110 10
1110 906
1110 1121
1110 31
1110 577
1110 727
1110 128
1110 1113
1110 351
1110 911
1110 569
1110 360
1110 1055
1110 141
1110 1003
1110 621
1110 17
1110 849
1110 119
1110 534
1110 845
1110 1089
1110 927
847 652
847 723
847 559
847 62
847 1005
847 1070
847 120
847 404
847 457
847 610
652 1096
652 723
652 559
652 995
652 734
652 985
652 62
652 4
652 1080
652 1006
652 858
652 137
652 514
652 322
652 1123
652 1010
652 571
652 1093
652 239
652 404
652 73
652 215
652 797
652 731
652 293
652 52
652 825
652 1051
652 195
513 456
513 1052
513 368
513 874
513 309
513 1025
513 742
513 395
513 655
513 1107
513 303
513 981
513 945
513 24
513 859
513 2
513 997
513 1059
513 347
513 223
513 713
513 1022
513 134
513 1045
513 1125
513 788
456 1052
456 368
456 874
456 1025
456 715
456 742
456 395
456 1108
456 84
456 1121
456 446
456 98
456 260
456 1107
456 537
456 163
456 303
456 728
456 945
456 424
456 66
456 333
456 964
456 650
456 1015
456 95
456 761
456 933
1052 368
1052 874
1052 1025
1052 742
1052 468
1052 395
1052 620
1052 1107
1052 945
1052 1071
1052 241
1052 238
1052 648
1052 876
65 1045
724 874
724 576
724 459
724 784
724 293
724 1045
724 570
724 218
724 408
368 32
368 874
368 1025
368 715
368 468
368 395
368 282
368 681
368 39
368 577
368 998
368 704
368 53
368 931
368 303
368 859
368 475
368 638
368 326
32 468
32 39
32 104
32 859
32 987
32 716
32 74
32 343
874 309
874 576
874 742
874 395
874 316
874 1107
874 1022
874 1045
874 987
874 471
309 576
309 316
309 1107
309 1071
309 24
309 859
309 2
309 223
309 1022
309 1045
309 471
309 928
309 1020
309 192
309 946
1025 742
1025 468
1025 395
1025 1107
1025 911
1025 250
1025 945
1025 1047
715 1064
715 1107
715 537
715 1071
715 1045
715 964
715 650
715 1129
715 86
715 574
715 63
576 742
576 316
576 1107
576 303
576 1071
576 293
576 1045
576 570
576 471
576 928
576 394
742 395
742 316
742 1104
742 804
742 161
742 945
742 286
742 138
742 1089
742 570
742 987
742 343
742 36
742 439
742 15
742 334
742 1111
742 118
742 780
742 391
742 232
573 213
573 447
573 914
573 952
573 568
573 630
573 823
573 1034
573 870
573 934
573 904
573 138
573 1015
573 933
573 744
573 532
573 749
468 805
468 823
468 104
468 892
468 74
468 928
468 893
395 282
395 351
395 1107
395 766
395 664
395 163
395 29
395 261
395 660
395 303
395 585
395 372
395 945
395 1044
395 570
395 716
395 471
395 928
395 112
395 968
395 158
395 692
395 701
395 353
395 117
395 854
395 509
396 60
396 995
396 600
396 501
396 637
396 621
396 852
396 981
396 708
396 421
396 927
396 391
396 37
396 212
396 834
396 9
396 607
396 833
1130 959
1130 559
1130 805
1130 572
1130 734
1130 985
1130 98
1130 823
1130 625
1130 324
1130 1089
1130 638
1130 326
1130 461
1130 609
1130 428
1130 1076
1130 523
1130 331
1130 1103
739 897
739 165
739 704
739 1003
739 457
739 70
739 1087
739 11
739 677
739 406
739 274
10 224
10 25
10 723
10 914
10 598
10 1121
10 145
10 39
10 31
10 577
10 572
10 727
10 128
10 950
10 823
10 704
10 143
10 911
10 53
10 925
10 585
10 849
10 1089
10 927
10 523
10 496
10 1001
10 787
10 152
10 587
10 269
10 237
10 45
10 564
10 555
10 58
10 47
1096 145
1096 985
1096 430
1096 981
1096 7
1086 179
1086 991
1086 589
1086 817
1086 807
1086 168
1086 1056
1086 31
1086 491
1086 1055
1086 82
268 723
268 559
268 995
268 474
268 62
268 1083
268 1011
268 150
268 977
268 1039
224 417
224 723
224 1031
224 991
224 667
224 817
224 168
224 299
224 734
224 143
224 548
224 275
224 150
224 445
224 1039
224 923
224 1050
224 764
224 186
224 34
224 752
224 937
1095 1061
1095 805
1095 365
1095 647
1095 930
1095 375
1095 184
1095 600
1095 785
1095 1055
1095 305
1095 254
1095 17
1095 578
1095 331
1095 108
1095 243
1095 362
1095 1079
213 1061
213 179
213 168
213 816
213 630
213 62
213 823
213 182
213 842
213 143
213 687
213 90
213 38
213 779
213 504
213 305
213 578
213 394
213 1079
213 273
1101 1078
1101 1034
1101 184
1101 173
1101 201
25 282
25 1043
25 1078
25 258
25 39
25 165
25 1004
25 1093
25 1003
25 47
25 464
417 559
417 689
417 220
417 913
417 1002
417 858
417 1077
417 1104
417 590
417 110
417 571
417 682
417 1081
417 445
417 574
417 310
417 1132
417 116
417 1094
417 738
1021 1061
1021 669
1021 823
1021 621
1021 892
1021 17
1021 808
1021 49
906 805
906 31
906 269
898 202
898 220
898 913
898 647
898 1104
898 1005
898 574
898 116
898 366
898 256
898 821
60 1098
60 17
60 534
60 541
60 300
60 89
316 1107
316 766
316 585
316 945
316 104
316 1071
316 1045
316 716
316 471
316 300
316 89
316 247
316 1040
316 204
316 581
316 1062
316 843
489 823
489 620
489 143
489 660
489 138
489 323
489 440
489 358
489 603
489 978
202 26
202 62
202 1005
202 803
202 7
202 356
202 507
202 181
202 547
202 1118
1098 688
1098 128
1098 1113
1098 17
1098 845
1098 541
1098 300
1098 296
1098 615
1098 164
1098 313
1098 166
1098 777
1098 281
1098 696
1098 711
1061 594
1061 233
1061 339
1061 655
1061 823
1061 842
1061 375
1061 818
1061 163
1061 637
1061 451
1061 237
1061 808
1061 49
1061 1040
1061 188
1061 91
1061 895
1061 673
669 17
669 895
543 853
543 637
543 451
543 843
543 440
543 658
973 49
973 281
973 953
973 13
594 132
594 128
594 541
853 49
959 559
959 459
959 985
959 957
959 1115
959 88
959 457
959 331
959 34
959 497
959 59
248 664
248 719
768 48
768 603
768 20
344 723
344 559
344 132
344 1000
344 62
344 79
344 571
344 1055
344 88
344 218
344 1029
723 1031
723 559
723 41
723 31
723 985
723 913
723 1054
723 62
723 4
723 998
723 647
723 1002
723 98
723 1006
723 137
723 514
723 78
723 205
723 79
723 990
723 386
723 322
723 1005
723 548
723 803
723 110
723 841
723 646
723 360
723 1055
723 239
723 275
723 621
723 215
723 150
723 540
723 981
723 731
723 424
723 1122
723 457
723 825
723 475
723 834
723 923
723 738
723 631
723 335
723 1072
723 153
723 463
723 1065
723 801
723 113
723 840
723 967
723 270
348 805
348 339
348 351
348 664
348 487
348 755
348 462
348 690
348 254
348 376
348 927
348 701
348 1079
348 329
348 751
348 993
348 105
348 383
348 900
348 999
348 909
348 214
348 691
348 614
348 882
348 336
348 512
1108 559
1108 630
1108 985
1108 1054
1108 98
1108 205
1108 546
1108 1128
1108 986
1108 235
1108 314
447 991
447 725
1038 914
1038 598
1038 1121
1038 630
1038 749
1038 45
1038 888
84 686
84 991
84 126
84 958
84 1041
84 96
84 568
84 125
84 1056
84 1115
84 870
84 1055
84 904
84 820
84 887
179 991
179 1121
179 805
179 807
179 126
179 96
179 168
179 1056
179 749
179 87
686 914
686 125
686 45
686 888
378 371
378 50
378 260
378 324
378 97
378 17
378 314
378 448
378 350
378 380
1031 667
1031 559
1031 734
1031 913
1031 62
1031 647
1031 1002
1031 98
1031 1006
1031 137
1031 514
1031 1077
1031 143
1031 548
1031 1123
1031 944
1031 841
1031 782
1031 215
1031 762
1031 424
1031 1122
1031 457
1031 293
1031 1132
1031 335
1031 113
1031 278
1031 409
1031 562
1031 767
1031 1026
1031 419
914 598
914 991
914 1121
914 995
914 132
914 817
914 1041
914 577
914 749
914 45
914 174
688 1002
688 306
688 610
688 86
688 711
688 902
688 703
598 1121
598 952
598 45
598 888
991 817
991 126
991 958
991 480
991 96
991 952
991 568
991 984
991 109
991 168
991 216
991 125
991 1056
991 630
991 823
991 778
991 1093
991 749
991 1001
991 45
991 888
991 877
589 126
589 958
589 480
589 96
589 952
589 984
589 109
589 216
589 1001
653 546
653 324
653 149
653 569
653 360
653 904
653 892
653 37
653 834
653 935
653 771
653 388
653 279
1121 168
1121 31
1121 1103
1121 45
1121 102
1121 217
379 339
379 630
379 260
379 324
379 569
379 97
379 892
379 700
379 1102
379 1085
226 703
667 265
667 538
667 1104
667 548
667 1122
667 116
667 801
667 113
667 840
667 773
667 364
559 339
559 630
559 734
559 985
559 62
559 98
559 1080
559 205
559 655
559 184
559 548
559 1123
559 1010
559 729
559 944
559 646
559 120
559 135
559 892
559 762
559 424
559 1026
559 869
41 1054
41 1070
41 631
41 1072
689 734
689 1002
689 571
689 445
689 731
689 457
689 87
689 591
689 629
233 805
233 132
233 339
233 365
233 182
233 778
233 934
233 578
233 223
233 158
233 108
233 323
233 603
233 409
233 56
233 127
233 608
233 155
233 172
459 784
459 1005
459 433
459 360
459 293
459 218
459 607
459 507
459 59
995 805
995 137
995 182
995 1107
995 1122
995 24
995 152
805 132
805 282
805 365
805 990
805 592
805 625
805 294
805 529
805 163
805 250
805 549
805 359
805 46
805 412
805 370
805 223
805 788
805 108
805 243
805 204
805 882
805 217
805 328
805 1009
805 1073
805 819
805 622
132 897
132 365
132 299
132 985
132 990
132 829
132 1093
132 1112
132 97
132 524
132 754
132 535
132 187
132 451
132 927
132 347
132 638
132 334
132 834
132 237
132 243
132 49
132 1040
132 1102
132 1013
132 856
132 705
132 405
132 211
132 151
474 137
474 106
474 433
474 893
474 152
474 977
474 440
474 174
474 656
474 616
474 156
339 345
339 630
339 514
339 197
339 823
339 1064
339 1034
339 184
339 143
339 646
339 1093
339 161
339 637
339 852
339 981
339 1058
339 254
339 17
339 154
339 394
339 331
339 108
339 1079
339 614
339 856
345 197
345 592
77 258
77 145
282 763
282 1078
282 681
282 258
282 145
282 897
282 599
282 39
282 165
282 704
282 975
282 180
282 672
282 433
282 294
282 569
282 1093
282 1055
282 804
282 1003
282 585
282 638
282 326
282 47
282 840
282 123
282 800
282 289
282 83
1043 763
1043 258
1043 165
1043 1003
1043 123
1043 277
763 1078
763 258
763 145
763 897
763 39
763 165
763 433
763 1093
763 1003
763 904
763 88
763 1058
763 638
763 923
763 464
763 840
763 277
763 469
1078 258
1078 145
1078 1034
1078 264
1078 975
1078 1093
1078 504
1078 585
1078 679
1078 878
1078 852
1078 638
1078 201
1078 464
1078 673
1078 277
1078 796
1078 654
1078 42
1078 861
1078 325
1078 67
1078 1106
482 73
482 524
482 70
482 677
482 208
482 837
482 321
681 258
681 39
681 165
681 577
681 842
681 375
681 704
681 360
681 1003
681 931
681 549
681 824
681 47
681 485
681 886
258 145
258 897
258 599
258 39
258 165
258 577
258 910
258 1034
258 911
258 1093
258 1003
258 161
258 931
258 1030
258 326
258 47
258 271
145 39
145 165
145 31
145 1034
145 294
145 1003
145 585
145 716
145 47
145 800
145 894
145 450
897 165
897 98
897 73
897 621
897 47
897 123
599 39
599 165
599 577
599 704
599 931
599 326
599 47
599 700
599 289
599 271
39 165
39 31
39 375
39 184
39 1003
39 88
39 117
39 47
39 923
750 375
165 577
165 184
165 704
165 180
165 931
165 1087
165 677
165 47
165 277
165 485
165 271
165 450
165 1090
165 919
165 643
1004 261
1004 585
1004 283
1004 201
1004 464
1004 593
1004 554
1004 1037
1004 992
1004 297
1004 1100
1000 79
365 842
365 782
365 141
365 161
365 506
365 359
365 621
365 462
365 46
365 412
365 108
365 243
365 409
292 351
292 143
292 614
292 771
292 608
26 48
26 1093
26 1055
26 239
26 919
26 848
21 31
21 755
21 1032
21 840
21 691
21 320
21 748
21 200
21 1017
21 668
21 566
516 443
516 1033
317 770
317 307
317 971
817 31
817 577
817 950
817 937
807 168
807 985
807 491
807 913
807 778
807 571
807 445
807 937
807 629
126 1083
126 163
126 333
126 673
126 1
436 958
436 1041
436 96
436 996
436 1115
436 1083
958 480
958 1041
958 96
958 984
958 109
958 1034
958 778
958 1001
480 96
480 216
480 630
480 275
480 1015
1041 842
1041 749
96 842
96 1083
96 749
96 1001
96 217
568 964
111 218
111 937
984 778
984 1001
168 1056
168 630
168 985
168 491
168 913
168 455
168 571
168 215
168 937
168 947
521 630
521 937
216 784
125 870
125 888
1056 491
1056 294
1056 782
1056 461
630 655
630 182
630 842
630 375
630 90
630 324
630 427
630 725
630 749
630 1001
630 285
630 444
31 577
31 727
31 128
31 950
31 1113
31 53
31 756
31 97
31 504
31 954
31 728
31 428
31 587
31 269
31 541
31 89
31 166
31 56
31 151
31 469
31 654
31 759
31 709
31 438
299 577
299 128
299 1113
299 98
299 143
299 58
299 1050
577 950
577 704
577 180
577 569
577 360
577 1003
577 73
577 931
577 338
577 824
577 677
577 45
577 47
577 923
577 886
577 643
577 327
572 540
572 892
572 461
572 764
572 300
572 59
572 20
572 856
572 488
727 585
727 1089
727 269
727 273
727 438
671 1044
671 927
671 496
671 923
671 1079
671 993
671 214
671 882
671 835
671 492
671 635
671 12
128 1113
128 17
128 534
128 923
128 541
128 615
128 164
128 989
128 707
950 587
950 269
950 47
1113 911
1113 17
1113 534
1113 615
446 98
446 371
446 602
446 659
446 430
446 1122
446 475
446 591
446 103
446 612
220 985
220 647
220 858
220 1077
220 1104
220 590
220 682
220 275
220 245
220 445
220 1122
220 574
220 310
220 116
220 366
220 256
220 821
220 103
734 985
734 647
734 1006
734 1128
734 1010
734 1070
734 135
734 275
734 215
734 150
734 424
734 840
734 328
734 922
185 260
185 333
185 887
185 380
185 1085
185 1019
985 491
985 62
985 647
985 1080
985 1006
985 858
985 514
985 79
985 455
985 842
985 1128
985 143
985 548
985 1123
985 1070
985 571
985 1055
985 275
985 73
985 215
985 424
985 1122
985 825
985 1051
985 366
985 562
985 217
985 773
985 922
985 903
985 881
985 760
491 647
491 858
491 455
491 1123
491 571
491 215
491 881
491 710
913 647
913 1002
913 98
913 1080
913 858
913 1077
913 1104
913 590
913 571
913 445
913 306
913 1020
913 937
913 116
913 711
913 335
913 801
913 773
913 591
913 103
913 881
913 400
265 1077
265 78
265 79
265 196
265 537
265 1123
265 245
265 840
265 771
265 796
265 881
265 1046
265 907
265 107
1054 1002
1054 1104
1054 1005
1054 1115
1054 803
1054 1055
1054 293
1054 834
1054 738
1054 507
1054 631
1054 335
1054 1072
1054 463
1054 1065
1054 801
1054 700
1054 453
1054 774
62 4
62 98
62 79
62 823
62 627
62 548
62 110
62 1010
62 135
62 239
62 1011
62 275
62 1105
62 195
62 967
4 514
4 322
4 627
4 646
4 239
4 460
4 75
4 195
4 243
998 98
998 1128
998 110
998 430
998 1093
998 931
998 824
998 475
998 47
998 473
647 1002
647 1080
647 503
647 1006
647 1097
647 137
647 514
647 78
647 205
647 79
647 823
647 322
647 1128
647 477
647 548
647 110
647 1010
647 682
647 239
647 275
647 621
647 215
647 1105
647 1122
647 825
647 475
647 116
647 662
647 530
1002 1080
1002 538
1002 1006
1002 1097
1002 858
1002 1077
1002 78
1002 205
1002 1104
1002 590
1002 548
1002 1123
1002 110
1002 1011
1002 215
1002 445
1002 1122
1002 116
1002 113
1002 591
1002 400
1002 522
98 1006
98 137
98 514
98 1077
98 590
98 1128
98 1083
98 571
98 275
98 150
98 424
98 1122
98 773
1080 858
1080 137
1080 78
1080 571
1080 73
1080 215
1080 1051
1080 711
1080 591
538 858
538 1104
538 548
538 490
538 1122
538 457
538 738
538 113
538 522
503 1077
503 79
503 88
503 738
1006 514
1006 823
1006 548
1006 1083
1006 275
1006 150
1006 88
1006 690
1006 424
1006 1122
1006 335
1006 87
1006 278
1006 591
1097 858
1097 1077
1097 1104
1097 1123
1097 445
1097 923
1097 1026
1097 591
1097 760
1097 522
858 137
858 1077
858 78
858 1104
858 590
858 571
858 682
858 445
858 306
858 825
858 406
858 591
858 522
858 148
858 896
858 867
137 803
137 537
137 841
137 73
137 346
137 731
137 825
137 195
137 409
137 148
137 3
137 510
514 184
514 1128
514 548
514 1010
514 275
514 892
514 1105
514 475
514 967
514 388
514 700
1077 78
1077 79
1077 1104
1077 196
1077 590
1077 1123
1077 245
1077 445
1077 574
1077 310
1077 116
1077 335
1077 591
1077 881
1077 107
78 79
78 1104
78 196
78 1123
78 215
78 424
78 366
78 335
78 364
78 881
78 107
78 1007
205 196
205 184
205 1010
205 218
205 834
205 103
205 896
79 548
79 239
79 245
79 424
79 749
79 923
79 366
79 711
79 1029
79 881
79 799
1104 590
1104 1123
1104 445
1104 825
1104 310
1104 1094
1104 967
1104 700
1104 773
1104 364
1104 591
1104 796
1104 662
1104 522
1104 1024
1104 651
455 215
455 826
196 1123
196 245
196 1103
196 366
196 801
196 881
196 107
590 310
590 116
590 643
590 942
590 302
765 933
765 461
765 562
765 257
371 904
371 933
371 350
371 380
371 198
50 198
890 391
990 120
990 250
990 621
990 679
990 574
990 749
990 923
990 1117
930 375
930 1115
930 294
930 1112
930 75
930 88
930 693
910 17
197 823
197 1034
197 592
197 789
197 1058
197 358
197 103
197 423
655 592
655 184
655 625
655 795
655 141
655 974
823 586
823 1064
823 1034
823 592
823 184
823 625
823 260
823 1107
823 944
823 779
823 621
823 424
823 138
823 112
823 108
823 201
823 204
823 673
823 214
823 700
823 856
823 253
823 556
823 377
823 93
823 483
823 465
182 637
182 136
586 1014
586 944
586 462
586 254
586 965
586 376
586 854
586 237
586 614
586 272
842 143
842 944
842 911
842 1112
842 904
842 138
842 534
842 475
842 749
842 108
842 313
842 91
842 673
842 608
842 328
842 1073
842 983
842 970
842 810
842 229
1064 1030
1064 421
1064 955
1064 578
1064 788
1064 192
1064 787
1064 622
1064 476
1064 747
1034 184
1034 779
1034 934
1034 443
1034 638
1034 201
1034 464
1034 556
1034 377
1034 374
592 602
592 779
592 305
592 721
592 1058
592 138
592 612
592 431
375 184
375 143
375 911
375 1112
375 97
375 797
375 462
375 254
375 965
375 1089
375 24
375 134
375 108
375 1079
375 542
140 46
140 923
140 262
184 729
184 1093
184 303
184 585
184 187
184 254
184 638
184 1079
184 464
184 673
184 431
184 565
184 319
184 354
784 621
784 293
784 218
784 775
76 48
76 602
76 649
76 239
76 1003
48 649
48 161
48 75
48 108
602 360
602 288
602 797
602 1058
602 1020
602 1103
602 103
602 423
602 502
602 363
311 779
649 546
649 803
649 97
649 892
649 771
649 608
322 627
322 360
322 1055
322 239
322 981
322 731
322 367
546 779
546 646
546 885
546 856
625 1005
625 143
625 795
625 529
625 141
625 108
625 409
625 974
260 90
260 324
260 1055
260 904
260 97
260 333
260 1085
260 410
260 536
260 171
260 924
620 143
620 876
620 58
620 440
620 603
620 909
620 656
620 835
620 920
620 6
620 678
1014 911
1014 1003
1014 660
1014 372
1014 376
1014 237
1014 214
1014 814
1014 1126
627 460
1005 1010
1005 944
1005 1055
1005 981
1005 825
1005 986
1005 87
600 46
600 376
600 156
600 566
600 889
600 685
1008 250
1008 359
1128 659
1128 424
1128 1122
1128 475
743 421
743 787
743 1028
743 130
743 341
957 477
957 803
957 841
957 597
818 637
818 49
704 180
704 53
704 475
704 70
704 1087
704 47
704 1013
704 123
704 478
704 18
351 911
351 1112
351 1003
351 487
351 161
351 458
351 250
351 660
351 1032
351 462
351 690
351 254
351 237
351 900
351 909
351 882
351 327
351 916
143 1079
143 603
143 127
143 608
143 856
143 550
143 561
501 163
501 621
501 75
501 108
501 1118
501 895
501 483
501 465
501 565
501 862
501 81
501 558
1115 294
1115 1055
1115 904
1115 261
1115 549
1115 797
1115 1081
1115 88
1115 443
1115 320
1115 410
1115 221
1115 712
1115 131
940 904
940 218
940 279
940 741
548 571
548 498
548 215
548 731
548 424
548 1122
548 293
548 1132
548 116
548 773
548 466
687 72
687 29
687 621
687 462
687 101
687 376
687 871
264 975
264 1055
264 173
264 728
264 852
264 540
264 376
264 464
264 1033
264 221
264 315
264 295
90 430
90 1085
90 527
1016 331
1016 787
1016 747
1016 1028
1016 130
1016 64
1016 783
1016 1036
1016 449
72 549
72 462
72 432
72 101
72 237
72 49
72 993
72 809
870 549
870 797
870 749
870 887
870 1085
385 664
1107 945
1107 104
1107 1071
1107 138
1107 1045
1107 471
864 904
864 933
803 569
803 728
803 981
803 892
803 443
803 509
803 37
803 464
803 935
803 796
803 325
766 1045
766 570
766 987
766 74
766 117
537 1123
324 231
324 141
324 97
324 333
324 152
324 924
324 528
324 291
324 92
324 1053
324 8
324 361
324 828
1123 571
1123 445
1123 937
1123 881
1123 760
1123 107
149 904
149 933
149 314
149 887
149 1102
149 1085
149 536
149 171
149 276
110 1083
110 1011
110 1122
110 607
110 310
110 796
1010 540
1010 400
231 933
231 92
725 785
725 454
778 306
778 937
778 629
778 8
778 255
789 892
789 1058
789 201
789 246
789 401
975 911
975 1093
975 1055
975 519
975 338
975 728
975 585
975 1081
975 697
975 679
975 892
975 187
975 443
975 638
975 509
975 1076
975 555
975 201
975 796
975 654
975 325
975 67
975 1033
975 774
975 401
975 14
975 479
975 661
975 737
180 931
180 797
180 540
180 834
180 47
180 388
38 360
38 713
38 1028
38 341
106 253
729 1083
729 53
729 575
729 504
729 498
729 35
729 954
729 71
729 519
729 524
729 728
729 424
729 457
729 1027
729 5
729 666
729 936
729 1120
729 1116
729 442
729 392
355 569
355 883
944 841
944 785
944 934
944 728
944 1105
944 394
944 278
944 325
779 829
779 771
779 848
779 251
779 206
779 55
841 762
841 1105
841 899
785 664
785 487
785 621
785 690
785 254
785 965
785 376
785 112
785 854
785 428
785 999
785 947
785 136
785 1126
785 454
901 852
901 1059
1119 829
1119 672
1119 949
1119 517
829 672
829 294
829 569
829 206
672 569
672 1103
672 712
672 979
672 280
672 912
672 183
672 267
433 399
433 792
433 621
433 535
433 88
433 451
433 856
433 705
433 156
433 709
433 867
433 1114
433 426
433 222
294 1105
294 376
294 1089
294 15
294 780
294 11
294 949
294 494
399 460
399 585
399 451
399 457
399 323
399 705
399 867
911 664
911 804
911 1003
911 487
911 250
911 621
911 697
911 462
911 933
911 1047
911 749
911 496
911 614
911 1073
911 542
911 94
911 611
1070 646
1070 1083
1070 366
1070 881
493 69
304 646
304 430
304 786
304 86
304 869
646 1083
646 430
646 120
646 135
646 245
646 892
646 762
646 583
646 700
646 869
646 207
1083 135
1083 1011
1083 215
1083 150
1083 1105
1083 424
1083 583
1083 1122
1083 237
1083 69
1083 160
430 786
430 1029
430 869
120 135
120 549
120 986
135 682
135 245
786 711
786 419
786 1068
571 215
571 445
571 923
571 937
571 310
571 1094
571 711
571 881
682 245
569 360
569 1093
569 1055
569 239
569 904
569 954
569 462
569 981
569 885
569 509
569 37
569 186
569 448
934 506
934 621
934 108
934 856
934 454
934 943
360 1055
360 1011
360 664
360 954
360 981
360 372
360 885
360 37
360 787
360 103
360 542
1093 504
1093 35
1093 519
1093 338
1093 728
1093 585
1093 552
1093 283
1093 187
1093 443
1093 638
1093 37
1093 464
1093 469
1093 67
1093 1120
1093 442
1093 280
1093 580
1055 239
1055 1011
1055 30
1055 73
1055 549
1055 504
1055 954
1055 215
1055 679
1055 981
1055 443
1055 451
1055 1089
1055 293
1055 333
1055 192
1055 749
1055 37
1055 834
1055 11
1055 787
1055 7
1055 631
1055 999
1055 593
1055 131
1055 1036
1055 121
1055 57
795 1003
795 250
795 637
795 451
795 581
795 440
795 658
795 974
795 720
795 16
795 418
239 981
239 749
239 37
239 967
239 332
1011 610
1011 1118
1011 267
30 261
30 35
30 697
30 885
30 457
30 475
30 1019
30 1069
529 1003
529 892
529 362
529 300
529 59
529 691
664 1112
664 782
664 1003
664 250
664 134
664 834
664 331
664 152
664 977
664 947
664 357
664 633
664 199
664 352
664 657
664 706
1112 1003
1112 161
1112 458
1112 999
1112 947
1112 685
1112 827
1112 702
53 645
53 73
53 931
53 575
53 498
53 954
53 71
53 338
53 728
53 852
53 824
53 1020
53 555
53 47
53 923
53 886
53 401
53 1027
53 5
53 666
53 936
53 392
53 267
53 441
53 51
53 23
680 454
490 150
490 1122
490 591
782 462
782 1089
782 333
782 854
782 461
782 787
782 237
782 214
782 409
782 115
872 792
141 250
141 506
141 75
141 46
141 428
624 261
624 201
624 593
624 992
624 1100
624 28
624 1067
624 429
624 735
624 511
624 714
624 726
460 412
460 108
460 323
804 161
804 15
804 926
792 346
792 856
792 802
792 1074
163 250
163 331
163 895
163 771
163 328
163 42
163 565
163 1126
163 1036
925 1044
925 927
925 496
925 1079
925 993
925 383
925 214
925 835
925 1035
925 236
925 369
925 663
29 797
29 218
29 701
29 237
29 923
29 6
29 560
1003 261
1003 487
1003 458
1003 250
1003 931
1003 75
1003 462
1003 326
1003 47
1003 800
1003 327
1003 221
1003 199
1003 832
904 261
904 645
904 97
904 797
904 636
904 824
904 457
904 333
904 933
904 218
904 749
904 986
904 314
904 887
904 217
904 1102
904 1085
904 171
904 291
904 27
904 298
904 961
904 413
261 338
261 797
261 75
261 552
261 679
261 540
261 457
261 293
261 37
261 1076
261 243
261 201
261 464
261 469
261 796
261 554
261 1037
261 297
261 320
261 280
261 714
261 726
261 844
261 626
645 35
645 824
645 1027
645 666
645 392
487 660
487 621
487 690
487 254
487 1047
487 833
487 1073
487 320
487 835
487 121
487 508
756 36
756 856
756 709
404 275
404 825
275 150
275 99
275 3
161 286
161 1089
161 15
161 212
161 1018
245 306
245 107
73 825
458 660
458 327
458 560
458 508
97 457
97 293
97 333
97 933
97 749
97 87
97 380
97 771
97 388
97 1102
97 327
97 171
97 828
97 699
97 873
97 951
250 660
250 549
250 797
250 462
250 214
250 871
250 633
250 663
250 508
660 254
660 1050
660 560
719 1032
719 432
719 1062
719 809
931 824
931 475
931 886
549 621
549 927
549 701
549 67
303 892
303 172
506 755
637 621
637 535
637 806
637 432
637 382
637 892
637 17
637 451
637 1040
637 581
637 843
637 440
637 188
637 658
637 321
637 809
637 684
637 219
637 422
637 244
637 178
359 892
359 412
359 108
359 255
359 114
359 259
621 338
621 215
621 755
621 852
621 17
621 927
621 108
621 1079
621 113
621 691
621 614
621 405
621 320
621 1017
621 665
621 640
288 909
288 423
288 502
575 504
575 498
575 71
575 524
575 1046
575 40
504 498
504 35
504 954
504 71
504 519
504 524
504 728
504 852
504 638
504 1076
504 464
504 67
504 1046
504 5
504 936
498 35
498 954
498 71
498 519
498 524
498 923
498 1132
498 1046
498 5
498 441
498 794
35 954
35 519
35 524
35 638
35 401
954 71
954 519
954 524
954 728
954 552
954 697
954 37
954 923
954 1046
954 3
954 666
954 936
954 392
954 23
71 519
71 524
71 728
71 654
71 1046
71 5
71 392
519 524
519 638
519 67
524 464
524 23
173 585
173 88
173 464
173 502
173 221
173 5
173 961
338 585
338 679
338 852
338 187
338 443
338 509
338 1076
338 555
338 673
338 469
338 654
338 325
338 1033
338 774
338 423
338 401
338 14
338 479
338 661
338 737
338 960
215 1122
215 937
215 796
215 760
215 107
215 826
755 46
755 376
755 900
755 200
755 367
755 920
755 683
797 701
797 685
797 949
797 663
797 44
728 424
728 1058
728 638
728 67
728 936
728 1120
728 1116
728 442
728 580
728 40
728 929
728 1075
728 769
1032 691
1032 200
1032 1017
1032 327
1032 685
1032 790
585 679
585 283
585 443
585 1089
585 638
585 509
585 1076
585 555
585 469
585 593
585 1037
585 297
585 1100
585 1033
585 5
585 936
585 735
585 511
585 961
585 495
585 544
535 382
535 451
535 457
1081 1033
1081 429
1081 961
1081 40
75 58
75 127
75 920
75 844
150 7
150 186
445 99
445 306
445 937
445 591
445 629
445 1007
445 826
445 551
636 443
636 900
636 280
636 618
636 908
806 457
806 834
806 923
806 869
806 219
88 443
88 47
88 409
88 1131
305 892
641 552
641 539
641 1106
552 539
552 679
552 878
552 1076
552 67
552 103
552 234
552 811
539 697
539 1065
539 796
539 1106
539 103
539 979
539 267
697 679
697 878
697 187
697 443
697 464
697 328
697 654
697 325
697 221
697 936
679 878
679 852
679 187
679 443
679 509
679 37
679 654
679 774
679 936
679 51
679 822
878 117
878 1076
878 989
283 852
283 1076
283 201
283 469
283 654
283 593
283 1037
283 735
852 1076
852 201
852 469
852 401
852 769
540 443
540 848
462 254
462 716
462 968
462 701
462 461
462 237
462 329
462 614
462 328
462 542
462 611
824 47
824 478
432 451
432 440
432 320
432 809
46 134
46 15
46 247
46 566
46 1023
46 384
1091 578
1091 1125
1091 192
1091 787
1091 693
1091 130
981 37
981 7
981 103
382 1062
708 421
708 331
708 787
708 747
708 298
708 1049
372 214
372 815
690 1071
690 909
690 136
690 920
690 633
104 859
104 570
104 716
104 74
104 343
104 86
104 871
104 64
104 267
104 437
104 169
104 415
892 17
892 578
892 394
892 37
892 9
892 331
892 895
892 103
892 136
892 401
892 251
892 943
892 557
892 596
1071 1045
1071 238
1071 876
1071 570
1071 471
187 1033
187 936
187 979
187 732
286 843
286 229
286 712
286 183
286 657
286 1018
286 917
286 722
885 37
885 771
885 826
885 1069
443 457
443 638
443 117
443 509
443 1076
443 555
443 13
443 771
443 469
443 654
443 325
443 1100
443 1033
443 774
443 401
443 14
443 479
443 661
443 737
443 822
762 217
731 424
1105 218
1105 1076
1105 796
1105 325
424 967
424 860
721 138
721 1029
306 86
306 937
306 591
306 629
306 198
306 255
1058 138
1058 638
1058 353
1058 848
1058 103
1058 423
1058 363
412 370
412 101
412 1063
412 237
412 243
412 1079
1122 457
1122 116
1122 631
1122 773
1122 69
421 24
421 2
421 713
421 134
421 787
421 465
421 747
421 1049
421 190
962 965
287 154
287 1106
101 570
101 716
101 701
101 614
101 12
101 410
101 1035
101 80
254 1044
254 965
254 1047
254 1079
254 329
254 993
254 383
254 900
254 614
254 882
254 388
254 611
254 1057
254 812
254 639
955 134
955 787
955 771
17 534
17 923
17 49
17 300
17 89
17 296
17 615
17 164
17 313
17 166
17 172
17 819
17 810
17 1109
17 980
17 100
1044 1047
1044 1079
1044 993
1044 214
965 947
965 136
965 1057
451 457
451 720
376 833
376 300
376 895
376 1073
376 920
376 557
376 505
376 982
154 56
154 127
154 920
154 678
154 44
154 675
154 434
154 193
578 52
578 2
578 134
578 1125
578 788
578 192
578 893
578 331
578 787
578 770
578 130
578 57
578 384
578 596
578 337
578 733
578 1124
578 956
578 420
578 584
578 628
578 601
1063 895
849 272
849 1131
849 1057
849 533
534 300
534 313
534 166
534 777
534 707
534 810
534 980
534 308
845 834
845 541
1089 15
1089 461
1089 59
1089 856
1089 709
1089 175
1089 891
927 457
927 293
927 461
927 1079
927 993
927 214
927 835
927 492
927 983
927 369
927 812
457 333
457 1076
457 11
457 47
457 840
457 410
457 494
457 657
457 873
457 623
457 730
293 570
293 218
293 36
293 974
293 410
52 192
52 834
52 770
52 693
52 130
52 470
825 364
24 1022
24 331
24 622
24 341
24 190
24 337
24 228
859 347
859 1045
859 74
859 770
859 1036
2 1022
2 1125
2 706
2 384
2 1049
2 337
2 941
997 787
1059 347
1059 223
1059 331
1059 787
1059 341
1059 298
1059 753
347 1022
347 380
347 253
347 92
347 298
347 1049
347 753
223 788
223 331
223 787
223 882
223 217
223 1009
223 622
223 1028
223 1012
223 402
713 341
713 64
713 384
1022 134
1022 1125
1022 788
1022 650
1022 238
1022 876
1022 439
1022 787
1022 204
1022 622
1022 783
1022 384
1022 80
1022 1124
1022 228
1022 717
1022 865
1022 1092
1022 318
134 1125
134 461
134 787
134 622
134 1036
134 449
134 384
134 420
1045 74
1045 471
1045 247
1125 192
1125 152
1125 770
1125 130
1125 57
1125 384
1125 337
1125 956
1125 941
788 787
788 770
788 628
788 407
788 793
333 933
333 380
333 279
333 1085
333 291
333 361
333 736
964 650
650 238
650 86
650 439
650 204
650 895
650 865
933 314
933 279
933 1085
933 198
933 291
933 92
933 361
933 157
241 683
238 204
238 865
648 876
648 56
648 759
648 683
648 390
876 127
876 557
876 994
570 987
570 716
570 74
570 692
570 353
570 496
570 204
570 67
218 461
218 59
218 1072
218 214
218 272
218 810
475 326
475 47
475 270
638 461
638 1076
638 469
638 654
638 67
638 502
638 936
638 1120
638 442
638 580
638 929
638 976
326 47
326 886
326 919
987 343
987 1111
716 343
716 86
716 117
716 496
716 204
716 5
716 429
716 169
74 343
74 928
74 204
74 156
74 566
343 36
343 705
343 976
1020 591
1020 103
1020 423
1020 502
1020 363
1020 1027
1020 392
1020 979
1020 267
1020 811
1020 868
192 787
192 770
192 693
192 130
192 470
946 177
1047 635
574 749
574 310
574 116
574 366
574 256
574 821
574 410
36 232
36 923
36 856
36 709
36 982
439 204
15 391
15 9
15 564
15 709
15 229
15 43
334 923
780 232
780 11
780 949
780 494
780 1088
391 461
391 709
391 229
232 11
232 517
744 1035
532 454
749 993
749 1026
749 771
749 328
749 354
749 758
893 440
893 770
968 124
701 1035
701 918
854 461
854 1057
509 1076
509 796
509 654
509 325
509 1033
509 502
509 479
509 737
37 11
37 186
37 507
37 771
37 622
37 289
37 470
834 186
834 631
834 622
834 289
9 45
9 43
9 857
461 428
461 787
461 237
461 214
461 709
461 465
461 354
461 189
428 709
1076 555
1076 201
1076 796
1076 654
1076 325
1076 67
1076 1033
1076 774
1076 401
1076 14
1076 479
1076 661
1076 737
523 237
523 882
523 916
523 563
523 389
331 787
331 152
331 622
331 747
331 341
331 64
331 783
331 357
331 190
331 33
1103 310
1103 771
1103 103
1103 502
1103 363
1103 712
1103 1057
1103 617
70 47
1087 47
1087 800
1087 289
11 949
11 517
11 494
11 1088
677 919
406 146
274 712
274 949
274 494
274 1088
274 416
274 68
496 237
496 923
496 1079
496 993
496 214
496 409
496 835
787 923
787 214
787 622
787 285
787 693
787 747
787 130
787 341
787 64
787 783
787 298
787 384
787 1049
787 628
152 465
152 747
152 1012
587 269
587 255
237 49
237 383
237 214
237 560
237 389
45 888
555 1094
555 654
555 1033
555 774
555 14
555 479
555 661
555 737
58 440
58 909
58 844
58 44
47 1013
47 478
923 300
923 89
923 323
923 383
923 909
923 887
923 151
923 253
923 295
923 666
923 866
923 122
923 579
923 411
923 349
1050 1126
186 935
34 770
937 629
937 881
937 198
108 882
108 409
108 217
108 56
108 1009
108 769
243 59
243 246
362 891
362 144
1079 993
1079 105
1079 383
1079 214
1079 771
1079 835
1079 492
1079 12
1079 983
1079 236
1079 369
1079 663
1079 560
1079 85
273 614
201 464
201 469
201 67
201 593
201 554
201 297
201 1100
201 1033
201 28
201 714
201 726
201 626
464 469
464 796
464 654
464 593
464 554
464 992
464 714
310 116
310 1094
310 967
310 796
310 442
310 1084
1132 773
1132 1037
1132 167
1132 531
116 366
116 256
116 821
116 113
116 773
1094 796
738 643
738 107
808 49
49 300
49 296
49 164
49 993
49 819
49 151
49 919
49 418
49 663
49 623
49 33
49 342
366 821
366 881
366 107
256 796
256 643
256 873
821 736
541 615
541 164
300 296
300 188
300 919
300 561
89 296
1040 809
204 865
581 658
581 16
581 495
1062 809
843 440
843 229
843 684
843 1060
843 718
323 603
323 557
440 720
440 219
440 495
440 846
440 467
440 472
440 879
440 884
358 193
603 56
603 550
507 225
296 271
615 164
615 980
313 810
166 409
281 13
711 1029
711 902
188 809
673 67
673 221
658 809
658 16
658 422
658 495
658 1060
13 271
13 100
59 409
631 335
631 1072
631 463
631 1065
335 1072
1072 463
801 400
801 107
801 453
113 773
113 522
840 214
840 989
840 400
967 364
967 591
967 103
270 553
751 916
993 383
993 214
993 835
993 492
993 12
383 835
383 663
900 691
900 200
900 374
900 685
900 683
999 702
999 551
999 403
999 397
999 966
909 916
214 336
214 409
214 835
214 12
214 508
214 563
691 172
691 200
691 668
691 790
691 884
614 151
882 217
882 1009
882 159
336 452
512 1131
314 1085
314 276
887 1019
887 410
887 855
380 1085
380 92
380 157
1026 938
771 700
771 591
771 155
771 172
771 557
771 190
771 866
388 401
279 1085
217 1009
217 916
217 640
700 401
1102 553
1085 1099
773 364
773 107
869 103
869 662
591 662
591 510
591 651
629 198
629 828
629 551
629 500
56 920
127 920
127 830
155 400
172 103
328 1049
328 210
1009 566
1009 1028
1009 1023
1009 1012
1009 402
1009 318
1009 588
1073 374
1073 916
1073 560
1073 812
622 465
622 341
622 228
622 1012
622 588
1013 289
1013 208
1013 837
1013 478
856 131
856 55
856 976
705 867
211 618
211 813
151 1035
156 556
123 267
277 271
469 554
469 992
469 297
469 28
469 1067
469 714
469 726
469 961
469 544
469 242
796 654
796 325
796 67
796 453
796 1007
654 325
654 1033
654 774
654 14
654 479
654 661
654 737
654 960
861 1106
861 40
861 811
861 732
325 221
67 1033
67 714
67 929
67 1075
67 769
1106 665
1106 811
1106 732
321 810
886 51
894 148
643 873
593 992
593 1100
593 511
593 714
554 1037
554 992
554 1100
554 400
554 714
1037 992
1037 1100
1037 28
1037 714
992 1100
992 714
1100 28
1100 167
320 809
1017 668
668 556
1033 103
1033 774
1033 14
1033 479
1033 661
1033 737
770 693
770 130
770 337
770 584
770 628
770 601
770 793
770 398
947 199
947 702
759 390
709 867
709 229
709 43
709 791
438 707
488 518
835 492
835 663
492 983
492 640
492 85
635 663
635 147
12 983
989 40
707 392
103 423
103 502
103 363
103 401
881 107
400 107
1046 14
1046 5
1046 666
1046 442
1046 441
774 14
774 479
774 661
774 737
148 722
148 866
148 579
148 1060
148 435
896 423
867 517
867 68
799 332
826 776
1117 597
693 130
693 956
693 470
693 210
423 502
423 363
253 298
253 753
556 685
93 374
465 476
465 1028
465 341
272 1131
983 369
983 663
983 857
970 916
229 43
747 64
747 1036
747 941
747 606
262 33
354 40
502 363
502 267
363 1042
410 221
410 812
410 227
410 634
410 387
536 171
536 276
920 44
1028 228
1028 402
1028 318
1028 588
130 470
130 793
130 588
341 228
341 753
341 318
341 588
916 633
550 783
561 64
561 783
561 449
561 720
561 851
221 0
712 183
712 1018
712 722
131 618
131 908
131 976
315 40
315 0
64 783
64 1036
64 851
783 851
1036 449
1036 228
1036 1012
1036 481
291 695
361 500
401 19
14 479
14 661
14 737
479 661
479 737
661 737
1027 666
1027 392
1027 441
5 960
5 22
666 392
666 183
1116 442
1116 580
1116 40
1116 929
1116 1075
1116 769
1116 639
442 580
442 40
442 929
442 769
392 16
392 441
251 194
206 55
55 857
949 494
949 68
979 267
979 868
183 222
183 917
183 722
183 866
183 579
267 811
267 732
426 722
426 866
426 579
426 1060
426 435
494 1088
494 416
494 68
943 381
580 929
580 769
121 159
57 596
720 956
16 495
357 33
199 176
352 639
352 263
657 1018
657 722
702 551
702 403
28 1067
28 726
1067 429
429 961
1035 369
560 508
298 384
298 1049
298 753
961 544
961 617
961 242
844 632
219 846
219 884
40 929
40 769
683 301
44 122
929 769
929 595
551 403
618 976
908 976
1131 1057
811 732
384 1049
384 628
384 318
384 851
815 301
437 582
557 994
557 249
917 722
917 866
917 579
917 435
722 866
722 579
722 411
722 435
1057 191
675 193
675 122
193 122
956 905
420 210
628 793
623 579
623 1060
228 1012
228 402
228 318
228 588
402 318
402 588
318 588
793 851
43 798
68 435
866 579
866 411
866 1060
866 435
579 411
579 1060
579 435
411 435
85 203
1060 718
846 884
846 486
403 604
397 966
830 613
588 851
613 613
