0 687
1 132
2 369
3 652
4 639
5 804
6 98
7 653
8 700
9 532
10 117
11 572
12 1076
13 715
14 337
15 390
16 788
17 857
18 1073
19 1026
20 909
21 201
22 1058
23 121
24 1128
25 398
26 235
27 84
28 475
29 288
30 157
31 619
32 944
33 0
34 705
35 948
36 798
37 146
38 517
39 597
40 252
41 644
42 1038
43 661
44 54
45 1040
46 960
47 75
48 1048
49 240
50 1027
51 490
52 477
53 918
54 226
55 529
56 120
57 615
58 740
59 707
60 141
61 595
62 797
63 836
64 381
65 406
66 101
67 507
68 514
69 403
70 577
71 664
72 1132
73 722
74 95
75 1021
76 109
77 1029
78 1054
79 359
80 675
81 591
82 720
83 1124
84 681
85 1010
86 402
87 154
88 198
89 605
90 181
91 780
92 566
93 1123
94 182
95 142
96 458
97 69
98 245
99 467
100 648
101 508
102 795
103 731
104 1049
105 188
106 849
107 1087
108 429
109 180
110 506
111 1085
112 334
113 677
114 423
115 558
116 641
117 721
118 505
119 766
120 835
121 1035
122 868
123 219
124 1056
125 1112
126 251
127 130
128 807
129 1045
130 221
131 541
132 171
133 623
134 993
135 392
136 634
137 255
138 355
139 215
140 123
141 211
142 1101
143 296
144 1131
145 1083
146 839
147 913
148 678
149 762
150 137
151 339
152 39
153 650
154 1120
155 936
156 410
157 29
158 878
159 161
160 259
161 113
162 1030
163 377
164 258
165 727
166 695
167 832
168 581
169 1060
170 827
171 691
172 682
173 794
174 696
175 1069
176 629
177 461
178 503
179 739
180 791
181 939
182 481
183 207
184 865
185 1009
186 1125
187 785
188 178
189 1075
190 217
191 351
192 462
193 484
194 539
195 174
196 231
197 978
198 185
199 254
200 528
201 708
202 407
203 133
204 521
205 118
206 459
207 236
208 300
209 242
210 160
211 3
212 824
213 967
214 147
215 431
216 1091
217 920
218 184
219 468
220 173
221 773
222 361
223 642
224 925
225 1
226 550
227 997
228 263
229 269
230 1079
231 723
232 972
233 470
234 748
235 91
236 388
237 67
238 48
239 831
240 61
241 977
242 969
243 363
244 947
245 249
246 567
247 614
248 1039
249 210
250 522
251 602
252 105
253 970
254 83
255 790
256 63
257 980
258 1107
259 504
260 183
261 582
262 598
263 330
264 319
265 553
266 1086
267 1037
268 744
269 940
270 43
271 611
272 837
273 989
274 152
275 1055
276 1092
277 767
278 545
279 1024
280 575
281 433
282 863
283 777
284 190
285 1106
286 80
287 89
288 430
289 90
290 1019
291 385
292 352
293 758
294 660
295 335
296 888
297 1099
298 416
299 378
300 401
301 1046
302 383
303 592
304 112
305 230
306 276
307 233
308 23
309 862
310 813
311 27
312 375
313 880
314 1127
315 379
316 556
317 415
318 1042
319 127
320 329
321 318
322 817
323 290
324 879
325 360
326 908
327 471
328 649
329 239
330 1103
331 638
332 737
333 851
334 234
335 1036
336 1031
337 465
338 625
339 787
340 483
341 760
342 657
343 1051
344 357
345 33
346 876
347 1052
348 525
349 616
350 195
351 560
352 559
353 20
354 1111
355 42
356 533
357 72
358 845
359 719
360 371
361 310
362 368
363 1093
364 542
365 31
366 336
367 92
368 551
369 144
370 513
371 261
372 24
373 808
374 482
375 76
376 163
377 950
378 898
379 563
380 668
381 346
382 110
383 1129
384 1077
385 764
386 496
387 86
388 626
389 1104
390 986
391 875
392 316
393 805
394 971
395 97
396 1041
397 4
398 809
399 364
400 769
401 119
402 340
403 474
404 941
405 273
406 899
407 692
408 135
409 896
410 998
411 645
412 191
413 418
414 199
415 74
416 658
417 962
418 396
419 311
420 524
421 1022
422 742
423 479
424 586
425 64
426 297
427 49
428 143
429 1017
430 633
431 662
432 134
433 1066
434 386
435 618
436 489
437 65
438 949
439 927
440 353
441 232
442 783
443 8
444 451
445 435
446 711
447 544
448 701
449 455
450 73
451 1116
452 164
453 439
454 846
455 620
456 995
457 145
458 730
459 654
460 165
461 844
462 494
463 81
464 904
465 546
466 589
467 704
468 571
469 341
470 343
471 666
472 172
473 397
474 672
475 655
476 17
477 278
478 493
479 166
480 250
481 131
482 520
483 151
484 1034
485 952
486 979
487 934
488 366
489 1016
490 443
491 497
492 886
493 1071
494 46
495 826
496 37
497 547
498 99
499 726
500 452
501 897
502 778
503 175
504 840
505 405
506 275
507 1015
508 509
509 200
510 680
511 18
512 892
513 736
514 713
515 102
516 931
517 519
518 209
519 223
520 442
521 440
522 1020
523 1130
524 820
525 930
526 1011
527 663
528 889
529 877
530 1122
531 150
532 753
533 830
534 50
535 19
536 106
537 922
538 771
539 228
540 512
541 267
542 770
543 685
544 853
545 218
546 115
547 62
548 537
549 732
550 382
551 994
552 1117
553 988
554 124
555 554
556 864
557 750
558 821
559 480
560 684
561 248
562 1081
563 531
564 946
565 51
566 756
567 576
568 100
569 476
570 321
571 636
572 376
573 734
574 745
575 924
576 338
577 622
578 327
579 673
580 56
581 317
582 536
583 526
584 1090
585 968
586 487
587 866
588 973
589 631
590 79
591 729
592 932
593 417
594 527
595 923
596 216
597 782
598 44
599 926
600 212
601 929
602 852
603 1000
604 699
605 168
606 266
607 963
608 600
609 344
610 784
611 466
612 1012
613 7
614 933
615 741
616 192
617 53
618 842
619 1044
620 362
621 1007
622 725
623 286
624 763
625 206
626 1059
627 306
628 749
629 856
630 1095
631 162
632 36
633 14
634 387
635 128
636 247
637 906
638 814
639 965
640 772
641 698
642 1113
643 676
644 71
645 1094
646 103
647 885
648 806
649 499
650 203
651 510
652 448
653 834
654 518
655 714
656 177
657 1003
658 603
659 196
660 285
661 1096
662 568
663 11
664 894
665 333
666 683
667 125
668 22
669 583
670 775
671 384
672 942
673 87
674 1098
675 453
676 427
677 768
678 825
679 253
680 1074
681 136
682 961
683 829
684 1097
685 6
686 302
687 241
688 1014
689 569
690 789
691 833
692 57
693 1008
694 810
695 58
696 326
697 706
698 981
699 82
700 733
701 703
702 10
703 669
704 498
705 738
706 914
707 294
708 593
709 246
710 667
711 469
712 552
713 500
714 68
715 159
716 991
717 238
718 244
719 743
720 478
721 694
722 502
723 345
724 792
725 535
726 225
727 204
728 116
729 976
730 710
731 966
732 624
733 594
734 432
735 882
736 88
737 1102
738 987
739 796
740 279
741 380
742 257
743 179
744 305
745 262
746 895
747 284
748 709
749 264
750 884
751 411
752 801
753 1018
754 307
755 277
756 564
757 887
758 609
759 227
760 348
761 1025
762 450
763 5
764 516
765 419
766 617
767 389
768 883
769 588
770 1065
771 656
772 607
773 893
774 271
775 818
776 393
777 874
778 472
779 843
780 282
781 548
782 867
783 331
784 799
785 640
786 449
787 800
788 473
789 757
790 1057
791 689
792 220
793 651
794 964
795 399
796 372
797 320
798 561
799 404
800 434
801 982
802 358
803 613
804 855
805 578
806 437
807 52
808 1006
809 881
810 96
811 916
812 1070
813 293
814 712
815 126
816 747
817 580
818 921
819 1005
820 585
821 70
822 610
823 350
824 111
825 911
826 540
827 148
828 697
829 937
830 208
831 718
832 485
833 917
834 954
835 628
836 409
837 197
838 301
839 746
840 755
841 774
842 752
843 447
844 460
845 315
846 955
847 2
848 222
849 735
850 303
851 1013
852 873
853 574
854 511
855 724
856 420
857 256
858 436
859 268
860 309
861 108
862 299
863 1115
864 901
865 1114
866 374
867 822
868 395
869 370
870 139
871 584
872 928
873 1023
874 903
875 229
876 847
877 1061
878 272
879 304
880 690
881 365
882 391
883 1001
884 153
885 349
886 841
887 314
888 956
889 1050
890 1105
891 1062
892 412
893 573
894 12
895 812
896 530
897 85
898 313
899 604
900 205
901 759
902 324
903 870
904 665
905 869
906 992
907 823
908 176
909 959
910 1004
911 323
912 428
913 974
914 446
915 570
916 1100
917 781
918 107
919 464
920 802
921 1080
922 424
923 342
924 907
925 786
926 292
927 557
928 237
929 1084
930 819
931 413
932 606
933 854
934 1067
935 78
936 34
937 47
938 347
939 1033
940 28
941 194
942 193
943 902
944 492
945 426
946 9
947 596
948 938
949 688
950 295
951 40
952 1126
953 761
954 838
955 421
956 828
957 915
958 454
959 495
960 265
961 15
962 538
963 1043
964 635
965 871
966 671
967 281
968 373
969 751
970 850
971 983
972 1032
973 951
974 716
975 811
976 858
977 243
978 1118
979 408
980 523
981 186
982 815
983 400
984 693
985 587
986 679
987 21
988 565
989 1002
990 422
991 35
992 488
993 16
994 60
995 860
996 608
997 93
998 260
999 445
1000 990
1001 534
1002 356
1003 579
1004 308
1005 1068
1006 30
1007 816
1008 66
1009 859
1010 328
1011 891
1012 291
1013 441
1014 996
1015 325
1016 140
1017 491
1018 612
1019 659
1020 803
1021 912
1022 910
1023 158
1024 167
1025 312
1026 861
1027 848
1028 224
1029 953
1030 872
1031 1028
1032 202
1033 169
1034 515
1035 543
1036 1078
1037 1072
1038 919
1039 1121
1040 890
1041 1063
1042 289
1043 170
1044 999
1045 77
1046 1053
1047 1047
1048 984
1049 394
1050 187
1051 149
1052 1082
1053 354
1054 274
1055 643
1056 129
1057 601
1058 456
1059 1064
1060 214
1061 1119
1062 155
1063 637
1064 1109
1065 1089
1066 59
1067 104
1068 486
1069 754
1070 287
1071 779
1072 444
1073 122
1074 156
1075 717
1076 599
1077 13
1078 25
1079 26
1080 55
1081 943
1082 935
1083 957
1084 646
1085 621
1086 670
1087 686
1088 945
1089 280
1090 463
1091 41
1092 332
1093 674
1094 900
1095 630
1096 425
1097 414
1098 189
1099 1108
1100 298
1101 213
1102 322
1103 138
1104 438
1105 549
1106 501
1107 367
1108 32
1109 45
1110 1110
1111 958
1112 647
1113 283
1114 38
1115 627
1116 590
1117 555
1118 1088
1119 985
1120 905
1121 114
1122 975
1123 632
1124 728
1125 94
1126 793
1127 457
1128 562
1129 765
1130 776
1131 270
1132 702
