33 436
33 4
33 811
33 517
33 542
33 1077
33 7
33 1
33 729
33 477
33 725
33 428
33 17
33 824
33 1051
33 813
33 776
33 280
33 1088
33 382
33 596
33 880
33 45
33 77
33 326
33 749
33 482
33 100
33 900
33 1042
436 4
436 811
436 542
436 1077
436 7
436 1
436 729
436 477
436 428
436 1051
436 776
436 280
436 1088
436 596
436 45
436 792
436 560
436 721
436 906
436 78
436 447
436 718
4 811
4 542
4 1077
4 7
4 1
4 477
4 725
4 428
4 1051
4 776
4 280
4 1088
4 382
4 596
4 880
4 749
4 482
4 721
4 553
4 710
4 1010
4 478
4 717
4 53
4 701
4 1007
4 593
4 123
4 274
4 281
4 858
4 345
4 63
4 23
4 709
4 451
811 477
811 596
811 1007
811 432
811 815
811 1081
811 135
811 1017
811 395
811 13
811 305
811 855
811 679
811 991
811 550
811 537
811 1070
811 747
811 626
517 542
517 428
517 736
517 723
517 635
517 856
517 70
517 618
517 22
542 1077
542 7
542 428
542 1051
542 776
542 596
542 749
542 482
542 721
542 608
542 41
542 799
542 864
542 921
542 94
542 475
542 430
1077 1
1077 729
1077 428
1077 824
1077 1051
1077 280
1077 596
1077 482
1077 856
1077 361
1077 307
1077 803
1077 1034
1077 308
1077 177
1077 804
1077 265
1077 324
1077 653
1077 194
1077 695
1077 957
7 596
7 482
7 199
7 605
1 729
1 428
1 1051
1 382
1 596
1 45
1 900
1 1010
1 565
1 14
1 575
1 838
1 886
729 1051
729 45
729 900
729 721
729 1070
729 250
729 764
729 434
729 392
729 12
729 27
729 582
729 758
729 1069
729 354
729 1080
729 352
729 630
729 643
729 191
729 212
729 1064
729 568
729 775
729 169
729 1021
729 878
729 346
477 776
477 280
477 1088
477 596
477 77
477 749
477 701
477 736
477 159
477 473
477 296
477 336
477 741
477 615
477 986
477 1076
725 921
725 1022
725 934
725 76
725 748
725 536
725 200
725 83
725 315
725 128
725 1104
725 988
725 50
725 629
725 288
725 905
428 17
428 1051
428 776
428 596
428 45
428 482
428 701
428 537
428 856
428 838
428 905
428 1004
428 1066
428 632
428 654
428 570
428 1011
428 195
17 824
17 1051
17 45
17 560
17 721
17 608
17 886
17 434
17 12
17 212
17 1064
17 615
17 806
17 397
17 1117
17 744
17 490
17 353
17 1091
17 356
17 822
17 808
17 1109
17 34
17 1052
17 527
17 47
17 275
17 665
17 418
17 216
17 401
17 730
17 781
824 880
824 560
824 721
824 856
824 177
824 1064
824 356
824 1049
824 529
824 828
824 314
824 248
824 995
824 591
824 460
824 634
1051 45
1051 900
1051 560
1051 721
1051 451
1051 70
1051 575
1051 250
1051 212
1051 169
1051 878
1051 201
1051 316
1051 649
1051 724
1051 984
1051 952
1051 1098
1051 153
1051 150
1051 731
1051 540
1051 580
1051 614
1051 370
1051 393
1051 106
1051 357
1051 910
1051 1127
1051 19
1051 942
1051 1025
1051 71
1051 853
1051 829
1051 990
1051 505
1051 368
1051 662
1051 452
1051 11
813 45
813 721
813 758
813 700
813 337
813 1053
776 280
776 382
776 596
776 880
776 77
776 326
776 749
776 718
776 553
776 152
776 711
776 130
280 1088
280 749
280 718
280 1010
280 1070
280 799
280 475
280 630
280 986
280 314
280 659
280 450
280 1097
280 891
280 732
280 876
280 927
280 405
280 872
280 651
280 976
280 889
1088 596
1088 1010
1088 717
1088 281
1088 41
1088 838
1088 130
1088 732
1088 495
1088 1040
1088 318
1088 437
382 880
382 77
382 553
382 710
382 1010
382 1007
382 593
382 281
382 23
382 709
382 1081
382 1034
382 565
382 14
382 575
382 886
382 654
382 393
382 1127
382 71
382 700
382 976
382 982
382 1023
382 89
382 124
382 139
382 841
382 178
382 971
382 487
382 109
382 555
382 343
382 1013
382 852
382 95
382 44
382 1106
596 749
596 792
596 718
880 77
880 718
880 553
880 478
880 717
880 53
880 701
880 1007
880 281
880 23
880 608
880 653
880 336
880 741
880 536
880 781
880 984
880 580
880 711
880 450
880 889
880 1023
880 555
880 589
880 279
880 707
880 915
880 774
880 228
880 1058
880 208
880 530
880 172
880 282
880 1107
880 1114
880 86
880 180
880 533
880 924
880 1112
880 893
880 486
880 863
880 438
880 240
45 900
45 560
45 721
45 815
45 1070
45 250
45 764
45 434
45 12
45 758
45 1069
45 352
45 630
45 643
45 1064
45 1091
45 356
45 527
45 275
45 781
45 279
45 331
45 866
45 140
45 757
45 321
45 903
45 415
45 784
45 273
45 206
45 105
45 116
45 525
77 326
77 553
77 135
77 395
77 775
77 711
77 651
77 915
77 140
77 429
77 548
77 344
77 483
77 688
77 641
749 718
749 1070
749 475
749 265
749 314
749 450
749 891
749 927
749 651
749 86
749 922
749 779
749 865
749 74
482 721
482 781
482 732
482 893
482 364
482 270
100 128
100 389
100 667
100 883
100 251
100 888
100 298
100 805
900 721
900 274
900 418
900 649
900 984
900 150
900 731
900 19
900 505
900 360
900 959
900 87
900 222
900 481
900 882
900 387
900 168
900 184
900 173
900 20
900 898
1042 701
1042 23
1042 14
1042 654
1042 540
1042 495
1042 982
1042 178
1042 95
1042 480
1042 448
1042 571
1042 1068
1042 202
1042 211
1042 581
1042 218
1042 837
1042 253
1042 283
1042 734
792 974
560 721
560 630
560 822
721 709
721 1070
721 250
721 781
721 364
721 768
721 902
718 858
718 1097
718 732
718 872
718 495
718 109
718 530
718 86
718 448
718 299
718 1122
718 819
718 961
718 628
718 311
718 874
718 513
718 506
718 1072
553 1010
553 478
553 717
553 701
553 1007
553 281
553 345
553 575
553 886
553 711
553 889
553 982
553 1023
553 841
553 915
553 251
553 888
553 1068
553 1083
553 151
553 456
553 234
553 789
710 478
710 1007
710 593
710 274
710 23
710 709
710 451
710 815
710 575
710 654
710 580
710 1058
710 273
710 218
710 1083
710 151
710 442
710 754
710 584
710 1113
710 468
710 121
710 419
710 252
710 825
1010 1007
1010 593
1010 123
1010 281
1010 858
1010 23
1010 395
1010 430
1010 804
1010 565
1010 838
1010 336
1010 741
1010 634
1010 649
1010 1127
1010 927
1010 651
1010 982
1010 1023
1010 89
1010 841
1010 44
1010 589
1010 530
1010 1068
1010 211
1010 1072
1010 1083
1010 151
1010 789
1010 925
1010 330
1010 705
1010 90
1010 684
1010 603
1010 1084
1010 266
1010 785
1010 462
1010 810
1010 1008
478 53
478 701
478 281
478 921
478 14
478 575
478 336
478 654
478 982
478 172
478 641
478 888
478 1068
478 202
478 581
478 837
478 253
478 1083
478 151
478 456
478 684
478 810
478 267
478 588
478 602
478 981
478 476
478 163
478 682
478 260
478 49
478 1061
478 733
478 237
478 145
478 1128
478 391
478 198
478 141
478 897
478 143
478 877
478 801
478 466
478 771
478 309
478 1000
717 1007
717 450
717 889
717 208
717 863
717 3
53 345
53 741
53 1068
53 974
53 981
53 682
53 1045
53 627
53 601
53 167
53 870
53 708
53 547
53 999
53 1096
701 281
701 23
701 736
701 296
701 634
701 711
701 178
701 95
701 202
701 311
701 151
701 1113
701 877
701 702
701 909
701 119
701 660
701 417
701 666
701 496
701 911
701 142
701 55
701 375
1007 123
1007 345
1007 432
1007 815
1007 1081
1007 395
1007 305
1007 679
1007 550
1007 537
1007 747
1007 626
1007 41
1007 495
1007 1023
1007 863
1007 513
1007 1083
1007 603
1007 877
1007 1096
1007 621
1007 1119
1007 716
1007 423
1007 224
1007 26
1007 728
593 14
593 837
593 219
123 116
123 1068
123 825
123 821
274 23
274 709
274 451
274 856
274 22
274 308
274 575
274 1069
274 1021
274 828
274 731
274 540
274 393
274 1025
274 495
274 208
274 1114
274 273
274 641
274 360
274 481
274 882
274 184
274 20
274 898
274 299
274 584
274 468
274 733
274 338
274 817
274 1009
274 698
274 413
274 745
274 1116
274 1086
281 345
281 41
281 634
281 130
281 495
281 982
281 95
281 172
281 888
281 168
281 202
281 253
281 1083
281 825
281 925
281 1000
281 962
281 704
858 23
858 451
858 575
858 1013
858 208
858 924
858 253
858 734
858 1072
858 1083
858 252
858 925
858 574
858 18
858 578
858 648
858 189
858 75
858 239
345 41
345 1021
345 296
345 741
345 315
345 654
345 781
345 130
345 495
345 124
345 109
345 208
345 140
345 805
345 202
345 581
345 734
345 513
345 1113
345 419
345 825
345 771
345 999
345 348
345 794
345 652
345 1089
345 965
345 694
345 297
345 335
345 964
345 913
63 626
23 856
23 430
23 1064
23 1049
23 828
23 248
23 591
23 634
23 1058
23 805
23 480
23 571
23 202
23 819
23 1083
23 810
23 652
23 552
23 501
23 912
23 406
23 1082
23 400
709 451
709 575
709 1021
709 731
709 95
709 360
709 168
709 754
709 358
709 1100
451 70
451 575
451 1021
451 296
451 649
451 984
451 731
451 540
451 106
451 1127
451 942
451 1025
451 71
451 178
451 321
451 273
451 20
451 1068
451 581
451 754
451 121
451 733
451 145
451 1009
451 699
451 677
451 939
451 511
451 624
432 815
432 1081
432 395
432 305
432 855
432 679
432 537
432 626
432 1097
432 863
432 603
432 666
432 621
432 32
432 463
432 526
432 683
432 818
432 566
432 157
432 183
432 425
432 426
432 520
432 207
432 1002
815 1081
815 395
815 305
815 679
815 991
815 537
815 626
815 886
815 12
815 1064
815 201
815 393
815 555
815 863
815 866
815 513
815 603
815 1128
815 621
815 413
815 137
815 1126
815 245
815 740
815 849
815 373
815 233
815 52
1081 395
1081 305
1081 679
1081 537
1081 747
1081 626
1081 343
1081 863
1081 621
1081 224
1081 359
1081 606
1081 766
1081 384
135 520
1017 305
1017 550
1017 473
1017 437
1017 699
1017 520
1017 767
1017 379
1017 365
395 13
395 305
395 679
395 991
395 747
395 626
395 934
395 83
395 50
395 828
395 580
395 228
395 974
395 90
395 603
395 463
395 147
395 57
395 693
13 747
13 50
13 1119
13 463
13 332
13 919
13 796
13 514
305 855
305 550
305 537
305 626
305 803
305 863
305 425
305 520
305 332
305 1095
855 550
855 803
855 863
855 224
855 32
855 463
855 526
855 157
855 425
855 520
855 1095
855 402
855 985
855 867
855 289
679 537
679 747
679 626
679 863
679 805
679 925
679 621
679 750
991 651
991 863
991 866
991 224
991 520
991 245
991 740
991 15
991 532
991 554
991 518
550 537
550 803
550 863
550 603
550 224
550 699
550 520
550 767
550 1095
550 402
550 930
537 626
537 803
537 368
537 311
537 1113
537 621
537 728
537 704
537 1082
537 767
537 332
537 514
537 416
537 742
537 174
537 1028
537 1079
537 908
537 637
537 112
537 246
1070 799
1070 250
1070 354
1070 822
1070 808
1070 781
1070 732
1070 976
1070 893
1070 448
1070 151
1070 704
1070 849
1070 52
1070 339
1070 633
1070 1032
747 336
747 732
747 1119
747 423
747 796
747 402
747 276
626 934
626 1058
626 863
626 331
626 283
626 513
626 1072
626 456
626 330
626 603
626 141
626 142
626 621
626 1089
626 767
626 919
626 1095
626 402
626 674
626 977
626 329
626 134
626 604
626 371
626 115
626 569
626 975
736 307
736 296
736 44
736 530
736 785
736 810
736 999
736 666
736 911
736 578
736 400
736 112
736 179
736 54
736 549
736 461
736 107
736 165
723 199
723 1021
723 336
723 314
723 649
723 984
723 393
723 732
723 109
723 140
723 1082
723 57
723 693
723 171
723 410
723 367
723 963
723 1110
723 1118
723 573
635 1104
635 288
635 228
635 1083
635 358
635 830
635 225
635 73
635 132
635 572
635 616
856 608
856 921
856 575
856 354
856 352
856 1064
856 128
856 50
856 1049
856 828
856 314
856 248
856 591
856 460
856 732
856 228
856 208
856 805
856 974
856 506
856 141
856 552
856 1082
856 400
856 1110
856 500
856 98
856 1090
856 783
856 772
856 291
856 646
856 1120
856 138
856 595
856 158
856 983
70 128
70 984
70 387
70 666
70 1056
618 27
618 630
618 643
618 806
618 397
618 275
618 730
618 1049
618 952
618 202
618 946
22 575
22 1021
22 296
22 615
22 731
22 882
22 218
22 801
22 9
22 851
608 94
608 575
608 1069
608 630
608 169
608 806
608 275
608 529
608 649
608 208
608 1114
608 584
608 801
608 466
608 851
608 780
608 763
608 35
608 235
608 797
608 1085
608 519
41 804
41 336
41 1066
41 614
41 130
41 495
41 318
41 44
41 364
41 202
41 3
41 348
41 652
41 964
41 1118
41 381
41 950
41 1012
41 638
799 804
799 27
799 275
799 401
799 781
799 731
799 732
799 876
799 872
799 208
799 86
799 533
799 483
799 865
799 588
799 3
799 964
799 930
799 638
799 998
864 536
864 976
864 318
864 49
864 631
921 934
921 76
921 536
921 315
921 50
921 288
921 905
921 1068
921 1083
921 983
921 1108
94 1021
94 346
94 316
94 1098
94 370
94 942
94 853
94 368
94 11
94 415
94 20
94 898
94 143
94 466
94 554
94 65
94 831
94 58
94 1124
94 5
475 804
475 265
475 732
475 810
475 423
475 652
475 197
475 396
430 336
430 1049
430 291
361 308
361 316
361 1098
361 614
361 368
361 95
361 554
361 58
361 64
361 1055
361 340
307 177
307 652
307 912
307 502
307 904
307 535
803 863
803 331
803 141
803 621
803 1119
803 224
803 520
803 919
803 1095
803 904
803 535
803 973
803 538
803 186
803 516
803 687
803 263
1034 732
1034 343
1034 208
1034 330
1034 704
1034 845
1034 760
1034 322
1034 901
1034 943
308 654
308 731
308 95
308 240
308 1056
308 81
308 347
308 136
308 1027
308 926
177 1080
177 591
177 634
177 652
177 406
177 502
177 904
177 453
177 612
177 894
177 719
177 1067
177 820
177 440
177 37
177 230
804 695
804 159
804 986
804 1097
804 732
804 872
804 495
804 774
804 513
804 785
804 694
804 646
804 197
804 396
804 538
804 269
804 657
804 881
804 454
265 652
265 881
324 957
324 785
324 694
324 263
324 760
324 692
194 396
194 440
194 39
194 920
695 741
695 591
695 502
957 396
199 1021
199 473
199 984
199 915
199 172
199 1000
199 358
199 1118
199 797
199 290
199 715
605 283
605 705
565 1023
565 901
565 994
14 575
14 1021
14 741
14 1004
14 731
14 505
14 20
14 202
14 1000
14 379
14 443
575 1069
575 1021
575 878
575 1049
575 984
575 1098
575 150
575 731
575 540
575 580
575 614
575 370
575 393
575 1127
575 1025
575 71
575 829
575 990
575 505
575 711
575 405
575 178
575 95
575 1114
575 240
575 415
575 74
575 481
575 571
575 202
575 581
575 584
575 810
575 733
575 801
575 1096
575 666
575 1009
575 413
575 18
575 358
575 939
575 147
575 549
575 780
575 5
575 842
575 213
575 610
575 879
575 46
575 1062
575 680
575 769
575 1050
575 885
575 1099
838 336
838 986
838 1058
838 283
838 789
838 237
838 702
838 375
838 348
838 297
838 400
838 604
838 638
838 938
838 99
838 599
838 412
838 1037
838 149
838 449
838 759
838 935
838 372
838 972
838 223
838 782
838 304
886 1021
886 781
886 984
886 150
886 393
886 990
886 971
886 279
886 746
886 859
886 625
250 630
250 116
434 354
434 352
434 1064
434 781
434 1032
434 1120
434 166
12 582
12 630
12 1117
12 490
12 1091
12 356
12 808
12 216
12 730
12 172
12 893
12 202
12 151
12 300
12 386
27 630
27 1064
27 336
27 397
27 1117
27 356
27 275
27 730
27 1032
27 832
582 354
582 216
582 1120
582 166
758 337
758 1053
758 555
758 140
758 825
758 652
758 625
758 826
758 668
758 836
1069 169
1069 1021
1069 649
1069 1098
1069 731
1069 614
1069 370
1069 393
1069 1127
1069 1025
1069 71
1069 853
1069 208
1069 1114
1069 321
1069 779
1069 74
1069 299
1069 733
1069 338
1069 413
1069 18
1069 358
1069 699
1069 831
1069 213
1069 769
1069 388
1069 1039
1069 408
1069 697
1069 362
1069 510
354 352
354 630
354 1064
354 296
354 741
354 806
354 1091
354 828
354 1032
354 1120
354 1015
1080 370
1080 1116
1080 1100
1080 532
1080 230
1080 676
1080 1092
352 1064
352 822
352 1120
352 166
630 806
630 1117
630 490
630 353
630 356
630 822
630 808
630 34
630 527
630 275
630 418
630 216
630 730
630 781
630 732
630 525
630 1068
630 1032
630 98
630 1120
630 166
630 306
643 1117
643 490
643 353
643 356
643 822
643 34
643 527
643 418
643 98
191 971
191 140
191 903
191 480
191 571
191 151
191 423
191 179
191 549
191 499
191 1073
191 647
191 349
1064 275
1064 1049
1064 573
1064 1120
1064 689
1064 155
568 986
568 781
568 555
568 140
568 480
568 825
568 423
568 1094
568 932
568 712
775 1092
169 153
169 357
169 368
169 1114
169 18
169 58
169 680
169 769
169 1050
169 860
169 97
1021 986
1021 781
1021 649
1021 984
1021 731
1021 393
1021 106
1021 990
1021 1097
1021 318
1021 1114
1021 321
1021 273
1021 641
1021 779
1021 481
1021 168
1021 184
1021 423
1021 338
1021 413
1021 362
1021 210
878 150
878 360
878 842
878 610
346 649
346 370
346 20
346 466
346 1009
346 358
346 832
346 16
346 170
159 336
159 741
159 986
159 1066
159 876
159 525
159 448
159 964
159 157
159 329
159 381
159 845
159 901
159 1039
159 491
159 681
159 892
159 111
159 226
473 437
473 95
473 251
473 571
473 699
473 379
473 107
473 347
473 715
296 336
296 1025
296 876
296 863
296 18
296 32
296 783
336 741
336 934
336 1066
336 711
336 889
336 109
336 888
336 253
336 513
336 925
336 684
336 462
336 660
336 574
336 648
336 157
336 1002
336 381
336 950
336 186
336 223
336 155
336 69
336 1014
336 85
336 873
336 987
741 1104
741 1066
741 529
741 984
741 711
741 667
741 1068
741 734
741 825
741 260
741 391
741 897
741 26
741 694
741 400
741 566
741 57
741 1028
741 549
741 646
741 950
741 396
741 538
741 932
741 92
741 669
741 369
741 1018
741 600
741 979
615 1025
615 688
615 251
615 276
615 783
615 9
615 760
615 1015
615 586
615 125
615 727
986 1076
986 781
986 71
986 450
986 732
986 651
986 976
986 318
986 208
986 481
986 1068
986 1113
986 785
986 999
986 666
986 962
986 348
986 652
986 335
986 930
986 1118
986 381
986 638
986 972
986 669
1076 450
1076 889
1022 315
1022 128
934 748
934 536
934 83
934 315
934 128
934 1104
934 988
934 50
934 288
934 228
934 548
934 344
934 883
934 251
934 888
934 480
934 1068
934 202
934 311
934 1083
934 141
934 57
934 693
934 983
934 1050
934 310
934 546
934 469
934 788
76 748
76 315
76 288
76 1083
76 310
76 835
748 536
748 315
748 128
748 1104
748 50
748 288
748 251
748 1068
748 1083
748 151
748 1000
748 962
748 57
748 780
748 1108
748 1050
748 835
748 192
536 315
536 128
536 976
536 180
536 548
536 1068
536 588
536 141
536 870
536 708
536 999
536 57
536 631
536 1108
536 454
536 835
536 351
536 713
536 685
536 464
536 948
536 617
536 334
200 121
200 260
200 830
200 132
200 377
200 1129
200 1054
83 315
83 50
83 288
83 828
83 872
83 495
83 228
83 571
83 1083
83 90
83 684
83 909
83 983
83 1065
83 543
315 128
315 1104
315 988
315 50
315 288
315 828
315 659
315 976
315 805
315 1068
315 1083
315 1113
315 90
315 716
315 693
315 983
315 857
128 50
128 288
128 1049
128 976
128 888
128 1083
128 141
128 919
128 983
128 546
128 390
128 765
1104 288
1104 393
1104 121
1104 810
1104 983
1104 310
988 50
988 288
988 828
988 228
988 90
988 693
988 983
988 1094
988 469
988 857
50 288
50 1049
50 495
50 318
50 1083
50 1000
50 115
50 983
50 780
629 495
288 828
288 318
288 228
288 344
288 90
288 225
288 132
288 983
288 835
288 1065
288 857
288 765
288 953
288 350
288 342
905 456
905 141
905 547
905 631
905 1108
905 1087
905 531
905 204
905 215
905 424
905 227
1004 505
1066 872
1066 299
1066 819
1066 1113
1066 266
1066 462
1066 810
1066 702
1066 660
1066 574
1066 381
1066 950
1066 1039
632 1058
632 208
632 972
632 1073
632 892
654 1023
654 1068
654 202
654 581
654 350
654 544
570 1049
570 237
570 198
570 1050
570 372
570 1063
570 735
570 512
570 268
570 88
570 839
1011 821
1011 773
195 114
195 862
195 36
806 1049
806 828
806 460
806 519
397 275
397 984
397 952
397 1098
397 525
397 20
397 466
397 519
397 170
1117 882
1117 513
1117 1126
1117 454
1117 414
744 490
744 1091
744 356
744 1052
744 172
744 882
490 353
490 1091
490 356
490 34
490 527
490 976
490 525
490 98
353 356
353 418
353 781
353 584
353 849
1091 872
1091 1032
356 872
356 882
356 1032
356 98
356 155
808 245
1109 379
1109 519
34 525
34 98
275 730
275 781
275 984
275 952
275 1098
275 662
275 20
275 733
275 519
275 590
665 781
665 519
418 437
216 893
216 166
730 952
730 888
730 299
730 171
781 1097
781 876
781 872
781 495
781 533
781 140
781 784
781 116
781 1032
781 98
781 611
781 118
1049 828
1049 248
1049 591
1049 460
1049 634
1049 974
1049 442
1049 825
1049 588
1049 476
1049 1128
1049 367
1049 772
1049 291
1049 502
1049 535
1049 1067
1049 491
1049 979
1049 192
1049 713
1049 967
1049 739
1049 539
529 828
529 591
529 634
529 393
529 208
529 158
529 763
828 460
828 228
828 344
828 480
828 571
828 1083
828 121
828 90
828 1061
828 909
828 132
828 1120
828 983
828 780
828 543
828 342
828 278
314 1096
314 423
314 171
314 35
314 904
314 715
314 994
314 669
314 101
248 141
248 1082
248 291
248 998
248 539
995 1089
995 400
995 500
995 780
995 638
995 599
995 935
995 223
995 622
995 325
995 664
995 509
591 634
591 652
591 912
591 780
591 502
591 612
591 894
591 243
591 778
460 772
460 291
460 983
634 805
634 652
634 912
634 612
201 393
201 337
201 124
201 757
201 387
201 18
201 147
201 16
201 127
201 247
316 984
316 614
316 942
316 853
316 368
316 11
316 898
316 584
316 468
316 466
316 18
316 554
316 65
316 58
316 64
316 1055
316 340
316 127
649 984
649 614
649 1127
649 279
649 273
649 360
649 184
649 584
649 733
649 801
649 413
649 1050
649 69
649 256
724 555
724 1126
724 386
724 836
724 712
724 896
984 952
984 731
984 614
984 106
984 1127
984 942
984 71
984 505
984 662
984 872
984 279
984 208
984 1114
984 321
984 360
984 20
984 202
984 584
984 121
984 733
984 413
984 18
984 939
984 511
984 64
984 408
984 155
984 860
984 256
984 726
984 1003
984 770
952 614
952 942
952 662
952 321
952 20
952 733
952 1003
952 802
1098 614
1098 370
1098 393
1098 106
1098 942
1098 853
1098 368
1098 11
1098 20
1098 466
1098 1116
1098 985
1098 519
1098 58
1098 230
1098 213
1098 680
1098 860
1098 16
1098 127
1098 1003
1098 978
153 853
153 829
153 505
153 452
153 866
153 321
153 468
153 1050
153 1073
153 351
153 1003
153 534
153 522
153 777
150 370
150 368
150 95
150 172
150 240
150 202
150 699
150 549
150 5
150 347
150 842
150 213
150 610
150 46
150 1062
150 680
150 1094
150 559
150 0
731 540
731 393
731 505
731 732
731 852
731 1114
731 415
731 273
731 184
731 581
731 218
731 584
731 698
731 624
731 885
540 71
540 178
540 852
540 481
540 581
540 628
540 877
540 624
540 950
580 393
580 279
580 415
580 387
580 1068
580 90
580 909
580 147
580 983
580 474
614 370
614 106
614 910
614 1127
614 19
614 1025
614 71
614 829
614 990
614 505
614 732
614 178
614 279
614 282
614 1114
614 415
614 273
614 898
614 581
614 584
614 810
614 733
614 698
614 18
614 939
614 147
614 58
614 706
614 678
370 106
370 357
370 1127
370 19
370 942
370 853
370 829
370 990
370 368
370 11
370 1114
370 321
370 415
370 218
370 733
370 466
370 18
370 58
370 769
370 16
370 978
370 129
393 1127
393 1025
393 71
393 853
393 11
393 279
393 882
393 20
393 584
393 801
393 413
393 18
393 860
106 942
106 1025
106 829
106 20
106 121
106 733
106 511
106 230
106 16
357 942
357 368
357 1114
357 902
357 18
357 358
357 5
357 769
357 129
910 853
910 505
910 1000
910 5
1127 71
1127 732
1127 1114
1127 882
1127 584
1127 801
1127 1000
1127 375
1127 413
1127 18
1127 213
1127 832
1127 388
1127 16
19 942
19 853
19 368
19 321
19 466
19 780
19 362
19 16
19 770
19 129
942 1025
942 853
942 829
942 368
942 11
942 20
942 898
942 466
942 1116
942 939
942 572
942 16
942 129
942 720
942 341
942 941
1025 240
1025 866
1025 74
1025 121
1025 252
1025 1009
1025 939
1025 624
1025 1039
1025 720
1025 809
1025 154
71 318
71 279
71 1114
71 273
71 584
71 423
71 698
71 147
71 885
71 647
71 1094
853 829
853 505
853 368
853 452
853 11
853 321
853 468
853 466
853 554
853 65
853 58
853 213
853 16
853 1003
853 777
829 505
829 368
829 452
829 321
829 733
829 413
829 64
829 213
829 97
829 1003
829 777
829 120
990 452
990 318
990 273
990 379
990 549
990 127
990 341
505 1114
505 581
505 468
505 413
505 1032
505 780
505 64
505 230
505 443
505 1003
505 161
368 11
368 321
368 466
368 939
368 65
368 1124
368 885
368 1094
368 860
368 97
368 16
368 351
368 706
368 129
368 264
368 72
662 733
662 254
452 321
452 468
452 573
452 64
452 680
452 1003
452 777
11 65
11 58
11 342
11 672
11 110
700 52
700 171
700 408
700 96
337 151
337 52
337 668
337 836
337 1078
1053 1078
152 112
711 168
711 925
711 810
711 870
711 554
711 1032
711 780
711 686
130 495
130 172
130 888
130 734
130 877
130 1000
130 869
659 652
450 732
450 976
450 889
450 429
450 962
450 322
450 127
450 940
1097 889
1097 318
1097 109
1097 211
1097 819
1097 203
732 927
732 651
732 976
732 889
732 318
732 109
732 555
732 863
732 779
732 865
732 810
732 413
732 704
732 674
732 381
732 631
732 186
732 454
732 935
732 1094
732 669
732 42
732 113
732 579
732 62
732 82
732 241
876 785
876 494
927 1013
927 779
927 702
927 348
927 965
927 297
927 569
927 646
927 972
927 969
872 208
872 779
872 805
872 734
872 151
872 704
872 912
872 147
872 1032
872 381
872 719
872 657
872 454
872 892
872 69
872 85
872 597
872 493
872 488
872 954
651 716
651 578
651 794
651 964
651 1002
651 867
651 1090
651 987
651 607
651 848
976 318
976 865
976 448
976 821
976 57
976 631
976 1108
976 113
976 579
976 658
889 124
889 865
889 3
889 745
889 962
889 704
889 247
889 327
495 318
495 208
495 805
495 734
495 825
495 145
495 702
495 348
495 965
495 1082
495 32
495 426
495 381
495 638
495 594
1040 660
1040 780
1040 556
318 641
318 1068
318 603
318 141
318 26
318 348
318 57
318 638
318 1108
318 454
318 327
318 1105
318 229
318 613
437 810
437 699
437 379
437 38
982 1023
982 124
982 841
982 581
982 1083
1023 841
1023 1113
1023 877
1023 381
124 571
124 1008
124 145
124 962
124 985
124 573
124 127
124 940
124 420
124 40
139 865
841 971
841 240
841 825
841 423
841 1073
841 892
178 852
178 571
178 202
178 581
178 666
178 1009
178 422
971 865
971 481
971 219
971 669
109 95
109 208
109 211
109 253
109 819
109 381
109 1039
109 203
555 533
555 140
555 202
555 151
555 825
555 1126
555 712
555 146
555 284
555 807
555 28
343 208
343 384
343 158
343 760
343 901
343 759
343 586
343 622
343 431
343 623
343 1131
1013 805
1013 1083
1013 330
1013 142
1013 297
1013 646
1013 935
1013 670
1013 524
852 628
95 273
95 779
95 202
95 666
95 939
95 746
95 832
44 660
44 297
44 727
44 839
44 833
44 103
589 925
589 462
279 757
279 413
279 18
279 147
707 578
707 1090
707 1093
707 673
707 160
915 282
915 240
915 74
915 1026
774 785
774 396
228 344
228 974
228 147
228 830
228 225
228 983
228 92
228 310
228 640
228 59
1058 805
1058 734
1058 1083
1058 789
1058 1113
1058 419
1058 925
1058 330
1058 198
1058 702
1058 375
1058 348
1058 646
1058 149
1058 759
1058 223
1058 278
1058 827
208 638
208 901
208 681
208 892
208 669
208 148
208 989
530 513
530 810
530 877
530 381
530 926
530 881
530 82
530 241
530 1105
530 249
530 492
530 257
172 888
172 202
172 151
172 456
172 684
172 145
172 143
172 1000
172 821
172 1063
172 146
172 951
172 846
172 645
1107 151
1107 379
1107 349
1107 1046
1114 20
1114 602
1114 733
1114 1009
1114 413
1114 18
1114 699
1114 831
1114 58
1114 860
1114 545
86 1112
86 1072
86 810
86 702
86 239
86 297
86 181
180 548
180 202
180 49
180 1128
180 999
180 1096
180 297
180 1108
180 773
180 951
180 333
180 287
533 387
533 712
533 1030
924 1118
924 1090
924 848
924 1093
924 673
924 644
924 221
924 790
924 277
1112 684
1112 702
1112 119
1112 239
1112 646
1112 396
1112 599
1112 238
893 684
893 145
893 1032
893 386
893 712
486 283
863 621
863 1119
863 224
863 704
863 520
863 1095
438 151
438 52
240 480
240 1128
240 666
240 423
240 821
240 975
240 179
240 1108
240 499
240 351
240 948
331 520
331 767
331 332
331 796
331 115
866 321
140 105
140 819
140 825
140 1126
140 783
140 28
140 403
140 30
140 117
140 1102
140 996
140 899
140 133
321 20
321 466
321 519
321 1003
321 770
321 777
903 151
903 52
903 625
903 386
903 932
903 712
903 284
903 807
903 303
415 882
415 218
415 18
415 107
415 65
415 351
273 1096
273 978
105 52
105 117
116 364
116 722
525 1116
525 519
525 170
525 996
525 923
429 423
429 962
429 631
429 104
429 551
548 805
548 1068
548 202
548 682
548 1061
548 1128
548 141
548 143
548 167
548 870
548 423
548 26
548 821
548 57
548 975
548 963
548 595
548 631
548 351
548 713
548 948
548 617
548 773
548 0
548 551
548 567
548 1071
548 847
548 850
344 90
344 145
344 1096
344 549
344 983
344 647
483 571
483 183
483 1093
483 160
688 42
641 882
641 974
641 267
641 588
641 602
641 981
641 476
641 163
641 682
641 260
641 1128
641 413
641 358
641 10
641 458
641 378
641 592
641 917
641 585
641 761
641 558
922 480
922 752
779 74
779 364
779 448
779 1128
779 698
779 930
779 388
779 948
865 667
865 1073
865 544
865 966
865 444
865 609
74 338
74 698
74 411
364 283
364 789
364 810
364 375
364 348
364 965
364 297
364 674
364 569
364 367
364 449
364 590
364 494
364 524
364 722
270 999
270 818
389 667
389 883
389 286
389 816
667 883
667 888
667 480
667 444
883 480
883 573
883 846
883 193
883 380
883 843
883 231
883 1043
251 298
251 874
251 810
251 897
251 1000
251 694
251 669
251 369
251 727
251 739
251 941
251 1031
251 1033
251 441
888 698
888 297
888 1082
888 174
888 637
888 73
888 286
888 485
298 628
298 141
298 694
298 358
298 845
298 369
298 941
805 283
805 311
805 1083
805 789
805 925
805 810
805 167
805 702
805 52
805 750
805 1032
805 500
805 972
805 85
805 594
805 6
805 24
360 481
360 882
360 64
360 1003
87 433
222 481
222 387
222 173
222 532
222 210
481 882
481 387
481 168
481 184
481 468
481 423
481 338
481 1086
481 1094
481 210
481 931
882 184
882 218
882 733
882 801
882 698
882 413
882 1086
882 18
882 646
882 433
882 407
387 173
387 443
387 210
168 184
168 684
168 746
184 898
184 468
173 230
173 510
173 884
20 733
20 466
20 780
20 519
20 65
20 1124
20 230
20 1003
898 468
480 571
480 1068
480 202
480 581
480 151
480 476
480 702
480 666
480 219
480 975
480 179
480 235
480 826
448 266
448 810
448 381
448 669
448 722
448 756
571 202
571 218
571 283
571 476
571 666
571 142
571 219
571 179
571 1090
571 127
571 594
1068 588
1068 981
1068 682
1068 1061
1068 1128
1068 141
1068 627
1068 547
1068 26
1068 821
1068 57
1068 179
1068 1108
1068 192
1068 617
1068 917
1068 761
1068 380
1068 1057
202 581
202 218
202 837
202 121
202 684
202 588
202 476
202 733
202 870
202 666
202 821
202 694
202 1082
202 699
202 1126
202 867
202 1032
202 179
202 549
202 73
202 1090
202 1056
202 842
202 449
202 1087
202 645
202 790
202 68
202 1019
211 1083
211 925
211 785
211 694
211 516
211 760
211 692
211 203
211 84
211 383
211 814
581 666
581 1032
581 179
581 885
581 8
218 1100
218 926
218 1043
837 456
837 981
837 167
837 219
837 358
837 147
837 896
837 854
253 1083
253 423
253 1012
253 904
253 715
253 372
283 734
283 299
283 1083
283 925
283 426
283 549
283 1118
283 783
283 9
283 590
283 1005
283 302
283 214
283 479
283 823
283 661
734 1083
734 1113
734 419
734 449
734 590
734 103
734 187
734 465
974 234
974 121
974 90
974 267
974 602
974 476
974 163
974 1061
974 1128
974 999
974 909
974 985
974 595
974 983
974 780
974 543
974 551
974 10
974 458
974 378
974 592
974 558
974 1043
974 955
974 1059
974 312
768 722
902 801
902 18
902 16
299 702
299 1082
299 1126
299 569
299 171
299 1090
299 646
299 935
299 1039
299 61
1122 874
819 925
819 266
819 877
819 660
819 367
961 456
961 631
961 1087
961 215
961 227
961 1006
961 762
961 993
961 323
961 642
961 655
961 262
628 574
628 381
628 845
311 1113
311 174
311 812
874 252
874 669
874 1132
874 255
513 925
513 1118
513 881
513 1073
513 69
513 685
513 1105
513 524
513 790
506 1089
506 400
506 500
506 638
506 599
506 1037
506 935
506 622
506 182
506 67
506 871
506 394
1072 145
1072 379
1072 604
1072 646
1072 780
1072 623
1072 421
1083 456
1083 789
1083 419
1083 925
1083 90
1083 877
1083 702
1083 693
1083 983
1083 546
1083 278
1083 951
1083 214
1083 258
151 456
151 234
151 825
151 145
151 771
151 909
151 358
151 1126
151 52
151 379
151 1032
151 746
151 625
151 386
151 155
151 932
151 712
151 807
151 30
151 949
151 755
151 751
151 467
456 1061
456 145
456 877
456 627
456 870
456 1096
456 358
456 699
456 179
456 963
456 950
456 631
456 1108
456 192
456 351
456 531
456 204
456 424
456 1063
456 380
456 655
456 262
456 656
456 144
234 981
234 909
234 10
234 378
234 558
789 330
789 810
789 375
789 348
789 750
789 165
789 85
789 1063
789 622
789 68
789 232
442 416
442 669
442 739
754 584
754 939
584 801
584 817
584 809
1113 728
1113 1082
1113 174
1113 54
1113 929
468 1116
468 777
121 939
419 330
419 278
419 421
419 232
825 358
825 699
825 1126
825 52
825 1032
825 832
825 836
825 1073
825 647
825 932
825 278
825 807
825 133
825 313
825 271
825 29
925 330
925 684
925 145
925 702
925 935
925 181
925 302
925 394
925 232
330 348
330 763
330 421
705 198
705 119
705 687
705 238
90 909
90 147
90 543
684 810
684 400
684 604
684 617
603 423
603 226
266 237
785 810
785 897
785 309
785 119
785 496
785 423
785 652
785 694
785 538
785 516
785 263
785 760
785 269
785 692
785 1054
785 238
785 1111
785 868
785 1048
785 285
785 1029
462 423
462 574
462 381
462 923
462 738
462 175
810 1061
810 733
810 237
810 999
810 652
810 400
810 381
810 638
810 769
810 372
810 972
810 1018
810 1063
810 268
810 937
810 960
1008 759
1008 940
1008 420
267 588
267 602
267 163
267 260
267 534
267 997
588 602
588 981
588 476
588 163
588 682
588 260
588 1128
588 999
588 57
588 963
588 1108
588 617
588 534
588 458
588 592
602 981
602 476
602 163
602 682
602 260
602 780
602 831
602 534
602 458
602 955
602 795
981 476
981 682
981 260
981 57
981 551
476 163
476 682
476 260
476 1128
476 627
476 167
476 179
476 780
476 534
476 809
476 378
476 592
476 558
476 312
163 682
163 260
163 1128
163 713
163 534
163 458
163 558
682 260
682 57
682 617
260 1108
260 312
49 141
49 1000
49 1108
49 420
49 951
49 458
49 751
1061 141
1061 870
1061 999
1061 26
1061 821
1061 975
1061 963
1061 595
1061 454
1061 192
1061 713
1061 948
1061 773
1061 0
1061 940
1061 551
1061 567
1061 1071
1061 847
1061 850
1061 928
733 18
733 519
733 351
733 770
733 777
733 254
237 660
237 297
237 149
237 512
237 422
237 431
237 887
145 604
145 103
145 286
145 394
145 176
1128 413
1128 962
1128 57
1128 617
1128 592
1128 917
1128 585
1128 761
1128 1057
1128 997
1128 470
1128 56
1128 620
198 372
198 512
198 268
198 278
198 103
198 79
141 870
141 547
141 821
141 1082
141 57
141 975
141 963
141 595
141 192
141 1087
141 204
141 424
141 227
141 773
141 458
141 592
141 323
141 642
141 751
141 793
141 185
897 496
897 694
897 358
143 773
143 993
143 751
143 997
877 158
877 681
877 431
877 656
801 1056
801 235
466 817
466 1116
466 519
466 16
466 170
466 120
466 254
466 164
771 821
771 149
771 380
771 457
771 489
309 358
309 549
309 780
309 210
309 868
1000 821
1000 983
1000 1039
1000 844
3 423
1045 627
1045 601
1045 334
627 601
627 870
627 708
627 963
627 617
627 127
627 319
627 523
601 167
601 1062
601 351
601 334
601 127
601 193
601 1043
167 870
167 708
167 26
167 821
167 1108
167 69
167 713
167 948
167 951
167 592
870 708
870 999
870 26
870 821
870 975
870 179
870 713
870 0
870 592
870 1059
870 2
708 115
708 963
708 243
547 999
547 963
547 631
547 192
547 713
547 1087
547 204
547 323
999 963
999 631
999 192
999 551
999 620
1096 821
1096 544
702 348
702 919
702 977
702 604
702 171
702 646
702 938
702 972
702 69
702 594
702 24
909 983
909 640
119 694
119 760
119 1063
119 238
660 426
660 174
660 973
660 839
660 205
660 786
417 964
417 207
417 867
417 1090
417 869
417 673
666 179
666 1056
666 127
496 687
911 578
911 1118
911 1090
911 848
911 755
911 1024
142 935
142 261
375 224
375 759
375 494
375 431
375 302
1119 463
1119 767
1119 919
1119 796
1119 514
1119 532
1119 181
1119 644
1119 1043
1119 108
1119 636
1119 446
423 652
423 964
423 930
423 179
423 461
423 1118
423 881
423 127
423 494
423 551
423 966
423 756
423 1035
423 399
224 520
224 606
224 384
224 767
224 1095
26 773
26 592
26 193
26 259
728 263
728 954
728 846
728 231
728 823
728 929
728 43
728 840
219 179
219 1073
219 254
219 854
821 358
821 57
821 115
821 975
821 963
821 595
821 920
821 1073
821 192
821 713
821 948
821 227
821 773
821 0
821 551
821 567
821 1071
821 847
821 850
821 2
338 155
1009 413
698 379
698 963
698 351
698 948
413 885
413 363
745 704
745 443
1116 532
1116 519
1116 16
1116 170
1116 1078
1116 923
962 704
962 57
962 371
962 544
962 127
962 940
962 40
574 648
574 239
574 913
574 646
574 950
574 638
18 358
18 58
18 842
18 860
18 433
578 32
578 526
578 183
578 426
578 1090
578 241
578 848
578 1024
578 445
189 965
75 335
75 334
239 767
239 919
239 604
239 972
239 509
239 146
239 182
239 503
348 1089
348 965
348 750
348 638
348 938
348 599
348 1037
348 149
348 972
348 223
348 647
348 24
348 126
348 639
348 25
794 426
794 1090
794 1073
652 912
652 780
652 396
652 904
652 535
652 453
652 612
652 894
652 719
652 1067
652 226
652 873
652 488
652 376
652 1103
652 690
1089 750
1089 638
1089 599
1089 935
965 590
965 494
965 126
694 358
694 84
297 165
297 904
297 881
297 85
297 431
297 1035
297 956
297 557
335 491
335 681
335 431
335 1131
335 176
335 1130
335 933
335 800
964 677
964 526
964 426
964 207
964 1002
964 867
964 276
964 1118
964 1090
964 114
964 673
964 1019
964 786
964 399
964 122
964 1036
964 162
964 156
964 791
964 409
964 861
964 1001
913 881
552 969
552 844
552 126
552 236
912 904
912 719
912 1067
912 820
912 778
912 488
912 1103
912 508
406 549
406 502
1082 174
1082 171
1082 715
1082 669
1082 739
1082 753
1082 242
400 358
400 699
400 171
400 638
400 599
400 935
400 622
400 325
400 597
400 871
400 639
358 1126
358 963
358 73
358 983
358 1050
358 146
358 485
358 823
358 271
358 875
358 292
699 767
699 379
699 416
699 203
699 146
677 867
677 549
677 114
677 869
677 673
677 714
939 97
32 425
32 1118
32 987
32 160
32 445
32 122
32 328
463 566
463 520
463 796
463 114
463 790
526 425
526 207
526 661
526 786
526 1024
526 122
526 564
683 1090
818 566
818 157
818 1118
818 1090
818 160
818 755
818 916
566 425
566 836
566 42
566 117
566 755
566 1024
566 916
157 1002
157 1118
157 1090
157 223
157 155
157 1014
157 987
157 1093
157 576
157 455
183 160
183 644
183 786
425 426
425 207
425 1002
425 740
425 606
425 384
425 742
425 1090
425 186
425 987
425 221
425 786
425 503
425 162
425 328
425 1016
425 743
425 577
425 970
426 207
426 171
426 1090
426 987
426 790
426 277
426 786
426 791
520 796
520 1095
520 973
207 867
207 783
207 114
207 673
207 1019
207 786
207 122
207 156
207 564
1002 1090
1002 114
1002 861
1002 1075
1002 196
1126 52
1126 836
1126 349
1126 712
1126 30
1126 899
1126 945
245 740
740 606
740 532
740 742
740 186
740 881
740 743
52 625
52 349
52 712
52 1078
52 30
52 117
52 899
52 562
359 887
606 186
606 743
766 384
766 491
766 967
766 887
766 1123
384 681
384 1035
384 1044
767 332
767 919
767 796
767 134
767 371
767 500
767 186
767 617
379 171
379 715
379 610
379 935
379 969
379 488
147 693
147 983
147 1099
57 171
57 963
57 192
57 713
57 617
57 420
57 592
57 917
57 761
57 1057
57 470
57 598
693 983
693 543
693 350
332 514
332 1079
919 514
919 532
919 115
919 500
919 186
919 458
919 993
919 636
796 514
796 402
796 186
796 727
796 839
514 416
514 369
514 598
985 16
985 127
985 940
985 420
985 40
985 10
985 558
985 193
985 1043
985 523
985 374
867 1090
867 114
867 869
867 673
867 714
289 31
750 664
554 1032
554 65
554 58
554 64
554 1055
554 340
554 146
416 246
416 780
416 669
416 739
416 557
742 186
174 112
174 461
174 138
174 739
174 954
174 220
1028 780
637 246
637 73
637 286
637 485
637 497
112 171
112 739
112 954
246 73
246 816
339 182
633 722
1032 599
1032 362
1032 1073
1032 69
1032 613
1032 439
276 760
276 114
977 1125
604 182
604 471
569 171
569 126
975 963
975 351
975 713
975 948
975 773
975 420
975 1071
975 850
179 73
179 235
179 347
179 1073
179 987
179 469
179 714
549 235
549 842
549 987
549 469
461 1120
461 220
461 190
171 367
171 1090
171 646
171 935
171 739
171 241
171 613
171 787
367 739
963 595
963 631
963 351
963 713
963 948
963 617
963 773
963 0
963 551
963 567
963 1071
963 847
963 850
1110 646
1110 223
1110 827
1110 60
1110 958
1118 1090
1118 783
1118 987
1118 848
1118 160
1118 644
1118 221
1118 1005
1118 445
1118 696
573 65
573 1073
573 127
573 420
573 40
573 846
573 126
573 484
830 983
225 983
225 546
225 469
73 286
73 816
73 485
73 497
132 350
572 968
616 846
616 286
616 485
616 497
616 944
616 48
500 646
500 780
500 638
500 599
500 935
500 1039
500 622
1090 780
1090 935
1090 987
1090 611
1090 869
1090 848
1090 673
1090 160
1090 644
1090 221
1090 755
1090 786
1090 1024
1090 861
783 241
783 848
783 576
772 291
772 923
646 396
646 1037
646 935
646 421
646 958
1120 166
595 1124
595 713
595 773
595 0
595 567
595 1071
595 847
595 850
158 760
158 759
158 656
158 176
983 92
983 640
780 904
780 535
780 845
780 1037
780 759
780 386
780 979
780 42
780 287
780 378
780 244
780 1121
780 936
780 320
780 295
763 524
235 499
797 114
519 170
519 1003
519 1078
381 223
381 1039
381 155
381 491
381 1014
381 620
950 715
950 104
1012 242
1012 209
638 599
638 412
638 1037
638 935
638 1073
638 622
638 325
638 509
638 597
638 67
638 871
638 394
638 421
638 472
998 972
631 1108
631 192
631 617
631 1087
631 531
631 424
631 227
631 773
631 1006
631 655
631 262
631 144
1108 192
1108 351
1108 713
1108 1087
1108 531
1108 215
1108 655
65 58
65 1124
65 885
65 351
65 761
65 980
831 860
831 204
831 91
831 907
58 64
58 1055
58 340
58 769
58 860
1124 351
5 342
5 777
197 396
396 904
396 453
396 894
396 599
396 873
396 979
396 350
396 814
396 394
396 875
396 696
396 663
64 340
64 1003
64 777
1055 351
1055 342
1055 271
340 945
502 612
502 894
904 453
904 269
904 350
904 989
535 453
538 238
186 743
516 692
516 383
516 793
687 238
263 760
263 954
263 1111
263 918
263 427
845 901
845 1035
760 84
760 868
760 793
760 675
760 131
760 507
760 1060
760 834
322 800
901 491
901 148
347 366
453 857
612 894
612 1103
719 488
1067 1039
440 920
230 443
230 676
269 238
454 617
454 951
692 238
692 383
692 1048
692 793
692 918
920 857
920 690
715 1039
842 213
842 610
842 46
842 1062
213 610
610 46
680 978
680 777
680 559
769 860
769 129
1050 935
1050 243
1050 978
885 97
885 16
885 127
1099 66
99 827
599 1037
599 935
599 622
599 325
599 509
1037 622
1037 394
149 372
149 512
149 658
149 103
149 887
449 465
449 164
449 217
449 1047
449 583
759 827
935 782
935 1039
935 622
935 509
935 232
935 60
372 226
372 512
372 88
372 79
372 834
972 979
223 155
223 1014
223 528
782 1074
304 844
625 712
625 303
386 896
386 146
386 404
836 712
836 117
836 562
362 1020
1073 1094
1073 16
1073 111
1073 226
1073 1035
1073 445
1073 244
647 551
349 712
155 1014
155 827
155 960
1094 551
932 66
712 650
860 97
860 777
210 127
210 706
16 706
16 154
16 72
170 1078
170 133
170 164
170 459
491 431
681 431
681 51
111 978
226 127
69 1024
69 992
1014 839
1014 1093
1014 205
1014 576
1014 455
1014 970
1014 515
85 658
85 827
85 421
85 639
987 241
987 160
987 328
987 576
987 515
92 469
92 377
92 1129
92 640
669 645
669 609
669 598
369 941
600 457
600 1038
979 182
727 113
310 1043
835 857
192 531
192 215
192 424
192 1006
192 762
192 655
192 262
192 751
192 185
192 895
351 713
351 948
351 617
351 559
351 120
713 948
713 773
713 0
713 567
713 1071
713 847
713 850
713 928
464 334
464 997
464 523
464 259
948 951
617 773
617 655
617 470
617 56
617 620
334 937
334 523
334 259
1054 488
543 1059
390 720
342 271
1087 215
1087 227
1087 642
1087 655
531 204
531 215
531 227
531 978
531 655
204 215
204 227
204 1006
204 655
215 227
215 655
227 1006
227 91
1063 238
268 88
88 113
773 127
773 0
773 567
773 1071
773 847
773 850
114 869
114 673
114 122
114 409
114 861
114 1001
114 196
114 798
590 214
590 465
967 1123
739 941
739 954
739 220
739 914
539 778
101 272
622 325
622 394
325 597
325 960
325 472
664 394
664 703
509 597
243 997
778 558
127 940
127 420
127 40
127 551
1003 777
978 777
534 567
534 458
534 378
534 761
534 955
0 567
0 1071
0 847
0 850
720 840
720 244
720 936
720 918
720 504
341 940
941 816
941 48
161 8
254 1101
686 1026
869 673
869 156
869 714
869 992
940 420
940 40
42 755
42 916
113 103
62 658
241 607
241 1093
241 160
969 844
597 871
597 394
597 190
493 827
954 220
848 644
848 790
848 564
848 398
556 696
613 997
420 40
420 1043
40 355
146 951
146 639
146 498
146 587
146 435
284 807
284 303
431 176
1093 328
1093 455
1093 970
1093 515
673 714
673 196
673 515
160 328
160 916
160 970
160 515
827 302
148 221
989 644
989 221
989 277
989 84
989 563
951 671
846 231
846 929
846 840
645 457
645 489
645 598
333 997
333 671
644 221
644 790
644 563
221 563
790 277
790 328
790 576
790 385
30 541
899 459
551 737
567 1071
567 847
567 850
1071 847
1071 850
847 850
10 378
10 558
10 955
458 928
458 93
378 558
378 231
585 761
585 1057
585 997
585 470
585 56
585 620
585 25
761 1057
761 997
761 470
761 620
558 383
558 955
966 947
444 609
609 190
286 485
286 48
193 1043
193 374
231 441
231 43
231 840
231 244
231 936
1043 523
1043 259
1033 840
1033 244
1033 936
1033 918
1033 504
485 497
485 944
485 48
756 293
1057 470
1057 620
68 528
1019 399
84 156
383 793
1005 696
214 317
479 25
479 188
823 929
823 840
465 164
465 217
1006 762
1006 262
762 993
993 751
182 871
421 232
755 786
755 1024
755 916
751 185
751 484
751 895
656 619
868 675
868 834
997 470
997 620
887 691
176 1121
470 620
470 521
164 217
457 598
489 598
844 126
523 259
786 1024
786 861
786 970
786 563
261 691
108 1115
1035 1044
1035 21
43 840
43 244
43 936
43 504
840 244
840 936
840 320
840 504
126 80
1130 800
1130 1121
800 1121
156 102
791 992
861 196
875 936
875 918
328 576
328 455
328 970
328 515
455 970
455 515
970 515
196 563
220 1041
48 504
244 936
244 320
244 918
244 504
936 320
936 918
936 504
320 504
472 561
918 427
675 834
675 301
217 890
1047 583
51 294
515 563
294 294
