0 1071
1 962
2 117
3 87
4 7
5 167
6 641
7 260
8 1063
9 784
10 716
11 560
12 1014
13 29
14 1027
15 552
16 800
17 572
18 504
19 473
20 2
21 72
22 530
23 801
24 380
25 510
26 1029
27 377
28 1132
29 60
30 686
31 866
32 928
33 611
34 11
35 340
36 550
37 484
38 298
39 227
40 439
41 791
42 333
43 413
44 1043
45 280
46 452
47 283
48 1028
49 810
50 696
51 803
52 1088
53 788
54 417
55 1036
56 30
57 190
58 138
59 835
60 471
61 957
62 713
63 860
64 1090
65 605
66 263
67 116
68 995
69 837
70 57
71 644
72 853
73 522
74 228
75 102
76 1081
77 130
78 812
79 449
80 1048
81 858
82 941
83 456
84 46
85 203
86 44
87 222
88 1118
89 705
90 354
91 278
92 1054
93 434
94 240
95 892
96 236
97 937
98 233
99 901
100 181
101 817
102 224
103 214
104 119
105 446
106 881
107 1030
108 896
109 825
110 279
111 394
112 422
113 620
114 701
115 790
116 836
117 951
118 226
119 526
120 591
121 358
122 108
123 191
124 221
125 710
126 217
127 511
128 1130
129 765
130 799
131 924
132 968
133 831
134 70
135 984
136 529
137 1093
138 378
139 1100
140 873
141 771
142 225
143 768
144 600
145 384
146 908
147 746
148 583
149 867
150 249
151 204
152 187
153 313
154 540
155 642
156 944
157 987
158 563
159 149
160 36
161 1117
162 774
163 729
164 147
165 478
166 113
167 1020
168 352
169 32
170 1018
171 465
172 542
173 479
174 830
175 863
176 362
177 775
178 392
179 561
180 1039
181 936
182 259
183 577
184 942
185 864
186 47
187 129
188 887
189 93
190 483
191 590
192 750
193 610
194 827
195 809
196 698
197 393
198 967
199 34
200 17
201 180
202 564
203 371
204 625
205 680
206 1047
207 269
208 535
209 715
210 918
211 681
212 107
213 500
214 334
215 779
216 1084
217 585
218 655
219 162
220 1131
221 649
222 472
223 714
224 660
225 492
226 286
227 624
228 647
229 1094
230 579
231 1061
232 110
233 546
234 1046
235 125
236 74
237 654
238 906
239 186
240 861
241 706
242 264
243 142
244 304
245 88
246 71
247 1005
248 337
249 1015
250 123
251 612
252 141
253 731
254 569
255 457
256 94
257 816
258 766
259 350
260 128
261 342
262 365
263 1034
264 926
265 782
266 1037
267 453
268 946
269 531
270 311
271 574
272 244
273 843
274 428
275 598
276 419
277 276
278 355
279 33
280 950
281 724
282 246
283 1065
284 789
285 257
286 897
287 639
288 665
289 416
290 627
291 59
292 1032
293 523
294 121
295 81
296 92
297 958
298 120
299 385
300 493
301 629
302 154
303 997
304 1105
305 656
306 1010
307 977
308 856
309 347
310 403
311 619
312 821
313 250
314 234
315 317
316 721
317 139
318 1072
319 1073
320 290
321 369
322 1031
323 161
324 372
325 895
326 621
327 811
328 854
329 676
330 267
331 184
332 1068
333 101
334 1120
335 709
336 230
337 179
338 496
339 903
340 495
341 176
342 851
343 1101
344 3
345 773
346 923
347 414
348 885
349 159
350 1074
351 1125
352 1089
353 622
354 592
355 949
356 764
357 956
358 886
359 359
360 539
361 820
362 1096
363 969
364 850
365 648
366 219
367 1024
368 76
369 1016
370 82
371 538
372 596
373 514
374 376
375 135
376 909
377 808
378 168
379 857
380 859
381 661
382 174
383 332
384 1127
385 700
386 1011
387 679
388 1038
389 435
390 344
391 281
392 602
393 785
394 169
395 920
396 575
397 634
398 543
399 534
400 474
401 823
402 513
403 291
404 829
405 200
406 671
407 212
408 343
409 608
410 349
411 309
412 464
413 597
414 65
415 307
416 518
417 137
418 633
419 488
420 751
421 287
422 198
423 1057
424 917
425 617
426 63
427 490
428 549
429 834
430 1128
431 720
432 512
433 171
434 630
435 1123
436 999
437 146
438 717
439 132
440 960
441 990
442 666
443 833
444 631
445 237
446 548
447 730
448 506
449 940
450 868
451 991
452 406
453 1080
454 315
455 215
456 462
457 491
458 469
459 557
460 188
461 324
462 609
463 712
464 1002
465 1115
466 757
467 848
468 594
469 1114
470 1069
471 684
472 497
473 776
474 525
475 1040
476 163
477 13
478 932
479 112
480 411
481 305
482 576
483 919
484 330
485 862
486 156
487 1025
488 745
489 306
490 489
491 229
492 391
493 1042
494 970
495 599
496 912
497 1116
498 476
499 451
500 396
501 685
502 869
503 814
504 532
505 303
506 832
507 893
508 948
509 974
510 258
511 26
512 157
513 503
514 35
515 294
516 1099
517 390
518 238
519 389
520 1086
521 327
522 838
523 463
524 1102
525 1004
526 711
527 9
528 704
529 345
530 466
531 899
532 516
533 871
534 781
535 201
536 177
537 976
538 952
539 615
540 374
541 653
542 628
543 1111
544 90
545 707
546 601
547 1021
548 567
549 213
550 285
551 445
552 669
553 1013
554 6
555 989
556 39
557 783
558 826
559 929
560 955
561 134
562 1012
563 943
564 77
565 1033
566 528
567 314
568 786
569 677
570 699
571 521
572 312
573 444
574 447
575 882
576 693
577 761
578 43
579 807
580 207
581 1053
582 262
583 96
584 1095
585 1104
586 844
587 1077
588 136
589 455
590 386
591 275
592 981
593 626
594 670
595 650
596 193
597 1112
598 197
599 299
600 760
601 664
602 695
603 277
604 429
605 268
606 153
607 558
608 37
609 559
610 398
611 719
612 245
613 458
614 986
615 367
616 331
617 430
618 100
619 432
620 295
621 253
622 1079
623 1060
624 395
625 778
626 502
627 845
628 99
629 21
630 554
631 206
632 272
633 673
634 640
635 25
636 151
637 45
638 880
639 175
640 124
641 164
642 152
643 69
644 931
645 54
646 872
647 841
648 170
649 947
650 182
651 963
652 1108
653 296
654 536
655 10
656 792
657 420
658 189
659 657
660 1009
661 55
662 587
663 735
664 884
665 907
666 770
667 356
668 1041
669 297
670 672
671 689
672 891
673 663
674 1050
675 727
676 288
677 382
678 86
679 798
680 691
681 589
682 842
683 103
684 748
685 1097
686 16
687 4
688 1058
689 271
690 68
691 613
692 683
693 527
694 265
695 15
696 366
697 824
698 741
699 1083
700 282
701 769
702 351
703 758
704 749
705 247
706 1119
707 658
708 921
709 888
710 668
711 732
712 266
713 144
714 1023
715 433
716 409
717 381
718 988
719 877
720 232
721 405
722 323
723 890
724 623
725 66
726 104
727 27
728 725
729 481
730 846
731 172
732 209
733 1122
734 804
735 423
736 370
737 915
738 387
739 753
740 223
741 975
742 341
743 570
744 477
745 994
746 482
747 442
748 682
749 972
750 448
751 293
752 210
753 905
754 373
755 1045
756 289
757 992
758 852
759 818
760 1022
761 348
762 541
763 436
764 454
765 320
766 632
767 1066
768 636
769 52
770 83
771 475
772 614
773 412
774 24
775 346
776 321
777 802
778 793
779 971
780 499
781 762
782 674
783 40
784 759
785 1121
786 254
787 1110
788 980
789 687
790 794
791 325
792 1019
793 509
794 607
795 1062
796 131
797 914
798 360
799 978
800 1000
801 42
802 736
803 553
804 718
805 780
806 106
807 1107
808 847
809 58
810 22
811 402
812 722
813 28
814 468
815 1059
816 486
817 606
818 19
819 1078
820 450
821 328
822 562
823 505
824 194
825 231
826 772
827 635
828 1092
829 939
830 959
831 996
832 400
833 91
834 1044
835 876
836 485
837 904
838 1007
839 441
840 111
841 555
842 1
843 235
844 487
845 424
846 767
847 1076
848 659
849 900
850 822
851 875
852 89
853 51
854 218
855 953
856 652
857 1103
858 945
859 12
860 326
861 140
862 195
863 604
864 545
865 805
866 840
867 302
868 922
869 637
870 401
871 353
872 31
873 440
874 205
875 202
876 1106
877 588
878 593
879 533
880 410
881 95
882 150
883 966
884 53
885 1008
886 1087
887 216
888 498
889 270
890 839
891 578
892 1006
893 603
894 165
895 50
896 5
897 520
898 925
899 723
900 1098
901 248
902 256
903 160
904 1056
905 133
906 734
907 651
908 56
909 427
910 743
911 742
912 261
913 982
914 0
915 1035
916 870
917 143
918 815
919 678
920 338
921 148
922 934
923 819
924 910
925 292
926 329
927 618
928 251
929 1064
930 127
931 667
932 241
933 797
934 586
935 726
936 1085
937 273
938 255
939 865
940 675
941 916
942 965
943 185
944 993
945 85
946 568
947 438
948 1049
949 192
950 310
951 318
952 105
953 126
954 938
955 61
956 690
957 806
958 694
959 252
960 443
961 754
962 80
963 64
964 388
965 1026
966 467
967 98
968 515
969 692
970 14
971 961
972 460
973 426
974 849
975 733
976 122
977 308
978 979
979 211
980 1003
981 1129
982 274
983 935
984 913
985 1075
986 697
987 883
988 813
989 584
990 556
991 335
992 879
993 461
994 196
995 118
996 407
997 300
998 415
999 728
1000 930
1001 1124
1002 517
1003 368
1004 418
1005 336
1006 524
1007 688
1008 828
1009 1091
1010 425
1011 383
1012 1067
1013 397
1014 23
1015 97
1016 48
1017 703
1018 208
1019 363
1020 985
1021 616
1022 738
1023 964
1024 1126
1025 1109
1026 158
1027 933
1028 301
1029 115
1030 199
1031 316
1032 777
1033 1051
1034 581
1035 547
1036 1070
1037 38
1038 1017
1039 220
1040 41
1041 62
1042 1055
1043 787
1044 404
1045 744
1046 878
1047 755
1048 361
1049 75
1050 537
1051 155
1052 582
1053 763
1054 983
1055 114
1056 242
1057 18
1058 166
1059 322
1060 795
1061 408
1062 84
1063 855
1064 544
1065 20
1066 379
1067 431
1068 580
1069 8
1070 1052
1071 49
1072 357
1073 565
1074 480
1075 874
1076 645
1077 507
1078 756
1079 646
1080 662
1081 319
1082 109
1083 375
1084 364
1085 973
1086 145
1087 78
1088 796
1089 571
1090 1082
1091 954
1092 178
1093 740
1094 911
1095 79
1096 898
1097 437
1098 494
1099 173
1100 566
1101 67
1102 752
1103 243
1104 459
1105 73
1106 183
1107 702
1108 902
1109 927
1110 1113
1111 284
1112 894
1113 508
1114 638
1115 421
1116 998
1117 501
1118 1001
1119 339
1120 889
1121 239
1122 708
1123 595
1124 643
1125 519
1126 470
1127 551
1128 747
1129 737
1130 573
1131 399
1132 739
