0 418
1 978
2 709
3 248
4 835
5 43
6 908
7 231
8 650
9 126
10 384
11 694
12 309
13 8
14 535
15 607
16 217
17 691
18 834
19 900
20 693
21 139
22 516
23 354
24 862
25 167
26 204
27 1080
28 369
29 628
30 1027
31 657
32 135
33 510
34 921
35 313
36 211
37 814
38 322
39 1014
40 637
41 133
42 200
43 87
44 29
45 376
46 1016
47 326
48 821
49 1124
50 257
51 242
52 342
53 670
54 743
55 482
56 120
57 373
58 1129
59 491
60 438
61 225
62 518
63 1118
64 218
65 811
66 881
67 379
68 479
69 155
70 253
71 638
72 485
73 40
74 680
75 478
76 616
77 828
78 244
79 324
80 1012
81 1107
82 351
83 20
84 567
85 131
86 589
87 79
88 968
89 805
90 1127
91 433
92 243
93 734
94 256
95 422
96 744
97 827
98 3
99 157
100 366
101 507
102 876
103 919
104 1088
105 597
106 276
107 1008
108 300
109 1103
110 625
111 1015
112 1091
113 56
114 707
115 536
116 146
117 174
118 203
119 473
120 887
121 906
122 464
123 330
124 601
125 86
126 419
127 758
128 335
129 439
130 938
131 23
132 238
133 761
134 471
135 815
136 831
137 1125
138 291
139 1132
140 130
141 392
142 381
143 557
144 1063
145 844
146 346
147 88
148 539
149 661
150 718
151 1053
152 59
153 221
154 149
155 469
156 937
157 10
158 868
159 199
160 292
161 104
162 352
163 327
164 849
165 206
166 974
167 905
168 859
169 314
170 1043
171 462
172 268
173 848
174 82
175 1075
176 927
177 404
178 778
179 901
180 198
181 819
182 1097
183 953
184 449
185 634
186 706
187 540
188 526
189 548
190 837
191 915
192 112
193 966
194 426
195 556
196 797
197 588
198 800
199 1064
200 302
201 1007
202 863
203 951
204 822
205 429
206 766
207 53
208 212
209 1128
210 341
211 66
212 466
213 301
214 931
215 427
216 930
217 578
218 928
219 252
220 519
221 353
222 150
223 599
224 779
225 319
226 208
227 484
228 281
229 1030
230 866
231 30
232 289
233 477
234 241
235 704
236 662
237 49
238 807
239 840
240 406
241 321
242 512
243 610
244 759
245 523
246 501
247 730
248 865
249 738
250 590
251 877
252 441
253 676
254 579
255 273
256 116
257 983
258 614
259 762
260 440
261 334
262 645
263 191
264 303
265 958
266 993
267 728
268 605
269 461
270 869
271 1039
272 796
273 183
274 776
275 572
276 39
277 409
278 586
279 1113
280 673
281 833
282 249
283 270
284 362
285 829
286 750
287 470
288 386
289 239
290 861
291 910
292 1033
293 194
294 633
295 140
296 320
297 1112
298 385
299 25
300 145
301 783
302 529
303 630
304 7
305 1077
306 860
307 1095
308 94
309 18
310 1057
311 854
312 357
313 690
314 1102
315 660
316 553
317 340
318 132
319 260
320 576
321 498
322 374
323 632
324 627
325 105
326 994
327 1073
328 432
329 1089
330 538
331 220
332 701
333 791
334 402
335 830
336 626
337 1046
338 799
339 47
340 36
341 883
342 773
343 368
344 907
345 768
346 909
347 932
348 771
349 1056
350 388
351 190
352 271
353 622
354 892
355 497
356 210
357 899
358 1040
359 156
360 51
361 1082
362 890
363 367
364 45
365 573
366 32
367 904
368 58
369 789
370 793
371 617
372 608
373 631
374 1018
375 653
376 772
377 110
378 1037
379 488
380 1100
381 580
382 669
383 496
384 364
385 193
386 447
387 344
388 84
389 679
390 1034
391 42
392 83
393 247
394 98
395 841
396 1105
397 505
398 806
399 323
400 802
401 809
402 686
403 682
404 984
405 649
406 207
407 197
408 1098
409 28
410 786
411 977
412 1048
413 128
414 995
415 460
416 985
417 154
418 522
419 946
420 355
421 123
422 1041
423 560
424 158
425 582
426 832
427 939
428 266
429 587
430 975
431 988
432 1019
433 920
434 472
435 857
436 515
437 729
438 233
439 296
440 1108
441 1122
442 412
443 315
444 756
445 989
446 159
447 1054
448 689
449 969
450 85
451 1121
452 547
453 377
454 102
455 394
456 16
457 278
458 1024
459 914
460 361
461 359
462 280
463 108
464 22
465 26
466 781
467 423
468 971
469 254
470 917
471 202
472 723
473 514
474 310
475 882
476 111
477 1061
478 68
479 581
480 711
481 442
482 1081
483 61
484 446
485 448
486 1038
487 674
488 188
489 264
490 528
491 502
492 430
493 103
494 504
495 428
496 780
497 160
498 375
499 6
500 408
501 245
502 1051
503 636
504 922
505 318
506 533
507 14
508 1049
509 525
510 619
511 1025
512 717
513 136
514 269
515 113
516 1069
517 41
518 558
519 746
520 13
521 1066
522 234
523 93
524 1093
525 63
526 12
527 816
528 563
529 275
530 414
531 956
532 236
533 44
534 1047
535 615
536 884
537 888
538 54
539 1013
540 486
541 235
542 595
543 652
544 664
545 606
546 148
547 698
548 751
549 795
550 1086
551 624
552 902
553 365
554 942
555 134
556 643
557 603
558 1083
559 189
560 986
561 621
562 64
563 856
564 173
565 457
566 317
567 99
568 115
569 33
570 97
571 279
572 508
573 765
574 240
575 741
576 500
577 137
578 550
579 316
580 979
581 1094
582 620
583 214
584 692
585 1
586 349
587 170
588 476
589 838
590 513
591 50
592 387
593 372
594 945
595 612
596 456
597 642
598 169
599 107
600 561
601 961
602 874
603 1059
604 78
605 996
606 973
607 141
608 31
609 916
610 997
611 383
612 948
613 1032
614 258
615 520
616 725
617 847
618 95
619 788
620 474
621 1055
622 172
623 413
624 363
625 699
626 957
627 284
628 826
629 480
630 785
631 424
632 774
633 294
634 96
635 360
636 592
637 527
638 19
639 1126
640 348
641 593
642 436
643 760
644 255
645 67
646 991
647 867
648 1131
649 89
650 1092
651 570
652 490
653 543
654 992
655 399
656 594
657 864
658 1005
659 554
660 755
661 38
662 237
663 737
664 551
665 967
666 532
667 147
668 641
669 65
670 1023
671 184
672 228
673 475
674 817
675 575
676 1074
677 549
678 48
679 611
680 274
681 350
682 223
683 950
684 499
685 180
686 325
687 665
688 754
689 695
690 775
691 719
692 398
693 846
694 21
695 329
696 465
697 495
698 635
699 1017
700 1035
701 52
702 659
703 224
704 347
705 185
706 852
707 803
708 1085
709 288
710 1110
711 1078
712 696
713 537
714 1119
715 299
716 328
717 73
718 752
719 1022
720 732
721 598
722 1111
723 712
724 179
725 656
726 668
727 663
728 164
729 293
730 509
731 163
732 450
733 1052
734 391
735 770
736 753
737 511
738 836
739 747
740 697
741 119
742 72
743 739
744 571
745 683
746 790
747 295
748 941
749 913
750 745
751 1021
752 1028
753 487
754 962
755 716
756 618
757 121
758 117
759 777
760 878
761 463
762 685
763 530
764 886
765 453
766 542
767 740
768 708
769 251
770 489
771 69
772 897
773 782
774 990
775 283
776 584
777 970
778 445
779 287
780 118
781 1090
782 600
783 230
784 1020
785 1003
786 769
787 263
788 521
789 282
790 517
791 820
792 726
793 55
794 839
795 178
796 731
797 955
798 812
799 142
800 1050
801 176
802 998
803 794
804 305
805 934
806 358
807 853
808 891
809 748
810 493
811 808
812 651
813 1042
814 1071
815 411
816 918
817 74
818 1065
819 267
820 467
821 262
822 229
823 583
824 1130
825 943
826 345
827 421
828 672
829 503
830 987
831 80
832 658
833 893
834 77
835 201
836 405
837 437
838 1101
839 420
840 454
841 929
842 209
843 109
844 629
845 165
846 960
847 959
848 655
849 506
850 250
851 75
852 858
853 850
854 9
855 11
856 227
857 1123
858 851
859 541
860 151
861 585
862 285
863 935
864 226
865 818
866 976
867 337
868 1045
869 648
870 954
871 559
872 896
873 232
874 787
875 1070
876 138
877 37
878 613
879 1068
880 162
881 1006
882 871
883 125
884 784
885 1029
886 143
887 0
888 602
889 565
890 667
891 4
892 27
893 70
894 763
895 92
896 933
897 666
898 1106
899 736
900 687
901 647
902 331
903 727
904 415
905 566
906 1058
907 417
908 720
909 444
910 903
911 339
912 435
913 982
914 965
915 371
916 1109
917 596
918 60
919 552
920 823
921 216
922 382
923 101
924 609
925 434
926 397
927 378
928 936
929 980
930 688
931 272
932 459
933 569
934 749
935 912
936 722
937 654
938 924
939 192
940 742
941 544
942 34
943 545
944 1004
945 798
946 181
947 129
948 494
949 425
950 703
951 171
952 684
953 91
954 999
955 1079
956 390
957 286
958 222
959 964
960 308
961 261
962 468
963 312
964 1117
965 124
966 845
967 911
968 813
969 455
970 644
971 175
972 393
973 885
974 71
975 196
976 889
977 675
978 1096
979 721
980 127
981 1087
982 735
983 15
984 604
985 1011
986 1036
987 715
988 681
989 166
990 144
991 1067
992 810
993 1076
994 161
995 205
996 76
997 182
998 555
999 1114
1000 370
1001 700
1002 311
1003 705
1004 804
1005 259
1006 416
1007 219
1008 62
1009 546
1010 825
1011 17
1012 757
1013 925
1014 677
1015 640
1016 577
1017 431
1018 855
1019 195
1020 623
1021 410
1022 534
1023 1104
1024 564
1025 343
1026 213
1027 400
1028 792
1029 298
1030 277
1031 114
1032 451
1033 879
1034 452
1035 407
1036 396
1037 389
1038 106
1039 639
1040 1060
1041 724
1042 923
1043 733
1044 46
1045 1001
1046 290
1047 483
1048 873
1049 801
1050 492
1051 710
1052 304
1053 947
1054 898
1055 981
1056 186
1057 443
1058 57
1059 177
1060 1010
1061 646
1062 403
1063 1116
1064 1002
1065 1072
1066 949
1067 1084
1068 944
1069 2
1070 187
1071 100
1072 678
1073 1099
1074 1044
1075 297
1076 824
1077 215
1078 531
1079 875
1080 872
1081 246
1082 122
1083 458
1084 524
1085 356
1086 1026
1087 1031
1088 767
1089 880
1090 81
1091 153
1092 338
1093 336
1094 591
1095 972
1096 562
1097 963
1098 894
1099 895
1100 1009
1101 1120
1102 332
1103 940
1104 842
1105 714
1106 35
1107 307
1108 152
1109 1000
1110 24
1111 702
1112 481
1113 568
1114 574
1115 1115
1116 5
1117 90
1118 870
1119 265
1120 380
1121 713
1122 306
1123 395
1124 764
1125 926
1126 1062
1127 333
1128 671
1129 401
1130 843
1131 952
1132 168
