0 128
1 3
2 1016
3 75
4 769
5 702
6 744
7 106
8 293
9 143
10 1063
11 887
12 953
13 970
14 179
15 452
16 851
17 1132
18 852
19 198
20 207
21 1019
22 255
23 239
24 481
25 565
26 40
27 5
28 1061
29 1104
30 966
31 41
32 669
33 627
34 155
35 1092
36 981
37 582
38 637
39 176
40 247
41 1129
42 703
43 459
44 960
45 317
46 936
47 827
48 1103
49 288
50 825
51 101
52 363
53 1030
54 195
55 302
56 201
57 929
58 766
59 832
60 483
61 619
62 96
63 720
64 108
65 1059
66 275
67 518
68 263
69 600
70 934
71 635
72 137
73 218
74 211
75 532
76 494
77 508
78 2
79 1072
80 1096
81 433
82 756
83 1013
84 573
85 1112
86 648
87 415
88 251
89 273
90 145
91 475
92 63
93 279
94 88
95 952
96 199
97 511
98 448
99 746
100 969
101 424
102 530
103 808
104 927
105 604
106 711
107 14
108 57
109 147
110 1062
111 300
112 741
113 1001
114 734
115 501
116 1087
117 1005
118 757
119 896
120 521
121 378
122 997
123 802
124 346
125 485
126 192
127 1090
128 132
129 569
130 1084
131 124
132 910
133 722
134 971
135 221
136 301
137 242
138 422
139 904
140 51
141 187
142 764
143 98
144 248
145 185
146 1021
147 657
148 919
149 175
150 330
151 369
152 527
153 558
154 50
155 762
156 220
157 356
158 140
159 753
160 431
161 512
162 515
163 568
164 977
165 1067
166 49
167 707
168 1119
169 478
170 497
171 36
172 719
173 996
174 1053
175 77
176 595
177 366
178 381
179 523
180 358
181 755
182 875
183 458
184 360
185 394
186 631
187 752
188 725
189 274
190 788
191 150
192 578
193 276
194 382
195 954
196 636
197 1034
198 847
199 1045
200 364
201 602
202 259
203 811
204 8
205 674
206 500
207 609
208 917
209 292
210 492
211 149
212 1051
213 751
214 1038
215 257
216 775
217 779
218 1025
219 295
220 938
221 157
222 68
223 1131
224 758
225 925
226 728
227 362
228 548
229 341
230 767
231 784
232 1099
233 939
234 311
235 1064
236 528
237 241
238 705
239 196
240 447
241 839
242 587
243 677
244 359
245 81
246 119
247 332
248 488
249 379
250 880
251 694
252 986
253 182
254 557
255 745
256 347
257 564
258 838
259 710
260 210
261 853
262 427
263 333
264 835
265 1111
266 768
267 920
268 991
269 136
270 510
271 660
272 730
273 105
274 1124
275 765
276 283
277 699
278 450
279 467
280 580
281 22
282 879
283 371
284 230
285 868
286 278
287 566
288 605
289 219
290 845
291 749
292 773
293 197
294 217
295 975
296 995
297 430
298 146
299 814
300 167
301 841
302 911
303 1031
304 52
305 964
306 623
307 1100
308 148
309 463
310 803
311 432
312 526
313 17
314 384
315 393
316 334
317 671
318 312
319 110
320 141
321 159
322 227
323 160
324 28
325 1056
326 987
327 1012
328 244
329 156
330 781
331 95
332 1122
333 940
334 574
335 796
336 770
337 1097
338 540
339 419
340 554
341 1011
342 12
343 260
344 111
345 392
346 24
347 844
348 1083
349 603
350 1043
351 641
352 309
353 576
354 26
355 836
356 1022
357 687
358 73
359 449
360 471
361 598
362 200
363 921
364 543
365 171
366 988
367 1091
368 616
369 168
370 884
371 942
372 400
373 0
374 127
375 743
376 27
377 793
378 428
379 667
380 436
381 477
382 658
383 863
384 444
385 908
386 120
387 877
388 122
389 87
390 321
391 709
392 1101
393 435
394 693
395 873
396 524
397 184
398 818
399 442
400 965
401 654
402 704
403 859
404 491
405 1055
406 438
407 43
408 597
409 738
410 575
411 638
412 581
413 229
414 895
415 912
416 583
417 161
418 97
419 1017
420 401
421 131
422 406
423 1093
424 695
425 1080
426 258
427 102
428 905
429 455
430 74
431 950
432 352
433 420
434 998
435 499
436 151
437 961
438 712
439 612
440 689
441 1102
442 414
443 840
444 240
445 289
446 520
447 65
448 941
449 163
450 61
451 584
452 505
453 948
454 542
455 306
456 205
457 792
458 417
459 504
460 533
461 606
462 472
463 901
464 372
465 614
466 661
467 547
468 254
469 1089
470 1057
471 771
472 1118
473 675
474 824
475 331
476 855
477 591
478 1116
479 866
480 344
481 1077
482 112
483 407
484 935
485 194
486 898
487 437
488 625
489 607
490 58
491 15
492 640
493 313
494 489
495 314
496 335
497 897
498 857
499 509
500 209
501 656
502 272
503 601
504 1079
505 11
506 735
507 506
508 304
509 1041
510 830
511 594
512 299
513 787
514 79
515 718
516 361
517 440
518 1081
519 25
520 685
521 267
522 70
523 31
524 684
525 391
526 968
527 649
528 336
529 376
530 425
531 976
532 519
533 152
534 800
535 706
536 222
537 729
538 39
539 869
540 849
541 795
542 529
543 473
544 772
545 867
546 1107
547 632
548 398
549 1110
550 322
551 572
552 486
553 246
554 166
555 94
556 1048
557 983
558 418
559 586
560 324
561 126
562 805
563 234
564 1068
565 329
566 387
567 354
568 233
569 249
570 974
571 389
572 570
573 691
574 611
575 956
576 1128
577 1028
578 487
579 29
580 864
581 409
582 89
583 894
584 915
585 655
586 337
587 193
588 82
589 30
590 83
591 513
592 807
593 93
594 62
595 261
596 1000
597 323
598 750
599 134
600 559
601 367
602 647
603 291
604 9
605 579
606 652
607 236
608 434
609 308
610 885
611 1015
612 620
613 53
614 633
615 608
616 228
617 1052
618 831
619 186
620 1023
621 535
622 453
623 1008
624 742
625 284
626 1098
627 388
628 716
629 538
630 562
631 351
632 763
633 592
634 624
635 522
636 1024
637 906
638 646
639 13
640 902
641 1123
642 739
643 412
644 490
645 495
646 951
647 482
648 1010
649 810
650 464
651 71
652 552
653 1042
654 1007
655 679
656 585
657 169
658 1121
659 682
660 69
661 1002
662 1105
663 899
664 349
665 474
666 142
667 514
668 310
669 1082
670 799
671 1106
672 949
673 456
674 100
675 994
676 791
677 154
678 328
679 815
680 979
681 628
682 561
683 162
684 181
685 1066
686 266
687 287
688 243
689 213
690 498
691 1108
692 130
693 516
694 622
695 858
696 874
697 271
698 1065
699 812
700 202
701 618
702 571
703 913
704 170
705 708
706 326
707 386
708 563
709 945
710 280
711 423
712 659
713 109
714 496
715 546
716 121
717 626
718 982
719 539
720 225
721 861
722 932
723 681
724 1130
725 7
726 1049
727 315
728 66
729 208
730 854
731 891
732 1032
733 560
734 402
735 590
736 589
737 340
738 697
739 153
740 556
741 828
742 180
743 203
744 809
745 723
746 411
747 870
748 118
749 133
750 794
751 502
752 37
753 55
754 733
755 1074
756 439
757 1095
758 395
759 798
760 80
761 396
762 778
763 834
764 923
765 676
766 924
767 373
768 269
769 549
770 596
771 1058
772 1050
773 916
774 1014
775 848
776 480
777 846
778 303
779 224
780 882
781 630
782 56
783 615
784 54
785 930
786 461
787 426
788 190
789 408
790 962
791 316
792 183
793 1054
794 21
795 462
796 890
797 862
798 20
799 785
800 35
801 48
802 469
803 829
804 1120
805 345
806 1009
807 577
808 1044
809 754
810 165
811 826
812 822
813 215
814 1018
815 1127
816 774
817 42
818 404
819 931
820 231
821 507
822 610
823 4
824 740
825 454
826 265
827 253
828 525
829 823
830 876
831 107
832 114
833 806
834 1088
835 91
836 553
837 690
838 978
839 443
840 216
841 445
842 19
843 252
844 724
845 1040
846 777
847 837
848 819
849 377
850 907
851 801
852 790
853 226
854 701
855 786
856 262
857 325
858 85
859 503
860 1126
861 1046
862 18
863 665
864 1076
865 865
866 653
867 64
868 776
869 860
870 666
871 250
872 1
873 672
874 116
875 1086
876 1003
877 928
878 413
879 943
880 238
881 957
882 319
883 782
884 410
885 850
886 878
887 178
888 645
889 642
890 747
891 1114
892 1006
893 78
894 305
895 698
896 1035
897 60
898 380
899 644
900 1069
901 1115
902 789
903 748
904 909
905 1036
906 680
907 223
908 1125
909 268
910 38
911 985
912 173
913 457
914 713
915 714
916 816
917 158
918 759
919 1117
920 191
921 980
922 731
923 466
924 903
925 664
926 541
927 355
928 959
929 446
930 476
931 99
932 264
933 993
934 783
935 370
936 715
937 1073
938 717
939 353
940 1070
941 761
942 343
943 817
944 760
945 1020
946 922
947 1071
948 692
949 339
950 517
951 700
952 350
953 736
954 468
955 886
956 307
957 72
958 967
959 673
960 296
961 914
962 797
963 46
964 281
965 164
966 204
967 537
968 403
969 668
970 1075
971 172
972 365
973 237
974 113
975 881
976 1029
977 144
978 737
979 872
980 958
981 599
982 990
983 650
984 342
985 421
986 177
987 92
988 189
989 889
990 390
991 348
992 104
993 338
994 188
995 688
996 470
997 212
998 937
999 1094
1000 813
1001 947
1002 298
1003 534
1004 297
1005 1060
1006 989
1007 926
1008 1027
1009 129
1010 984
1011 86
1012 1037
1013 617
1014 1078
1015 368
1016 465
1017 45
1018 117
1019 375
1020 123
1021 34
1022 76
1023 206
1024 621
1025 1113
1026 282
1027 103
1028 856
1029 16
1030 270
1031 820
1032 639
1033 531
1034 59
1035 67
1036 696
1037 374
1038 84
1039 214
1040 1033
1041 804
1042 235
1043 1004
1044 245
1045 405
1046 536
1047 47
1048 972
1049 933
1050 732
1051 318
1052 780
1053 999
1054 843
1055 593
1056 135
1057 397
1058 944
1059 871
1060 678
1061 429
1062 662
1063 6
1064 385
1065 821
1066 10
1067 125
1068 643
1069 174
1070 842
1071 256
1072 883
1073 1047
1074 955
1075 479
1076 290
1077 963
1078 23
1079 285
1080 550
1081 139
1082 484
1083 294
1084 651
1085 232
1086 686
1087 286
1088 44
1089 320
1090 683
1091 327
1092 727
1093 416
1094 441
1095 33
1096 726
1097 918
1098 138
1099 277
1100 670
1101 1039
1102 555
1103 115
1104 973
1105 888
1106 1085
1107 588
1108 663
1109 544
1110 545
1111 892
1112 900
1113 1026
1114 992
1115 833
1116 357
1117 90
1118 567
1119 493
1120 634
1121 613
1122 629
1123 383
1124 1109
1125 721
1126 946
1127 551
1128 451
1129 460
1130 32
1131 399
1132 893
