0 33
1 436
2 4
3 811
4 517
5 542
6 1077
7 7
8 1
9 729
10 477
11 725
12 428
13 17
14 824
15 1051
16 813
17 776
18 280
19 1088
20 382
21 596
22 880
23 45
24 77
25 326
26 749
27 482
28 100
29 900
30 1042
31 792
32 560
33 721
34 906
35 78
36 447
37 718
38 553
39 710
40 1010
41 478
42 717
43 53
44 701
45 1007
46 593
47 123
48 274
49 281
50 858
51 345
52 63
53 23
54 709
55 451
56 432
57 815
58 1081
59 135
60 1017
61 395
62 13
63 305
64 855
65 679
66 991
67 550
68 537
69 1070
70 747
71 626
72 736
73 723
74 635
75 856
76 70
77 618
78 22
79 608
80 41
81 799
82 864
83 921
84 94
85 475
86 430
87 361
88 307
89 803
90 1034
91 308
92 177
93 804
94 265
95 324
96 653
97 194
98 695
99 957
100 199
101 605
102 565
103 14
104 575
105 838
106 886
107 250
108 764
109 434
110 392
111 12
112 27
113 582
114 758
115 1069
116 354
117 1080
118 352
119 630
120 643
121 191
122 212
123 1064
124 568
125 775
126 169
127 1021
128 878
129 346
130 159
131 473
132 296
133 336
134 741
135 615
136 986
137 1076
138 1022
139 934
140 76
141 748
142 536
143 200
144 83
145 315
146 128
147 1104
148 988
149 50
150 629
151 288
152 905
153 1004
154 1066
155 632
156 654
157 570
158 1011
159 195
160 806
161 397
162 1117
163 744
164 490
165 353
166 1091
167 356
168 822
169 808
170 1109
171 34
172 1052
173 527
174 47
175 275
176 665
177 418
178 216
179 401
180 730
181 781
182 1049
183 529
184 828
185 314
186 248
187 995
188 591
189 460
190 634
191 201
192 316
193 649
194 724
195 984
196 952
197 1098
198 153
199 150
200 731
201 540
202 580
203 614
204 370
205 393
206 106
207 357
208 910
209 1127
210 19
211 942
212 1025
213 71
214 853
215 829
216 990
217 505
218 368
219 662
220 452
221 11
222 700
223 337
224 1053
225 152
226 711
227 130
228 659
229 450
230 1097
231 891
232 732
233 876
234 927
235 405
236 872
237 651
238 976
239 889
240 495
241 1040
242 318
243 437
244 982
245 1023
246 89
247 124
248 139
249 841
250 178
251 971
252 487
253 109
254 555
255 343
256 1013
257 852
258 95
259 44
260 1106
261 589
262 279
263 707
264 915
265 774
266 228
267 1058
268 208
269 530
270 172
271 282
272 1107
273 1114
274 86
275 180
276 533
277 924
278 1112
279 893
280 486
281 863
282 438
283 240
284 331
285 866
286 140
287 757
288 321
289 903
290 415
291 784
292 273
293 206
294 105
295 116
296 525
297 429
298 548
299 344
300 483
301 688
302 641
303 922
304 779
305 865
306 74
307 364
308 270
309 389
310 667
311 883
312 251
313 888
314 298
315 805
316 360
317 959
318 87
319 222
320 481
321 882
322 387
323 168
324 184
325 173
326 20
327 898
328 480
329 448
330 571
331 1068
332 202
333 211
334 581
335 218
336 837
337 253
338 283
339 734
340 974
341 768
342 902
343 299
344 1122
345 819
346 961
347 628
348 311
349 874
350 513
351 506
352 1072
353 1083
354 151
355 456
356 234
357 789
358 442
359 754
360 584
361 1113
362 468
363 121
364 419
365 252
366 825
367 925
368 330
369 705
370 90
371 684
372 603
373 1084
374 266
375 785
376 462
377 810
378 1008
379 267
380 588
381 602
382 981
383 476
384 163
385 682
386 260
387 49
388 1061
389 733
390 237
391 145
392 1128
393 391
394 198
395 141
396 897
397 143
398 877
399 801
400 466
401 771
402 309
403 1000
404 3
405 1045
406 627
407 601
408 167
409 870
410 708
411 547
412 999
413 1096
414 702
415 909
416 119
417 660
418 417
419 666
420 496
421 911
422 142
423 55
424 375
425 621
426 1119
427 716
428 423
429 224
430 26
431 728
432 219
433 821
434 338
435 817
436 1009
437 698
438 413
439 745
440 1116
441 1086
442 962
443 704
444 574
445 18
446 578
447 648
448 189
449 75
450 239
451 348
452 794
453 652
454 1089
455 965
456 694
457 297
458 335
459 964
460 913
461 552
462 501
463 912
464 406
465 1082
466 400
467 358
468 1100
469 699
470 677
471 939
472 511
473 624
474 32
475 463
476 526
477 683
478 818
479 566
480 157
481 183
482 425
483 426
484 520
485 207
486 1002
487 137
488 1126
489 245
490 740
491 849
492 373
493 233
494 52
495 359
496 606
497 766
498 384
499 767
500 379
501 365
502 147
503 57
504 693
505 332
506 919
507 796
508 514
509 1095
510 402
511 985
512 867
513 289
514 750
515 15
516 532
517 554
518 518
519 930
520 416
521 742
522 174
523 1028
524 1079
525 908
526 637
527 112
528 246
529 339
530 633
531 1032
532 276
533 674
534 977
535 329
536 134
537 604
538 371
539 115
540 569
541 975
542 179
543 54
544 549
545 461
546 107
547 165
548 171
549 410
550 367
551 963
552 1110
553 1118
554 573
555 830
556 225
557 73
558 132
559 572
560 616
561 500
562 98
563 1090
564 783
565 772
566 291
567 646
568 1120
569 138
570 595
571 158
572 983
573 1056
574 946
575 9
576 851
577 780
578 763
579 35
580 235
581 797
582 1085
583 519
584 381
585 950
586 1012
587 638
588 998
589 631
590 1108
591 65
592 831
593 58
594 1124
595 5
596 197
597 396
598 64
599 1055
600 340
601 502
602 904
603 535
604 973
605 538
606 186
607 516
608 687
609 263
610 845
611 760
612 322
613 901
614 943
615 81
616 347
617 136
618 1027
619 926
620 453
621 612
622 894
623 719
624 1067
625 820
626 440
627 37
628 230
629 269
630 657
631 881
632 454
633 692
634 39
635 920
636 290
637 715
638 994
639 443
640 842
641 213
642 610
643 879
644 46
645 1062
646 680
647 769
648 1050
649 885
650 1099
651 938
652 99
653 599
654 412
655 1037
656 149
657 449
658 759
659 935
660 372
661 972
662 223
663 782
664 304
665 746
666 859
667 625
668 166
669 300
670 386
671 832
672 826
673 668
674 836
675 388
676 1039
677 408
678 697
679 362
680 510
681 1015
682 676
683 1092
684 306
685 499
686 1073
687 647
688 349
689 689
690 155
691 1094
692 932
693 712
694 860
695 97
696 210
697 16
698 170
699 491
700 681
701 892
702 111
703 226
704 69
705 1014
706 85
707 873
708 987
709 92
710 669
711 369
712 1018
713 600
714 979
715 586
716 125
717 727
718 310
719 546
720 469
721 788
722 835
723 192
724 351
725 713
726 685
727 464
728 948
729 617
730 334
731 377
732 1129
733 1054
734 1065
735 543
736 857
737 390
738 765
739 953
740 350
741 342
742 1087
743 531
744 204
745 215
746 424
747 227
748 544
749 1063
750 735
751 512
752 268
753 88
754 839
755 773
756 114
757 862
758 36
759 414
760 590
761 611
762 118
763 967
764 739
765 539
766 278
767 101
768 622
769 325
770 664
771 509
772 243
773 778
774 127
775 247
776 256
777 896
778 726
779 1003
780 770
781 802
782 978
783 534
784 522
785 777
786 559
787 0
788 474
789 706
790 678
791 129
792 720
793 341
794 941
795 809
796 154
797 120
798 161
799 264
800 72
801 254
802 672
803 110
804 96
805 1078
806 686
807 869
808 940
809 203
810 42
811 113
812 579
813 62
814 82
815 241
816 494
817 969
818 597
819 493
820 488
821 954
822 607
823 848
824 658
825 327
826 594
827 556
828 1105
829 229
830 613
831 38
832 420
833 40
834 422
835 146
836 284
837 807
838 28
839 431
840 623
841 1131
842 670
843 524
844 833
845 103
846 1093
847 673
848 160
849 1026
850 640
851 59
852 827
853 148
854 989
855 249
856 492
857 257
858 951
859 846
860 645
861 1046
862 545
863 181
864 333
865 287
866 1030
867 644
868 221
869 790
870 277
871 238
872 403
873 30
874 117
875 1102
876 996
877 899
878 133
879 303
880 722
881 923
882 104
883 551
884 567
885 1071
886 847
887 850
888 10
889 458
890 378
891 592
892 917
893 585
894 761
895 558
896 752
897 966
898 444
899 609
900 411
901 286
902 816
903 193
904 380
905 843
906 231
907 1043
908 1031
909 1033
910 441
911 485
912 6
913 24
914 433
915 931
916 407
917 884
918 756
919 1057
920 68
921 1019
922 84
923 383
924 814
925 8
926 854
927 1005
928 302
929 214
930 479
931 823
932 661
933 187
934 465
935 955
936 1059
937 312
938 61
939 1006
940 762
941 993
942 323
943 642
944 655
945 262
946 812
947 1132
948 255
949 182
950 67
951 871
952 394
953 421
954 258
955 949
956 755
957 751
958 467
959 656
960 144
961 232
962 929
963 313
964 271
965 29
966 1111
967 868
968 1048
969 285
970 1029
971 738
972 175
973 937
974 960
975 997
976 795
977 928
978 887
979 176
980 470
981 56
982 620
983 79
984 793
985 185
986 164
987 457
988 489
989 844
990 319
991 523
992 2
993 205
994 786
995 1024
996 261
997 108
998 636
999 446
1000 1035
1001 399
1002 259
1003 43
1004 840
1005 363
1006 445
1007 503
1008 126
1009 639
1010 25
1011 376
1012 1103
1013 690
1014 956
1015 557
1016 1130
1017 933
1018 800
1019 122
1020 1036
1021 162
1022 156
1023 791
1024 409
1025 861
1026 1001
1027 236
1028 508
1029 753
1030 242
1031 875
1032 292
1033 714
1034 328
1035 564
1036 916
1037 576
1038 455
1039 1016
1040 743
1041 577
1042 970
1043 1075
1044 196
1045 945
1046 562
1047 1123
1048 1044
1049 598
1050 374
1051 31
1052 220
1053 497
1054 439
1055 1125
1056 471
1057 190
1058 787
1059 60
1060 958
1061 696
1062 484
1063 968
1064 944
1065 48
1066 244
1067 1121
1068 936
1069 320
1070 295
1071 209
1072 472
1073 980
1074 91
1075 907
1076 663
1077 918
1078 427
1079 675
1080 131
1081 507
1082 1060
1083 834
1084 366
1085 66
1086 217
1087 1047
1088 583
1089 528
1090 1074
1091 404
1092 1020
1093 650
1094 459
1095 51
1096 992
1097 515
1098 1038
1099 895
1100 798
1101 914
1102 272
1103 703
1104 504
1105 1101
1106 398
1107 355
1108 498
1109 587
1110 435
1111 563
1112 671
1113 385
1114 541
1115 737
1116 93
1117 947
1118 293
1119 317
1120 188
1121 619
1122 691
1123 521
1124 1115
1125 21
1126 80
1127 102
1128 1041
1129 561
1130 301
1131 890
1132 294
