874 595
874 696
874 521
874 625
874 92
874 1062
874 539
874 1125
874 26
874 605
874 587
874 1131
874 405
874 120
874 633
874 477
874 980
874 475
874 899
874 1095
874 221
874 8
874 173
874 80
874 293
874 832
874 58
874 153
874 538
1033 595
1033 696
1033 625
1033 92
1033 1062
1033 539
1033 1125
1033 587
1033 120
1033 477
1033 980
1033 475
1033 1095
1033 8
1033 583
1033 845
1033 379
1033 900
1033 943
1033 491
1033 320
595 696
595 625
595 92
595 1062
595 539
595 26
595 605
595 587
595 120
595 477
595 980
595 475
595 899
595 1095
595 221
595 293
595 832
595 379
595 981
595 588
595 800
595 724
595 788
595 895
595 844
595 154
595 963
595 995
595 1008
595 823
595 316
595 1029
595 396
595 114
595 834
595 473
696 26
696 1095
696 154
696 754
696 336
696 709
696 748
696 402
696 285
696 198
696 75
696 1123
696 1037
696 308
696 1030
696 493
696 67
696 586
696 795
521 625
521 587
521 361
521 923
521 155
521 321
521 1006
521 104
521 676
625 92
625 1062
625 587
625 120
625 477
625 1095
625 293
625 832
625 379
625 618
625 852
625 859
625 736
625 848
625 335
625 792
625 657
92 539
92 1125
92 587
92 405
92 120
92 980
92 1095
92 832
92 321
92 554
92 14
92 85
92 429
92 318
92 41
92 377
92 99
92 180
92 690
92 1126
92 935
92 213
1062 1095
1062 832
1062 1015
1062 68
539 1125
539 587
539 120
539 899
539 1095
539 8
539 153
539 800
539 841
539 1100
539 363
539 582
539 354
1125 120
1125 8
1125 153
1125 379
1125 67
1125 134
1125 1120
1125 352
1125 136
1125 1035
1125 543
1125 662
1125 516
1125 517
1125 480
1125 851
1125 1001
1125 651
1125 803
1125 50
1125 177
1125 969
1125 40
1125 412
1125 164
1125 227
1125 974
1125 5
26 477
26 980
26 475
26 1095
26 173
26 293
26 844
26 361
26 927
26 359
26 938
26 613
26 415
26 454
26 681
26 189
605 848
605 771
605 212
605 45
605 666
605 1040
605 1025
605 609
605 87
605 626
605 381
605 762
605 380
605 345
605 967
587 1131
587 120
587 477
587 1095
587 8
587 832
587 844
587 493
587 321
587 582
587 590
587 1019
587 729
587 660
587 351
587 679
587 208
587 646
1131 405
1131 120
1131 8
1131 845
1131 379
1131 618
1131 354
1131 352
1131 1035
1131 177
1131 969
1131 454
1131 440
1131 206
1131 172
1131 367
1131 654
1131 46
1131 1104
1131 828
1131 132
1131 372
1131 456
1131 831
1131 303
1131 931
1131 682
1131 773
1131 601
1131 581
1131 627
1131 741
1131 20
405 221
405 845
405 379
405 321
405 41
405 969
405 1104
405 656
405 1041
405 971
405 53
405 19
405 559
405 370
405 60
405 1061
120 8
120 153
120 845
120 379
120 473
120 1006
120 363
120 134
120 177
120 164
120 974
120 228
120 279
120 698
120 522
120 36
120 187
120 569
120 1058
120 133
120 117
120 129
120 204
120 325
120 465
120 976
120 467
120 69
120 512
120 109
120 82
120 894
120 856
120 518
120 553
120 1076
120 570
120 624
120 1043
120 912
120 245
120 1026
633 8
633 379
633 516
633 503
633 544
633 649
477 980
477 899
477 1095
477 221
477 173
477 80
477 293
477 320
477 981
477 956
477 881
477 199
980 475
980 293
980 320
980 800
980 67
980 859
980 792
980 651
980 681
980 53
980 706
980 193
980 313
980 22
980 887
980 867
980 417
980 645
980 717
980 165
980 579
980 289
475 1095
475 800
475 788
475 823
475 852
475 582
475 199
475 887
475 244
475 621
475 404
475 891
899 221
899 173
899 981
899 588
899 800
899 154
899 963
899 823
899 114
899 834
899 709
899 429
899 841
899 1100
899 363
899 354
899 351
899 976
899 109
899 518
899 503
899 579
899 737
899 2
899 273
899 1089
899 742
899 438
899 357
899 903
899 169
899 634
899 951
899 139
899 152
899 217
899 947
899 863
899 528
1095 293
1095 583
1095 320
221 173
221 320
221 981
221 724
221 788
221 895
221 844
221 154
221 823
221 114
221 618
221 690
221 613
221 415
221 1040
221 20
221 36
221 204
221 881
221 193
221 289
221 2
221 951
221 420
221 1084
221 277
221 630
221 530
221 127
221 644
221 63
221 1049
221 392
221 57
221 395
221 560
221 822
221 1111
221 332
221 501
221 727
221 498
221 276
221 121
221 1047
221 643
8 153
8 845
8 379
8 336
8 67
8 134
8 1120
8 352
8 516
8 517
8 1001
8 651
8 803
8 969
8 46
8 1104
8 303
8 682
8 20
8 1084
8 188
8 719
8 615
8 1077
8 760
8 620
8 1011
8 616
8 515
8 1079
8 66
8 500
8 642
173 80
173 981
173 748
173 285
173 412
173 881
173 165
173 630
173 615
173 445
173 192
173 1052
173 300
173 640
173 567
293 320
293 67
293 792
293 99
293 53
293 193
293 22
293 417
293 165
293 449
293 124
293 888
293 732
832 379
832 20
832 887
832 498
832 629
832 821
58 626
58 819
58 622
58 798
58 1017
58 314
58 648
58 72
153 379
153 1008
153 601
153 698
153 36
153 133
153 117
153 82
153 624
153 756
153 322
153 458
153 536
153 211
153 833
153 886
153 290
153 55
153 209
153 964
153 453
538 844
538 114
538 1100
538 351
538 129
538 244
538 737
538 357
538 947
538 767
538 126
538 623
538 11
538 123
538 811
538 299
538 1093
538 804
538 884
538 897
538 548
845 379
845 651
845 828
379 834
379 67
379 134
379 20
379 629
379 3
379 794
320 316
320 313
320 887
320 717
320 244
320 634
320 1049
320 822
320 126
320 1031
320 664
320 545
320 889
320 675
320 102
320 805
320 419
320 137
320 1060
981 800
981 724
981 788
981 844
981 154
981 823
981 1029
981 363
981 354
981 881
981 289
981 737
981 2
981 438
981 630
981 1017
981 314
981 11
981 797
981 955
981 878
981 1063
981 362
588 724
588 154
588 963
588 1008
588 114
588 834
588 473
588 336
588 363
588 351
588 204
588 515
588 1093
588 797
588 955
588 966
588 451
588 457
588 812
588 855
588 562
588 700
588 807
588 946
800 154
800 963
800 995
800 823
800 316
800 114
800 285
800 657
800 377
800 841
800 582
800 613
800 415
800 1061
800 698
800 109
800 417
800 165
800 737
800 2
800 273
800 438
800 863
800 420
800 1049
800 11
800 811
800 1060
800 797
800 955
800 362
800 1016
800 816
800 369
800 98
800 399
800 937
800 317
800 806
800 827
800 400
800 497
800 442
724 895
724 844
724 823
724 848
724 1100
724 363
724 613
724 351
724 737
724 392
724 567
724 314
724 11
724 123
724 299
724 804
724 884
724 797
724 955
724 878
724 399
724 497
724 1122
724 617
724 1066
724 487
724 469
724 697
724 430
724 10
724 223
724 319
724 1107
724 972
724 540
724 118
724 650
724 374
724 1039
724 461
724 658
724 699
724 418
724 723
724 306
724 54
724 1007
788 154
788 193
788 289
788 63
788 121
788 48
895 1029
895 415
895 11
895 814
895 487
895 430
895 578
895 653
895 444
895 890
895 866
895 711
895 241
895 1112
895 565
844 823
844 114
844 361
844 938
844 1061
844 881
844 357
844 947
844 123
844 102
844 955
844 812
844 699
844 713
844 766
844 568
844 77
844 716
844 499
844 496
844 146
844 728
844 242
844 854
154 995
154 1029
154 754
154 336
154 709
154 285
154 75
154 1037
154 1030
154 493
154 586
154 795
154 852
154 244
154 2
154 121
154 419
154 797
154 937
154 699
154 565
154 202
154 702
154 978
154 353
154 1069
154 310
154 427
963 1100
963 804
963 533
995 500
995 11
995 946
995 337
1008 114
1008 834
1008 473
1008 321
1008 676
1008 318
1008 363
1008 517
1008 227
1008 971
1008 117
1008 129
1008 976
1008 856
1008 244
1008 63
1008 560
1008 515
1008 567
1008 756
1008 211
1008 833
1008 55
1008 964
1008 453
1008 1031
1008 457
1008 855
1008 1107
1008 906
1008 1027
1008 926
1008 743
1008 957
1008 1092
1008 215
1008 674
823 1029
823 852
823 1061
823 199
823 244
823 737
823 947
823 392
823 314
823 290
823 123
823 884
823 797
823 946
823 1016
823 1007
823 875
823 849
316 114
316 473
316 363
316 152
316 63
316 501
316 884
316 548
316 1060
316 797
316 807
316 1016
316 495
316 268
316 468
316 520
316 194
316 695
316 393
1029 852
1029 227
1029 938
1029 415
1029 87
1029 351
1029 20
1029 199
1029 244
1029 1089
1029 634
1029 63
1029 615
1029 72
1029 123
1029 299
1029 548
1029 812
1029 700
1029 946
1029 306
1029 1112
1029 1044
1029 958
1029 100
1029 207
1029 236
1029 691
1029 1091
1029 323
1029 286
1029 744
396 795
114 321
114 657
114 969
114 656
114 971
114 19
114 370
114 1061
114 644
114 767
114 623
114 123
114 545
114 797
114 497
114 100
114 257
114 304
114 214
114 200
114 574
114 141
834 473
834 363
834 227
834 117
834 947
834 756
834 290
834 451
834 21
834 759
473 1006
473 363
473 227
473 938
473 698
473 36
473 117
473 129
473 467
473 109
473 894
473 856
473 518
473 357
473 760
473 515
473 964
473 11
473 299
473 451
473 562
473 1107
473 540
473 926
473 835
473 929
473 986
473 275
473 1127
754 336
754 709
754 285
754 75
754 1123
754 1037
754 493
754 795
754 313
754 121
754 937
754 499
754 202
754 527
754 49
754 302
754 386
754 547
754 1050
754 196
754 511
754 312
754 115
754 870
754 784
754 431
336 709
336 285
336 75
336 1037
336 308
336 493
336 795
336 354
336 1035
336 969
336 228
336 951
336 121
336 719
336 419
336 937
336 118
336 202
336 957
336 589
336 632
336 334
336 968
336 294
336 1051
336 494
336 149
709 285
709 75
709 1037
709 493
709 586
709 795
709 139
709 121
709 202
709 1069
709 557
709 83
709 882
709 514
748 870
402 75
402 1030
402 359
402 891
402 835
402 870
402 551
402 341
402 637
285 198
285 75
285 1037
285 308
285 586
285 795
285 212
285 609
285 380
285 971
285 204
285 127
285 814
285 98
285 937
285 49
285 1115
285 384
285 205
198 586
198 380
198 702
198 49
198 505
198 423
198 253
198 669
75 1123
75 1030
75 493
75 795
75 85
75 121
75 312
75 870
75 505
75 1013
1123 1030
1123 85
1123 121
1123 1069
1123 527
1123 49
1123 302
1123 196
1123 312
1123 870
1123 1013
1123 1022
1123 237
1123 482
1123 1082
1037 493
1037 586
1037 795
1037 121
1037 72
1037 1016
1037 202
1037 116
308 165
308 121
308 719
308 1069
308 870
308 334
308 968
308 16
308 573
308 288
308 90
1030 493
1030 85
1030 121
1030 937
1030 1069
1030 835
1030 870
1030 551
1030 1013
1030 1022
1030 483
493 795
493 85
493 1043
493 102
493 812
493 202
493 427
493 849
493 574
493 551
493 505
493 669
493 0
493 524
493 861
493 324
493 195
493 1094
493 962
493 606
67 859
67 134
67 480
67 828
67 132
67 20
67 887
67 579
67 498
67 126
67 955
67 849
67 294
67 149
67 519
67 47
67 989
586 613
586 887
586 702
586 353
586 253
586 1022
586 529
795 212
795 644
795 121
795 188
795 897
795 419
795 1060
795 878
795 816
795 937
795 1039
795 728
795 202
795 207
795 551
795 423
795 1013
795 1022
795 1036
795 376
795 1023
795 1042
795 885
795 949
795 329
795 921
795 101
361 14
361 938
361 863
361 1049
361 827
361 497
361 1112
361 499
361 146
361 468
361 141
361 962
361 1087
361 960
361 810
361 948
361 576
361 161
923 1015
923 227
923 613
923 53
923 698
923 36
923 976
923 887
923 634
923 615
923 574
923 384
923 205
923 38
923 979
923 1088
923 714
923 837
923 166
923 602
155 381
155 967
155 127
155 797
155 21
155 309
155 422
155 403
155 178
155 229
155 734
321 618
321 848
321 480
321 1001
321 969
321 626
321 380
321 656
321 971
321 53
321 19
321 370
321 60
321 887
321 127
321 63
321 72
321 814
321 137
321 1039
321 257
321 574
321 141
321 837
321 526
321 913
321 751
321 385
321 328
321 410
321 81
321 343
321 298
321 432
321 18
321 550
1006 626
1006 36
1006 886
1006 499
1006 439
104 543
104 651
104 803
104 440
104 206
104 682
104 741
104 656
104 187
104 123
104 125
676 363
676 227
676 938
676 454
676 117
676 833
676 1093
676 418
676 218
676 1096
618 335
618 363
618 517
618 651
618 164
618 440
618 682
618 1041
618 698
618 63
618 560
618 457
618 418
618 723
618 1096
618 71
618 106
618 340
618 27
618 880
618 185
618 93
852 377
852 613
852 729
852 325
852 199
852 244
852 404
852 863
852 629
852 123
852 48
852 1044
852 100
852 286
852 166
852 344
852 426
852 222
852 994
859 377
859 543
859 682
859 627
859 20
859 117
859 887
859 867
859 717
859 63
859 822
859 332
859 300
859 888
859 617
859 48
859 286
859 483
859 994
859 460
736 1040
736 579
736 404
736 223
736 513
848 212
848 45
848 1040
848 87
848 380
848 967
848 590
848 11
848 797
848 550
848 1074
335 227
335 5
335 279
335 569
335 465
335 894
335 553
335 1043
335 1026
335 1011
335 964
335 453
335 658
335 723
335 288
335 256
335 1128
335 925
335 15
335 769
792 377
792 99
792 887
792 497
792 353
792 100
792 914
792 1102
657 613
657 656
657 410
554 318
554 279
554 569
554 325
554 1043
554 947
554 288
554 925
554 1106
554 243
554 930
14 41
14 100
14 214
14 564
14 263
14 416
85 121
85 188
85 1039
85 202
85 702
85 1069
85 870
85 423
85 1013
85 263
85 416
85 826
85 571
85 778
85 247
85 739
85 414
429 887
429 139
429 63
429 816
429 849
429 32
429 836
429 283
429 186
429 556
318 351
318 117
318 947
318 643
318 439
318 911
318 373
318 267
318 371
318 1054
41 851
41 370
41 1061
41 100
41 200
41 564
41 263
41 232
41 594
41 96
41 973
41 600
41 295
41 635
41 231
41 479
377 935
377 927
377 681
377 313
377 887
377 717
377 244
377 530
377 419
377 827
377 691
377 81
377 914
377 1102
377 571
377 1118
377 131
377 818
377 162
99 100
99 818
180 213
180 827
180 691
180 414
180 836
180 1021
1126 1102
1126 635
1126 62
1126 387
935 415
935 370
935 564
213 1102
1015 227
1015 359
1015 36
1015 630
1015 392
1015 1007
1015 21
1015 166
1015 880
1015 998
1015 1010
68 897
68 369
841 2
841 186
841 219
1100 363
1100 227
1100 415
1100 1019
1100 117
1100 624
1100 964
1100 123
1100 1007
1100 341
1100 928
363 517
363 227
363 974
363 656
363 36
363 569
363 133
363 117
363 129
363 204
363 325
363 465
363 976
363 109
363 856
363 518
363 1076
363 570
363 624
363 881
363 645
363 357
363 947
363 560
363 643
363 1011
363 732
363 211
363 623
363 123
363 299
363 457
363 497
363 1107
363 418
363 565
363 499
363 926
363 957
363 268
363 21
363 986
363 1115
363 810
363 71
363 769
363 182
363 638
363 226
363 179
363 1053
363 783
363 858
363 982
363 238
363 1114
582 613
582 681
582 644
582 897
582 362
582 972
582 713
582 854
582 1044
582 1091
582 141
582 885
582 994
582 119
582 668
582 801
582 680
582 79
582 258
582 151
582 4
582 37
582 1072
582 652
582 284
582 1028
582 628
354 227
354 20
354 36
354 133
354 976
354 570
354 903
354 1084
354 1132
354 1121
354 774
134 651
134 500
352 480
352 1001
352 969
352 20
352 989
352 343
352 504
1035 662
1035 651
1035 462
1035 367
1035 46
1035 1104
1035 132
1035 581
1035 741
1035 392
1035 498
1035 123
1035 955
1035 541
1035 1086
543 651
543 969
543 613
543 206
543 462
543 1104
543 682
543 741
543 989
543 1116
662 581
662 343
662 504
516 544
516 649
516 951
516 615
516 946
516 100
516 774
516 537
516 572
516 7
517 164
517 227
517 698
517 569
517 117
517 325
517 465
517 976
517 109
517 856
517 518
517 553
517 63
517 560
517 760
517 124
517 732
517 1031
517 1107
517 906
517 957
517 268
517 21
517 835
517 1128
517 638
517 858
517 39
517 30
517 489
517 799
517 667
517 270
480 1001
480 651
480 969
480 938
480 415
480 440
480 46
480 971
480 989
480 343
480 485
851 465
851 215
851 759
851 573
851 479
851 755
851 683
1001 969
1001 828
1001 343
1001 504
651 440
651 462
651 367
651 654
651 1104
651 828
651 132
651 456
651 303
651 682
651 601
651 581
651 741
651 20
651 887
651 642
651 11
651 989
651 913
651 343
651 504
651 486
803 462
803 367
803 654
803 1104
803 828
803 303
803 601
803 913
50 903
50 615
50 620
50 767
50 623
50 955
50 353
50 1087
50 810
50 865
50 224
50 260
50 365
969 682
969 656
969 602
969 343
969 843
969 534
40 681
40 20
40 951
40 615
40 767
40 946
40 353
40 488
40 705
40 406
412 683
164 1058
164 69
164 1043
164 560
164 268
164 925
164 474
164 858
164 982
164 1070
164 471
227 681
227 20
227 698
227 36
227 117
227 976
227 467
227 570
227 313
227 404
227 560
227 760
227 515
227 567
227 124
227 211
227 290
227 55
227 353
227 906
227 957
227 667
227 234
974 133
974 756
974 182
974 226
5 698
5 465
5 964
5 723
5 926
5 21
5 1116
5 916
5 311
927 613
927 415
927 681
927 729
927 867
927 642
927 126
927 286
927 196
927 1023
927 344
927 32
927 186
927 30
927 991
927 1110
927 920
927 1078
927 383
359 891
359 1017
359 623
359 835
359 341
359 576
359 373
359 1010
938 613
938 856
938 867
938 121
938 268
938 527
938 385
613 415
613 212
613 729
613 881
613 289
613 634
613 314
613 884
613 419
613 1016
613 399
613 400
613 77
613 495
613 520
613 196
613 431
613 344
613 426
613 778
613 284
613 534
613 163
613 987
613 959
613 893
613 144
415 381
415 729
415 1041
415 36
415 881
415 622
415 11
415 548
415 946
415 10
415 650
415 461
415 310
415 691
415 141
415 1050
415 384
415 861
415 810
415 81
415 426
415 1102
415 571
415 705
415 782
415 599
415 52
415 817
415 128
415 877
454 856
454 640
454 1017
454 529
454 385
454 218
454 836
454 485
454 470
454 1117
454 1003
681 189
681 20
681 518
681 193
681 887
681 579
681 404
681 63
681 211
681 11
681 812
681 827
681 1112
681 499
681 875
681 1044
681 100
681 323
681 483
681 166
681 344
681 994
681 652
681 599
189 193
189 289
771 87
771 626
212 666
212 1040
212 609
212 87
212 626
212 381
212 762
212 380
212 967
212 127
212 192
212 1052
212 798
212 1017
212 314
212 767
212 11
212 123
212 102
212 797
212 1039
212 384
212 205
212 550
212 982
212 476
212 135
212 466
212 174
45 666
45 87
45 967
45 797
45 476
45 1085
666 1040
666 87
666 626
666 381
666 380
666 967
666 1017
666 11
666 797
666 955
666 1007
666 875
666 384
666 71
666 1074
666 982
666 1085
666 507
1040 87
1040 626
1040 579
1040 1111
1040 192
1040 11
1040 617
1040 1039
1040 866
1040 711
1040 1112
1040 384
1040 513
1040 1074
1040 162
1040 1085
1040 508
1040 184
1040 1101
1040 815
1040 992
1040 796
1040 1090
1025 562
1025 10
1025 309
1025 178
1025 785
1025 113
1025 532
609 87
609 380
609 967
609 971
609 717
609 244
609 127
609 623
609 797
609 98
609 399
609 766
609 550
609 869
609 1055
87 626
87 381
87 762
87 380
87 967
87 971
87 706
87 579
87 72
87 11
87 797
87 812
87 98
87 978
87 205
87 550
87 953
626 380
626 967
626 656
626 579
626 314
626 797
626 1039
626 423
626 550
626 135
626 382
626 1081
381 967
381 976
381 562
381 497
381 550
381 476
762 380
762 967
762 971
762 127
762 98
762 205
762 550
762 488
762 466
762 953
380 967
380 656
380 244
380 404
380 797
380 1007
380 329
380 550
380 71
345 244
967 971
967 127
967 1052
967 98
967 422
967 178
967 550
967 1085
967 869
967 953
967 1081
967 170
967 1034
967 360
590 878
590 1039
590 241
590 513
590 1074
590 434
590 996
590 722
590 952
590 401
590 1004
1019 624
729 717
729 1031
729 545
729 812
729 806
729 400
729 497
729 713
729 77
729 495
729 344
729 426
729 30
660 644
660 63
660 652
660 224
660 920
351 2
351 11
351 123
351 299
351 1034
351 671
679 656
679 972
679 374
679 982
679 1072
679 555
679 138
679 970
679 1097
679 535
679 366
208 337
208 147
646 757
646 593
646 707
440 656
440 971
440 60
440 93
206 682
206 36
206 187
206 569
206 642
206 964
206 723
206 93
206 311
462 833
462 419
462 632
462 162
462 1064
172 367
172 46
172 1104
172 831
172 392
172 833
367 654
367 46
367 1104
367 456
367 303
367 579
367 642
367 913
654 1104
654 601
654 20
654 457
654 294
46 717
46 989
1104 717
1104 833
1104 989
1104 913
1104 534
132 334
372 341
372 93
456 642
456 913
682 741
682 20
682 36
682 187
682 569
682 912
682 964
682 1107
682 93
682 768
773 20
773 93
601 891
581 498
741 187
741 314
741 1031
741 38
20 313
20 867
20 717
20 244
20 332
20 615
20 616
20 500
20 989
20 913
20 892
20 143
656 971
656 19
656 370
656 60
656 1061
656 814
656 966
656 946
656 617
656 469
656 118
656 1088
656 328
656 410
656 564
656 416
656 600
656 991
656 877
656 507
656 184
656 76
656 585
656 726
1041 971
1041 370
1041 1061
1041 976
1041 63
1041 18
1041 106
971 60
971 127
971 1052
971 767
971 623
971 797
971 562
971 98
971 319
971 766
971 178
971 343
971 550
971 71
971 1055
971 360
971 197
53 565
53 353
53 38
53 340
53 263
53 1010
53 219
53 599
53 580
19 1039
19 574
19 410
19 460
19 726
559 207
559 141
559 526
559 71
559 994
559 801
559 37
559 284
559 745
559 758
559 655
559 918
370 1061
370 100
370 214
370 71
370 564
370 594
370 96
370 156
370 829
60 328
60 410
60 550
1061 72
1061 100
1061 214
1061 594
228 976
228 544
228 1089
228 1077
228 886
228 268
228 1115
228 916
228 1059
228 220
279 36
279 325
279 894
279 553
279 1043
279 1026
279 453
279 457
279 855
279 723
279 268
279 288
279 256
279 925
279 1106
279 243
279 930
279 1059
698 36
698 325
698 109
698 1084
698 515
698 756
698 55
698 457
698 418
698 957
698 982
698 163
698 936
522 951
522 632
522 1086
522 7
522 406
522 183
36 187
36 117
36 325
36 467
36 109
36 894
36 518
36 624
36 912
36 717
36 1084
36 63
36 560
36 760
36 756
36 964
36 123
36 457
36 562
36 1107
36 957
36 268
36 986
36 275
36 1106
36 489
36 534
36 1070
36 936
36 857
36 525
36 56
187 325
187 894
187 912
187 760
187 964
187 1107
187 525
187 1009
569 325
569 465
569 976
569 467
569 894
569 553
569 1043
569 1026
569 964
569 723
569 215
569 237
569 93
569 925
569 479
569 638
569 474
569 1070
569 916
569 1059
569 525
569 282
1058 553
1058 1076
1058 624
1058 245
1058 719
1058 760
1058 855
1058 982
1058 224
1058 508
1058 525
1058 203
1058 941
1058 191
133 465
133 1043
133 947
133 392
133 643
133 123
133 835
133 810
133 769
133 373
133 182
133 638
133 226
133 1053
133 783
133 474
133 394
133 693
117 129
117 976
117 624
117 887
117 217
117 560
117 1011
117 515
117 55
117 299
117 1093
117 457
117 743
117 1127
117 238
129 518
129 357
129 217
129 211
129 299
129 675
129 699
129 1127
129 426
204 976
204 1084
204 1011
204 886
204 11
204 98
204 766
204 1115
204 550
204 940
325 465
325 467
325 512
325 109
325 82
325 856
325 518
325 1076
325 570
325 624
325 887
325 357
325 1084
325 57
325 560
325 1011
325 515
325 453
325 299
325 457
325 497
325 1107
325 743
325 268
325 986
325 1115
325 925
325 591
325 390
465 467
465 69
465 109
465 82
465 894
465 553
465 1076
465 570
465 1043
465 1026
465 560
465 760
465 1011
465 1093
465 1107
465 723
465 268
465 925
465 858
465 916
465 282
465 348
976 109
976 856
976 518
976 553
976 1026
976 1084
976 833
976 964
976 457
976 418
976 957
976 268
976 1070
467 894
467 856
467 1076
467 964
467 562
467 1107
467 275
467 479
467 916
69 894
69 1043
69 560
69 794
69 268
69 21
69 769
69 858
69 348
512 553
512 624
512 1007
512 769
109 518
109 887
109 560
109 833
109 457
109 418
109 1007
109 854
109 957
109 268
109 638
109 1116
109 39
109 916
82 894
82 553
82 1043
82 760
82 723
82 71
82 667
82 916
82 56
82 348
894 856
894 553
894 1076
894 1043
894 1026
894 964
894 453
894 723
894 215
894 986
894 229
894 916
894 348
894 368
894 437
894 59
856 643
856 719
856 732
856 562
856 807
856 926
856 986
856 1127
856 30
856 368
856 552
856 25
518 404
518 1084
518 560
518 515
518 457
518 353
518 743
518 1115
518 238
518 260
518 488
553 1076
553 624
553 1043
553 245
553 1026
553 760
553 855
553 723
553 288
553 925
553 638
553 916
553 525
553 191
1076 624
1076 1043
1076 245
1076 760
1076 1107
1076 957
1076 1106
1076 638
1076 471
1076 525
1076 191
1076 346
570 245
570 404
570 515
570 341
570 810
570 1059
570 437
624 560
624 299
624 855
624 957
624 989
624 71
624 1106
624 479
624 928
624 525
624 860
1043 1026
1043 760
1043 723
1043 986
1043 256
1043 15
1043 238
1043 488
1043 1070
1043 471
1043 916
1043 508
1043 591
1043 348
1043 492
1043 1005
912 1107
912 446
245 760
245 855
245 602
245 1106
245 474
245 525
245 191
1026 925
1026 360
1026 703
1026 1108
503 149
503 38
503 489
503 375
544 955
544 149
544 572
544 7
544 603
649 603
956 962
881 290
881 1016
881 497
881 866
881 288
881 989
881 71
881 443
199 244
199 392
199 314
199 548
199 699
199 1007
199 922
706 100
193 887
193 579
193 289
193 445
193 875
193 283
193 1059
193 997
313 289
313 404
313 634
313 811
313 545
313 872
887 417
887 165
887 579
887 289
887 404
887 634
887 951
887 121
887 124
887 888
887 497
887 957
887 849
887 1036
887 344
887 513
887 778
887 162
887 37
887 488
887 599
887 917
887 689
887 140
887 97
887 142
887 266
867 827
867 864
417 152
417 124
417 713
417 1044
417 236
417 1091
417 921
417 81
417 652
417 1020
717 63
717 124
717 72
717 548
717 955
717 849
717 214
717 1115
717 989
717 344
717 973
717 131
717 162
717 920
717 163
717 959
717 450
717 910
717 902
717 459
165 978
165 468
165 958
165 286
165 431
165 482
165 751
165 144
165 74
165 933
579 404
579 888
579 126
579 337
579 384
579 513
579 1074
579 689
579 140
579 33
289 1089
289 888
289 48
289 1092
289 875
289 849
289 220
289 631
244 404
244 63
244 72
244 548
244 946
244 540
244 713
244 1044
244 236
244 574
244 527
244 115
244 344
244 994
244 1124
621 77
621 71
621 740
404 567
404 11
404 937
404 1039
404 310
404 1044
404 384
404 994
404 1074
404 162
404 631
404 558
404 791
404 278
891 497
891 835
891 341
891 181
737 2
737 1089
737 438
737 299
737 797
2 438
2 812
2 699
2 344
1089 623
1089 442
1089 540
1089 875
1089 237
1089 602
1089 1059
1089 997
1089 610
1089 305
742 888
438 903
438 643
438 946
438 353
438 224
438 920
357 217
357 623
357 123
357 299
357 499
357 926
357 274
903 888
903 211
903 533
903 599
634 947
634 63
634 811
634 884
634 545
634 344
634 30
634 872
951 332
951 615
951 123
951 955
951 946
951 632
951 406
951 64
951 839
951 701
951 35
139 63
139 514
139 18
139 836
139 186
139 4
139 470
139 745
139 563
139 481
139 712
152 72
152 797
152 816
152 728
152 1091
152 81
152 37
152 725
152 13
217 675
947 515
947 124
947 123
947 499
947 986
947 1132
947 1116
863 77
863 1091
863 1003
863 366
863 985
863 780
420 1016
420 400
1084 1077
1084 957
1084 268
1084 1115
277 468
277 751
277 86
277 611
277 523
630 57
630 643
630 732
630 909
530 827
530 1102
127 1052
127 814
127 1115
127 309
127 422
127 550
127 782
127 476
127 265
127 761
644 72
644 548
644 797
644 362
644 812
644 700
644 1016
644 816
644 374
644 713
644 854
644 1044
644 81
644 258
644 4
644 284
644 197
644 338
63 994
63 186
63 1110
63 920
63 599
63 349
63 678
1049 419
1049 497
1049 699
1049 344
1049 1054
1049 818
1049 142
1049 266
1049 558
1049 301
1049 896
1049 710
392 314
392 123
392 955
392 878
392 399
392 540
392 658
392 1007
392 337
392 555
392 64
392 230
392 731
392 225
395 955
395 341
395 365
395 356
560 964
560 1066
560 1107
560 926
560 957
560 268
560 835
560 1128
560 925
560 1070
560 158
822 727
822 1060
822 497
822 713
822 393
822 1091
822 264
1111 192
1111 123
1111 223
1111 118
1111 1112
1111 565
1111 1091
1111 1074
1111 147
1111 230
1111 661
1111 561
332 886
332 406
332 91
501 166
501 751
501 933
501 86
501 611
501 708
501 1057
501 34
501 1083
727 399
727 713
727 568
727 393
727 81
727 1102
727 801
727 721
498 399
498 540
498 989
498 1086
498 406
276 897
121 202
121 702
121 1069
121 849
121 870
121 1013
1047 955
1047 149
643 767
643 118
643 499
643 353
643 337
643 101
643 1087
643 1074
643 865
643 508
643 992
188 870
188 551
188 505
188 253
188 329
719 760
615 66
615 545
615 946
615 632
615 385
615 35
615 868
615 1105
615 961
615 596
615 566
615 378
615 12
760 964
760 723
760 93
760 525
760 56
760 191
620 149
620 774
620 705
620 406
620 839
620 701
620 1067
1011 833
1011 1093
1011 268
1011 576
1011 256
1011 508
515 565
515 282
66 149
66 961
500 629
500 307
642 215
642 93
642 311
642 566
642 261
445 353
445 875
445 513
445 436
445 29
192 72
192 11
192 123
192 430
192 319
192 118
192 1039
192 658
192 890
192 866
192 353
192 310
192 337
192 384
192 101
192 714
192 432
192 513
192 508
192 184
192 992
192 796
192 147
192 693
192 29
192 942
192 838
192 612
192 988
1052 98
1052 540
1052 565
1052 810
1052 550
1052 260
300 623
300 86
300 523
640 917
567 833
567 814
567 1122
567 617
567 1066
567 487
567 469
567 697
567 430
567 10
567 118
567 957
567 21
567 820
567 685
567 250
567 750
567 107
567 478
567 452
567 905
449 767
449 1109
124 732
124 629
124 126
124 118
124 743
124 483
124 39
124 992
888 622
888 224
888 671
888 842
888 993
888 672
732 906
732 743
732 738
629 897
629 362
629 497
629 854
629 1044
629 236
629 1091
629 1036
629 921
629 1088
629 151
629 768
629 864
629 13
629 307
821 1112
821 547
819 622
819 798
819 607
819 883
622 798
622 314
622 767
622 993
798 767
798 602
798 731
798 641
798 718
798 790
798 1038
798 549
1017 648
1017 805
1017 497
1017 461
1017 1007
1017 691
1017 599
1017 52
1017 1003
1017 585
1017 59
1017 31
1017 584
1017 1065
314 743
314 1091
314 574
314 524
314 1094
314 403
314 607
314 411
648 675
648 1039
648 691
648 21
648 32
648 52
648 59
72 897
72 102
72 797
72 362
72 1016
72 497
72 890
72 713
72 149
72 116
72 989
72 526
72 652
72 959
72 1124
72 793
72 171
756 211
756 833
756 1106
756 525
458 464
536 211
536 886
536 209
536 573
536 234
211 833
211 886
211 290
211 55
211 855
211 353
211 906
211 674
211 488
211 234
211 447
833 55
833 1093
833 1107
833 418
833 743
833 957
833 674
833 268
833 81
833 464
833 999
886 209
886 928
886 234
290 55
290 399
290 1132
55 453
55 855
209 479
209 270
209 862
964 1107
964 723
964 71
964 93
964 256
964 15
964 479
964 525
453 855
767 623
767 11
767 123
767 299
767 955
767 469
767 713
767 499
767 533
767 101
767 1087
767 27
767 537
126 806
126 497
126 344
126 599
126 307
126 1119
623 123
623 1093
623 897
623 469
623 499
623 728
623 533
623 1087
623 751
623 1059
11 617
11 487
11 430
11 319
11 118
11 1039
11 653
11 241
11 310
11 337
11 384
11 1087
11 1074
11 507
11 796
11 107
11 452
11 718
11 546
123 299
123 1093
123 804
123 562
123 399
123 617
123 469
123 1107
123 866
123 499
123 337
123 691
123 574
123 835
123 632
123 482
123 989
123 1087
123 810
123 403
123 751
123 439
123 182
123 151
123 434
123 225
123 34
123 749
123 684
811 797
811 1016
811 827
811 691
811 247
811 836
811 1021
811 872
811 110
811 287
811 975
299 499
299 989
299 1087
299 238
299 190
1093 759
1093 1054
1093 549
804 878
804 487
804 890
804 533
804 21
804 1115
804 183
804 830
884 797
884 353
884 222
884 263
884 1010
884 1072
897 548
897 1031
897 797
897 1016
897 115
897 810
897 166
897 385
897 218
897 768
897 746
897 342
897 686
897 61
897 259
897 775
548 797
548 812
548 700
548 151
548 768
548 780
548 428
548 51
814 1063
814 562
814 98
814 1122
814 1066
814 469
814 697
814 319
814 118
814 1112
814 766
814 237
814 432
814 550
814 71
814 1055
814 29
814 820
814 685
814 250
814 750
814 905
814 549
814 879
814 575
814 1032
3 307
794 418
794 268
794 916
1031 713
1031 574
1031 632
1031 921
1031 38
1031 751
1031 81
1031 37
1031 30
1031 271
664 805
545 1016
545 806
545 699
545 77
545 1088
889 878
889 513
889 434
889 952
889 1004
889 977
889 619
889 781
889 688
889 510
889 639
889 1024
675 495
675 344
675 32
102 812
102 524
102 663
805 807
805 599
805 70
805 398
419 1016
419 166
419 818
419 224
419 163
419 1101
419 558
419 13
419 34
137 207
137 141
137 526
137 994
137 801
137 79
137 37
137 745
137 944
137 296
137 326
137 733
1060 540
1060 341
1060 885
1060 81
1060 71
1060 481
1060 673
797 878
797 362
797 700
797 1016
797 98
797 699
797 713
797 205
797 550
797 135
797 197
797 230
797 686
797 355
955 878
955 1063
955 946
955 540
955 306
955 766
955 632
955 149
955 341
955 989
955 1132
955 774
955 1086
955 534
955 705
955 406
955 701
955 1105
955 157
955 608
955 472
955 647
878 319
878 540
878 699
878 653
878 866
878 565
878 21
878 835
878 1087
878 714
878 426
878 513
878 1074
878 507
878 508
878 996
878 722
878 401
878 555
878 718
878 639
878 1024
878 291
878 160
1063 487
1063 766
1063 820
1063 250
1063 905
362 816
362 497
362 854
362 1044
362 116
362 161
362 959
362 555
362 749
362 715
966 0
966 599
966 585
451 457
451 986
457 418
457 1027
812 427
812 574
812 524
812 960
812 908
855 215
855 191
562 986
700 816
700 197
700 673
700 715
946 21
946 835
946 632
946 149
946 989
946 1116
946 7
946 224
946 260
946 705
946 197
946 701
946 12
946 1068
946 448
946 292
1016 816
1016 399
1016 540
1016 713
1016 37
1016 264
1016 342
1016 733
1016 715
816 1044
816 106
816 673
369 374
369 568
369 739
369 721
98 766
98 1115
98 1055
399 497
399 141
399 885
937 353
937 383
806 972
827 497
827 461
827 54
827 568
827 496
827 353
827 100
827 691
827 571
827 247
827 414
827 836
827 1118
827 1021
827 532
827 721
827 765
827 425
827 167
827 262
827 813
400 353
400 495
400 344
400 261
400 932
400 808
497 319
497 1107
497 972
497 1112
497 100
497 141
497 344
497 994
497 858
497 1072
497 652
497 817
497 555
497 1097
497 965
497 421
442 4
442 997
442 610
1122 617
1122 1066
1122 697
1122 10
1122 203
1122 333
617 1066
617 487
617 469
617 697
617 430
617 10
617 118
617 1112
617 384
617 714
617 1074
617 796
617 203
617 685
617 750
1066 487
1066 469
1066 697
1066 430
1066 10
1066 71
1066 1128
1066 203
1066 685
1066 879
1066 65
487 469
487 430
487 10
487 384
487 29
469 697
469 430
469 10
469 118
469 653
469 890
469 1087
469 71
469 203
469 552
469 750
469 905
469 1032
697 430
697 10
697 118
697 184
697 203
697 685
697 905
430 10
430 384
430 796
10 1074
10 1032
223 1039
223 1007
223 1074
223 610
223 230
223 685
223 472
319 1039
319 866
319 1112
319 310
319 337
319 101
319 714
319 432
319 162
319 507
319 184
319 992
319 147
319 693
319 997
319 29
319 942
319 838
319 612
319 988
319 850
1107 268
1107 93
1107 508
1107 56
1107 191
1107 446
972 77
972 1091
972 258
972 970
972 274
972 563
972 786
540 885
540 780
540 607
540 733
540 111
118 957
118 875
118 384
118 796
118 750
118 107
118 478
118 452
118 546
118 333
118 747
118 704
118 105
374 1072
374 970
374 1097
374 197
374 780
374 924
1039 866
1039 241
1039 337
1039 574
1039 384
1039 101
1039 714
1039 432
1039 507
1039 434
1039 722
1039 401
1039 1004
1039 147
1039 685
1039 750
1039 688
1039 510
1039 472
1039 251
1039 391
461 496
461 691
461 21
658 147
658 781
658 472
658 333
699 18
699 1110
699 563
699 291
418 439
418 27
723 1027
723 215
723 93
723 916
723 311
723 346
723 446
723 159
306 337
306 258
306 718
306 246
306 88
54 21
54 810
54 71
54 234
54 425
1007 337
1007 550
1007 30
1007 350
48 353
578 653
578 444
578 1090
653 444
653 866
653 711
653 714
653 796
653 1059
653 1071
653 248
444 890
444 783
444 508
444 1090
444 1059
444 641
444 549
890 866
890 711
890 310
890 337
890 1074
890 163
890 184
890 992
890 230
890 750
866 711
866 1112
866 310
866 337
866 101
866 1087
866 184
866 693
866 750
866 575
866 1048
711 329
711 714
711 156
241 1112
241 714
241 513
241 507
241 184
241 434
241 722
241 688
1112 714
1112 513
1112 507
1112 29
1112 105
565 337
565 671
713 1044
713 423
713 376
713 885
713 38
713 81
713 119
713 652
713 163
713 1124
713 171
766 550
766 265
568 691
568 836
568 555
568 721
77 115
77 524
77 826
77 366
77 1075
716 286
716 784
716 482
716 751
716 922
716 611
499 1087
499 439
499 1059
496 739
146 468
146 166
146 751
146 933
146 608
146 763
728 37
728 327
854 1069
854 4
854 864
854 563
854 342
702 49
702 551
702 423
702 253
702 669
702 573
702 264
702 708
702 549
702 939
702 753
702 876
353 100
353 286
353 483
353 1087
353 948
353 166
353 818
353 1059
353 864
353 29
353 842
353 1119
353 331
353 983
1069 870
1069 83
1069 514
1069 551
1069 1013
310 147
310 750
310 641
310 240
427 414
427 459
427 731
427 1038
427 259
427 908
427 112
427 413
533 1087
533 224
533 446
533 830
337 21
337 384
337 329
337 101
337 714
337 432
337 387
337 224
337 507
337 184
337 992
337 1004
337 147
337 693
337 29
337 942
337 838
337 612
337 988
337 1048
906 534
926 957
743 341
743 714
743 508
743 992
957 238
957 1018
1092 849
1092 928
215 573
215 93
215 916
215 311
215 603
215 261
875 849
875 384
875 949
875 671
875 1059
875 997
875 305
495 520
495 393
495 744
495 426
495 994
268 21
268 925
268 182
268 1070
268 464
468 527
468 302
468 511
468 115
468 751
468 266
468 933
468 763
468 1129
194 236
695 323
695 1090
393 551
393 423
393 885
393 652
393 918
393 64
393 944
393 1045
1044 207
1044 236
1044 116
1044 119
1044 801
1044 258
1044 652
1044 284
1044 260
1044 171
1044 1046
1044 720
1044 809
958 115
958 751
958 224
100 214
100 71
100 1102
100 263
100 416
100 232
100 594
100 96
100 973
100 600
100 383
100 893
100 902
100 1012
100 254
100 330
207 116
207 994
207 801
207 37
236 768
236 864
236 1046
691 21
691 110
1091 161
1091 263
1091 818
1091 959
1091 563
1091 331
1091 1073
1091 233
323 991
323 1110
323 563
323 712
323 111
323 789
323 934
323 694
286 929
286 302
286 115
286 784
286 431
286 482
286 529
286 166
286 751
286 757
286 611
286 684
286 1075
286 983
286 409
286 1
286 984
286 592
286 84
286 23
286 433
286 531
744 818
257 1020
257 350
257 1046
257 281
214 263
214 973
214 600
214 295
214 829
214 902
214 254
214 871
200 810
200 564
574 524
574 38
574 1010
574 599
574 585
574 873
574 280
141 21
141 835
141 38
141 994
141 801
141 37
141 745
141 758
141 450
141 326
141 720
21 632
21 714
21 403
21 550
21 982
21 64
21 411
21 259
21 448
21 542
21 150
835 551
835 341
835 0
835 872
929 482
929 810
929 757
929 922
929 611
929 9
986 471
527 312
527 166
527 144
527 523
527 1129
527 409
527 435
49 1050
49 870
49 253
49 757
49 34
302 784
302 775
302 1075
302 763
302 409
302 44
386 751
547 1050
547 196
547 166
547 751
547 523
547 608
547 424
1050 312
1050 7
1050 917
1050 961
1050 763
1050 424
196 431
196 166
196 751
196 284
196 534
196 987
196 144
196 86
196 777
196 853
511 523
511 708
511 1075
312 115
312 784
312 431
312 968
312 83
312 514
312 670
312 751
312 778
312 144
312 1057
312 1075
312 1045
312 984
312 435
312 6
312 604
312 1103
312 1056
115 784
115 38
115 751
115 144
115 34
115 1083
115 1075
115 84
870 253
870 1013
784 482
784 385
784 757
784 611
784 684
784 1075
784 409
784 592
784 44
431 751
431 757
431 433
431 577
431 407
632 149
632 7
632 365
632 406
632 1105
632 378
632 919
334 968
968 83
968 573
968 670
968 778
968 818
968 604
149 774
149 365
149 406
149 603
149 1105
149 961
149 378
149 455
557 786
83 778
83 604
882 514
882 991
882 76
882 786
514 1110
514 331
514 840
551 505
551 423
551 253
551 1042
551 949
551 526
551 778
551 796
341 38
341 1010
341 226
341 37
341 1020
341 902
1115 205
1115 550
1115 1114
384 38
384 714
384 507
384 184
384 796
384 610
384 750
384 107
384 452
384 546
384 747
384 484
205 550
205 1055
205 1034
505 669
505 324
423 669
423 573
423 329
423 526
423 778
423 685
423 781
423 753
253 669
253 1022
253 778
253 1003
253 366
669 0
669 52
669 484
237 916
237 1059
237 997
237 610
237 305
237 820
237 905
237 641
237 549
237 248
237 239
482 751
482 757
482 922
482 611
482 9
1082 1113
116 655
288 925
288 1106
288 243
288 930
288 64
0 606
0 71
0 599
0 585
0 233
670 778
524 962
524 948
524 298
524 585
524 459
524 95
861 71
1094 606
1094 403
1094 607
1094 411
1094 364
962 38
962 585
962 459
606 403
606 883
519 944
47 307
989 667
989 224
989 163
989 278
989 388
529 836
529 757
376 78
885 944
885 463
921 38
921 1046
101 714
101 508
101 184
101 992
101 147
101 610
101 838
101 988
1087 403
1087 27
1087 373
1087 224
1087 144
1087 466
1087 9
810 27
810 182
810 144
810 466
948 343
948 95
948 490
38 1088
38 751
38 81
38 37
38 585
38 266
38 278
38 779
1088 585
714 432
714 513
714 508
714 184
714 992
714 796
714 147
714 693
714 29
714 942
714 838
714 612
714 988
837 81
837 284
837 338
837 825
837 210
166 751
166 385
166 144
166 933
166 523
166 708
166 1057
166 746
166 1129
166 42
602 256
602 224
602 1059
602 610
602 305
602 731
602 1046
602 94
309 550
422 550
422 135
422 466
403 607
403 883
403 411
403 364
178 1034
229 315
734 731
734 607
734 411
734 364
734 216
734 201
526 81
526 71
526 994
526 801
526 37
526 30
526 745
751 71
751 37
751 144
751 892
751 922
751 933
751 611
751 523
751 708
751 1057
751 608
751 1075
751 763
751 433
385 266
385 933
385 777
328 410
328 261
81 1102
81 79
81 37
81 673
81 210
343 504
432 15
432 184
432 147
432 693
432 942
432 838
432 612
432 988
18 836
18 4
18 111
550 782
550 265
71 263
71 416
71 32
71 79
71 4
71 1086
71 877
71 917
71 561
71 250
71 598
71 776
71 175
71 24
71 901
106 13
27 865
880 757
93 311
93 525
93 603
344 284
344 30
344 534
344 991
344 987
344 105
426 1010
426 436
222 280
222 614
994 801
994 680
994 79
994 37
994 224
994 745
994 758
994 918
994 450
994 296
994 326
994 733
994 673
994 130
460 652
513 1074
513 507
513 796
513 434
513 996
513 401
513 1004
513 147
513 977
513 639
513 1024
513 160
1074 507
1074 508
1074 184
1074 434
1074 996
1074 952
1074 639
256 925
256 15
256 238
256 508
256 452
256 770
1128 1070
1128 722
1128 752
1128 1080
925 1106
925 243
925 930
925 858
925 1070
769 360
769 191
914 1102
1102 263
1102 232
1102 96
1102 801
1102 893
1102 877
1102 1034
1102 975
1102 733
1102 542
1102 42
1102 347
1106 930
1106 525
1106 191
243 508
243 360
243 448
930 919
564 594
564 96
263 232
263 1118
263 1034
416 232
571 721
778 604
247 1021
247 287
247 251
739 721
414 836
414 459
414 765
414 824
414 145
32 186
32 331
836 110
836 425
836 251
836 297
836 272
836 735
836 358
836 28
283 694
186 991
186 349
373 43
232 953
594 96
594 254
973 902
600 30
635 387
479 928
479 755
1118 721
162 796
162 230
1021 721
1021 287
1021 167
1021 251
1021 824
387 953
387 330
1010 30
182 638
182 226
182 1053
182 783
638 226
226 1053
474 282
474 191
474 394
858 1070
858 348
982 37
982 156
982 282
238 471
238 916
238 1059
1114 441
668 338
801 79
801 37
801 745
801 758
801 918
79 745
79 733
258 1072
258 970
258 33
258 780
258 786
151 51
151 159
151 907
151 408
151 122
4 338
37 1028
37 30
37 745
37 918
37 715
37 825
1072 383
1072 970
1072 535
1072 924
1072 28
652 877
284 534
284 987
284 509
1028 339
628 350
774 406
774 1067
1086 183
1086 64
1086 772
7 406
7 455
667 787
224 488
224 916
224 1078
224 383
224 331
224 1129
224 598
260 29
365 406
534 987
534 338
534 421
488 29
705 441
406 269
1070 471
1070 191
234 1059
234 591
916 591
916 25
916 1005
311 603
311 12
311 159
311 665
991 563
1110 563
1110 846
1078 282
383 1059
163 763
163 764
987 366
987 86
987 777
987 853
987 1056
987 103
959 33
959 338
959 673
959 720
144 266
144 523
144 435
144 777
144 103
782 466
782 785
782 113
782 265
599 225
599 672
599 484
52 59
128 246
128 255
877 944
1003 689
476 549
1085 953
507 996
507 952
507 401
507 977
507 619
507 639
507 1024
507 472
507 391
507 1014
508 184
508 992
508 796
508 394
508 346
184 992
184 147
184 693
184 942
184 838
184 612
184 988
184 850
815 1090
815 333
815 248
815 240
992 230
796 147
796 639
796 747
796 704
796 105
1090 965
1090 248
1090 240
532 902
1055 575
382 368
360 448
434 952
434 1004
434 510
434 639
996 722
996 952
996 1004
996 282
996 639
722 952
722 1004
722 977
722 639
952 1004
952 639
1004 977
1004 752
555 721
1097 535
535 689
147 1059
147 693
147 942
147 838
147 612
147 988
757 922
757 611
757 409
757 23
757 433
757 531
757 407
757 730
768 686
768 51
76 898
585 59
585 459
585 95
585 252
726 829
580 847
745 758
745 733
758 450
758 421
758 130
655 733
655 915
918 450
156 333
829 905
1059 997
1059 610
1059 305
1059 29
525 191
282 191
203 942
203 685
203 250
203 452
203 879
693 942
693 838
693 612
693 988
368 413
368 598
368 175
368 824
368 1000
437 997
59 883
59 201
860 190
446 802
443 909
922 611
922 592
922 9
922 764
997 610
997 305
917 608
917 424
689 780
97 33
266 74
266 86
266 523
1020 350
450 326
450 733
450 490
910 338
459 95
933 708
933 34
933 44
933 677
740 42
278 333
610 305
610 549
305 904
64 230
64 720
64 954
64 73
64 506
839 701
839 1067
563 111
86 435
86 853
86 1056
86 103
611 9
611 407
611 103
523 435
523 424
523 1056
523 103
338 342
349 1057
678 708
678 1057
678 1083
678 110
678 17
230 990
731 1038
731 908
731 413
225 246
225 88
225 484
661 333
661 990
708 1057
708 34
708 17
1057 17
34 1083
34 435
34 777
34 950
1105 1002
378 665
29 89
942 838
942 612
942 988
838 612
838 988
612 988
820 250
820 905
820 879
685 850
685 235
250 905
250 1038
478 452
478 546
478 333
478 747
478 704
478 105
478 809
452 546
452 333
452 747
452 105
905 287
905 879
842 1099
993 672
672 490
607 411
607 201
641 549
641 239
1038 1065
1038 112
1038 413
1038 598
1038 175
549 248
549 240
584 413
584 598
584 175
584 824
584 1000
411 364
411 216
411 201
1119 148
546 747
546 105
749 509
684 983
110 592
287 251
746 42
686 692
61 809
61 636
259 908
259 413
51 159
51 907
977 619
977 1024
619 781
781 472
944 326
673 715
608 1075
608 763
608 424
472 391
472 94
472 1014
291 945
425 297
425 28
333 747
333 105
786 1098
111 776
747 105
747 108
159 907
246 484
88 484
350 1046
248 240
1075 763
1075 433
1075 1056
1075 17
327 1098
939 659
331 840
331 176
112 413
112 598
112 175
112 1000
413 598
413 175
413 24
413 1000
1046 687
789 694
789 776
694 776
592 397
84 764
433 407
542 175
542 824
435 777
435 853
435 1056
435 103
853 1056
853 103
1056 103
407 17
95 168
201 1000
598 175
598 24
598 824
598 1000
175 24
175 824
175 1000
24 1000
130 389
824 145
297 28
297 1130
907 597
408 122
846 502
103 17
502 502
