822 125
822 552
822 516
822 936
822 886
822 984
822 1006
822 232
822 847
822 175
822 313
822 598
822 815
822 697
822 499
822 930
822 663
822 752
822 654
822 785
822 1057
822 843
822 990
822 607
822 28
822 680
822 865
822 948
822 194
822 411
125 552
125 516
125 886
125 984
125 1006
125 232
125 847
125 175
125 598
125 499
125 663
125 752
125 654
125 1057
125 990
125 300
125 925
125 1126
125 56
125 510
125 724
125 386
552 516
552 886
552 984
552 1006
552 232
552 175
552 313
552 598
552 499
552 663
552 752
552 654
552 785
552 1057
552 843
552 680
552 865
552 1126
552 784
552 1092
552 916
552 533
552 182
552 908
552 888
552 829
552 6
552 1031
552 1091
552 757
552 566
552 454
552 158
552 3
552 305
552 511
516 175
516 1057
516 829
516 760
516 336
516 696
516 169
516 972
516 462
516 394
516 139
516 409
516 823
516 1085
516 78
516 425
516 44
516 917
516 74
936 886
936 598
936 634
936 294
936 536
936 896
936 1016
936 799
936 887
886 984
886 1006
886 598
886 499
886 663
886 1057
886 680
886 865
886 1126
886 959
886 61
886 1095
886 367
886 873
886 299
886 443
886 218
984 232
984 847
984 598
984 697
984 499
984 752
984 1057
984 865
984 896
984 880
984 229
984 482
984 325
984 524
984 849
984 76
984 60
984 480
984 110
984 503
984 777
984 542
1006 1057
1006 865
1006 421
1006 992
232 847
232 598
232 499
232 785
232 1057
232 990
232 194
232 916
232 935
232 861
232 314
232 1034
232 387
847 499
847 990
847 194
847 1126
847 44
847 237
847 655
847 678
847 763
847 458
847 583
847 720
847 703
847 687
847 1032
847 24
847 227
847 725
847 415
847 915
847 347
847 832
847 146
847 308
847 12
847 513
847 463
847 113
175 663
175 752
175 654
175 1057
175 607
175 680
175 888
175 634
175 350
175 1043
175 766
175 413
175 906
175 32
175 364
175 264
313 873
313 819
313 601
313 781
313 289
313 1081
313 858
313 444
313 17
313 105
313 931
313 1078
313 502
313 1101
313 617
313 306
598 815
598 499
598 663
598 1057
598 990
598 865
598 888
598 425
598 896
598 1034
598 306
598 564
598 565
598 1098
598 779
598 196
598 786
598 893
815 697
815 499
815 990
815 925
815 1126
815 959
815 387
815 678
815 458
815 347
815 832
815 32
815 1052
815 572
815 595
815 991
815 522
815 529
815 446
815 1041
815 549
815 661
815 1083
815 258
815 248
815 801
815 414
815 761
815 120
815 994
815 1120
815 1096
815 912
815 285
697 843
697 925
697 1126
697 896
697 849
697 832
697 1041
697 1105
697 694
697 51
697 707
697 269
697 34
697 1030
697 927
697 249
499 990
499 194
499 925
499 1126
499 511
499 1016
499 314
499 237
499 347
499 12
499 463
499 211
499 0
499 147
499 288
499 623
499 81
499 33
499 303
499 608
499 797
499 134
499 859
499 1002
499 938
499 813
499 1049
499 544
499 108
499 998
499 892
499 715
499 369
499 682
499 631
499 641
499 1003
499 292
499 874
499 794
499 774
499 805
930 990
930 1126
930 703
930 857
930 971
930 114
663 752
663 785
663 1057
663 843
663 607
663 28
663 680
663 386
663 784
663 569
663 298
663 1106
752 654
752 680
752 386
752 916
752 44
752 1095
752 443
752 725
752 364
752 707
752 728
752 1093
752 152
752 132
752 1131
752 145
752 1055
752 573
752 807
752 553
752 567
752 956
654 1057
654 916
654 182
654 757
654 61
654 1034
654 1106
654 1131
654 834
654 775
654 368
654 176
785 843
785 607
785 784
785 1092
785 916
785 829
785 6
785 757
785 3
785 305
785 696
785 325
785 935
785 861
785 314
785 387
785 779
785 813
785 998
785 682
785 857
785 567
785 922
785 965
785 154
785 975
785 642
785 1035
785 1102
785 385
785 989
785 161
785 49
785 293
785 737
785 104
785 254
785 592
785 71
1057 680
1057 300
1057 386
843 607
843 386
843 784
843 533
843 182
843 908
843 888
843 829
843 757
843 3
843 959
843 110
843 413
843 906
843 1081
843 285
843 623
843 859
843 298
843 1093
843 956
843 965
843 49
843 183
843 532
843 854
843 121
843 1047
843 674
843 252
843 946
843 593
843 422
843 635
843 271
843 1037
843 63
843 253
843 1130
843 109
843 426
843 666
843 681
843 947
843 1029
843 833
990 194
990 925
990 1126
990 336
990 44
990 237
990 655
990 678
990 458
990 703
990 687
990 227
990 725
990 415
990 832
990 446
990 1041
990 801
990 761
990 285
990 532
990 265
990 646
990 1040
990 266
990 902
990 83
990 42
990 803
990 689
990 304
990 342
990 611
990 909
607 28
607 784
607 169
607 462
607 308
607 298
607 553
607 121
607 1040
607 633
607 804
607 1048
607 1110
607 708
607 20
680 386
680 44
680 443
680 60
680 707
680 1093
680 132
680 1055
680 553
680 63
680 469
680 174
680 436
680 835
865 1126
865 285
865 1131
865 666
865 816
865 789
948 105
948 319
948 392
948 21
948 718
948 955
948 692
948 733
194 1126
194 1091
194 994
194 147
194 623
194 608
194 797
194 892
194 292
194 1088
194 574
194 714
194 647
194 1099
194 669
194 856
194 440
194 16
194 1075
194 397
194 215
411 888
411 3
411 861
411 779
411 134
411 834
411 922
411 1102
411 254
411 485
411 133
411 546
411 410
411 189
411 719
411 483
411 976
411 1111
411 344
411 477
411 824
300 913
925 1126
925 725
925 549
1126 305
1126 44
1126 237
1126 285
1126 816
1126 156
1126 798
386 566
386 152
386 1131
386 807
386 834
386 161
386 593
386 63
386 133
386 1059
386 620
386 58
386 842
386 749
386 263
386 212
386 171
386 791
386 1087
784 916
784 533
784 182
784 888
784 829
784 757
784 454
784 314
784 387
784 298
784 956
784 922
784 965
784 1035
784 121
784 718
784 955
784 410
784 814
784 162
784 802
784 388
784 384
1092 533
1092 829
1092 6
1092 1091
1092 3
1092 305
1092 511
1092 336
1092 314
1092 779
1092 859
1092 252
1092 689
1092 976
1092 814
1092 162
1092 1065
1092 291
1092 772
1092 747
1092 497
1092 239
1092 864
1092 649
1092 39
916 829
916 6
916 1031
916 757
916 566
916 3
916 462
916 218
916 76
916 935
916 1034
916 413
916 906
916 249
916 147
916 998
916 1055
916 553
916 922
916 965
916 154
916 1035
916 592
916 183
916 593
916 410
916 719
916 1087
916 814
916 162
916 384
916 97
916 119
916 740
916 301
916 272
916 1011
916 937
916 123
916 468
916 1124
916 398
916 465
533 908
533 888
533 757
533 873
533 861
533 314
533 413
533 779
533 922
533 422
533 20
533 955
533 410
533 189
533 483
533 1111
533 344
533 814
533 162
533 802
533 272
533 398
533 986
533 778
533 99
533 276
533 377
533 671
533 1007
533 1045
533 102
533 685
533 412
533 621
533 744
533 704
533 287
533 1114
533 354
533 351
533 629
533 449
533 1051
533 80
533 65
533 55
533 1122
182 829
182 1093
182 956
182 946
182 947
182 746
908 454
908 906
908 410
908 913
908 276
908 1007
908 290
908 1118
908 1027
908 768
908 651
908 27
908 820
908 962
908 434
888 757
888 3
888 634
888 766
888 249
888 298
888 1102
888 254
888 189
888 263
888 162
888 747
888 449
888 825
888 1010
888 836
888 981
888 127
888 561
888 632
888 115
888 691
888 751
888 470
829 1031
829 454
829 760
829 336
829 696
829 462
829 139
829 823
829 78
829 425
829 917
829 74
829 61
829 834
829 965
829 947
829 171
829 814
829 1011
829 449
829 434
829 963
829 257
829 951
829 1072
829 29
829 764
829 137
6 861
6 1111
6 153
1031 611
1031 410
1031 39
1031 638
1091 3
1091 305
1091 511
1091 896
1091 887
1091 524
1091 314
1091 687
1091 513
1091 51
1091 797
1091 134
1091 813
1091 369
1091 834
1091 946
1091 1037
1091 689
1091 20
1091 1088
1091 1099
1091 669
1091 16
1091 397
1091 215
1091 1059
1091 772
1091 497
1091 412
1091 296
1091 349
1091 517
1091 881
1091 1012
1091 399
1091 122
1091 686
757 454
757 61
757 249
757 1106
757 834
757 922
757 254
757 422
757 955
757 440
757 189
757 344
757 814
757 39
757 97
757 1122
757 107
757 82
566 3
566 511
566 314
566 737
566 946
566 109
566 344
566 824
566 1087
566 814
566 649
566 97
566 722
566 8
566 383
566 130
566 295
566 1056
566 1089
454 61
454 513
454 766
454 906
454 17
454 779
454 285
454 1106
454 834
454 975
454 161
454 946
454 1040
454 733
454 189
454 483
454 824
454 171
454 747
454 864
454 39
454 65
454 962
454 676
454 455
454 103
454 771
454 327
454 743
454 467
454 783
454 184
454 987
158 74
3 896
3 218
3 832
3 1105
3 51
3 269
3 1030
3 249
3 252
3 733
3 485
3 546
3 189
3 58
3 814
3 398
3 103
3 37
3 243
3 348
3 980
3 1071
3 428
305 511
305 314
305 513
305 797
305 254
305 1088
305 440
305 291
305 474
305 977
511 1016
511 314
511 513
511 766
511 147
511 623
511 797
511 134
511 1049
511 998
511 715
511 369
511 682
511 1102
511 902
511 689
511 397
511 410
511 483
511 291
511 239
511 412
511 744
511 517
511 186
511 545
511 793
511 116
511 401
760 336
760 696
760 462
760 139
760 409
760 823
760 425
760 74
760 152
760 947
760 1011
760 561
760 963
760 563
760 185
760 31
760 844
760 73
760 587
760 652
760 151
760 650
760 701
760 150
760 940
760 277
336 696
336 462
336 139
336 823
336 1085
336 425
336 74
336 387
336 458
336 832
336 211
336 813
336 49
336 947
336 646
336 171
336 1011
336 704
336 963
336 1012
336 769
336 1028
336 901
336 732
336 420
336 40
336 700
336 238
696 462
696 139
696 823
696 425
696 917
696 74
696 293
696 947
696 963
696 29
696 911
696 457
696 950
696 811
169 150
972 139
972 78
972 1043
972 176
972 186
972 150
972 216
972 1074
972 919
462 394
462 139
462 823
462 1085
462 917
462 74
462 601
462 444
462 502
462 51
462 859
462 674
462 913
462 301
462 1011
462 185
462 180
462 490
462 1038
394 917
394 502
394 257
394 185
394 1090
394 1115
394 557
394 534
139 409
139 78
139 425
139 74
139 482
139 947
139 650
139 150
139 1090
139 1121
409 78
409 482
409 947
409 29
409 563
409 185
409 31
409 652
409 650
409 150
409 1121
409 450
409 541
409 142
409 1042
823 425
823 917
823 74
823 947
823 733
823 97
823 963
823 131
1085 553
1085 947
1085 646
1085 29
1085 150
1085 901
1085 732
1085 224
1085 181
1085 619
1085 432
78 425
78 482
78 947
78 1011
78 29
78 186
78 150
78 216
78 1121
78 450
78 882
425 74
425 482
425 874
425 263
425 747
425 963
425 137
425 82
425 1071
425 216
425 1090
425 534
425 30
425 1082
425 653
425 451
425 1062
425 170
425 118
425 894
425 406
44 1095
44 237
44 1032
44 549
44 661
44 285
44 1131
44 567
44 666
44 133
44 162
44 82
44 420
44 238
44 759
44 75
44 250
917 413
917 1131
917 257
917 1072
917 557
917 450
917 518
74 601
74 252
74 947
74 265
74 477
74 171
74 1087
74 802
74 119
74 1011
74 354
74 691
74 963
74 771
74 216
74 1115
74 1121
74 450
74 256
74 382
74 928
74 983
74 693
74 800
74 217
74 622
74 741
634 229
634 766
634 592
634 593
634 468
634 398
634 962
634 561
634 115
634 383
634 428
634 894
634 45
634 193
634 560
634 329
634 208
634 429
294 421
294 513
294 413
294 707
294 147
294 623
294 813
294 1131
294 161
294 1040
294 1071
294 490
294 1038
294 407
294 675
294 328
294 626
294 1073
294 706
294 261
536 931
536 617
536 674
536 814
536 474
536 5
536 559
536 538
536 506
536 868
536 46
896 959
896 873
896 314
896 1032
896 227
896 832
896 105
896 502
896 1105
896 51
896 707
896 269
896 1030
896 927
896 1131
896 674
896 946
896 733
896 913
896 791
896 354
896 37
896 1071
896 428
896 1073
896 658
896 656
896 830
896 64
896 479
896 979
896 213
896 735
896 357
896 94
896 978
896 866
1016 105
1016 623
1016 856
1016 561
1016 1119
799 583
799 725
799 415
799 1052
799 572
799 761
799 912
799 1105
799 81
799 189
799 952
887 314
887 513
887 766
887 32
887 797
887 669
887 976
887 1051
887 228
887 26
959 299
959 314
959 687
959 725
959 12
959 1052
959 761
959 694
959 147
959 946
959 1037
959 772
959 1051
959 80
959 26
959 317
959 530
959 164
959 599
959 419
959 527
959 332
61 76
61 413
61 565
61 1002
61 1106
61 834
61 368
61 592
61 816
61 189
61 746
61 676
61 103
61 184
61 706
61 1064
61 373
61 242
61 738
1095 76
1095 583
1095 761
1095 1096
1095 285
1095 797
1095 1131
1095 145
1095 807
1095 946
1095 63
1095 1130
1095 1110
1095 436
1095 778
1095 746
1095 184
1095 882
1095 738
1095 515
367 1081
367 567
367 368
367 102
367 999
873 601
873 781
873 1081
873 17
873 502
873 617
873 306
873 410
873 814
873 866
873 333
299 513
299 113
299 0
299 33
299 938
299 715
299 631
299 874
299 805
299 42
299 397
299 215
299 629
299 80
299 619
299 437
299 933
299 1117
299 539
299 475
443 76
443 60
443 1131
443 398
443 1072
443 103
443 731
443 172
218 413
218 1105
218 979
880 524
880 0
880 33
880 1002
880 874
880 254
880 619
880 1117
880 279
880 140
880 233
229 849
229 103
229 348
229 982
229 48
229 1116
482 947
482 265
482 354
482 963
482 257
482 29
482 150
482 1115
482 1121
482 48
482 1116
482 600
482 945
482 311
482 605
482 345
482 939
325 1131
325 293
325 946
325 119
325 82
325 1077
325 54
325 867
325 84
325 340
524 779
524 797
524 254
524 833
524 1119
524 493
524 756
524 117
524 95
524 949
849 24
849 1030
849 249
849 103
849 980
849 982
849 48
849 753
849 70
849 1069
849 361
849 346
849 657
849 841
849 1097
849 702
76 777
76 350
76 364
76 152
76 1131
76 807
76 834
76 1047
76 171
76 468
76 743
76 213
76 731
76 172
76 945
76 1058
76 456
76 1026
76 66
60 103
60 1026
480 542
480 468
480 743
480 939
480 54
480 1104
503 172
503 841
503 236
503 148
777 906
777 1030
777 982
542 172
421 513
421 1043
421 623
421 121
421 422
421 1122
421 474
421 706
421 419
421 967
421 391
992 477
992 740
935 965
935 84
935 504
861 314
861 513
861 906
861 564
861 797
861 292
861 397
861 189
861 1122
861 1074
861 711
314 687
314 513
314 463
314 1105
314 623
314 33
314 608
314 797
314 134
314 859
314 1002
314 938
314 813
314 998
314 369
314 682
314 641
314 1003
314 292
314 298
314 573
314 1102
314 254
314 1037
314 833
314 42
314 835
314 1099
314 546
314 189
314 483
314 772
314 398
314 412
314 1051
314 434
314 561
314 517
314 1012
314 8
314 474
314 793
314 180
314 560
314 317
314 475
314 1044
314 1036
314 7
314 846
314 41
314 889
314 144
314 124
314 640
314 748
314 356
1034 413
1034 364
1034 252
1034 477
1034 384
1034 621
1034 825
1034 470
1034 676
1034 467
1034 428
1034 693
1034 738
1034 754
1034 447
1034 464
1034 870
1034 578
1034 934
1034 381
1034 1086
1034 241
1034 11
1034 531
1034 577
1034 202
1034 610
387 513
387 285
387 623
387 608
387 813
387 1003
387 385
387 532
387 585
387 698
387 43
237 725
237 611
678 1032
678 227
678 832
678 285
678 250
678 735
678 584
458 720
458 725
458 595
458 522
458 446
458 1041
458 661
458 1120
458 912
458 422
458 666
458 189
458 162
458 860
458 615
583 725
583 832
583 413
583 572
583 595
583 1041
583 761
583 912
583 250
583 59
720 1032
720 1120
720 735
720 584
703 971
703 114
703 49
703 1040
703 39
703 103
703 43
703 38
703 363
703 352
687 12
687 513
687 147
687 33
687 797
687 1002
687 938
687 813
687 998
687 369
687 682
687 631
687 946
687 1037
687 902
687 174
687 835
687 1059
687 412
687 296
687 1012
687 8
687 474
687 186
687 933
687 1036
687 124
687 614
687 575
687 374
687 98
687 453
687 993
1032 227
1032 725
1032 832
1032 766
1032 906
1032 1052
1032 446
1032 51
1032 250
1032 735
1032 644
24 938
24 122
24 977
24 181
24 702
24 974
24 1066
227 832
227 549
227 735
227 584
725 1052
725 595
725 522
725 529
725 1041
725 549
725 661
725 258
725 801
725 761
725 994
725 1120
725 912
725 285
725 1131
725 909
725 410
725 250
725 656
725 735
725 584
725 106
415 595
415 522
415 529
415 1041
415 549
415 258
415 801
415 994
415 656
915 385
915 1040
915 83
915 485
915 546
915 162
915 1072
915 45
915 560
915 1023
915 943
915 334
915 659
832 761
832 1105
832 261
832 735
832 558
832 884
146 364
146 285
146 49
146 1040
146 485
146 39
146 1072
146 716
146 341
146 879
308 1066
12 303
12 544
12 874
12 1037
12 8
12 1117
12 144
12 124
12 640
12 307
12 316
513 364
513 285
513 147
513 623
513 797
513 813
513 1049
513 1003
513 152
513 368
513 1037
513 902
513 689
513 20
513 174
513 1099
513 440
513 16
513 1072
513 296
513 1012
513 453
513 540
463 608
463 1088
463 1044
463 7
113 147
113 938
113 397
113 80
113 517
113 474
113 59
113 895
113 220
350 413
350 906
350 364
350 565
350 145
350 909
350 133
350 184
350 652
350 928
350 1064
350 1077
350 84
350 575
350 920
350 596
350 424
350 204
350 660
1043 176
1043 254
1043 718
1043 546
1043 186
1043 1074
1043 208
1043 756
1043 391
766 413
766 369
766 145
766 947
766 8
766 563
766 64
413 906
413 601
413 565
413 298
413 956
413 161
413 955
413 344
413 171
413 97
413 272
413 1124
413 981
413 722
413 130
413 652
413 277
413 1064
413 373
413 311
413 577
413 884
413 195
413 1067
413 1060
413 101
413 509
906 931
906 565
906 694
906 623
906 298
906 392
906 410
906 824
906 39
906 1045
906 287
906 351
906 764
906 743
906 428
906 587
906 490
906 451
906 560
906 213
906 373
906 172
906 945
906 341
906 1109
906 260
906 438
906 780
906 203
906 68
32 369
32 708
32 718
32 518
32 64
32 228
32 54
32 644
32 606
32 191
32 1018
364 264
364 285
364 682
364 1093
364 1131
364 553
364 567
364 368
364 946
364 1099
364 410
364 747
364 468
364 962
364 561
364 107
364 676
364 103
364 783
364 882
364 706
364 1064
364 738
364 531
364 260
264 1093
264 956
819 17
819 105
601 289
601 1081
601 444
601 17
601 105
601 931
601 1078
601 502
601 617
601 674
601 804
601 1048
601 21
601 718
601 955
601 485
601 410
601 189
601 263
601 814
601 354
601 490
601 1038
601 866
601 640
601 570
601 320
601 739
601 997
781 289
781 17
781 617
781 814
781 570
781 197
289 1081
289 17
289 105
289 931
289 502
289 617
289 718
289 410
289 814
289 162
289 1122
289 107
289 490
289 317
289 333
289 640
289 197
289 1063
1081 17
1081 105
1081 567
1081 253
1081 804
1081 410
1081 778
1081 354
1081 651
1081 27
1081 962
1081 490
1081 999
1081 333
1081 66
1081 197
1081 244
1081 705
1081 1113
1081 371
1081 837
1081 568
1081 550
858 239
858 1045
858 5
858 506
858 376
858 528
858 821
444 17
444 502
444 617
444 51
444 807
444 834
444 674
444 546
444 814
444 301
444 272
444 1010
444 866
444 966
444 954
17 105
17 931
17 1078
17 502
17 617
17 51
17 728
17 567
17 733
17 410
17 814
17 747
17 301
17 951
17 1038
17 866
17 1004
105 502
105 617
105 1105
105 567
105 955
105 814
105 354
105 1115
105 866
105 320
105 461
105 810
931 617
931 813
931 239
931 398
931 866
931 570
1078 502
1078 617
1078 51
1078 674
1078 301
1078 1038
1078 866
1078 716
1078 739
1078 1004
502 617
502 1105
502 834
502 368
502 814
502 1122
502 217
502 866
502 317
1101 834
617 51
617 368
617 674
617 1048
617 301
617 559
617 506
617 866
617 197
617 966
617 1004
617 810
617 957
617 1123
617 556
306 802
306 354
306 820
306 999
306 333
306 126
306 408
306 891
306 1014
306 112
306 365
564 292
565 807
565 1059
565 58
565 747
565 123
565 1124
565 398
565 825
565 981
565 722
565 1064
565 373
565 575
1098 252
1098 946
1098 531
1098 943
1098 424
779 965
779 410
779 189
779 483
779 1123
779 435
196 1105
196 621
196 1114
196 640
196 11
196 143
196 1127
196 796
196 380
196 416
196 396
786 638
786 460
893 535
893 188
893 932
1052 1105
1052 51
1052 927
1052 332
572 761
572 623
572 81
572 33
572 909
572 397
572 80
572 332
572 220
595 669
595 171
595 1028
595 66
595 547
991 522
991 446
991 1041
991 248
991 422
991 669
522 529
522 446
522 1041
522 258
522 801
522 567
522 909
522 656
529 1041
529 994
529 285
529 772
529 420
446 807
446 250
1041 807
1041 669
1041 250
1041 656
1041 884
661 901
1083 1074
1083 332
258 909
258 656
761 912
761 285
761 623
761 81
761 33
761 794
761 397
761 412
761 332
761 128
120 285
120 332
994 176
1120 666
1120 584
912 81
912 955
912 1059
912 407
285 152
285 145
285 807
285 834
285 1130
285 1040
285 803
285 611
285 250
285 656
285 466
285 770
1105 51
1105 269
1105 1030
1105 927
1105 249
1105 913
1105 1065
1105 39
1105 778
1105 377
1105 704
1105 328
1105 479
1105 979
1105 982
1105 1116
1105 346
1105 920
1105 68
1105 1063
1105 705
1105 379
1105 941
1105 221
694 51
694 1030
694 249
694 813
694 946
694 978
694 530
51 927
51 674
51 1048
51 485
51 546
51 814
51 239
51 301
51 685
51 1010
51 506
51 735
51 866
51 317
51 954
51 556
51 787
707 434
707 1072
707 407
707 164
707 48
707 391
707 504
707 260
707 472
269 354
269 1071
269 979
269 515
269 221
34 771
34 428
34 658
34 317
34 738
34 464
34 241
34 577
34 717
34 393
34 322
34 591
1030 249
1030 103
1030 348
1030 317
1030 982
1030 70
1030 1069
1030 970
1030 850
927 479
927 979
927 866
249 733
249 103
249 348
249 70
211 813
211 971
211 975
211 266
211 856
211 8
211 180
211 895
211 730
211 198
0 623
0 1002
0 715
0 631
0 874
0 805
0 215
0 772
0 497
0 80
0 8
0 619
0 437
0 1117
0 279
0 140
0 233
0 730
147 623
147 1002
147 998
147 532
147 689
147 1088
147 16
147 772
147 412
147 1051
147 1012
147 640
147 195
147 445
288 49
288 1028
288 615
288 352
288 879
288 636
623 81
623 797
623 1002
623 1049
623 998
623 715
623 682
623 292
623 794
623 807
623 532
623 946
623 1037
623 902
623 1088
623 397
623 189
623 772
623 239
623 412
623 1012
623 8
623 793
623 116
623 279
623 374
623 884
623 307
623 445
623 878
623 326
623 609
81 1002
81 715
81 794
81 902
81 397
81 412
81 326
81 441
33 1002
33 938
33 813
33 1049
33 715
33 631
33 874
33 805
33 397
33 80
33 122
33 541
33 332
33 1117
33 702
33 1036
33 144
33 307
33 895
33 730
33 326
33 489
303 631
303 641
303 292
303 774
303 646
303 902
303 497
303 640
303 943
303 244
303 326
303 448
303 486
303 838
608 938
608 874
608 254
608 422
608 833
608 189
608 186
608 560
608 475
608 756
608 1044
608 1036
608 7
608 41
608 889
608 144
608 716
608 362
608 904
797 134
797 813
797 292
797 1131
797 104
797 1037
797 42
797 689
797 16
797 483
797 976
797 772
797 881
797 401
797 748
134 682
134 1102
134 104
134 1099
134 483
134 749
134 449
134 401
134 373
859 813
859 532
859 42
859 856
859 410
859 301
859 1010
859 180
859 866
859 562
1002 938
1002 1049
1002 108
1002 998
1002 892
1002 369
1002 682
1002 641
1002 1003
1002 292
1002 1131
1002 1102
1002 532
1002 635
1002 1037
1002 42
1002 689
1002 215
1002 483
1002 772
1002 398
1002 412
1002 881
1002 8
1002 793
1002 180
1002 1117
1002 551
1002 284
938 1049
938 544
938 998
938 892
938 715
938 631
938 641
938 1003
938 874
938 805
938 1037
938 902
938 42
938 976
938 412
938 80
938 8
938 1117
938 124
938 895
938 489
938 726
813 998
813 369
813 682
813 631
813 805
813 532
813 669
813 397
813 772
813 1051
813 1012
813 8
813 307
1049 715
1049 369
1049 641
1049 397
1049 239
1049 412
1049 116
1049 702
1049 895
544 715
544 874
544 1037
544 798
544 8
544 474
544 475
544 124
544 726
108 631
108 292
108 1122
108 475
998 682
998 1131
998 1037
998 669
998 772
998 1051
998 1122
998 470
998 1012
998 8
998 1036
998 59
998 614
998 895
892 715
892 631
892 874
892 902
892 80
892 317
892 453
892 895
892 609
892 726
715 369
715 631
715 641
715 874
715 805
715 397
715 215
715 80
715 122
715 793
715 868
715 895
715 726
715 792
715 1112
715 205
369 833
369 646
369 835
369 239
369 649
369 517
369 793
369 401
369 575
369 792
369 765
369 267
682 368
682 532
682 1037
682 689
682 772
682 1072
682 881
682 180
682 748
682 334
682 716
631 641
631 292
631 874
631 774
631 805
631 902
631 497
631 80
631 619
631 437
631 1117
631 1036
631 895
631 326
631 838
641 292
641 874
641 774
641 902
641 412
641 1012
641 279
641 1036
641 316
641 326
641 838
641 571
1003 774
1003 368
1003 689
1003 1074
1003 560
1003 730
1003 1112
292 1037
292 483
292 497
292 1012
292 250
292 317
292 279
292 702
292 711
292 326
292 206
874 805
874 902
874 80
874 793
874 437
874 539
874 748
874 716
874 307
874 316
874 895
874 244
874 551
874 726
874 473
874 178
794 412
794 25
774 902
774 497
774 261
774 279
774 144
774 326
774 838
805 437
805 1117
805 556
805 755
805 848
857 238
857 407
857 374
857 855
971 162
971 238
971 363
971 352
971 602
114 602
569 894
298 440
298 97
298 398
298 651
298 619
298 250
298 317
298 192
1106 834
1106 422
1106 955
1106 824
1106 449
1106 1122
1106 481
728 103
1093 1131
1093 567
1093 956
1093 633
1093 107
1093 867
1093 730
1093 973
152 956
152 368
152 161
152 719
152 58
152 1100
1131 1055
1131 553
1131 567
1131 956
1131 368
1131 161
1131 49
1131 947
1131 174
1131 436
1131 398
1131 1012
1131 82
1131 256
1131 1064
1131 999
1131 311
1131 66
1131 241
1131 716
1131 260
1131 418
1131 1061
1131 1125
1131 905
1131 87
1131 953
145 468
145 1094
1055 737
1055 174
1055 825
1055 676
1055 327
1055 467
1055 622
1055 213
1055 531
1055 402
807 946
807 174
807 733
807 824
807 162
807 82
807 348
807 180
807 250
807 1064
807 361
807 456
807 66
807 424
807 195
807 1060
807 324
807 57
807 23
807 240
553 951
553 383
553 455
553 184
553 277
553 142
553 830
553 509
553 677
553 50
567 368
567 436
567 133
567 638
567 490
567 999
567 333
567 1061
567 1125
567 555
956 975
956 436
956 746
956 399
956 107
956 82
956 198
956 487
834 368
834 946
834 733
834 824
834 39
834 744
834 825
834 676
834 327
834 1071
834 563
834 701
834 1064
834 738
834 92
775 981
775 317
775 331
368 20
368 410
368 1011
368 354
368 764
368 676
368 490
368 738
368 333
368 66
368 487
368 10
368 817
368 431
176 398
176 186
176 1074
176 710
922 965
922 975
922 1035
922 483
922 814
965 1035
965 747
965 449
965 1064
975 546
975 465
975 744
975 107
975 541
975 261
975 730
975 973
975 1019
975 818
642 436
1035 385
1035 833
1035 39
1035 1072
1035 943
1035 424
1102 104
1102 546
1102 189
1102 483
1102 561
1102 517
1102 315
385 436
385 1099
385 153
385 260
161 254
161 946
161 719
161 344
161 58
161 1064
161 575
161 1100
49 1130
49 1040
49 189
49 162
49 39
49 1028
49 879
49 1015
49 690
49 734
49 273
293 946
293 811
293 978
293 54
293 84
293 1086
293 606
293 717
293 1008
293 745
293 219
737 733
737 814
737 119
737 691
737 467
737 213
737 241
737 1132
737 736
104 749
254 689
254 174
254 189
254 561
254 793
254 585
254 59
592 981
592 467
592 1018
592 396
592 616
592 417
183 97
183 1124
532 266
532 1012
532 8
532 180
854 383
854 830
854 505
854 149
854 876
121 635
121 833
121 835
121 500
1047 468
1047 172
674 1048
674 913
674 180
674 5
674 559
674 866
674 1109
674 570
674 93
674 898
252 733
252 824
252 814
252 384
252 747
252 864
252 97
252 119
252 1114
252 825
252 470
252 676
252 213
252 934
252 1086
252 577
252 787
252 492
946 738
946 84
946 596
946 424
946 260
946 827
946 321
593 171
593 398
593 449
593 1064
593 949
593 1026
593 87
593 953
593 10
593 360
593 67
593 668
422 955
422 189
422 162
422 802
422 272
422 744
422 629
422 1122
422 638
422 143
422 1015
422 495
422 996
422 630
271 162
271 1074
271 659
271 1054
1037 397
1037 99
1037 412
1037 517
1037 1012
1037 8
1037 186
1037 933
1037 1117
1037 307
1037 96
63 426
63 1087
63 398
63 825
63 1089
63 467
63 903
253 804
253 189
253 102
253 704
253 962
253 434
253 467
253 333
253 460
253 495
253 667
253 960
1130 856
1130 879
1130 872
109 706
109 830
109 50
109 505
109 149
109 809
109 88
109 77
109 389
426 272
426 825
426 836
426 1089
426 213
426 172
426 464
426 359
666 272
666 744
666 250
666 615
666 879
681 477
947 963
947 257
947 29
947 82
947 150
947 1121
1029 162
1029 238
833 485
833 704
833 561
833 1072
833 638
833 741
833 45
833 333
833 1023
833 244
833 837
265 150
265 216
265 1090
265 557
265 217
646 902
1040 342
1040 58
1040 39
1040 1028
1040 64
1040 273
1040 964
1040 430
1040 597
1040 525
1040 52
1040 1046
1040 508
902 397
902 80
902 332
902 326
902 609
902 838
83 162
83 238
83 43
83 615
83 341
83 879
83 690
83 734
83 433
42 669
42 976
42 8
42 208
42 437
42 244
689 434
689 489
342 238
342 597
611 816
611 1013
909 122
909 332
909 220
909 52
909 259
633 1072
633 107
633 999
633 875
633 427
804 733
804 410
804 189
804 1007
804 685
804 704
804 354
804 629
804 768
804 651
804 1072
804 764
804 638
804 490
804 741
804 626
804 94
804 999
804 244
804 705
804 837
804 568
804 460
804 904
804 427
804 673
804 625
804 100
804 302
1048 301
1048 744
1048 434
1048 560
1048 866
1048 334
1110 546
1110 151
1110 505
1110 876
708 418
20 669
20 913
20 986
20 778
20 99
20 276
20 377
20 671
20 1007
20 1045
20 704
20 1012
20 474
20 627
20 404
20 36
20 330
20 337
20 343
20 612
20 358
469 485
469 1039
174 835
174 816
174 133
174 704
174 881
174 882
174 614
174 837
436 392
436 943
436 435
436 910
436 355
436 924
835 296
835 881
835 22
816 477
816 384
816 398
816 470
816 676
816 327
816 467
816 256
816 622
816 328
816 381
816 128
816 1094
816 736
816 1013
789 962
789 73
319 392
319 21
319 231
319 520
392 21
392 955
392 485
392 355
21 485
21 261
21 996
21 776
21 1070
21 713
21 230
21 684
718 692
718 212
718 398
718 351
718 1122
718 743
718 260
718 438
718 1018
718 941
718 205
718 268
718 15
718 812
955 881
955 467
955 1071
955 653
955 118
955 538
955 231
955 773
692 749
692 354
692 743
692 474
692 1077
692 438
692 205
733 477
733 263
733 814
733 384
733 97
733 398
733 768
733 825
733 238
733 131
733 250
733 658
733 531
733 1060
733 92
733 853
733 270
1088 1099
1088 669
1088 279
1088 326
714 840
647 1099
647 856
647 1075
647 181
647 540
1099 669
1099 856
1099 440
1099 16
1099 497
1099 1072
1099 296
1099 686
1099 716
1099 540
1099 89
669 16
669 976
669 412
669 1051
669 881
669 1012
669 686
669 8
669 213
669 840
669 471
856 1075
856 711
856 540
440 16
440 272
440 585
16 215
16 497
1075 702
1075 993
1075 526
397 412
397 80
397 317
397 332
397 437
397 539
397 702
397 326
215 497
485 546
485 410
485 189
485 483
485 162
485 377
485 825
485 561
485 153
485 741
485 45
485 599
485 38
133 123
133 398
133 1064
133 260
133 1013
133 111
546 189
546 976
546 477
546 377
546 561
546 691
546 153
546 45
546 830
546 730
546 92
410 778
410 276
410 1007
410 685
410 704
410 354
410 1118
410 820
410 764
410 638
410 490
410 45
410 333
410 1063
410 568
410 337
410 612
410 1070
410 1021
189 483
189 976
189 1111
189 239
189 272
189 778
189 377
189 412
189 651
189 561
189 638
189 743
189 1071
189 186
189 1028
189 142
189 250
189 45
189 560
189 538
189 830
189 1119
189 1044
189 381
189 126
189 630
189 77
189 582
189 762
719 814
719 97
719 468
719 743
719 605
719 54
719 1104
719 1100
719 519
719 645
719 157
483 561
483 250
483 45
483 748
483 1103
976 977
976 949
976 684
1111 802
1111 276
1111 768
1111 153
1111 474
1111 180
1111 636
1111 590
344 814
344 1072
344 242
344 48
344 391
344 11
477 824
477 1059
477 814
477 97
477 701
477 560
477 706
477 64
477 228
477 128
477 942
477 628
477 297
477 1009
477 699
477 1076
824 814
824 747
824 864
824 381
824 128
824 417
824 845
824 871
913 388
913 239
913 301
913 986
913 99
913 377
913 671
913 685
913 704
913 962
913 1010
913 541
913 94
913 866
913 317
913 954
913 427
913 627
913 404
913 36
913 330
913 358
913 684
913 1128
913 921
913 286
156 1013
798 1051
798 8
798 895
1059 825
1059 1071
1059 1028
1059 622
1059 407
1059 830
1059 213
1059 241
1059 575
1059 159
620 212
58 97
58 123
58 449
58 981
58 328
842 802
842 999
842 126
842 1014
842 365
842 1108
842 335
842 1022
842 877
842 439
842 247
842 390
749 722
749 1064
749 1077
263 747
263 653
263 494
212 649
212 260
212 723
212 664
171 97
171 706
171 1026
171 943
171 195
171 1113
171 10
171 736
171 77
791 771
791 428
791 658
791 738
791 464
791 578
791 241
791 717
791 209
791 581
791 782
791 929
1087 744
1087 1074
1087 693
1087 213
1087 317
1087 745
1087 918
814 802
814 384
814 864
814 97
814 301
814 449
814 825
814 1038
814 866
814 320
814 787
814 495
814 297
814 944
162 802
162 388
162 39
162 744
162 65
162 1010
162 474
162 1028
162 238
162 1074
162 250
162 585
162 43
162 615
162 884
162 341
162 879
162 734
162 430
162 282
162 353
162 1107
162 961
802 685
802 744
802 449
802 1118
802 651
802 434
802 474
802 186
802 45
802 626
802 373
802 999
802 333
802 1063
802 244
802 408
802 891
802 112
802 143
802 1070
802 247
802 390
802 648
802 1017
388 276
388 1010
388 627
388 36
388 358
384 119
384 398
384 470
384 676
384 131
384 429
384 1060
384 143
384 717
384 582
384 222
1065 30
1065 260
1065 941
291 772
291 793
772 1051
772 349
772 765
747 137
747 1071
747 653
747 193
747 1079
497 122
497 838
239 793
864 119
864 787
864 918
864 222
39 474
39 186
39 1028
39 238
39 250
39 59
39 352
39 943
39 334
39 341
39 787
39 734
39 508
39 1000
39 484
39 1005
97 119
97 272
97 744
97 825
97 241
97 903
97 628
97 929
97 222
119 676
119 530
119 918
740 1114
740 836
740 345
740 359
301 1010
301 180
301 954
272 398
272 428
272 693
272 568
1011 1072
1011 660
123 621
468 398
468 351
468 55
468 836
468 632
468 1072
468 103
468 743
468 945
468 605
468 939
468 54
468 1058
468 1104
468 821
468 359
468 72
468 255
468 514
468 476
468 588
1124 1072
1124 722
1124 1064
1124 259
1124 226
1124 862
398 685
398 412
398 621
398 962
398 103
398 428
398 1064
398 738
398 124
398 11
398 531
398 780
398 143
398 380
398 806
398 670
465 1086
465 973
465 1019
986 778
986 99
986 671
986 1045
986 448
986 907
778 99
778 276
778 377
778 671
778 1007
778 1045
778 704
778 962
778 490
778 626
778 333
778 568
778 448
778 404
778 330
99 276
99 377
99 671
99 1007
99 1045
99 317
99 933
99 448
99 404
99 1128
99 1033
276 377
276 1007
276 1045
276 490
276 427
377 671
377 1007
377 1045
377 704
377 1118
377 768
377 45
377 317
377 448
377 765
377 36
377 330
377 358
377 286
671 1007
671 1045
671 704
671 705
671 448
671 404
671 358
1007 1045
1007 490
1007 568
1045 333
1045 286
102 354
102 1122
102 333
102 1019
102 495
102 404
102 1107
685 354
685 651
685 962
685 764
685 638
685 741
685 626
685 94
685 66
685 1063
685 705
685 837
685 460
685 904
685 973
685 427
685 673
685 625
685 100
685 302
685 200
412 8
412 332
412 244
412 609
412 838
412 25
621 981
621 467
621 934
621 796
621 315
621 1008
621 160
744 693
744 417
744 231
744 929
744 985
704 1012
704 107
704 490
704 568
704 330
704 337
704 343
704 612
704 1021
704 907
704 370
704 339
704 166
1114 11
1114 796
1114 380
1114 787
1114 417
1114 1
354 651
354 820
354 638
354 1071
354 490
354 741
354 626
354 94
354 1063
354 126
354 891
354 112
354 365
354 460
354 404
354 330
354 877
354 439
354 1107
354 863
354 190
351 632
351 743
351 474
629 460
629 1022
629 1107
629 907
449 978
449 596
449 1008
449 648
1051 1119
1051 599
80 349
80 122
80 332
80 895
80 220
80 571
80 25
80 312
65 638
65 934
65 1070
65 223
65 135
55 474
55 560
55 317
55 540
55 255
1122 638
1122 866
1122 575
1122 400
746 1072
290 1118
290 1027
290 550
1118 1027
1118 651
1118 27
1118 626
1118 568
1118 730
1118 1053
1118 488
1027 768
1027 889
1027 244
1027 550
1027 730
1027 776
1027 684
768 651
768 27
768 764
768 638
768 333
768 195
768 705
768 837
768 495
768 330
651 27
651 962
651 764
651 638
651 741
651 45
651 705
651 904
651 330
651 921
651 187
27 217
27 626
27 970
820 962
820 626
820 999
820 1063
820 705
820 126
820 891
820 877
962 626
962 999
962 1063
962 427
962 166
434 638
434 435
825 676
825 1115
825 382
825 693
825 407
825 213
825 754
825 531
825 195
825 92
825 270
1010 866
1010 93
836 743
836 54
836 143
836 359
981 701
981 653
981 600
981 396
981 890
981 165
127 184
127 940
127 142
127 830
127 481
127 149
561 45
561 1119
561 730
632 345
115 383
115 706
115 830
115 50
115 353
115 35
691 241
691 750
470 29
470 1086
470 1094
470 1008
470 628
257 185
257 216
257 1115
257 557
257 534
257 181
257 903
257 809
257 684
257 86
257 613
257 729
1072 103
1072 184
1072 882
1072 45
1072 329
1072 706
1072 1026
1072 730
1072 1094
1072 427
1072 910
1072 111
1072 579
1072 167
29 150
29 457
29 811
29 216
29 1121
764 460
764 330
764 776
764 594
137 939
137 240
137 996
137 230
137 699
137 1079
137 18
137 727
153 45
153 943
153 25
153 590
638 474
638 490
638 217
638 741
638 626
638 94
638 148
638 943
638 1063
638 705
638 837
638 365
638 460
638 904
638 427
638 673
638 625
638 100
638 302
638 187
296 884
517 1012
881 1074
881 626
881 244
881 837
1012 748
1012 958
399 82
399 711
122 181
122 332
122 895
122 220
122 602
122 259
107 82
107 490
107 800
107 435
107 730
107 973
107 818
722 130
722 1089
722 987
722 213
722 373
722 738
8 474
8 1117
8 1044
8 307
8 840
383 563
383 31
383 151
383 701
383 830
383 953
383 50
383 35
383 136
295 327
1056 783
1056 550
1089 216
1089 1115
1089 693
1089 531
1089 591
1089 1015
1089 209
1089 897
676 771
676 327
676 131
676 738
676 754
676 464
676 578
676 934
676 531
676 577
676 334
676 270
676 589
676 245
676 688
455 701
455 830
455 943
103 348
103 317
103 172
103 48
103 1116
103 753
103 70
103 1069
103 361
103 346
103 660
103 101
103 23
103 405
103 969
103 1080
771 131
771 738
771 464
771 241
327 128
327 1094
327 589
743 474
743 519
467 429
467 48
467 1026
467 1060
467 1008
467 579
467 338
467 163
783 920
783 596
783 1008
783 219
783 985
783 662
783 310
783 372
184 545
184 31
184 701
184 940
184 277
184 142
184 518
184 706
184 830
184 535
184 149
184 762
184 165
184 167
184 478
184 1020
184 672
184 767
184 53
184 281
184 275
184 90
987 1026
37 402
37 400
37 589
37 1129
348 48
348 361
348 346
348 657
348 850
348 23
348 969
348 2
980 560
980 982
1071 653
1071 407
1071 391
1071 260
1071 941
1071 168
1071 179
428 474
428 186
428 407
428 738
428 464
428 241
428 717
428 393
428 324
428 782
428 245
474 1028
474 626
474 538
474 866
474 640
474 1015
474 773
474 699
474 484
474 173
474 403
186 216
186 1074
186 30
186 1100
186 1015
545 142
545 560
545 535
545 481
545 149
545 62
793 316
563 650
563 706
563 509
563 876
563 136
563 478
563 201
185 587
185 150
185 557
185 535
185 77
31 650
31 940
31 1076
31 165
31 35
31 478
31 576
844 830
73 587
73 652
73 706
73 830
73 876
73 353
73 210
587 650
587 352
587 418
587 597
587 353
587 35
587 210
652 277
652 706
652 830
652 577
652 884
652 1067
652 509
652 505
652 899
652 507
151 876
151 809
151 165
650 701
650 940
650 277
650 732
650 457
650 811
650 1082
650 830
650 311
650 509
650 88
650 165
650 897
650 672
650 201
650 395
650 452
650 521
650 459
701 940
701 407
701 830
701 509
701 77
701 389
701 165
701 53
150 557
150 1121
150 600
940 142
940 64
940 535
940 149
940 762
940 165
940 478
940 767
940 576
277 830
277 535
277 275
277 618
277 1068
1028 238
1028 352
1028 659
1028 879
1028 430
1028 1046
1028 537
901 732
732 457
732 181
732 1082
732 311
732 1026
732 452
238 43
238 659
238 879
238 602
238 430
238 597
238 1046
238 79
911 160
457 311
457 452
950 811
950 920
950 379
950 160
950 138
811 596
811 579
811 225
216 1090
216 1115
216 557
216 983
216 800
216 658
216 311
216 568
1074 407
1074 391
1074 7
1074 241
1074 402
1074 23
180 1038
180 866
180 356
490 407
490 626
490 1063
490 705
490 568
490 1019
490 330
490 337
490 612
490 1021
490 370
490 604
1038 866
1038 954
1038 1123
1090 534
1090 1062
1115 534
1115 181
1115 217
1115 658
1115 311
1115 404
1115 1022
1115 613
557 534
557 450
557 311
557 1018
557 396
534 30
534 438
534 604
541 895
541 730
541 973
541 1019
541 818
541 627
541 358
541 776
541 684
541 488
541 1025
142 830
142 535
142 481
142 149
142 62
1042 795
131 322
619 250
619 437
619 1117
619 279
619 140
619 233
619 1015
30 406
30 317
30 260
30 941
30 163
1082 311
653 894
653 329
653 357
653 941
653 240
653 1001
451 317
118 406
118 538
118 231
118 773
118 869
894 407
894 941
894 240
406 538
406 520
759 209
75 1013
250 464
250 453
250 943
250 195
250 431
250 543
518 54
518 535
382 826
693 209
693 278
622 407
622 589
741 626
741 244
741 705
741 837
741 460
741 1019
741 625
741 302
45 538
45 599
45 756
45 943
45 509
45 739
45 62
560 599
560 1044
560 509
560 739
329 735
329 1001
329 679
407 328
407 830
407 213
407 241
407 941
407 953
407 431
407 923
328 941
626 94
626 999
626 244
626 705
626 837
626 568
626 460
626 904
626 427
626 673
626 625
626 100
626 302
1073 213
1073 577
1073 492
1073 790
1073 214
706 830
706 64
706 509
706 50
706 876
706 809
706 88
706 942
706 136
706 199
261 437
261 943
261 730
261 1019
261 818
261 996
261 589
261 1050
5 866
559 866
559 320
559 739
538 231
538 520
538 773
538 869
506 1123
868 926
46 996
46 231
46 773
46 869
46 141
46 498
658 213
658 317
658 738
658 464
658 241
658 575
658 717
830 317
830 241
830 509
830 466
830 481
830 50
830 149
830 876
830 809
830 88
830 353
830 165
830 35
830 275
64 953
64 50
64 899
479 979
479 259
213 172
213 578
213 241
213 918
213 214
735 584
94 539
94 705
94 460
94 904
94 673
94 625
94 100
94 302
978 54
978 1086
978 648
978 985
866 1109
866 93
317 48
317 1116
317 1077
317 578
317 1086
317 615
317 68
317 418
317 960
317 36
317 914
317 280
317 323
317 548
317 788
530 736
599 1023
419 535
332 220
332 326
332 602
1064 577
1064 575
1064 884
1064 920
1064 1067
1064 166
373 391
373 875
242 179
242 13
738 464
738 870
738 578
738 241
738 943
738 717
738 393
738 591
738 324
738 581
738 782
738 929
738 918
738 828
515 531
999 333
999 1063
999 568
999 126
999 408
999 112
999 365
999 460
999 1108
999 247
999 390
999 1017
333 1063
333 244
333 705
333 126
333 408
333 1014
333 247
437 1117
437 539
437 748
437 244
437 612
437 512
933 307
933 891
933 554
933 709
1117 279
1117 140
1117 233
1117 124
1117 307
539 244
475 556
475 838
731 172
172 48
172 753
172 1069
172 464
172 101
172 68
172 1123
172 157
172 929
172 173
172 199
172 712
279 233
279 326
279 838
140 244
140 556
140 484
233 537
982 70
982 1069
48 753
48 1058
48 1123
48 321
1116 753
945 359
311 452
605 1104
605 645
605 863
345 359
939 54
939 240
939 72
939 851
939 883
1077 84
1077 579
54 519
54 255
54 863
54 603
54 852
54 1024
54 523
54 14
867 372
84 920
84 827
756 643
753 1004
70 1069
70 969
361 23
346 575
841 148
702 711
702 974
1058 359
66 568
66 495
1104 359
1104 645
1104 514
1104 863
1104 851
148 1004
148 1080
391 575
1044 1036
1044 7
1044 41
1044 889
1036 7
7 41
144 489
144 838
144 362
124 307
124 726
640 241
640 970
640 489
748 316
748 895
748 730
356 262
447 492
464 578
464 241
464 717
464 393
464 591
578 717
578 929
934 11
934 796
934 555
934 417
934 160
381 871
381 312
381 1084
381 423
381 742
1086 492
241 202
241 575
241 717
241 591
241 222
241 790
11 660
11 796
11 416
11 1
11 14
531 68
577 884
577 1067
577 831
202 375
610 400
43 879
43 433
615 636
615 1015
615 968
352 879
352 597
352 79
453 4
943 716
943 895
943 204
943 660
943 579
943 136
943 914
334 427
659 879
884 1067
884 492
884 670
716 427
341 262
879 91
307 316
307 838
540 730
540 551
895 551
895 267
895 178
220 602
220 508
220 312
220 839
920 1008
596 1008
596 318
204 489
660 730
195 35
195 624
1067 396
1067 505
1067 890
1067 899
1067 507
1067 459
1067 207
1060 555
1060 492
1060 918
1060 245
509 953
509 876
509 201
509 899
509 207
1109 739
1109 376
1109 528
1109 93
260 630
260 924
260 604
438 205
203 223
203 885
68 209
1018 1061
570 684
197 1004
1063 408
1063 1014
1063 112
1063 1108
1063 335
1063 247
1063 390
1063 1107
1063 190
1063 378
244 705
244 837
244 568
244 362
244 571
705 837
705 460
705 904
705 673
705 625
705 100
705 302
705 200
371 550
371 907
371 488
371 594
837 495
568 460
568 247
568 370
568 339
568 166
550 806
550 488
550 594
821 23
954 921
461 792
556 484
126 1014
126 365
126 439
126 247
408 891
408 1014
408 365
408 489
408 247
891 1014
891 365
891 1108
891 247
1014 365
1014 247
365 1108
365 554
143 359
380 416
416 1061
460 730
460 904
460 673
460 625
460 100
460 302
535 481
535 149
535 478
535 281
535 275
535 90
535 1068
535 234
128 297
128 871
379 138
941 205
941 240
941 1001
941 235
221 850
472 366
717 393
717 929
393 324
393 670
393 828
322 929
322 988
591 324
970 907
850 358
730 973
730 1019
730 818
730 427
326 838
489 838
448 673
448 404
448 36
448 612
448 1128
904 673
904 625
904 100
904 302
792 727
792 914
792 323
792 851
792 580
1112 973
205 520
205 498
206 1103
25 155
192 500
481 149
481 767
481 62
481 624
973 1019
973 818
418 353
418 210
1061 417
905 555
953 677
953 505
953 876
402 400
324 782
324 929
324 679
57 492
240 1001
50 809
50 77
50 576
50 639
331 199
431 907
1019 818
1019 684
818 900
1015 495
1015 245
1015 758
1015 9
1015 442
690 734
690 433
1008 985
505 201
505 507
505 459
505 207
149 62
149 1068
149 207
876 201
876 210
876 459
876 207
492 628
827 88
321 809
321 88
321 389
321 519
321 637
495 283
996 230
996 1079
996 727
630 223
630 135
630 604
667 907
667 283
809 88
809 77
809 637
88 637
77 389
77 201
77 899
77 309
430 85
1046 839
427 251
673 625
673 100
673 302
625 100
625 302
100 302
627 36
627 358
627 1128
404 200
404 177
36 358
36 230
343 612
343 1021
343 907
343 370
343 339
343 166
343 688
612 1021
612 907
612 370
612 166
358 645
358 1128
910 19
355 924
924 679
231 773
231 498
776 684
776 1025
230 812
230 18
230 727
230 914
230 323
684 488
684 594
15 727
15 914
15 323
15 851
15 580
773 869
773 141
773 498
111 721
1021 370
1021 166
582 831
762 167
519 767
645 863
942 199
297 695
1009 688
1009 491
699 1079
699 727
871 312
871 1084
1108 335
1108 390
335 1022
1022 1107
209 782
918 222
353 165
353 35
353 210
1107 190
1107 1050
1107 378
648 808
255 603
255 14
907 370
907 166
160 129
985 280
370 166
370 47
312 1084
223 604
135 604
400 589
488 594
165 35
165 275
165 459
165 637
750 129
86 501
579 225
579 683
18 727
18 914
18 323
18 580
727 914
727 323
727 548
727 580
589 246
662 372
662 280
372 280
767 496
53 624
275 1068
173 323
173 851
201 899
201 507
201 459
201 207
507 459
507 207
459 207
1068 637
1001 665
498 580
914 323
914 548
914 851
914 580
323 548
323 851
323 580
548 580
828 995
851 883
603 14
603 69
1084 274
423 742
318 586
207 637
586 586
