0 38
1 494
2 780
3 477
4 703
5 1054
6 163
7 341
8 754
9 424
10 81
11 647
12 59
13 615
14 1042
15 259
16 356
17 304
18 1045
19 782
20 908
21 1108
22 366
23 589
24 122
25 725
26 299
27 571
28 182
29 323
30 135
31 2
32 735
33 602
34 614
35 486
36 897
37 318
38 126
39 899
40 1097
41 694
42 460
43 764
44 1098
45 487
46 828
47 635
48 824
49 236
50 835
51 868
52 260
53 748
54 271
55 983
56 771
57 1026
58 736
59 618
60 152
61 848
62 31
63 395
64 558
65 176
66 842
67 443
68 136
69 646
70 950
71 610
72 987
73 202
74 701
75 789
76 519
77 995
78 368
79 32
80 1114
81 149
82 186
83 516
84 15
85 170
86 421
87 514
88 107
89 1110
90 433
91 968
92 155
93 157
94 688
95 1075
96 744
97 948
98 1047
99 193
100 110
101 456
102 148
103 550
104 357
105 936
106 237
107 803
108 382
109 1105
110 671
111 435
112 792
113 901
114 387
115 726
116 686
117 1070
118 66
119 862
120 459
121 269
122 131
123 93
124 1102
125 677
126 1060
127 612
128 128
129 241
130 599
131 429
132 753
133 137
134 461
135 378
136 431
137 27
138 733
139 997
140 650
141 444
142 320
143 263
144 464
145 1038
146 192
147 472
148 289
149 1003
150 411
151 80
152 205
153 840
154 99
155 1131
156 231
157 855
158 595
159 220
160 447
161 675
162 144
163 1104
164 911
165 889
166 171
167 328
168 406
169 284
170 530
171 1089
172 969
173 700
174 1100
175 466
176 658
177 120
178 470
179 185
180 801
181 315
182 497
183 25
184 189
185 140
186 849
187 649
188 915
189 35
190 831
191 656
192 1125
193 119
194 734
195 704
196 888
197 198
198 78
199 1012
200 404
201 953
202 437
203 1040
204 838
205 172
206 90
207 846
208 398
209 385
210 702
211 488
212 272
213 505
214 1065
215 1030
216 643
217 180
218 548
219 609
220 794
221 1094
222 588
223 1101
224 919
225 244
226 86
227 414
228 65
229 577
230 121
231 535
232 790
233 440
234 800
235 638
236 641
237 265
238 685
239 668
240 197
241 583
242 116
243 526
244 190
245 301
246 331
247 228
248 278
249 493
250 1082
251 820
252 133
253 616
254 499
255 777
256 682
257 938
258 360
259 854
260 823
261 216
262 124
263 302
264 102
265 11
266 634
267 712
268 870
269 752
270 181
271 82
272 285
273 951
274 150
275 389
276 286
277 676
278 944
279 44
280 667
281 573
282 75
283 1093
284 221
285 767
286 258
287 808
288 348
289 593
290 755
291 240
292 773
293 556
294 827
295 651
296 900
297 747
298 1044
299 252
300 30
301 52
302 452
303 303
304 451
305 242
306 687
307 329
308 878
309 26
310 210
311 524
312 931
313 591
314 288
315 920
316 1016
317 161
318 403
319 103
320 484
321 266
322 722
323 710
324 83
325 100
326 895
327 774
328 353
329 18
330 518
331 699
332 379
333 867
334 891
335 976
336 979
337 902
338 982
339 338
340 340
341 450
342 449
343 775
344 330
345 856
346 810
347 1115
348 226
349 512
350 837
351 1074
352 659
353 973
354 21
355 1122
356 988
357 1001
358 230
359 662
360 879
361 743
362 674
363 87
364 324
365 311
366 1018
367 67
368 600
369 934
370 22
371 250
372 760
373 841
374 910
375 986
376 673
377 77
378 852
379 339
380 787
381 1076
382 927
383 629
384 467
385 623
386 114
387 1043
388 178
389 730
390 520
391 354
392 23
393 153
394 865
395 853
396 322
397 942
398 705
399 857
400 1107
401 806
402 874
403 280
404 1056
405 347
406 1119
407 560
408 779
409 463
410 1050
411 628
412 971
413 999
414 851
415 711
416 690
417 578
418 541
419 177
420 60
421 933
422 666
423 981
424 949
425 97
426 654
427 1083
428 637
429 877
430 214
431 215
432 816
433 217
434 1096
435 471
436 788
437 549
438 758
439 904
440 621
441 598
442 883
443 129
444 723
445 319
446 380
447 912
448 425
449 985
450 291
451 812
452 173
453 952
454 412
455 1086
456 886
457 809
458 337
459 847
460 165
461 24
462 465
463 580
464 468
465 212
466 1095
467 94
468 798
469 1073
470 390
471 636
472 229
473 935
474 786
475 1061
476 422
477 363
478 273
479 836
480 1103
481 531
482 279
483 508
484 745
485 746
486 36
487 489
488 513
489 109
490 958
491 213
492 572
493 1079
494 409
495 492
496 388
497 53
498 601
499 1053
500 906
501 98
502 813
503 913
504 147
505 814
506 587
507 482
508 277
509 980
510 308
511 234
512 377
513 940
514 453
515 714
516 740
517 564
518 3
519 1055
520 196
521 187
522 194
523 127
524 1011
525 1071
526 698
527 994
528 300
529 475
530 1090
531 235
532 218
533 894
534 1000
535 709
536 575
537 708
538 10
539 448
540 642
541 584
542 545
543 184
544 732
545 917
546 665
547 626
548 663
549 1051
550 970
551 507
552 130
553 993
554 586
555 476
556 887
557 946
558 876
559 844
560 1077
561 316
562 239
563 523
564 200
565 729
566 898
567 817
568 695
569 544
570 1004
571 1088
572 679
573 17
574 334
575 4
576 296
577 57
578 1019
579 617
580 426
581 1025
582 29
583 892
584 517
585 998
586 905
587 462
588 759
589 490
590 761
591 91
592 154
593 804
594 1034
595 1028
596 71
597 749
598 815
599 977
600 1036
601 574
602 791
603 55
604 707
605 439
606 873
607 608
608 706
609 92
610 945
611 206
612 162
613 175
614 420
615 325
616 282
617 1027
618 169
619 166
620 248
621 553
622 1085
623 262
624 825
625 655
626 731
627 113
628 1035
629 295
630 159
631 104
632 179
633 434
634 43
635 399
636 716
637 1020
638 724
639 720
640 321
641 528
642 146
643 751
644 619
645 1039
646 1046
647 890
648 251
649 1059
650 959
651 1005
652 85
653 207
654 156
655 58
656 858
657 885
658 569
659 680
660 69
661 413
662 872
663 772
664 1049
665 554
666 503
667 20
668 1013
669 510
670 778
671 168
672 48
673 423
674 861
675 547
676 281
677 557
678 326
679 34
680 151
681 469
682 195
683 1112
684 1041
685 246
686 565
687 639
688 592
689 290
690 845
691 1128
692 830
693 5
694 975
695 203
696 63
697 167
698 362
699 408
700 432
701 125
702 219
703 253
704 369
705 415
706 49
707 1052
708 46
709 1023
710 525
711 576
712 13
713 793
714 371
715 537
716 996
717 697
718 739
719 1037
720 633
721 191
722 270
723 438
724 117
725 664
726 365
727 963
728 648
729 960
730 199
731 1063
732 473
733 719
734 344
735 232
736 943
737 781
738 222
739 929
740 1017
741 276
742 802
743 76
744 689
745 939
746 542
747 866
748 622
749 441
750 582
751 275
752 68
753 859
754 1078
755 644
756 227
757 333
758 821
759 590
760 6
761 829
762 115
763 922
764 1109
765 850
766 298
767 741
768 538
769 955
770 455
771 559
772 12
773 374
774 670
775 1002
776 515
777 454
778 1006
779 543
780 762
781 657
782 640
783 96
784 551
785 834
786 287
787 630
788 8
789 61
790 965
791 727
792 941
793 684
794 1117
795 37
796 112
797 914
798 386
799 416
800 355
801 863
802 822
803 534
804 245
805 605
806 405
807 962
808 909
809 442
810 763
811 14
812 627
813 653
814 757
815 243
816 485
817 375
818 401
819 307
820 310
821 1058
822 893
823 785
824 954
825 1072
826 498
827 552
828 509
829 89
830 1021
831 818
832 1120
833 376
834 139
835 607
836 28
837 352
838 833
839 832
840 928
841 108
842 693
843 160
844 502
845 768
846 73
847 1127
848 721
849 1081
850 581
851 105
852 457
853 64
854 1111
855 624
856 361
857 47
858 317
859 1118
860 718
861 132
862 249
863 881
864 224
865 1022
866 384
867 54
868 400
869 256
870 39
871 418
872 483
873 511
874 312
875 918
876 796
877 1130
878 7
879 268
880 1106
881 342
882 332
883 742
884 1029
885 297
886 683
887 158
888 358
889 225
890 1129
891 111
892 458
893 174
894 527
895 570
896 717
897 964
898 1010
899 407
900 1121
901 566
902 51
903 880
904 596
905 811
906 611
907 620
908 88
909 924
910 875
911 957
912 446
913 604
914 956
915 419
916 903
917 79
918 966
919 783
920 839
921 501
922 496
923 261
924 1087
925 984
926 33
927 562
928 313
929 990
930 585
931 314
932 799
933 209
934 367
935 305
936 410
937 864
938 661
939 143
940 1048
941 884
942 1009
943 521
944 1091
945 594
946 204
947 164
948 292
949 138
950 632
951 95
952 805
953 625
954 183
955 255
956 142
957 394
958 350
959 1031
960 728
961 989
962 238
963 372
964 613
965 335
966 309
967 645
968 947
969 930
970 201
971 567
972 70
973 1124
974 568
975 188
976 784
977 819
978 1069
979 74
980 882
981 652
982 826
983 351
984 50
985 555
986 737
987 445
988 427
989 540
990 1062
991 349
992 961
993 932
994 660
995 1099
996 603
997 756
998 381
999 306
1000 402
1001 539
1002 417
1003 62
1004 391
1005 766
1006 563
1007 923
1008 691
1009 561
1010 795
1011 481
1012 907
1013 504
1014 42
1015 770
1016 678
1017 479
1018 383
1019 1113
1020 233
1021 343
1022 546
1023 211
1024 1007
1025 293
1026 606
1027 597
1028 40
1029 474
1030 41
1031 1014
1032 1068
1033 294
1034 967
1035 1066
1036 1132
1037 495
1038 1092
1039 141
1040 506
1041 45
1042 807
1043 500
1044 9
1045 869
1046 373
1047 336
1048 393
1049 84
1050 118
1051 208
1052 1116
1053 769
1054 396
1055 123
1056 1008
1057 916
1058 0
1059 529
1060 478
1061 533
1062 896
1063 345
1064 696
1065 254
1066 430
1067 1024
1068 750
1069 536
1070 491
1071 106
1072 1033
1073 925
1074 346
1075 359
1076 480
1077 264
1078 1015
1079 56
1080 257
1081 1032
1082 797
1083 283
1084 978
1085 776
1086 134
1087 1084
1088 860
1089 921
1090 223
1091 765
1092 843
1093 871
1094 392
1095 713
1096 672
1097 579
1098 669
1099 1057
1100 926
1101 428
1102 19
1103 974
1104 16
1105 1080
1106 991
1107 681
1108 1
1109 1123
1110 72
1111 937
1112 972
1113 992
1114 145
1115 532
1116 715
1117 370
1118 247
1119 1126
1120 436
1121 692
1122 397
1123 631
1124 267
1125 738
1126 1064
1127 101
1128 364
1129 274
1130 327
1131 522
1132 1067
