0 85
1 102
2 218
3 136
4 401
5 942
6 935
7 103
8 916
9 200
10 851
11 1020
12 863
13 884
14 948
15 255
16 644
17 480
18 978
19 283
20 600
21 1041
22 732
23 250
24 999
25 145
26 0
27 562
28 642
29 271
30 1027
31 559
32 129
33 140
34 653
35 338
36 327
37 824
38 720
39 288
40 292
41 677
42 144
43 561
44 483
45 574
46 120
47 550
48 1097
49 108
50 1126
51 700
52 332
53 649
54 567
55 688
56 1034
57 823
58 838
59 281
60 1016
61 696
62 439
63 474
64 800
65 1122
66 664
67 173
68 57
69 625
70 1107
71 1071
72 270
73 27
74 875
75 386
76 852
77 399
78 1067
79 350
80 893
81 209
82 266
83 558
84 277
85 818
86 1038
87 206
88 132
89 830
90 402
91 755
92 538
93 1096
94 60
95 983
96 776
97 711
98 459
99 81
100 16
101 267
102 374
103 183
104 1068
105 379
106 411
107 265
108 668
109 629
110 979
111 68
112 529
113 107
114 339
115 97
116 1035
117 328
118 880
119 460
120 616
121 795
122 679
123 482
124 527
125 20
126 53
127 1032
128 555
129 211
130 298
131 577
132 165
133 392
134 367
135 984
136 827
137 913
138 551
139 1045
140 857
141 670
142 468
143 65
144 702
145 1104
146 703
147 596
148 1053
149 484
150 210
151 924
152 1081
153 1012
154 741
155 458
156 366
157 655
158 731
159 403
160 845
161 966
162 230
163 589
164 90
165 1129
166 566
167 861
168 834
169 521
170 879
171 571
172 415
173 156
174 141
175 420
176 997
177 1048
178 303
179 1106
180 115
181 257
182 546
183 587
184 621
185 1090
186 654
187 899
188 389
189 296
190 472
191 710
192 191
193 414
194 650
195 286
196 904
197 1040
198 1047
199 946
200 443
201 1003
202 848
203 461
204 789
205 1001
206 533
207 799
208 152
209 925
210 91
211 1036
212 333
213 975
214 853
215 798
216 954
217 371
218 779
219 993
220 678
221 383
222 88
223 9
224 290
225 906
226 630
227 342
228 951
229 939
230 172
231 1072
232 1044
233 1025
234 704
235 105
236 911
237 464
238 840
239 309
240 902
241 680
242 74
243 37
244 432
245 1018
246 275
247 1108
248 714
249 331
250 1110
251 859
252 752
253 923
254 82
255 394
256 822
257 1015
258 361
259 486
260 713
261 601
262 364
263 337
264 707
265 866
266 992
267 640
268 278
269 803
270 883
271 513
272 569
273 1023
274 515
275 1029
276 285
277 697
278 457
279 125
280 100
281 228
282 247
283 336
284 740
285 252
286 1083
287 316
288 116
289 1117
290 1028
291 681
292 1086
293 254
294 765
295 373
296 591
297 953
298 294
299 87
300 631
301 950
302 78
303 236
304 584
305 167
306 318
307 791
308 177
309 213
310 268
311 21
312 227
313 104
314 748
315 121
316 61
317 32
318 188
319 429
320 585
321 805
322 258
323 180
324 253
325 239
326 536
327 895
328 661
329 493
330 153
331 262
332 1064
333 637
334 831
335 643
336 867
337 495
338 471
339 1022
340 404
341 445
342 280
343 507
344 698
345 455
346 470
347 847
348 1080
349 927
350 1076
351 825
352 1060
353 627
354 820
355 179
356 1074
357 1116
358 475
359 138
360 821
361 778
362 25
363 36
364 407
365 45
366 958
367 166
368 638
369 6
370 770
371 94
372 531
373 881
374 656
375 17
376 712
377 158
378 593
379 986
380 241
381 967
382 59
383 933
384 55
385 430
386 1130
387 1062
388 155
389 730
390 400
391 409
392 504
393 534
394 716
395 302
396 481
397 535
398 758
399 739
400 684
401 43
402 597
403 784
404 590
405 182
406 602
407 766
408 672
409 203
410 187
411 843
412 378
413 749
414 162
415 937
416 15
417 363
418 763
419 930
420 169
421 412
422 347
423 657
424 433
425 348
426 478
427 205
428 272
429 872
430 113
431 687
432 837
433 756
434 646
435 1085
436 39
437 47
438 131
439 454
440 330
441 204
442 514
443 349
444 41
445 934
446 1056
447 375
448 93
449 887
450 1113
451 614
452 276
453 532
454 987
455 509
456 692
457 991
458 118
459 903
460 354
461 699
462 462
463 570
464 754
465 943
466 744
467 781
468 1000
469 76
470 719
471 1002
472 972
473 572
474 547
475 86
476 382
477 858
478 217
479 1010
480 1084
481 395
482 759
483 202
484 344
485 149
486 410
487 390
488 962
489 777
490 539
491 808
492 466
493 160
494 261
495 73
496 245
497 944
498 119
499 99
500 300
501 1051
502 499
503 511
504 112
505 658
506 783
507 673
508 1066
509 1021
510 604
511 773
512 717
513 675
514 447
515 912
516 1009
517 606
518 519
519 554
520 689
521 990
522 969
523 694
524 287
525 1065
526 829
527 315
528 291
529 35
530 797
531 1111
532 1059
533 357
534 494
535 835
536 1102
537 908
538 1127
539 143
540 682
541 608
542 592
543 96
544 279
545 234
546 134
547 582
548 854
549 365
550 352
551 320
552 197
553 552
554 955
555 981
556 62
557 674
558 878
559 3
560 578
561 632
562 735
563 623
564 648
565 537
566 1115
567 71
568 1101
569 442
570 517
571 977
572 807
573 1118
574 476
575 957
576 1050
577 936
578 729
579 1095
580 809
581 26
582 870
583 598
584 393
585 868
586 1093
587 976
588 264
589 186
590 506
591 2
592 844
593 299
594 663
595 240
596 796
597 168
598 243
599 358
600 123
601 686
602 945
603 128
604 1017
605 289
606 1014
607 1024
608 413
609 624
610 920
611 1098
612 301
613 520
614 890
615 516
616 568
617 528
618 5
619 446
620 487
621 83
622 813
623 662
624 965
625 611
626 274
627 114
628 13
629 384
630 48
631 238
632 780
633 142
634 438
635 580
636 753
637 1043
638 548
639 819
640 622
641 157
642 505
643 269
644 620
645 757
646 1087
647 496
648 52
649 28
650 189
651 940
652 396
653 525
654 801
655 326
656 599
657 30
658 918
659 307
660 841
661 1121
662 579
663 295
664 722
665 1070
666 518
667 1011
668 64
669 1082
670 201
671 161
672 892
673 998
674 184
675 488
676 949
677 594
678 1006
679 995
680 479
681 917
682 431
683 1132
684 84
685 952
686 422
687 199
688 1054
689 492
690 452
691 282
692 322
693 1103
694 497
695 424
696 636
697 788
698 873
699 500
700 334
701 750
702 1007
703 973
704 742
705 947
706 42
707 381
708 785
709 888
710 665
711 321
712 782
713 317
714 345
715 49
716 576
717 387
718 609
719 728
720 786
721 376
722 1091
723 685
724 1046
725 746
726 235
727 928
728 221
729 1100
730 208
731 370
732 117
733 101
734 721
735 237
736 1037
737 617
738 359
739 193
740 98
741 110
742 676
743 31
744 159
745 69
746 148
747 194
748 764
749 185
750 583
751 18
752 543
753 323
754 849
755 815
756 456
757 811
758 817
759 151
760 427
761 959
762 985
763 441
764 174
765 310
766 1094
767 385
768 612
769 733
770 523
771 651
772 249
773 311
774 701
775 175
776 760
777 220
778 229
779 22
780 434
781 1119
782 372
783 865
784 54
785 802
786 607
787 726
788 192
789 508
790 804
791 1088
792 896
793 106
794 814
795 828
796 771
797 312
798 565
799 862
800 325
801 408
802 1120
803 154
804 1004
805 747
806 634
807 792
808 846
809 1073
810 794
811 1069
812 1057
813 405
814 573
815 80
816 391
817 633
818 14
819 660
820 7
821 922
822 743
823 772
824 1063
825 377
826 251
827 109
828 435
829 588
830 541
831 259
832 544
833 448
834 24
835 67
836 540
837 29
838 909
839 89
840 501
841 1039
842 1128
843 1079
844 709
845 929
846 75
847 58
848 900
849 1109
850 248
851 522
852 659
853 133
854 882
855 70
856 423
857 595
858 425
859 346
860 1124
861 793
862 613
863 910
864 724
865 1
866 451
867 489
868 223
869 914
870 314
871 605
872 398
873 95
874 745
875 885
876 907
877 40
878 465
879 219
880 575
881 4
882 485
883 1026
884 855
885 380
886 723
887 176
888 1125
889 762
890 556
891 355
892 1131
893 708
894 850
895 263
896 226
897 8
898 635
899 874
900 671
901 341
902 938
903 150
904 1092
905 994
906 305
907 170
908 610
909 736
910 564
911 1078
912 530
913 353
914 964
915 467
916 706
917 38
918 503
919 738
920 1123
921 181
922 329
923 628
924 33
925 19
926 1061
927 340
928 233
929 921
930 428
931 127
932 215
933 666
934 982
935 216
936 244
937 1030
938 56
939 51
940 417
941 137
942 293
943 297
944 231
945 1013
946 767
947 563
948 418
949 212
950 369
951 963
952 388
953 869
954 639
955 871
956 941
957 996
958 774
959 1005
960 66
961 490
962 406
963 362
964 839
965 130
966 524
967 246
968 444
969 989
970 416
971 304
972 816
973 23
974 440
975 864
976 1008
977 641
978 224
979 198
980 50
981 898
982 34
983 72
984 225
985 557
986 926
987 860
988 931
989 715
990 473
991 626
992 980
993 356
994 647
995 222
996 146
997 876
998 842
999 10
1000 512
1001 652
1002 734
1003 787
1004 915
1005 545
1006 437
1007 790
1008 705
1009 974
1010 498
1011 126
1012 960
1013 449
1014 560
1015 669
1016 1089
1017 603
1018 368
1019 970
1020 889
1021 1105
1022 139
1023 586
1024 1055
1025 1052
1026 971
1027 553
1028 122
1029 618
1030 956
1031 737
1032 491
1033 988
1034 1058
1035 751
1036 313
1037 343
1038 335
1039 932
1040 1049
1041 421
1042 891
1043 196
1044 12
1045 124
1046 477
1047 502
1048 260
1049 856
1050 256
1051 619
1052 319
1053 894
1054 397
1055 77
1056 453
1057 542
1058 360
1059 812
1060 905
1061 549
1062 667
1063 691
1064 693
1065 135
1066 683
1067 968
1068 207
1069 761
1070 163
1071 195
1072 877
1073 919
1074 886
1075 426
1076 164
1077 273
1078 1114
1079 615
1080 768
1081 645
1082 46
1083 214
1084 11
1085 242
1086 1019
1087 725
1088 526
1089 111
1090 1031
1091 469
1092 171
1093 308
1094 832
1095 190
1096 1099
1097 897
1098 833
1099 727
1100 826
1101 836
1102 690
1103 1075
1104 419
1105 1112
1106 510
1107 1077
1108 1042
1109 63
1110 450
1111 806
1112 581
1113 351
1114 178
1115 961
1116 44
1117 306
1118 1033
1119 718
1120 284
1121 775
1122 810
1123 324
1124 695
1125 147
1126 463
1127 232
1128 436
1129 92
1130 769
1131 901
1132 79
