0 455
1 53
2 1092
3 688
4 712
5 927
6 348
7 1131
8 756
9 698
10 697
11 367
12 1088
13 797
14 1084
15 247
16 669
17 997
18 1033
19 222
20 246
21 820
22 323
23 1108
24 1078
25 819
26 365
27 701
28 155
29 636
30 1026
31 335
32 613
33 128
34 951
35 1071
36 1065
37 466
38 322
39 1006
40 118
41 403
42 1053
43 346
44 249
45 983
46 381
47 856
48 696
49 1064
50 777
51 618
52 1093
53 72
54 889
55 877
56 125
57 384
58 184
59 378
60 1004
61 1003
62 656
63 1010
64 906
65 278
66 675
67 581
68 419
69 319
70 1086
71 944
72 399
73 309
74 654
75 851
76 749
77 468
78 886
79 234
80 593
81 690
82 705
83 608
84 653
85 129
86 157
87 500
88 262
89 230
90 181
91 793
92 887
93 868
94 1066
95 116
96 351
97 183
98 748
99 865
100 235
101 535
102 1016
103 577
104 549
105 663
106 38
107 974
108 300
109 270
110 769
111 313
112 170
113 534
114 16
115 719
116 641
117 12
118 935
119 583
120 600
121 559
122 501
123 372
124 260
125 928
126 557
127 1079
128 191
129 843
130 298
131 56
132 317
133 151
134 687
135 257
136 47
137 660
138 754
139 741
140 673
141 883
142 216
143 920
144 899
145 318
146 463
147 1009
148 758
149 429
150 743
151 341
152 824
153 812
154 551
155 2
156 370
157 285
158 867
159 637
160 842
161 979
162 739
163 1132
164 295
165 560
166 5
167 293
168 742
169 803
170 1081
171 782
172 563
173 364
174 244
175 966
176 261
177 836
178 833
179 331
180 1034
181 176
182 495
183 415
184 100
185 619
186 714
187 474
188 844
189 294
190 203
191 25
192 94
193 1040
194 179
195 662
196 334
197 417
198 97
199 17
200 496
201 1119
202 964
203 427
204 492
205 464
206 424
207 4
208 96
209 605
210 359
211 136
212 1072
213 89
214 1082
215 410
216 736
217 480
218 387
219 814
220 790
221 527
222 458
223 595
224 893
225 1036
226 948
227 658
228 43
229 6
230 397
231 1128
232 280
233 591
234 1075
235 46
236 437
237 376
238 661
239 37
240 8
241 73
242 543
243 153
244 512
245 192
246 578
247 926
248 1073
249 1022
250 343
251 139
252 442
253 51
254 923
255 1118
256 465
257 275
258 642
259 532
260 860
261 1024
262 82
263 573
264 991
265 286
266 1096
267 15
268 1025
269 352
270 978
271 265
272 834
273 1047
274 728
275 59
276 727
277 92
278 171
279 218
280 26
281 755
282 734
283 939
284 875
285 859
286 305
287 837
288 574
289 1114
290 915
291 138
292 996
293 68
294 1067
295 969
296 721
297 567
298 241
299 238
300 1020
301 1097
302 329
303 566
304 292
305 947
306 150
307 700
308 361
309 50
310 592
311 1013
312 29
313 630
314 1046
315 350
316 538
317 263
318 852
319 391
320 936
321 907
322 686
323 493
324 811
325 121
326 1007
327 723
328 902
329 651
330 369
331 1028
332 737
333 990
334 18
335 1129
336 1032
337 1021
338 1089
339 768
340 120
341 215
342 430
343 880
344 328
345 86
346 266
347 237
348 1005
349 925
350 102
351 484
352 823
353 845
354 703
355 724
356 982
357 28
358 135
359 730
360 606
361 695
362 796
363 342
364 707
365 1124
366 19
367 967
368 542
369 794
370 659
371 940
372 1
373 104
374 276
375 693
376 597
377 304
378 251
379 813
380 392
381 49
382 256
383 172
384 123
385 445
386 450
387 556
388 180
389 708
390 911
391 918
392 825
393 599
394 878
395 504
396 1077
397 1101
398 134
399 624
400 42
401 916
402 798
403 457
404 1062
405 832
406 161
407 888
408 336
409 147
410 35
411 374
412 404
413 472
414 649
415 76
416 788
417 759
418 862
419 715
420 435
421 428
422 366
423 1112
424 789
425 250
426 412
427 434
428 612
429 960
430 507
431 45
432 1017
433 1095
434 439
435 972
436 1048
437 931
438 855
439 702
440 904
441 363
442 119
443 131
444 173
445 62
446 677
447 799
448 64
449 208
450 863
451 898
452 254
453 621
454 711
455 70
456 57
457 356
458 209
459 1116
460 168
461 544
462 14
463 269
464 1121
465 198
466 610
467 40
468 1113
469 676
470 411
471 236
472 137
473 526
474 518
475 31
476 854
477 27
478 188
479 672
480 774
481 835
482 69
483 804
484 483
485 650
486 565
487 602
488 1043
489 965
490 956
491 479
492 586
493 623
494 327
495 871
496 111
497 441
498 461
499 54
500 950
501 530
502 937
503 666
504 84
505 919
506 109
507 354
508 616
509 995
510 103
511 1039
512 841
513 44
514 201
515 850
516 882
517 857
518 691
519 665
520 876
521 23
522 345
523 302
524 383
525 1074
526 471
527 213
528 1098
529 547
530 223
531 716
532 469
533 767
534 968
535 524
536 1044
537 80
538 881
539 770
540 77
541 105
542 315
543 870
544 561
545 514
546 540
547 1111
548 362
549 553
550 284
551 806
552 533
553 296
554 1085
555 975
556 470
557 818
558 614
559 349
560 576
561 848
562 273
563 393
564 762
565 78
566 316
567 635
568 473
569 449
570 558
571 784
572 828
573 829
574 101
575 406
576 240
577 177
578 444
579 548
580 562
581 647
582 113
583 499
584 41
585 962
586 390
587 290
588 914
589 420
590 487
591 63
592 154
593 866
594 864
595 810
596 627
597 112
598 91
599 312
600 490
601 999
602 20
603 413
604 817
605 1031
606 407
607 522
608 207
609 1058
610 722
611 718
612 657
613 1001
614 537
615 456
616 1008
617 775
618 764
619 166
620 934
621 986
622 375
623 891
624 277
625 402
626 436
627 83
628 158
629 568
630 731
631 214
632 985
633 210
634 344
635 785
636 117
637 908
638 760
639 156
640 259
641 196
642 626
643 872
644 433
645 564
646 310
647 645
648 822
649 39
650 142
651 629
652 408
653 839
654 502
655 409
656 681
657 60
658 58
659 717
660 24
661 858
662 938
663 217
664 747
665 589
666 330
667 750
668 7
669 840
670 297
671 379
672 552
673 189
674 338
675 971
676 529
677 307
678 476
679 607
680 186
681 949
682 95
683 1061
684 912
685 678
686 601
687 395
688 692
689 22
690 752
691 580
692 670
693 332
694 1027
695 590
696 993
697 787
698 347
699 849
700 869
701 1115
702 930
703 85
704 555
705 144
706 1080
707 426
708 1107
709 625
710 446
711 953
712 933
713 477
714 443
715 963
716 1110
717 488
718 398
719 13
720 253
721 554
722 922
723 371
724 783
725 475
726 264
727 861
728 885
729 735
730 311
731 639
732 726
733 141
734 339
735 943
736 167
737 1015
738 107
739 448
740 800
741 486
742 414
743 165
744 582
745 422
746 805
747 779
748 388
749 0
750 1059
751 169
752 846
753 148
754 831
755 358
756 431
757 66
758 205
759 106
760 333
761 634
762 122
763 130
764 377
765 79
766 9
767 1091
768 1029
769 467
770 459
771 1038
772 272
773 780
774 652
775 900
776 255
777 847
778 124
779 48
780 942
781 903
782 1120
783 11
784 321
785 977
786 644
787 744
788 1045
789 1106
790 164
791 98
792 954
793 838
794 308
795 360
796 1125
797 159
798 874
799 753
800 1019
801 596
802 643
803 283
804 984
805 233
806 531
807 873
808 231
809 1130
810 425
811 187
812 1105
813 149
814 503
815 211
816 353
817 710
818 1049
819 281
820 30
821 152
822 509
823 242
824 585
825 704
826 894
827 897
828 713
829 498
830 93
831 896
832 884
833 890
834 929
835 175
836 239
837 229
838 258
839 394
840 510
841 482
842 615
843 646
844 1012
845 494
846 738
847 802
848 740
849 587
850 772
851 326
852 133
853 746
854 765
855 1068
856 423
857 579
858 3
859 941
860 989
861 299
862 725
863 523
864 405
865 61
866 1041
867 685
868 432
869 680
870 757
871 145
872 506
873 303
874 992
875 655
876 185
877 569
878 617
879 827
880 301
881 1069
882 633
883 21
884 194
885 594
886 440
887 505
888 140
889 497
890 667
891 193
892 791
893 816
894 895
895 826
896 575
897 620
898 508
899 778
900 75
901 622
902 1122
903 932
904 127
905 126
906 1018
907 174
908 525
909 481
910 528
911 815
912 71
913 1070
914 114
915 1051
916 545
917 1076
918 252
919 385
920 604
921 955
922 1054
923 1035
924 248
925 611
926 132
927 516
928 729
929 267
930 958
931 957
932 274
933 511
934 970
935 396
936 853
937 32
938 638
939 1099
940 998
941 416
942 679
943 373
944 519
945 603
946 99
947 946
948 462
949 143
950 421
951 268
952 108
953 781
954 808
955 289
956 648
957 1000
958 243
959 671
960 67
961 228
962 282
963 202
964 539
965 732
966 513
967 572
968 517
969 491
970 674
971 368
972 227
973 337
974 195
975 10
976 980
977 291
978 1057
979 773
980 1055
981 751
982 1011
983 792
984 163
985 689
986 146
987 682
988 199
989 1063
990 190
991 1103
992 485
993 212
994 380
995 901
996 1087
997 357
998 204
999 33
1000 1117
1001 766
1002 314
1003 994
1004 279
1005 973
1006 515
1007 52
1008 598
1009 160
1010 389
1011 401
1012 306
1013 460
1014 478
1015 546
1016 807
1017 452
1018 1037
1019 219
1020 699
1021 921
1022 206
1023 324
1024 905
1025 1002
1026 584
1027 74
1028 609
1029 1042
1030 771
1031 909
1032 821
1033 683
1034 694
1035 418
1036 1030
1037 684
1038 961
1039 162
1040 1056
1041 1050
1042 706
1043 786
1044 1104
1045 536
1046 325
1047 1083
1048 628
1049 110
1050 1109
1051 197
1052 745
1053 1052
1054 570
1055 1023
1056 182
1057 892
1058 809
1059 1060
1060 447
1061 453
1062 355
1063 763
1064 451
1065 1123
1066 795
1067 1127
1068 55
1069 776
1070 1102
1071 1014
1072 988
1073 952
1074 801
1075 959
1076 1126
1077 320
1078 225
1079 733
1080 761
1081 830
1082 88
1083 588
1084 976
1085 287
1086 1090
1087 640
1088 571
1089 224
1090 541
1091 520
1092 340
1093 245
1094 913
1095 221
1096 454
1097 200
1098 879
1099 945
1100 981
1101 521
1102 924
1103 220
1104 226
1105 709
1106 668
1107 115
1108 90
1109 81
1110 917
1111 271
1112 36
1113 489
1114 438
1115 178
1116 720
1117 910
1118 1094
1119 288
1120 34
1121 631
1122 386
1123 632
1124 65
1125 664
1126 382
1127 1100
1128 232
1129 550
1130 987
1131 87
1132 400
