0 125
1 45
2 66
3 924
4 572
5 432
6 977
7 715
8 745
9 190
10 278
11 653
12 246
13 860
14 1124
15 454
16 1019
17 949
18 86
19 755
20 222
21 576
22 614
23 257
24 188
25 783
26 344
27 638
28 1066
29 56
30 988
31 961
32 429
33 825
34 342
35 131
36 503
37 566
38 256
39 80
40 746
41 470
42 674
43 104
44 371
45 679
46 164
47 1033
48 872
49 1038
50 811
51 313
52 464
53 1006
54 538
55 957
56 907
57 258
58 336
59 479
60 1051
61 624
62 708
63 345
64 991
65 671
66 259
67 641
68 176
69 445
70 563
71 244
72 1065
73 107
74 169
75 84
76 926
77 24
78 73
79 836
80 632
81 138
82 585
83 422
84 158
85 595
86 625
87 701
88 168
89 689
90 1113
91 266
92 189
93 607
94 871
95 116
96 575
97 393
98 514
99 565
100 185
101 739
102 471
103 805
104 99
105 970
106 367
107 197
108 1048
109 840
110 1008
111 513
112 330
113 76
114 337
115 318
116 682
117 903
118 692
119 111
120 187
121 688
122 54
123 972
124 109
125 762
126 75
127 849
128 821
129 706
130 1090
131 274
132 886
133 1034
134 788
135 756
136 231
137 378
138 110
139 329
140 654
141 433
142 952
143 370
144 1004
145 646
146 1042
147 236
148 1121
149 202
150 296
151 407
152 727
153 700
154 100
155 651
156 944
157 375
158 649
159 207
160 530
161 436
162 300
163 139
164 247
165 46
166 206
167 194
168 30
169 473
170 285
171 994
172 830
173 657
174 939
175 90
176 115
177 995
178 32
179 308
180 62
181 129
182 751
183 999
184 845
185 916
186 358
187 652
188 831
189 425
190 1080
191 807
192 1079
193 418
194 153
195 147
196 914
197 20
198 578
199 724
200 1069
201 698
202 1027
203 162
204 954
205 909
206 880
207 867
208 1083
209 302
210 942
211 208
212 292
213 690
214 37
215 123
216 684
217 403
218 543
219 594
220 691
221 879
222 905
223 452
224 136
225 658
226 978
227 662
228 527
229 220
230 428
231 134
232 1007
233 612
234 200
235 227
236 966
237 447
238 1043
239 852
240 655
241 364
242 226
243 758
244 809
245 1025
246 122
247 810
248 435
249 773
250 558
251 1009
252 851
253 965
254 156
255 1114
256 88
257 28
258 273
259 178
260 1088
261 264
262 584
263 366
264 96
265 680
266 772
267 618
268 148
269 1067
270 669
271 491
272 593
273 843
274 936
275 1078
276 712
277 1102
278 363
279 352
280 484
281 766
282 551
283 95
284 280
285 1049
286 299
287 381
288 808
289 448
290 792
291 910
292 427
293 1015
294 730
295 228
296 609
297 386
298 610
299 382
300 1125
301 561
302 554
303 899
304 777
305 769
306 241
307 476
308 962
309 1011
310 935
311 982
312 183
313 304
314 803
315 571
316 586
317 456
318 617
319 63
320 294
321 1054
322 252
323 405
324 1028
325 760
326 472
327 243
328 103
329 622
330 673
331 16
332 135
333 437
334 761
335 163
336 5
337 421
338 132
339 322
340 4
341 70
342 462
343 677
344 1105
345 971
346 409
347 356
348 494
349 180
350 1096
351 1070
352 721
353 1103
354 1122
355 528
356 83
357 801
358 511
359 171
360 41
361 377
362 443
363 844
364 1116
365 60
366 992
367 820
368 856
369 627
370 19
371 79
372 945
373 320
374 570
375 354
376 517
377 1036
378 902
379 328
380 440
381 795
382 817
383 869
384 870
385 333
386 240
387 694
388 413
389 201
390 823
391 642
392 861
393 387
394 549
395 1014
396 1002
397 384
398 793
399 402
400 42
401 505
402 495
403 301
404 365
405 31
406 181
407 986
408 269
409 703
410 74
411 636
412 951
413 230
414 260
415 114
416 855
417 408
418 36
419 281
420 1041
421 754
422 800
423 1119
424 643
425 552
426 167
427 548
428 108
429 92
430 105
431 725
432 589
433 483
434 215
435 477
436 913
437 847
438 218
439 303
440 204
441 51
442 487
443 564
444 797
445 733
446 193
447 461
448 310
449 459
450 987
451 541
452 780
453 672
454 61
455 573
456 59
457 486
458 1089
459 912
460 897
461 946
462 881
463 346
464 599
465 192
466 884
467 390
468 423
469 875
470 149
471 360
472 542
473 827
474 866
475 389
476 728
477 154
478 489
479 806
480 339
481 1111
482 349
483 1059
484 502
485 1037
486 819
487 1055
488 58
489 512
490 1022
491 738
492 3
493 478
494 78
495 10
496 1040
497 255
498 958
499 1023
500 385
501 683
502 947
503 394
504 1058
505 918
506 953
507 27
508 621
509 312
510 747
511 550
512 1095
513 453
514 919
515 317
516 261
517 232
518 350
519 279
520 351
521 205
522 98
523 493
524 883
525 917
526 893
527 722
528 1097
529 858
530 802
531 732
532 211
533 681
534 664
535 1001
536 711
537 282
538 506
539 411
540 263
541 117
542 1021
543 887
544 675
545 588
546 868
547 720
548 265
549 969
550 598
551 439
552 87
553 1099
554 348
555 50
556 293
557 35
558 1018
559 340
560 412
561 497
562 223
563 980
564 983
565 455
566 776
567 325
568 13
569 765
570 894
571 963
572 998
573 707
574 723
575 199
576 225
577 629
578 482
579 305
580 272
581 615
582 311
583 137
584 465
585 297
586 562
587 670
588 85
589 414
590 525
591 175
592 574
593 985
594 521
595 628
596 713
597 771
598 221
599 882
600 499
601 922
602 826
603 347
604 569
605 1118
606 1107
607 784
608 582
609 975
610 737
611 603
612 1068
613 17
614 397
615 327
616 488
617 753
618 862
619 97
620 288
621 1047
622 145
623 379
624 1024
625 34
626 1046
627 1039
628 388
629 89
630 850
631 451
632 1000
633 353
634 768
635 383
636 685
637 47
638 948
639 888
640 1062
641 716
642 906
643 268
644 1123
645 794
646 718
647 53
648 842
649 710
650 140
651 275
652 608
653 172
654 25
655 990
656 695
657 126
658 238
659 749
660 1112
661 450
662 500
663 976
664 1082
665 142
666 48
667 798
668 606
669 696
670 1108
671 892
672 395
673 631
674 130
675 203
676 1077
677 1053
678 1130
679 267
680 271
681 254
682 853
683 444
684 785
685 68
686 469
687 535
688 968
689 522
690 709
691 859
692 637
693 787
694 799
695 645
696 601
697 1120
698 424
699 904
700 64
701 878
702 539
703 40
704 686
705 1010
706 537
707 57
708 900
709 786
710 1052
711 287
712 714
713 1086
714 1085
715 729
716 876
717 555
718 160
719 112
720 782
721 814
722 481
723 524
724 764
725 343
726 29
727 804
728 198
729 284
730 332
731 102
732 237
733 735
734 587
735 239
736 141
737 580
738 410
739 416
740 361
741 742
742 67
743 996
744 77
745 941
746 863
747 583
748 874
749 932
750 1020
751 796
752 426
753 516
754 1003
755 1076
756 927
757 81
758 634
759 1100
760 150
761 943
762 309
763 372
764 401
765 1094
766 1050
767 15
768 790
769 234
770 665
771 890
772 630
773 1117
774 157
775 520
776 789
777 885
778 6
779 392
780 128
781 901
782 659
783 848
784 534
785 509
786 857
787 307
788 507
789 396
790 818
791 736
792 656
793 33
794 94
795 937
796 65
797 420
798 873
799 697
800 474
801 581
802 14
803 151
804 605
805 553
806 374
807 925
808 839
809 23
810 1075
811 717
812 338
813 837
814 956
815 434
816 577
817 262
818 647
819 1005
820 177
821 940
822 731
823 191
824 26
825 106
826 663
827 596
828 253
829 480
830 741
831 124
832 121
833 466
834 660
835 633
836 306
837 955
838 174
839 623
840 928
841 334
842 146
843 981
844 291
845 973
846 475
847 726
848 545
849 813
850 152
851 270
852 39
853 719
854 1064
855 597
856 161
857 567
858 778
859 229
860 592
861 209
862 400
863 1074
864 979
865 1129
866 430
867 877
868 155
869 49
870 763
871 1104
872 835
873 369
874 277
875 611
876 639
877 1035
878 923
879 519
880 896
881 319
882 889
883 854
884 1126
885 959
886 911
887 485
888 504
889 1092
890 666
891 775
892 1044
893 323
894 750
895 743
896 1072
897 508
898 210
899 219
900 774
901 186
902 276
903 832
904 536
905 1026
906 368
907 613
908 248
909 650
910 734
911 1106
912 242
913 929
914 22
915 184
916 816
917 1063
918 1115
919 559
920 518
921 752
922 43
923 217
924 55
925 531
926 419
927 290
928 38
929 460
930 404
931 544
932 920
933 812
934 770
935 1128
936 864
937 321
938 52
939 1016
940 515
941 781
942 417
943 891
944 960
945 457
946 1012
947 1045
948 1093
949 546
950 933
951 314
952 331
953 931
954 699
955 196
956 1132
957 865
958 1057
959 298
960 529
961 989
962 143
963 579
964 846
965 224
966 626
967 213
968 82
969 0
970 1071
971 767
972 898
973 173
974 602
975 8
976 748
977 702
978 2
979 355
980 380
981 560
982 1060
983 1073
984 7
985 1109
986 568
987 442
988 18
989 1
990 101
991 640
992 286
993 841
994 463
995 938
996 590
997 974
998 245
999 69
1000 510
1001 822
1002 791
1003 71
1004 159
1005 759
1006 1056
1007 829
1008 967
1009 526
1010 1032
1011 895
1012 838
1013 1017
1014 399
1015 166
1016 119
1017 144
1018 467
1019 233
1020 289
1021 1013
1022 740
1023 1030
1024 687
1025 44
1026 997
1027 118
1028 661
1029 373
1030 127
1031 667
1032 91
1033 170
1034 600
1035 678
1036 468
1037 1131
1038 547
1039 391
1040 540
1041 993
1042 1087
1043 1084
1044 644
1045 458
1046 523
1047 496
1048 964
1049 1127
1050 133
1051 604
1052 532
1053 1091
1054 915
1055 72
1056 676
1057 824
1058 1029
1059 921
1060 616
1061 214
1062 1081
1063 438
1064 283
1065 357
1066 635
1067 704
1068 406
1069 316
1070 950
1071 779
1072 341
1073 984
1074 21
1075 815
1076 556
1077 212
1078 362
1079 359
1080 693
1081 179
1082 908
1083 295
1084 591
1085 557
1086 398
1087 249
1088 250
1089 93
1090 1110
1091 1031
1092 376
1093 326
1094 1098
1095 828
1096 501
1097 165
1098 668
1099 415
1100 757
1101 533
1102 498
1103 930
1104 833
1105 648
1106 744
1107 216
1108 705
1109 441
1110 113
1111 195
1112 11
1113 324
1114 446
1115 1101
1116 182
1117 619
1118 492
1119 834
1120 1061
1121 335
1122 620
1123 490
1124 315
1125 235
1126 9
1127 120
1128 12
1129 431
1130 449
1131 251
1132 934
