0 1075
1 18
2 427
3 518
4 842
5 238
6 1118
7 585
8 391
9 553
10 173
11 1055
12 726
13 669
14 721
15 686
16 523
17 355
18 147
19 539
20 206
21 863
22 1071
23 1110
24 596
25 188
26 606
27 377
28 791
29 734
30 404
31 416
32 1002
33 535
34 938
35 751
36 531
37 502
38 349
39 1025
40 830
41 942
42 463
43 557
44 691
45 33
46 227
47 20
48 769
49 1019
50 702
51 322
52 1097
53 121
54 512
55 73
56 468
57 428
58 94
59 634
60 882
61 208
62 788
63 947
64 522
65 685
66 330
67 629
68 653
69 625
70 146
71 970
72 301
73 459
74 875
75 588
76 156
77 813
78 659
79 1117
80 1003
81 255
82 783
83 101
84 176
85 161
86 437
87 297
88 1088
89 925
90 695
91 479
92 125
93 833
94 281
95 394
96 89
97 408
98 594
99 958
100 313
101 710
102 151
103 999
104 186
105 824
106 574
107 517
108 1030
109 460
110 100
111 719
112 1053
113 92
114 127
115 29
116 13
117 2
118 477
119 1109
120 556
121 187
122 1074
123 610
124 455
125 288
126 794
127 165
128 286
129 430
130 107
131 586
132 537
133 263
134 60
135 792
136 528
137 708
138 869
139 367
140 978
141 1085
142 215
143 44
144 142
145 878
146 93
147 985
148 1096
149 712
150 252
151 763
152 961
153 11
154 955
155 519
156 530
157 711
158 773
159 134
160 652
161 415
162 692
163 70
164 279
165 832
166 32
167 494
168 814
169 392
170 185
171 876
172 67
173 546
174 709
175 320
176 997
177 587
178 573
179 448
180 836
181 570
182 975
183 1115
184 1107
185 580
186 811
187 475
188 66
189 803
190 57
191 197
192 443
193 899
194 318
195 647
196 611
197 909
198 418
199 259
200 1064
201 967
202 453
203 490
204 27
205 486
206 924
207 397
208 752
209 1060
210 130
211 440
212 482
213 384
214 1045
215 755
216 296
217 954
218 54
219 976
220 846
221 540
222 864
223 72
224 467
225 474
226 354
227 780
228 212
229 992
230 1061
231 225
232 542
233 319
234 140
235 859
236 905
237 609
238 681
239 881
240 231
241 1095
242 781
243 493
244 223
245 273
246 35
247 716
248 37
249 608
250 956
251 663
252 592
253 1057
254 198
255 196
256 937
257 363
258 19
259 333
260 733
261 583
262 914
263 421
264 534
265 501
266 442
267 426
268 218
269 1069
270 7
271 902
272 451
273 51
274 258
275 34
276 424
277 1111
278 399
279 671
280 398
281 357
282 500
283 853
284 939
285 310
286 946
287 346
288 761
289 582
290 759
291 265
292 1132
293 1103
294 715
295 336
296 776
297 638
298 387
299 706
300 280
301 1077
302 990
303 386
304 943
305 993
306 253
307 738
308 1125
309 1124
310 800
311 745
312 758
313 983
314 919
315 894
316 552
317 1051
318 480
319 1052
320 1126
321 649
322 395
323 83
324 945
325 1122
326 526
327 1041
328 139
329 240
330 483
331 179
332 599
333 269
334 484
335 1043
336 1076
337 544
338 748
339 481
340 439
341 949
342 732
343 766
344 82
345 644
346 707
347 59
348 461
349 871
350 441
351 872
352 521
353 1056
354 1091
355 61
356 723
357 559
358 305
359 182
360 903
361 703
362 412
363 831
364 677
365 260
366 675
367 900
368 601
369 1007
370 735
371 302
372 674
373 248
374 1099
375 256
376 741
377 936
378 630
379 177
380 774
381 964
382 799
383 639
384 848
385 1049
386 457
387 114
388 1059
389 1001
390 892
391 170
392 668
393 603
394 341
395 325
396 1018
397 334
398 699
399 1000
400 705
401 950
402 991
403 857
404 1106
405 213
406 613
407 643
408 205
409 425
410 1031
411 56
412 694
413 615
414 445
415 750
416 163
417 757
418 524
419 175
420 454
421 623
422 633
423 312
424 1130
425 224
426 670
427 120
428 417
429 533
430 207
431 982
432 90
433 278
434 581
435 822
436 277
437 933
438 700
439 597
440 646
441 1037
442 762
443 191
444 50
445 886
446 362
447 764
448 960
449 1090
450 717
451 365
452 877
453 79
454 957
455 432
456 843
457 941
458 819
459 169
460 1129
461 23
462 538
463 1108
464 300
465 321
466 141
467 12
468 1121
469 55
470 309
471 378
472 118
473 879
474 704
475 388
476 849
477 678
478 725
479 31
480 499
481 291
482 701
483 590
484 971
485 687
486 47
487 1028
488 193
489 385
490 565
491 314
492 503
493 624
494 920
495 80
496 222
497 749
498 628
499 372
500 155
501 292
502 600
503 896
504 771
505 1089
506 16
507 834
508 593
509 561
510 138
511 183
512 411
513 667
514 578
515 1098
516 778
517 379
518 932
519 1024
520 880
521 772
522 43
523 1080
524 1078
525 329
526 254
527 251
528 640
529 558
530 368
531 234
532 621
533 358
534 308
535 529
536 801
537 135
538 767
539 1068
540 436
541 452
542 434
543 812
544 891
545 963
546 840
547 230
548 489
549 940
550 525
551 818
552 8
553 797
554 1101
555 884
556 1072
557 973
558 736
559 984
560 337
561 805
562 239
563 38
564 272
565 228
566 1114
567 650
568 71
569 560
570 654
571 768
572 1067
573 798
574 340
575 636
576 171
577 389
578 563
579 804
580 219
581 124
582 679
583 820
584 673
585 129
586 345
587 373
588 360
589 913
590 850
591 115
592 858
593 244
594 268
595 371
596 854
597 901
598 823
599 76
600 498
601 620
602 0
603 907
604 555
605 1120
606 1066
607 289
608 619
609 839
610 14
611 680
612 890
613 299
614 579
615 423
616 112
617 274
618 266
619 410
620 46
621 1012
622 189
623 144
624 1073
625 316
626 1093
627 303
628 390
629 450
630 1010
631 641
632 697
633 283
634 164
635 366
636 414
637 514
638 665
639 226
640 380
641 275
642 739
643 487
644 200
645 284
646 403
647 589
648 122
649 123
650 815
651 1054
652 1005
653 841
654 339
655 1006
656 420
657 604
658 53
659 545
660 338
661 744
662 1065
663 326
664 642
665 979
666 1046
667 683
668 895
669 856
670 298
671 572
672 154
673 419
674 364
675 1047
676 241
677 4
678 929
679 908
680 1008
681 150
682 852
683 793
684 137
685 88
686 835
687 359
688 730
689 874
690 693
691 977
692 729
693 753
694 307
695 1102
696 1094
697 661
698 271
699 1123
700 826
701 476
702 174
703 944
704 887
705 1013
706 217
707 740
708 536
709 825
710 911
711 1058
712 52
713 28
714 541
715 1113
716 285
717 676
718 172
719 295
720 1048
721 204
722 747
723 152
724 605
725 622
726 727
727 806
728 1011
729 233
730 951
731 406
732 1105
733 827
734 6
735 948
736 324
737 618
738 921
739 1050
740 1040
741 509
742 143
743 1083
744 728
745 959
746 1023
747 607
748 782
749 199
750 180
751 262
752 906
753 132
754 473
755 383
756 865
757 58
758 998
759 433
760 24
761 1092
762 396
763 178
764 17
765 1027
766 184
767 796
768 918
769 162
770 889
771 136
772 63
773 293
774 688
775 85
776 860
777 1032
778 119
779 98
780 449
781 547
782 328
783 261
784 370
785 861
786 527
787 1
788 249
789 504
790 722
791 304
792 103
793 845
794 21
795 870
796 287
797 562
798 270
799 49
800 181
801 515
802 885
803 469
804 855
805 898
806 128
807 195
808 966
809 393
810 87
811 962
812 347
813 617
814 160
815 756
816 350
817 737
818 577
819 569
820 1009
821 75
822 26
823 343
824 306
825 194
826 520
827 714
828 81
829 1062
830 1026
831 315
832 616
833 754
834 817
835 42
836 682
837 106
838 1084
839 684
840 923
841 1119
842 351
843 568
844 828
845 1081
846 116
847 133
848 1087
849 77
850 209
851 657
852 407
853 790
854 95
855 353
856 431
857 470
858 203
859 1022
860 713
861 1116
862 787
863 375
864 491
865 472
866 332
867 532
868 435
869 802
870 666
871 866
872 915
873 807
874 1035
875 1014
876 775
877 987
878 447
879 550
880 988
881 575
882 402
883 893
884 462
885 912
886 236
887 1044
888 765
889 631
890 862
891 662
892 731
893 9
894 376
895 356
896 516
897 36
898 327
899 1100
900 1086
901 980
902 257
903 549
904 1128
905 96
906 637
907 104
908 242
909 934
910 627
911 496
912 159
913 1042
914 97
915 458
916 221
917 157
918 111
919 883
920 109
921 508
922 1070
923 41
924 953
925 444
926 446
927 108
928 86
929 497
930 15
931 505
932 158
933 166
934 779
935 698
936 232
937 1021
938 506
939 45
940 282
941 952
942 786
943 456
944 492
945 917
946 413
947 478
948 510
949 632
950 851
951 48
952 928
953 25
954 3
955 1016
956 1104
957 381
958 1039
959 145
960 770
961 1017
962 317
963 777
964 784
965 69
966 564
967 110
968 808
969 126
970 868
971 567
972 927
973 405
974 847
975 995
976 471
977 926
978 1020
979 68
980 342
981 1033
982 554
983 382
984 897
985 323
986 267
987 664
988 972
989 148
990 237
991 614
992 785
993 438
994 311
995 91
996 513
997 113
998 660
999 965
1000 551
1001 809
1002 930
1003 464
1004 429
1005 916
1006 1038
1007 746
1008 245
1009 211
1010 566
1011 250
1012 867
1013 361
1014 829
1015 543
1016 216
1017 1036
1018 612
1019 192
1020 968
1021 873
1022 904
1023 795
1024 658
1025 837
1026 485
1027 335
1028 655
1029 22
1030 931
1031 220
1032 235
1033 689
1034 602
1035 264
1036 635
1037 74
1038 401
1039 724
1040 595
1041 202
1042 935
1043 626
1044 511
1045 969
1046 65
1047 656
1048 1063
1049 243
1050 84
1051 131
1052 214
1053 1131
1054 352
1055 246
1056 1127
1057 276
1058 816
1059 201
1060 994
1061 838
1062 789
1063 331
1064 369
1065 1082
1066 989
1067 62
1068 344
1069 1112
1070 1029
1071 844
1072 584
1073 974
1074 5
1075 409
1076 168
1077 39
1078 507
1079 648
1080 247
1081 996
1082 591
1083 465
1084 102
1085 294
1086 167
1087 290
1088 810
1089 64
1090 742
1091 229
1092 696
1093 720
1094 922
1095 374
1096 1015
1097 10
1098 190
1099 488
1100 422
1101 40
1102 30
1103 99
1104 210
1105 348
1106 718
1107 888
1108 117
1109 466
1110 986
1111 576
1112 149
1113 821
1114 495
1115 153
1116 743
1117 598
1118 78
1119 690
1120 400
1121 910
1122 571
1123 1004
1124 760
1125 981
1126 651
1127 645
1128 1034
1129 548
1130 105
1131 1079
1132 672
