0 445
1 488
2 255
3 1066
4 988
5 874
6 310
7 551
8 1025
9 637
10 949
11 59
12 322
13 990
14 402
15 373
16 392
17 301
18 61
19 483
20 873
21 581
22 478
23 1081
24 278
25 479
26 810
27 427
28 1104
29 564
30 182
31 428
32 833
33 1051
34 609
35 303
36 326
37 333
38 1120
39 231
40 789
41 541
42 535
43 1075
44 495
45 616
46 436
47 383
48 974
49 317
50 47
51 332
52 662
53 582
54 1099
55 935
56 700
57 477
58 22
59 814
60 470
61 44
62 542
63 839
64 816
65 124
66 1027
67 957
68 964
69 422
70 757
71 819
72 550
73 1053
74 743
75 14
76 660
77 922
78 247
79 7
80 518
81 573
82 403
83 752
84 362
85 144
86 557
87 314
88 266
89 933
90 653
91 42
92 405
93 254
94 724
95 527
96 577
97 821
98 271
99 613
100 632
101 627
102 151
103 398
104 606
105 250
106 861
107 352
108 804
109 107
110 568
111 133
112 288
113 975
114 744
115 132
116 654
117 532
118 765
119 390
120 1082
121 748
122 903
123 213
124 17
125 69
126 1043
127 225
128 349
129 888
130 1096
131 384
132 691
133 113
134 645
135 1084
136 1112
137 986
138 15
139 272
140 1062
141 1018
142 432
143 79
144 490
145 145
146 336
147 117
148 126
149 1078
150 73
151 676
152 688
153 323
154 604
155 818
156 758
157 1095
158 651
159 155
160 481
161 36
162 279
163 852
164 932
165 89
166 240
167 725
168 817
169 239
170 43
171 341
172 775
173 264
174 417
175 859
176 849
177 110
178 739
179 831
180 50
181 1106
182 572
183 594
184 908
185 687
186 1116
187 1097
188 875
189 491
190 100
191 1056
192 138
193 730
194 533
195 682
196 1131
197 439
198 854
199 78
200 787
201 167
202 290
203 345
204 227
205 649
206 547
207 1024
208 348
209 111
210 372
211 3
212 1048
213 128
214 449
215 1123
216 1047
217 706
218 705
219 877
220 423
221 1063
222 1037
223 843
224 788
225 751
226 340
227 369
228 53
229 433
230 487
231 516
232 2
233 127
234 426
235 39
236 952
237 91
238 394
239 941
240 420
241 1083
242 944
243 99
244 508
245 224
246 1010
247 585
248 681
249 219
250 997
251 414
252 786
253 311
254 63
255 150
256 1089
257 295
258 94
259 446
260 617
261 561
262 438
263 872
264 1033
265 690
266 595
267 325
268 847
269 458
270 553
271 735
272 885
273 466
274 856
275 377
276 51
277 174
278 931
279 371
280 801
281 855
282 108
283 324
284 1126
285 359
286 876
287 750
288 575
289 109
290 813
291 726
292 233
293 678
294 137
295 357
296 1092
297 630
298 917
299 698
300 276
301 837
302 806
303 1044
304 1071
305 235
306 226
307 930
308 1035
309 1007
310 388
311 81
312 241
313 683
314 742
315 87
316 33
317 1042
318 879
319 1070
320 184
321 1020
322 411
323 749
324 523
325 1041
326 857
327 1102
328 945
329 936
330 363
331 599
332 463
333 1105
334 967
335 747
336 334
337 955
338 886
339 939
340 643
341 215
342 468
343 554
344 611
345 52
346 980
347 119
348 1060
349 461
350 338
351 782
352 120
353 992
354 190
355 429
356 188
357 590
358 70
359 977
360 1006
361 1128
362 450
363 655
364 565
365 601
366 829
367 5
368 982
369 1002
370 259
371 783
372 846
373 1085
374 287
375 473
376 93
377 457
378 968
379 1132
380 721
381 1115
382 307
383 1130
384 112
385 925
386 0
387 170
388 537
389 983
390 912
391 342
392 741
393 620
394 480
395 299
396 959
397 927
398 82
399 981
400 923
401 619
402 343
403 644
404 211
405 797
406 675
407 915
408 496
409 864
410 60
411 545
412 692
413 88
414 580
415 452
416 505
417 894
418 86
419 18
420 713
421 1028
422 899
423 669
424 528
425 101
426 755
427 454
428 192
429 156
430 500
431 187
432 1049
433 171
434 273
435 623
436 497
437 965
438 376
439 312
440 1015
441 994
442 558
443 723
444 900
445 104
446 621
447 169
448 777
449 1026
450 937
451 374
452 382
453 447
454 331
455 529
456 206
457 513
458 154
459 139
460 546
461 1108
462 1117
463 910
464 283
465 940
466 901
467 587
468 62
469 232
470 984
471 1127
472 404
473 129
474 778
475 421
476 424
477 539
478 642
479 267
480 556
481 905
482 919
483 942
484 708
485 96
486 355
487 950
488 265
489 830
490 274
491 1008
492 10
493 671
494 205
495 57
496 55
497 832
498 694
499 1032
500 779
501 624
502 1045
503 707
504 978
505 719
506 1118
507 1000
508 484
509 803
510 828
511 536
512 199
513 230
514 731
515 1067
516 380
517 351
518 745
519 31
520 134
521 1121
522 773
523 907
524 666
525 121
526 378
527 999
528 956
529 1036
530 437
531 143
532 1046
533 228
534 35
535 296
536 958
537 667
538 1110
539 234
540 544
541 636
542 1038
543 608
544 753
545 673
546 103
547 866
548 946
549 216
550 890
551 217
552 459
553 712
554 614
555 598
556 1091
557 771
558 306
559 313
560 635
561 870
562 680
563 1054
564 54
565 996
566 633
567 631
568 785
569 1058
570 356
571 822
572 489
573 584
574 878
575 256
576 646
577 67
578 761
579 25
580 844
581 1087
582 148
583 893
584 185
585 951
586 361
587 796
588 800
589 1093
590 991
591 1114
592 896
593 20
594 1077
595 24
596 1
597 1039
598 309
599 648
600 521
601 45
602 760
603 64
604 26
605 702
606 711
607 887
608 316
609 164
610 865
611 979
612 34
613 1052
614 346
615 672
616 1100
617 97
618 913
619 938
620 811
621 574
622 40
623 16
624 736
625 738
626 1013
627 21
628 562
629 647
630 48
631 431
632 289
633 251
634 895
635 911
636 569
637 973
638 1003
639 163
640 656
641 615
642 871
643 102
644 329
645 471
646 812
647 563
648 1030
649 851
650 823
651 194
652 1004
653 482
654 696
655 882
656 772
657 507
658 358
659 566
660 591
661 196
662 4
663 474
664 440
665 825
666 869
667 1101
668 1061
669 246
670 179
671 953
672 315
673 455
674 415
675 58
676 238
677 659
678 709
679 1069
680 499
681 408
682 263
683 74
684 365
685 514
686 158
687 72
688 400
689 257
690 339
691 220
692 628
693 381
694 809
695 203
696 160
697 441
698 963
699 718
700 56
701 1016
702 867
703 286
704 552
705 1050
706 114
707 898
708 746
709 472
710 1094
711 166
712 379
713 571
714 720
715 275
716 347
717 1076
718 916
719 596
720 732
721 727
722 697
723 841
724 754
725 985
726 863
727 375
728 412
729 522
730 815
731 767
732 517
733 805
734 297
735 976
736 1057
737 176
738 41
739 218
740 776
741 399
742 881
743 715
744 407
745 29
746 122
747 294
748 701
749 966
750 1088
751 1021
752 538
753 476
754 884
755 152
756 1011
757 510
758 704
759 327
760 319
761 737
762 612
763 954
764 268
765 494
766 208
767 221
768 66
769 766
770 626
771 38
772 695
773 162
774 337
775 116
776 153
777 1065
778 493
779 674
780 448
781 842
782 622
783 848
784 27
785 762
786 677
787 492
788 83
789 125
790 191
791 308
792 840
793 605
794 774
795 229
796 795
797 486
798 1064
799 926
800 498
801 366
802 462
803 28
804 948
805 201
806 824
807 443
808 883
809 689
810 710
811 716
812 929
813 71
814 1014
815 853
816 972
817 328
818 794
819 85
820 142
821 763
822 792
823 1122
824 106
825 430
826 353
827 1080
828 335
829 1125
830 1113
831 410
832 467
833 995
834 629
835 409
836 23
837 693
838 193
839 540
840 892
841 252
842 603
843 244
844 242
845 165
846 419
847 1012
848 756
849 686
850 799
851 147
852 189
853 197
854 223
855 868
856 685
857 826
858 173
859 413
860 123
861 49
862 918
863 387
864 524
865 928
866 593
867 764
868 921
869 136
870 456
871 1022
872 305
873 209
874 277
875 504
876 80
877 210
878 891
879 699
880 212
881 46
882 920
883 330
884 998
885 253
886 570
887 115
888 180
889 304
890 798
891 526
892 971
893 444
894 729
895 502
896 282
897 717
898 177
899 961
900 793
901 560
902 943
903 65
904 808
905 904
906 1001
907 722
908 318
909 1040
910 1068
911 243
912 734
913 602
914 714
915 1079
916 95
917 90
918 76
919 592
920 618
921 534
922 416
923 19
924 172
925 511
926 531
927 1119
928 293
929 183
930 368
931 178
932 442
933 360
934 204
935 245
936 1059
937 248
938 140
939 260
940 195
941 157
942 530
943 902
944 960
945 395
946 159
947 924
948 1005
949 186
950 684
951 258
952 658
953 600
954 425
955 475
956 344
957 146
958 897
959 6
960 320
961 836
962 68
963 1111
964 548
965 588
966 665
967 168
968 200
969 850
970 354
971 640
972 391
973 84
974 30
975 1023
976 469
977 989
978 1072
979 515
980 149
981 781
982 270
983 858
984 1086
985 261
986 249
987 1073
988 181
989 1107
990 393
991 845
992 583
993 650
994 1103
995 131
996 576
997 32
998 1055
999 389
1000 625
1001 118
1002 740
1003 11
1004 269
1005 838
1006 1031
1007 237
1008 300
1009 141
1010 827
1011 790
1012 934
1013 525
1014 834
1015 350
1016 453
1017 906
1018 451
1019 679
1020 105
1021 135
1022 302
1023 37
1024 641
1025 460
1026 947
1027 639
1028 791
1029 555
1030 13
1031 769
1032 386
1033 1019
1034 768
1035 214
1036 987
1037 784
1038 291
1039 759
1040 519
1041 435
1042 728
1043 657
1044 175
1045 807
1046 610
1047 1074
1048 506
1049 578
1050 385
1051 12
1052 222
1053 835
1054 664
1055 321
1056 661
1057 607
1058 634
1059 465
1060 503
1061 207
1062 668
1063 993
1064 770
1065 509
1066 98
1067 1017
1068 485
1069 397
1070 292
1071 8
1072 281
1073 370
1074 1090
1075 597
1076 501
1077 567
1078 401
1079 418
1080 914
1081 75
1082 298
1083 1109
1084 860
1085 670
1086 820
1087 1098
1088 364
1089 9
1090 464
1091 1009
1092 434
1093 92
1094 579
1095 367
1096 889
1097 1029
1098 1129
1099 652
1100 130
1101 663
1102 586
1103 262
1104 512
1105 970
1106 589
1107 703
1108 559
1109 1124
1110 802
1111 909
1112 202
1113 280
1114 406
1115 161
1116 285
1117 780
1118 284
1119 638
1120 880
1121 962
1122 543
1123 396
1124 549
1125 198
1126 1034
1127 77
1128 862
1129 520
1130 733
1131 969
1132 236
