0 722
1 1035
2 49
3 230
4 294
5 197
6 1113
7 778
8 31
9 135
10 593
11 548
12 1007
13 485
14 893
15 736
16 1118
17 82
18 469
19 773
20 292
21 959
22 692
23 335
24 1008
25 493
26 910
27 570
28 7
29 757
30 800
31 34
32 433
33 401
34 1114
35 50
36 887
37 584
38 535
39 644
40 555
41 1053
42 80
43 826
44 311
45 895
46 745
47 36
48 659
49 696
50 1105
51 756
52 1112
53 262
54 461
55 257
56 1021
57 316
58 1043
59 524
60 574
61 525
62 542
63 236
64 605
65 1015
66 190
67 465
68 200
69 381
70 415
71 731
72 167
73 955
74 804
75 759
76 750
77 406
78 784
79 1111
80 386
81 823
82 772
83 790
84 628
85 532
86 202
87 656
88 544
89 803
90 557
91 1085
92 503
93 633
94 805
95 54
96 541
97 847
98 512
99 1014
100 1005
101 641
102 499
103 159
104 418
105 76
106 459
107 1030
108 327
109 26
110 430
111 1128
112 944
113 235
114 977
115 604
116 1038
117 250
118 340
119 251
120 518
121 911
122 1083
123 663
124 14
125 302
126 926
127 130
128 402
129 1
130 1064
131 1124
132 28
133 2
134 226
135 899
136 354
137 72
138 1009
139 447
140 164
141 897
142 326
143 559
144 299
145 1049
146 1011
147 44
148 27
149 328
150 1125
151 597
152 1017
153 136
154 771
155 425
156 529
157 1062
158 949
159 1044
160 312
161 140
162 941
163 383
164 1055
165 298
166 727
167 46
168 349
169 256
170 127
171 577
172 1065
173 400
174 1019
175 437
176 975
177 360
178 725
179 580
180 38
181 565
182 596
183 423
184 902
185 599
186 1051
187 180
188 571
189 362
190 958
191 249
192 855
193 1002
194 1003
195 576
196 412
197 863
198 89
199 129
200 121
201 946
202 155
203 738
204 549
205 376
206 1027
207 331
208 398
209 61
210 562
211 540
212 142
213 359
214 1048
215 222
216 204
217 1126
218 86
219 506
220 822
221 41
222 240
223 775
224 537
225 81
226 1084
227 468
228 10
229 137
230 1108
231 1034
232 998
233 185
234 1078
235 516
236 510
237 1098
238 144
239 343
240 1025
241 820
242 543
243 421
244 995
245 1071
246 310
247 247
248 229
249 709
250 862
251 924
252 487
253 1087
254 184
255 1127
256 132
257 451
258 931
259 117
260 871
261 617
262 587
263 334
264 882
265 42
266 915
267 690
268 621
269 108
270 844
271 358
272 228
273 594
274 470
275 134
276 417
277 631
278 30
279 258
280 186
281 650
282 315
283 672
284 1081
285 674
286 0
287 760
288 74
289 122
290 712
291 677
292 1092
293 75
294 783
295 984
296 20
297 452
298 618
299 3
300 967
301 426
302 399
303 482
304 643
305 1041
306 508
307 817
308 860
309 588
310 940
311 610
312 313
313 308
314 244
315 321
316 906
317 801
318 98
319 796
320 356
321 849
322 1042
323 263
324 921
325 1031
326 439
327 714
328 573
329 623
330 718
331 306
332 652
333 411
334 982
335 909
336 970
337 706
338 705
339 901
340 191
341 997
342 101
343 509
344 660
345 608
346 70
347 239
348 550
349 300
350 303
351 183
352 446
353 1123
354 460
355 273
356 689
357 203
358 301
359 686
360 619
361 840
362 920
363 669
364 79
365 595
366 795
367 408
368 275
369 846
370 969
371 318
372 615
373 639
374 957
375 720
376 987
377 91
378 1004
379 851
380 676
381 534
382 968
383 248
384 489
385 1082
386 523
387 647
388 657
389 638
390 141
391 212
392 746
393 252
394 602
395 907
396 149
397 1059
398 432
399 1115
400 479
401 787
402 892
403 972
404 776
405 289
406 682
407 945
408 486
409 710
410 274
411 878
412 373
413 763
414 648
415 66
416 728
417 278
418 5
419 626
420 1052
421 675
422 213
423 168
424 1101
425 147
426 243
427 858
428 1018
429 220
430 1093
431 864
432 999
433 119
434 781
435 992
436 717
437 231
438 818
439 215
440 1012
441 531
442 45
443 888
444 812
445 181
446 305
447 558
448 684
449 1045
450 836
451 1069
452 271
453 753
454 770
455 747
456 737
457 527
458 196
459 701
460 104
461 947
462 138
463 582
464 152
465 169
466 1132
467 43
468 195
469 511
470 388
471 937
472 979
473 58
474 92
475 519
476 1066
477 942
478 67
479 494
480 40
481 698
482 112
483 1100
484 128
485 218
486 366
487 732
488 150
489 774
490 1068
491 962
492 691
493 148
494 600
495 612
496 526
497 566
498 442
499 721
500 917
501 922
502 1013
503 976
504 869
505 131
506 208
507 891
508 528
509 68
510 551
511 464
512 414
513 100
514 495
515 377
516 217
517 145
518 754
519 32
520 1063
521 270
522 645
523 670
524 956
525 586
526 304
527 56
528 764
529 1056
530 55
531 341
532 1122
533 679
534 379
535 981
536 894
537 1088
538 109
539 954
540 436
541 324
542 733
543 175
544 798
545 538
546 139
547 868
548 15
549 767
550 260
551 744
552 655
553 642
554 347
555 703
556 988
557 794
558 662
559 591
560 505
561 1047
562 789
563 214
564 916
565 740
566 842
567 680
568 1070
569 317
570 404
571 19
572 296
573 898
574 903
575 154
576 952
577 683
578 124
579 151
580 546
581 1073
582 948
583 333
584 838
585 1036
586 25
587 105
588 157
589 492
590 1046
591 719
592 94
593 120
594 741
595 708
596 286
597 699
598 319
599 964
600 99
601 553
602 283
603 501
604 834
605 277
606 352
607 355
608 583
609 353
610 342
611 598
612 369
613 172
614 668
615 606
616 556
617 477
618 624
619 193
620 64
621 241
622 852
623 579
624 392
625 330
626 6
627 1109
628 751
629 567
630 393
631 930
632 374
633 102
634 272
635 1010
636 908
637 205
638 287
639 21
640 107
641 828
642 791
643 440
644 513
645 39
646 1090
647 1119
648 971
649 1089
650 387
651 385
652 914
653 533
654 859
655 1058
656 13
657 900
658 743
659 1077
660 693
661 939
662 554
663 474
664 1057
665 396
666 536
667 276
668 929
669 866
670 507
671 435
672 16
673 456
674 189
675 77
676 210
677 1000
678 475
679 636
680 723
681 504
682 601
683 69
684 346
685 792
686 163
687 223
688 994
689 97
690 219
691 500
692 850
693 87
694 116
695 1029
696 1107
697 564
698 345
699 1026
700 1032
701 329
702 700
703 666
704 1024
705 33
706 896
707 95
708 84
709 428
710 857
711 60
712 297
713 814
714 472
715 176
716 622
717 431
718 649
719 875
720 481
721 707
722 1054
723 259
724 815
725 843
726 71
727 521
728 246
729 453
730 339
731 320
732 1075
733 467
734 323
735 563
736 664
737 188
738 829
739 337
740 216
741 1076
742 824
743 603
744 934
745 634
746 429
747 454
748 932
749 370
750 758
751 368
752 281
753 1116
754 581
755 697
756 704
757 961
758 93
759 206
760 279
761 629
762 1022
763 397
764 694
765 793
766 178
767 821
768 990
769 880
770 685
771 1129
772 861
773 695
774 238
775 1040
776 1001
777 951
778 179
779 884
780 53
781 363
782 837
783 845
784 265
785 978
786 237
787 561
788 827
789 711
790 83
791 113
792 839
793 1080
794 382
795 378
796 491
797 443
798 255
799 133
800 1023
801 735
802 115
803 560
804 194
805 174
806 1016
807 514
808 552
809 466
810 749
811 936
812 1095
813 409
814 233
815 889
816 1050
817 716
818 192
819 769
820 768
821 395
822 620
823 65
824 114
825 463
826 290
827 422
828 724
829 314
830 762
831 1086
832 782
833 407
834 831
835 85
836 923
837 282
838 614
839 653
840 434
841 125
842 539
843 245
844 797
845 611
846 35
847 110
848 688
849 1074
850 799
851 1099
852 986
853 291
854 380
855 199
856 90
857 777
858 483
859 166
860 480
861 405
862 62
863 394
864 182
865 457
866 786
867 545
868 336
869 198
870 496
871 765
872 673
873 879
874 264
875 225
876 590
877 24
878 11
879 126
880 177
881 785
882 819
883 578
884 627
885 280
886 391
887 361
888 806
889 224
890 1110
891 322
892 497
893 517
894 261
895 502
896 1096
897 569
898 637
899 886
900 478
901 1121
902 234
903 29
904 1130
905 88
906 153
907 530
908 1006
909 748
910 146
911 390
912 960
913 613
914 161
915 1102
916 993
917 780
918 678
919 458
920 867
921 810
922 307
923 589
924 928
925 173
926 48
927 1067
928 788
929 853
930 833
931 665
932 438
933 4
934 630
935 9
936 983
937 1117
938 284
939 881
940 427
941 876
942 22
943 651
944 807
945 348
946 854
947 702
948 448
949 232
950 890
951 419
952 966
953 1131
954 607
955 980
956 106
957 522
958 201
959 1091
960 870
961 520
962 974
963 985
964 742
965 856
966 687
967 416
968 585
969 288
970 449
971 450
972 221
973 268
974 338
975 963
976 671
977 667
978 813
979 877
980 103
981 654
982 808
983 490
984 873
985 904
986 1097
987 389
988 227
989 1061
990 739
991 779
992 332
993 473
994 170
995 1060
996 413
997 344
998 441
999 575
1000 171
1001 766
1002 143
1003 410
1004 1028
1005 357
1006 367
1007 912
1008 156
1009 211
1010 1079
1011 515
1012 996
1013 73
1014 761
1015 488
1016 160
1017 364
1018 23
1019 835
1020 1072
1021 658
1022 350
1023 872
1024 471
1025 51
1026 918
1027 632
1028 375
1029 950
1030 158
1031 476
1032 973
1033 444
1034 207
1035 832
1036 811
1037 1020
1038 187
1039 420
1040 1094
1041 1104
1042 63
1043 816
1044 371
1045 726
1046 253
1047 913
1048 616
1049 755
1050 445
1051 943
1052 935
1053 293
1054 162
1055 254
1056 372
1057 295
1058 919
1059 572
1060 285
1061 17
1062 927
1063 498
1064 242
1065 209
1066 885
1067 953
1068 802
1069 269
1070 635
1071 841
1072 111
1073 713
1074 965
1075 905
1076 830
1077 365
1078 592
1079 267
1080 752
1081 165
1082 925
1083 730
1084 59
1085 424
1086 646
1087 484
1088 1037
1089 351
1090 729
1091 989
1092 455
1093 991
1094 1120
1095 547
1096 883
1097 609
1098 1033
1099 809
1100 1103
1101 309
1102 325
1103 734
1104 12
1105 938
1106 8
1107 640
1108 118
1109 96
1110 18
1111 266
1112 865
1113 681
1114 661
1115 78
1116 1106
1117 848
1118 568
1119 52
1120 825
1121 625
1122 1039
1123 37
1124 384
1125 715
1126 57
1127 403
1128 933
1129 123
1130 462
1131 874
1132 47
