471 695
471 1049
471 61
471 1059
471 962
471 1099
471 910
471 396
471 662
471 326
471 126
471 255
471 47
471 14
471 548
471 667
471 629
471 4
471 1112
471 27
471 208
471 291
471 550
471 999
471 836
471 699
471 744
471 330
471 1062
471 332
695 1049
695 61
695 962
695 1099
695 910
695 396
695 662
695 326
695 255
695 548
695 629
695 4
695 1112
695 208
695 550
695 1131
695 176
695 951
695 223
695 778
695 658
695 544
1049 61
1049 962
1049 1099
1049 910
1049 396
1049 326
1049 126
1049 255
1049 548
1049 629
1049 4
1049 1112
1049 27
1049 208
1049 291
1049 699
1049 744
1049 951
1049 410
1049 492
1049 1095
1049 1014
1049 946
1049 841
1049 621
1049 231
1049 1061
1049 1116
1049 795
1049 319
1049 42
1049 1042
1049 581
1049 996
1049 586
1049 480
61 326
61 208
61 231
61 542
61 874
61 588
61 331
61 514
61 1002
61 253
61 36
61 72
61 592
61 1065
61 271
61 1076
61 813
61 31
61 29
1059 962
1059 255
1059 809
1059 125
1059 228
1059 1068
1059 197
1059 1020
1059 491
962 1099
962 910
962 255
962 548
962 629
962 208
962 699
962 744
962 951
962 1075
962 366
962 165
962 975
962 947
962 1034
962 69
962 185
1099 396
1099 662
1099 255
1099 14
1099 548
1099 4
1099 208
1099 744
1099 1068
1099 44
1099 624
1099 867
1099 1033
1099 120
1099 1081
1099 531
1099 584
1099 760
1099 823
1099 230
1099 989
1099 1088
910 208
910 744
910 405
910 109
396 662
396 255
396 548
396 27
396 208
396 550
396 1062
396 1095
396 741
396 159
396 635
396 1046
396 312
662 548
662 550
662 1062
662 951
662 813
662 676
662 243
662 512
662 589
662 167
662 210
662 390
662 686
662 582
662 960
662 1121
662 995
662 862
662 953
662 926
662 922
662 886
662 952
662 249
662 818
662 564
662 411
662 567
326 629
326 4
326 1112
326 208
326 999
326 699
326 621
326 809
326 1044
326 607
326 751
326 17
326 944
326 786
326 413
326 50
126 947
126 220
126 314
126 476
126 175
126 684
126 488
126 878
126 194
126 749
126 972
126 138
126 472
126 903
126 286
126 1123
255 47
255 548
255 629
255 208
255 550
255 744
255 621
255 1076
255 1068
255 1046
255 1123
255 666
255 934
255 764
255 1016
255 850
255 16
255 648
47 14
47 548
47 550
47 176
47 951
47 1075
47 312
47 512
47 167
47 922
47 886
47 786
47 299
47 534
47 1114
47 406
47 333
47 461
47 843
47 263
47 985
47 623
47 344
47 259
47 119
47 924
47 754
47 873
47 1066
47 700
47 1124
47 383
47 141
47 937
14 291
14 176
14 951
14 1068
14 1081
14 886
14 263
14 1108
14 513
14 477
14 324
14 469
14 498
14 10
14 1038
14 518
548 550
548 1062
548 176
548 951
548 480
548 197
548 635
548 676
548 922
548 818
548 411
548 1117
548 373
548 217
548 824
548 215
548 956
548 379
548 746
548 454
548 363
548 399
548 106
548 451
548 457
548 933
548 169
548 969
548 753
548 967
548 317
548 612
548 820
548 812
548 276
548 802
548 346
548 183
548 1077
548 798
548 566
548 1080
667 550
667 951
667 686
667 224
667 613
667 1073
629 4
629 27
629 208
629 291
629 999
629 836
629 699
629 544
629 410
629 920
629 301
629 426
4 1112
4 699
4 544
4 1095
4 813
4 165
4 69
4 862
4 413
4 324
4 904
4 963
4 805
4 880
4 574
4 1071
4 1079
4 105
4 3
4 767
4 196
4 627
1112 208
1112 1095
1112 946
1112 319
1112 366
1112 1046
1112 426
1112 574
1112 526
1112 187
1112 955
1112 1024
27 291
27 999
27 410
27 492
27 1095
27 231
27 1061
27 319
27 996
27 586
27 588
27 1033
27 741
27 159
27 635
27 312
27 1016
27 933
27 967
27 812
27 224
27 196
27 572
27 238
27 761
27 853
27 348
27 538
27 19
27 279
27 487
27 212
27 261
27 200
27 501
27 608
27 140
27 388
27 510
208 699
208 1131
208 544
291 999
291 544
291 410
291 1014
291 946
291 841
291 621
291 231
291 319
291 996
291 1075
291 823
291 17
291 944
291 684
291 937
291 215
291 106
291 301
291 963
291 627
291 238
291 261
291 619
291 763
291 385
291 821
291 84
291 522
291 766
291 1053
291 912
291 424
291 456
291 186
291 949
291 393
291 535
291 458
291 207
291 702
291 748
291 838
291 945
291 845
291 495
550 1062
550 176
550 951
550 874
550 813
550 676
550 243
550 512
550 167
550 686
550 582
550 995
550 862
550 953
550 886
550 843
550 263
550 924
550 873
550 937
550 763
550 653
550 577
550 442
550 590
550 901
550 38
550 88
550 762
550 568
550 808
550 394
550 1032
550 683
999 836
999 410
999 331
999 1002
999 249
999 301
999 767
999 821
999 442
999 918
999 688
999 1009
999 685
999 473
999 68
699 544
699 813
699 69
699 584
699 324
699 963
699 880
699 1079
699 767
699 393
699 269
699 585
699 118
699 304
744 951
744 937
744 574
744 748
744 732
744 889
330 749
330 113
330 1011
330 9
330 727
330 108
330 868
330 148
1062 951
1062 795
1062 700
1062 217
1062 215
1062 454
1062 363
1062 317
1062 183
1062 816
1062 789
1062 628
1062 221
1062 321
1062 245
1062 605
1062 402
1062 111
1062 598
1062 828
1062 1
332 621
332 996
332 159
332 1016
332 399
332 526
332 572
332 19
332 140
332 957
332 729
332 188
332 1022
332 637
332 840
332 783
332 23
332 765
332 328
332 894
332 310
1131 145
176 951
176 862
176 985
951 586
951 813
951 676
951 937
951 732
951 234
951 267
544 42
544 805
544 574
544 3
544 526
544 212
544 912
544 393
544 729
544 680
544 75
544 368
544 1037
544 320
544 938
544 268
544 352
544 884
544 150
410 1095
410 1014
410 946
410 621
410 231
410 319
410 1042
410 635
410 312
410 301
410 627
410 572
410 238
410 538
410 821
410 727
410 108
410 1022
410 347
410 1105
410 614
410 152
410 51
492 1014
492 231
492 1061
492 795
492 996
492 586
492 480
492 874
492 635
492 1016
492 106
492 766
492 568
492 23
492 347
492 1105
492 830
492 984
492 788
492 375
492 807
492 1102
492 902
492 163
492 1045
1095 231
1095 1061
1095 1116
1095 319
1095 42
1095 996
1095 1002
1095 185
1095 531
1095 741
1095 1046
1095 17
1095 944
1095 518
1095 217
1095 967
1095 1079
1095 767
1095 572
1095 238
1095 761
1095 538
1095 388
1095 619
1095 912
1095 1022
1095 840
1095 150
1095 347
1095 1105
1095 51
1095 739
1095 103
1095 395
1095 49
1095 242
1095 305
1095 56
1095 879
1095 599
1095 1013
1095 378
1095 791
1014 841
1014 621
1014 319
1014 947
1014 159
1014 635
1014 17
1014 1016
1014 572
1014 424
1014 68
1014 108
1014 1022
1014 637
1014 783
1014 765
1014 328
1014 347
1014 1105
1014 614
1014 242
1014 378
1014 462
1014 91
1014 250
1014 730
1014 1050
1014 277
1014 1052
1014 372
1014 483
1014 99
1014 533
1014 849
1014 450
1014 240
1014 66
1014 781
1014 21
1014 839
1014 1086
1014 643
1014 931
1014 707
1014 34
1014 826
1014 694
946 231
946 963
946 627
946 1053
946 945
946 443
841 1042
841 944
841 1022
841 145
841 730
841 1052
841 67
841 506
841 5
841 367
841 800
841 435
841 486
841 775
841 143
621 319
621 996
621 809
621 751
621 518
621 301
621 19
621 140
621 637
621 938
621 1105
621 375
621 643
621 530
621 490
621 422
621 174
621 339
621 11
621 97
621 391
621 1021
621 571
621 665
231 1116
231 1042
231 542
231 874
231 588
231 1002
231 36
231 592
231 271
231 1076
231 31
231 29
231 366
231 526
231 238
231 945
231 352
231 347
231 305
231 643
231 143
231 440
231 155
231 769
231 630
231 1025
231 672
231 1064
1061 159
1061 765
1061 258
1116 1032
1116 1022
1116 1045
1116 545
795 996
795 586
795 480
795 1068
795 491
795 120
795 635
795 582
795 564
795 477
795 363
795 399
795 933
795 820
795 526
795 1053
795 949
795 568
795 68
795 816
795 321
795 245
795 111
795 828
795 1
795 680
795 788
795 807
795 533
795 300
795 731
795 428
795 252
795 1067
795 887
795 519
795 908
319 1042
319 366
319 518
319 426
319 526
319 572
319 140
319 424
319 108
319 402
319 637
319 328
319 347
319 1045
319 739
319 694
319 211
319 86
42 996
42 480
42 635
42 501
42 1053
42 207
42 328
42 310
42 150
42 347
42 163
42 739
42 149
42 123
42 248
42 961
42 864
42 881
42 593
1042 366
1042 564
1042 751
1042 944
1042 194
1042 1016
1042 937
1042 426
1042 526
1042 853
1042 212
1042 1053
1042 442
1042 148
1042 637
1042 783
1042 310
1042 352
1042 375
1042 902
1042 1045
1042 34
1042 775
1042 1063
1042 356
1042 965
1042 794
1042 445
1042 968
1042 28
1042 162
1042 641
1042 1006
581 29
996 1068
996 185
996 886
996 1108
996 477
996 469
996 10
996 518
996 766
996 148
996 957
996 188
996 637
996 368
996 347
996 378
996 965
996 401
996 272
996 915
996 602
996 278
996 825
586 480
586 635
586 564
586 363
586 140
586 816
586 402
586 984
586 209
586 226
480 197
480 635
480 564
480 751
480 217
480 215
480 363
480 399
480 169
480 967
480 612
480 820
480 812
480 19
480 901
480 568
480 828
480 1022
480 783
480 984
480 1102
480 533
480 450
480 428
480 618
480 351
480 297
480 651
480 981
542 874
542 588
542 1002
542 36
542 72
542 592
542 1076
542 29
542 805
542 945
542 305
542 11
542 440
542 246
542 416
542 616
542 711
542 997
542 596
542 281
542 235
542 1029
542 681
542 308
542 241
542 527
874 588
874 1002
874 36
874 592
874 1065
874 1076
874 29
874 312
874 167
874 886
874 1117
874 933
874 261
874 945
874 577
874 352
874 305
874 240
874 440
874 1067
874 597
874 1017
874 1005
874 529
874 343
874 485
874 313
874 201
588 1002
588 36
588 592
588 1076
588 31
588 29
588 200
588 945
588 440
588 1025
588 460
588 350
588 796
588 470
331 308
514 36
514 271
514 607
514 1024
514 618
514 308
514 285
514 124
514 33
1002 253
1002 36
1002 592
1002 1065
1002 31
1002 29
1002 314
1002 878
1002 472
1002 477
1002 106
1002 522
1002 145
1002 49
1002 305
1002 416
1002 87
1002 1092
1002 45
253 31
253 472
253 155
253 416
253 1115
253 682
253 404
253 710
36 72
36 271
36 1076
36 29
36 867
36 945
36 1029
36 308
36 1115
36 15
72 271
72 867
72 945
72 1025
72 246
72 416
72 616
72 281
72 1029
72 308
72 15
72 233
72 837
72 147
72 728
592 1076
592 31
592 29
592 945
592 148
592 739
592 440
592 1018
1065 767
1065 945
1065 577
1065 1025
1065 308
1065 1005
1065 529
1065 1055
1065 758
1065 954
1065 171
271 1076
271 867
271 945
271 305
271 1025
271 618
271 308
271 285
271 15
271 233
271 1057
1076 29
1076 867
1076 1077
1076 938
1076 375
1076 440
1076 1064
1076 86
1076 278
1076 285
1076 1115
1076 710
1076 998
1076 85
1076 374
1076 131
1076 166
1076 463
1076 434
1076 943
1076 325
813 165
813 676
813 960
813 985
813 623
813 937
813 574
813 196
813 748
813 729
813 1105
813 86
813 343
813 201
813 52
813 565
813 1132
31 17
31 574
31 155
31 630
31 404
31 233
31 990
29 314
29 766
29 945
29 653
29 894
29 352
29 150
29 614
29 103
29 305
29 21
29 1021
29 440
29 794
29 285
29 682
29 15
29 233
29 236
29 645
29 79
29 844
29 633
29 932
29 370
29 792
29 870
809 624
809 751
809 388
809 912
809 599
809 378
809 775
809 11
809 391
809 248
809 825
809 943
809 203
809 925
809 1103
809 558
809 720
809 601
125 405
125 564
125 17
125 324
125 217
125 215
125 933
125 574
125 212
125 442
125 278
125 1092
125 45
125 400
125 899
125 569
125 622
125 1007
125 309
125 302
228 972
228 286
228 522
228 347
228 209
228 274
228 756
228 671
228 74
228 919
228 650
1068 1075
1068 947
1068 635
1068 960
1068 995
1068 886
1068 749
1068 472
1068 1108
1068 477
1068 324
1068 469
1068 10
1068 1038
1068 574
1068 522
1068 1053
1068 148
1068 145
1068 884
1068 21
1068 401
1068 278
1068 825
1068 1007
1068 523
1068 528
1068 55
1068 604
1068 785
1068 966
1068 160
1068 96
1068 1118
1068 540
1068 916
1068 46
197 749
197 215
197 605
197 11
197 104
1020 210
1020 862
1020 953
1020 299
1020 534
1020 873
1020 141
1020 1108
1020 956
1020 637
1020 871
491 635
491 564
491 751
491 786
491 363
491 245
491 23
491 931
491 755
491 153
1075 1034
1075 635
1075 582
1075 862
1075 818
1075 299
1075 873
1075 513
1075 217
1075 1053
1075 949
1075 788
1075 931
1075 707
1075 153
1075 146
1075 776
1075 130
1075 551
1075 611
1075 502
1075 275
366 531
366 17
366 934
366 451
366 426
366 526
366 955
366 388
366 732
366 637
366 443
366 1063
366 965
366 641
366 309
366 349
366 262
366 318
366 342
165 531
165 210
165 873
165 383
165 937
165 363
165 574
165 1071
165 3
165 1053
165 393
165 458
165 685
165 118
165 91
165 443
165 641
165 1057
165 342
165 1010
975 684
975 196
975 955
975 483
975 986
947 314
947 476
947 684
947 194
947 472
947 286
947 1123
947 1022
947 347
947 46
947 59
1034 564
1034 567
1034 373
1034 379
1034 457
1034 612
1034 276
1034 1077
1034 1080
1034 88
1034 828
1034 1
1034 1086
1034 707
1034 954
1034 295
1034 638
1034 846
1034 734
1034 777
69 531
69 584
69 574
69 378
69 630
69 965
69 1111
69 447
185 17
185 1108
185 966
44 120
44 373
44 379
44 451
44 1077
44 140
44 954
44 846
44 287
44 164
44 797
624 1081
624 965
624 915
624 354
624 914
624 721
867 945
867 653
867 21
867 440
867 155
867 1025
867 308
867 682
867 15
867 914
867 721
867 1001
867 907
867 603
867 701
867 636
867 1090
1033 574
1033 200
1033 1053
1033 103
1033 86
1033 500
1033 521
1033 858
1033 742
1033 736
120 1016
120 363
120 140
120 495
120 104
120 790
120 222
120 418
120 417
120 1129
1081 1121
1081 10
1081 518
1081 965
1081 602
1081 354
1081 914
1081 1096
1081 80
1081 677
1081 112
1081 1091
1081 172
1081 752
1081 950
1081 135
531 989
531 1044
531 413
531 805
531 574
531 3
531 526
531 84
531 352
531 599
531 968
531 160
531 1111
531 447
531 907
531 504
531 690
531 1008
531 652
584 965
584 1008
760 1088
760 599
760 968
760 1090
760 521
760 191
230 447
230 752
230 819
230 747
989 944
989 10
989 354
1088 447
405 564
405 607
405 215
405 821
405 424
405 694
405 209
405 309
405 611
405 787
405 928
109 894
109 395
741 238
741 742
741 132
159 635
159 564
159 944
159 666
159 363
159 183
159 828
159 637
159 694
159 124
159 136
635 582
635 564
635 411
635 1108
635 215
635 379
635 454
635 363
635 399
635 106
635 451
635 457
635 933
635 967
635 820
635 812
635 802
635 346
635 183
635 301
635 105
635 19
635 140
635 949
635 495
635 88
635 304
635 321
635 188
635 637
635 783
635 788
635 378
635 533
635 931
635 143
635 11
635 428
635 1067
635 123
635 209
635 297
635 87
635 1103
635 146
635 777
635 102
635 1031
635 193
635 973
635 852
635 991
635 192
635 489
635 554
635 345
635 173
1046 17
1046 413
1046 766
1046 894
1046 51
1046 849
1046 530
1046 665
1046 1063
1046 28
1046 825
1046 633
1046 342
1046 432
1046 142
1046 237
1046 774
1046 1104
1046 656
1046 673
1046 1106
1046 71
1046 41
1046 18
1046 958
1046 847
1046 337
312 564
312 937
312 215
312 454
312 933
312 346
312 279
312 763
312 376
312 168
312 429
676 862
676 1032
512 960
512 995
512 886
512 937
512 1132
512 96
512 83
167 390
167 862
167 1114
167 333
167 843
167 263
167 623
167 1124
167 141
167 424
167 748
167 637
167 1105
167 664
167 6
210 862
210 886
210 17
210 534
210 1114
210 263
210 873
210 141
210 1132
210 895
390 960
390 1124
390 96
390 83
686 613
686 1073
686 261
686 442
686 1045
686 965
686 429
686 290
686 288
686 493
582 818
582 564
582 217
582 379
582 363
582 451
582 457
582 933
582 967
582 820
582 812
582 276
582 1053
582 949
582 901
582 585
582 304
582 680
582 533
582 300
582 1067
582 123
582 209
582 618
582 638
582 1031
582 489
582 835
582 484
582 556
582 12
582 885
582 696
960 995
960 862
960 886
960 751
960 944
960 299
960 843
960 477
960 1132
960 96
960 859
1121 457
1121 519
1121 226
1121 758
1121 135
1121 2
1121 425
995 886
995 985
995 96
995 83
862 299
862 1114
862 333
862 461
862 263
862 985
862 623
862 259
862 924
862 873
862 700
862 1124
862 141
862 937
862 574
862 683
862 1022
862 1132
862 528
862 96
862 83
862 1087
953 1114
953 333
953 461
953 263
953 985
953 259
953 924
953 700
953 528
926 279
926 442
926 38
926 957
926 188
926 1105
926 630
926 203
926 1103
926 655
926 340
926 848
926 219
886 873
886 1108
886 302
886 96
886 1036
886 670
952 413
952 937
952 261
952 442
952 957
952 1045
952 630
952 257
952 431
952 94
249 425
818 746
818 969
818 1077
818 949
818 123
818 846
818 192
818 489
818 554
818 505
818 661
564 413
564 937
564 217
564 215
564 363
564 933
564 169
564 346
564 805
564 955
564 949
564 901
564 568
564 68
564 585
564 321
564 402
564 111
564 630
564 300
564 1067
564 885
564 341
411 454
411 816
411 102
411 193
567 217
567 457
567 828
567 707
567 428
567 209
567 895
567 232
567 660
1044 17
1044 944
1044 413
1044 934
1044 1071
1044 683
1044 729
1044 641
1044 281
1044 79
1044 349
1044 500
1044 742
1044 484
1044 322
1044 832
1044 1119
1044 631
1044 706
607 1024
607 140
607 727
607 188
607 618
607 124
607 720
607 222
607 928
751 17
751 820
751 1071
751 945
751 123
751 246
751 604
17 944
17 314
17 934
17 301
17 627
17 212
17 108
17 328
17 352
17 739
17 242
17 1013
17 174
17 149
17 961
17 281
17 527
17 349
17 262
17 603
17 958
17 670
17 361
17 1028
17 403
17 642
17 1093
944 972
944 934
944 513
944 215
944 301
944 1011
944 1022
944 310
944 1045
944 372
944 66
944 839
944 672
944 968
944 825
944 596
944 1092
944 131
944 1103
944 160
944 262
944 447
944 907
944 431
944 282
944 898
944 1040
944 227
944 338
944 78
786 820
786 473
786 727
786 990
786 604
786 755
786 521
786 859
786 437
786 0
786 560
413 50
413 937
413 812
413 963
413 574
413 767
413 196
413 955
413 1053
413 321
413 1022
413 375
413 599
413 775
413 11
413 211
413 1063
413 965
413 162
413 1057
413 309
413 349
413 342
413 18
413 898
50 963
50 627
220 194
220 749
314 175
314 684
314 878
314 194
314 749
314 972
314 138
314 472
314 286
314 522
314 688
314 1009
314 9
314 727
314 108
314 957
314 1022
314 637
314 938
314 347
314 21
314 1092
314 45
314 46
314 554
314 719
314 780
314 40
314 782
476 175
476 194
476 286
476 347
476 719
476 626
175 684
175 194
175 749
175 972
175 472
175 286
175 727
175 1022
175 347
175 1105
175 694
175 211
175 1092
175 146
175 59
175 554
175 626
175 639
684 194
684 749
684 196
684 535
684 688
684 1022
684 91
684 21
684 800
684 435
684 775
684 1092
684 986
684 59
684 652
684 626
684 815
684 1126
684 157
684 811
684 181
684 634
684 913
488 1102
488 372
488 274
488 74
488 170
488 306
488 37
878 194
878 472
878 286
878 477
878 3
878 526
878 522
878 188
878 347
878 49
878 242
878 490
878 46
878 229
878 293
194 749
194 972
194 138
194 472
194 286
194 477
194 904
194 196
194 148
194 1022
194 347
194 375
194 49
194 769
194 45
194 46
194 481
749 472
749 286
749 1108
749 196
749 108
749 347
749 21
749 682
749 46
749 780
749 81
749 427
972 286
972 933
972 1102
972 378
972 46
972 719
138 472
138 286
138 477
138 522
138 49
138 45
138 46
138 257
138 40
138 481
472 286
472 1108
472 526
472 955
472 347
472 694
472 370
472 46
472 146
903 526
286 477
286 955
286 522
286 1009
286 49
286 756
286 74
286 46
286 626
286 229
286 481
286 427
286 646
286 296
286 7
1123 614
1123 21
1123 486
1123 986
1123 59
1123 1089
1123 1054
1123 890
1123 1109
1123 265
1123 151
666 183
934 3
934 680
934 368
934 375
934 879
934 1013
934 378
934 530
934 174
934 149
934 349
934 262
934 484
764 766
764 1053
764 18
764 340
764 1119
1016 238
1016 1022
1016 637
1016 783
1016 296
1016 464
850 1108
850 849
850 781
850 554
850 41
850 475
850 214
850 1074
850 678
850 687
850 570
16 545
16 392
648 784
648 494
648 127
299 1108
299 477
299 1038
299 275
534 873
534 215
534 956
534 379
534 683
534 828
534 707
534 275
534 660
1114 245
1114 352
1114 1017
1114 652
1114 906
406 333
406 843
406 263
406 119
406 424
406 245
333 461
333 843
333 263
333 259
333 924
333 196
333 683
333 528
461 263
461 700
461 937
461 788
461 343
843 3
843 1132
263 3
263 245
263 1132
263 528
263 670
623 1005
344 124
344 275
259 683
259 528
873 141
873 937
873 215
873 956
873 379
873 798
873 828
873 533
873 275
873 1039
1066 937
1066 275
700 1024
1124 748
1124 83
141 956
141 108
141 680
141 400
937 805
937 1071
937 3
937 526
937 458
937 442
937 762
937 1032
937 1132
937 528
937 1128
937 810
1108 477
1108 469
1108 10
1108 1038
1108 518
1108 145
1108 830
1108 1045
1108 91
1108 1050
1108 240
1108 569
1108 785
1108 966
1108 354
1108 721
1108 1091
1108 322
1108 78
1108 639
1108 1126
1108 184
1108 116
1108 911
513 477
513 10
513 518
513 933
513 1053
513 916
513 776
477 1038
477 522
477 1009
477 957
477 188
477 347
477 1102
477 49
477 99
477 490
477 74
477 96
477 46
477 146
477 293
477 7
477 942
324 143
324 630
324 400
324 130
324 914
324 928
324 132
324 898
324 726
469 21
469 278
469 966
469 1010
469 911
498 794
498 825
498 523
498 146
498 342
498 237
498 71
498 958
498 595
498 515
498 13
498 137
10 518
10 965
10 915
10 146
10 354
10 80
10 677
10 948
10 158
1038 785
1038 966
1038 46
518 148
518 965
518 915
518 80
1117 933
1117 613
1117 853
1117 590
1117 605
1117 123
1117 87
1117 232
1117 536
1117 178
373 215
373 451
373 612
373 276
373 1077
373 1080
373 1
373 788
373 807
373 707
373 123
373 954
373 295
373 846
373 287
373 164
373 797
373 536
217 215
217 451
217 967
217 763
217 568
217 816
217 111
217 788
217 533
217 931
217 1067
217 554
217 361
217 982
824 261
824 1017
824 6
824 493
824 94
824 625
215 956
215 363
215 451
215 169
215 967
215 612
215 812
215 183
215 798
215 3
215 763
215 1053
215 949
215 901
215 816
215 828
215 637
215 788
215 1102
215 533
215 1067
215 123
215 297
215 651
215 287
215 556
215 670
215 505
215 982
215 1048
215 856
215 452
956 451
956 612
956 798
956 901
956 828
956 533
956 856
956 468
379 451
379 457
379 933
379 169
379 612
379 276
379 1077
379 1080
379 828
379 707
379 519
379 837
379 275
379 846
379 135
379 1031
379 192
379 505
379 232
379 536
379 856
379 82
746 276
746 802
746 183
746 566
746 577
746 901
746 807
746 554
746 340
746 815
746 856
746 620
746 669
746 1069
454 457
454 1077
454 140
454 424
454 495
454 637
454 618
454 1103
454 777
454 222
454 102
454 1031
454 193
454 852
454 991
454 192
454 257
454 552
454 100
363 399
363 933
363 183
363 574
363 608
363 949
363 88
363 568
363 111
363 783
363 23
363 788
363 252
363 981
363 345
399 812
399 19
399 608
399 321
399 783
399 320
399 643
399 981
399 262
106 933
106 763
106 88
106 605
106 1022
106 49
106 490
106 87
106 46
106 89
451 457
451 169
451 753
451 967
451 317
451 820
451 812
451 802
451 346
451 183
451 574
451 19
451 763
451 456
451 949
451 88
451 568
451 1
451 783
451 788
451 378
451 533
451 252
451 123
451 297
451 87
451 846
451 1026
451 62
457 169
457 969
457 967
457 317
457 612
457 276
457 802
457 346
457 1077
457 1080
457 949
457 901
457 88
457 23
457 533
457 707
457 123
457 846
457 489
457 232
457 82
457 65
933 967
933 820
933 812
933 276
933 1080
933 763
933 245
933 828
933 788
933 931
933 1067
933 123
933 505
169 612
169 820
169 802
169 828
169 1102
169 533
169 651
169 135
169 232
969 612
969 1077
969 949
969 267
969 123
969 209
969 777
969 489
969 65
753 276
753 183
753 694
753 777
967 812
967 574
967 949
967 245
967 788
967 931
967 694
967 665
967 1067
967 123
967 1031
967 895
967 835
967 232
317 612
317 276
317 1077
317 901
317 707
317 146
317 885
317 232
317 452
317 65
612 820
612 276
612 802
612 1077
612 1080
612 828
612 1
612 707
612 519
612 297
612 919
612 232
612 65
612 77
612 959
612 779
820 495
820 577
820 304
820 1102
820 163
820 428
820 297
820 981
820 484
820 77
820 929
820 421
812 955
812 763
812 949
812 568
812 788
812 630
812 252
812 87
812 345
812 848
812 257
276 802
276 183
276 1077
276 566
276 1080
276 901
276 807
276 707
276 954
276 295
276 846
276 1031
276 232
276 856
276 1069
802 183
802 1077
802 566
802 901
802 533
802 1067
802 287
802 1031
802 661
802 856
802 1069
802 771
346 566
346 955
346 568
346 124
346 1103
346 536
346 959
183 949
183 783
183 807
183 1067
183 1132
183 146
183 287
183 135
183 136
183 856
183 144
1077 1080
1077 901
1077 707
1077 297
1077 295
1077 734
1077 345
1077 257
1077 505
1077 661
1077 232
1077 815
1077 1026
1077 65
1077 48
1077 95
798 533
798 799
566 901
566 807
566 302
566 287
566 192
566 856
566 1069
1080 295
1080 846
1080 7
1080 239
1080 537
224 201
224 400
224 556
224 101
613 1105
613 201
613 288
613 493
613 900
1073 900
920 943
301 402
301 739
301 378
301 800
301 954
301 1132
301 146
301 58
426 526
426 424
426 108
426 310
426 643
426 694
426 449
904 965
963 574
963 196
963 627
963 918
963 211
963 858
963 536
963 57
805 627
805 955
805 212
805 840
805 368
805 195
574 1079
574 767
574 196
574 627
574 955
574 212
574 261
574 945
574 585
574 118
574 378
574 1067
574 86
574 236
574 349
574 986
574 603
574 652
574 71
574 257
574 898
574 737
574 1085
574 420
574 525
574 893
574 921
1071 599
1071 384
1079 501
1079 585
1079 530
1079 1063
1079 445
1079 28
1079 792
1079 160
1079 18
1079 738
3 1053
3 585
3 148
3 310
3 1105
3 86
3 915
3 87
3 1132
3 349
3 112
3 690
3 652
3 1119
3 361
3 403
3 575
3 369
3 917
3 1070
767 769
767 248
767 356
767 641
767 527
767 147
767 55
767 1093
767 561
767 334
196 955
196 118
196 729
196 545
196 1092
196 986
196 59
196 1085
196 420
196 735
627 853
627 118
627 443
627 887
627 211
627 86
627 178
627 177
526 955
526 1053
526 148
526 310
526 1045
526 450
526 530
526 1063
526 445
526 278
526 246
526 681
526 349
526 342
526 615
187 174
187 146
187 714
955 68
955 1022
955 305
955 21
955 672
955 1063
955 1092
955 342
955 59
955 652
955 177
955 280
955 1101
955 307
1024 378
1024 618
1024 124
1024 213
572 238
572 853
572 538
572 783
572 347
238 538
238 375
238 643
238 349
853 188
853 791
853 450
853 211
853 837
853 302
853 536
853 57
853 768
853 833
348 118
538 279
538 495
538 1045
538 630
538 340
538 1119
19 608
19 188
19 637
19 783
19 11
19 428
19 365
279 118
279 321
279 258
279 898
212 140
212 1053
212 840
212 328
212 368
212 349
212 484
212 195
261 458
261 442
261 637
261 1105
261 1045
261 1017
261 94
261 657
261 444
261 573
261 73
200 1053
200 470
200 916
200 521
200 742
200 1106
200 437
200 595
200 358
200 814
200 76
501 148
501 347
501 103
501 1021
501 28
501 160
501 71
501 543
501 441
608 320
140 568
140 585
140 637
140 11
140 297
140 376
140 895
388 174
388 28
388 560
388 570
388 563
388 25
619 739
619 1013
763 590
763 1067
763 123
763 87
385 248
385 55
385 30
385 855
385 294
821 456
821 495
821 304
821 865
84 599
84 447
522 1009
522 145
522 87
522 274
522 756
522 46
522 282
522 719
522 909
522 63
766 148
766 310
766 347
766 51
766 375
766 902
766 739
766 103
766 781
766 530
766 665
766 1063
766 160
766 656
766 1106
766 958
766 942
766 539
1053 342
1053 742
1053 832
1053 1119
1053 898
1053 496
1053 381
912 352
912 378
912 643
912 349
912 1129
912 1008
912 893
912 921
912 280
912 90
912 438
912 591
424 108
424 637
424 1105
424 614
424 242
424 450
424 1086
424 694
424 545
424 475
424 657
424 793
424 53
424 693
186 1105
186 124
186 219
186 704
949 828
949 250
949 533
949 428
949 1067
949 123
949 618
949 638
949 846
949 505
949 511
393 702
393 150
393 378
393 530
393 593
393 28
393 842
535 688
535 637
535 483
535 240
535 775
535 143
535 28
535 59
535 392
535 793
535 161
535 26
458 605
458 94
458 1000
207 309
207 55
207 334
207 30
207 855
207 772
207 546
207 745
207 117
702 242
702 530
702 422
702 593
702 160
702 447
702 237
702 691
748 242
748 450
748 1132
748 6
748 94
838 894
945 440
945 155
945 1025
945 86
945 308
945 15
845 1105
845 201
495 957
495 240
495 11
495 630
495 545
495 870
495 203
495 59
495 655
495 815
495 181
653 308
653 285
653 1115
653 404
653 370
577 901
442 394
442 368
442 1045
442 1017
442 604
442 73
442 244
442 970
442 1084
442 128
442 133
442 610
442 971
901 828
901 707
901 275
901 856
901 452
901 1069
38 1105
38 201
38 429
38 6
38 431
38 94
38 444
38 573
38 387
88 245
88 23
88 123
88 720
88 295
88 815
568 143
568 82
394 201
394 1084
1032 732
1032 654
683 519
683 275
683 660
683 133
683 115
918 630
918 211
918 986
918 866
918 54
688 148
688 1022
688 637
688 1052
688 99
688 240
688 21
688 1086
688 367
688 800
688 630
688 672
688 545
688 1092
688 870
688 622
688 540
688 986
688 815
688 1126
688 181
688 634
688 392
688 100
688 54
688 1125
688 408
688 936
688 674
1009 49
1009 450
1009 143
1009 1103
1009 46
1009 848
685 188
685 235
685 30
685 294
473 737
68 245
68 145
68 462
68 91
68 250
68 730
68 1050
68 277
68 1052
68 372
68 240
68 1067
68 209
68 692
68 1082
68 860
68 698
68 640
68 549
68 679
68 869
269 957
269 993
585 304
585 732
585 729
585 240
585 252
585 1057
585 835
585 181
118 1011
118 340
118 464
118 1122
118 733
118 803
304 300
304 252
304 121
732 894
732 51
732 378
732 665
732 1063
732 445
732 28
732 236
732 792
732 569
732 673
732 1039
732 384
732 441
732 654
889 775
889 997
113 1011
113 9
113 139
113 270
1011 9
1011 108
1011 957
1011 733
9 957
9 302
9 53
9 854
9 509
9 524
9 892
9 1047
727 868
727 268
727 378
727 839
727 694
727 968
727 898
727 1040
727 560
727 116
727 779
727 323
727 861
727 335
108 252
108 28
108 278
108 374
108 434
108 671
108 139
108 1056
868 320
868 21
868 968
868 209
868 500
868 1040
868 779
148 894
148 938
148 347
148 51
148 739
148 378
148 367
148 530
148 201
148 1018
148 1132
148 523
148 18
148 403
148 615
148 773
148 689
816 321
816 245
816 287
816 856
628 1127
221 321
221 605
221 598
221 758
221 341
321 245
321 605
321 402
321 111
321 807
321 630
321 300
321 908
321 257
321 341
321 1003
245 111
245 23
245 533
245 931
245 252
245 1067
245 908
245 123
245 160
245 1127
245 362
605 598
605 136
605 341
402 111
402 242
402 376
111 1
111 807
598 135
598 696
598 1094
828 533
828 707
828 146
828 275
828 295
828 734
828 135
828 856
1 807
957 188
957 1022
957 637
957 783
957 1105
957 1050
957 530
957 11
957 258
957 870
957 203
957 551
957 290
729 879
729 378
729 349
729 898
729 654
729 439
188 637
188 23
188 894
188 1050
188 11
188 1021
188 258
188 203
188 55
188 536
188 615
1022 91
1022 730
1022 1052
1022 99
1022 240
1022 21
1022 506
1022 486
1022 672
1022 545
1022 1092
1022 203
1022 59
1022 639
1022 634
1022 640
1022 679
1022 509
1022 897
637 783
637 23
637 765
637 1102
637 242
637 91
637 1050
637 533
637 800
637 11
637 545
637 968
637 278
637 618
637 1017
637 147
637 1132
637 203
637 1103
637 671
637 55
637 104
637 102
637 673
637 1089
637 693
637 745
637 715
637 725
840 347
840 739
840 599
840 968
840 701
840 521
840 191
840 195
840 1019
840 398
840 718
783 11
783 1132
783 203
783 345
783 888
23 226
23 1129
23 1047
765 614
765 730
765 367
765 258
765 209
765 87
765 625
765 979
328 347
328 630
328 318
328 914
328 928
328 41
894 310
894 680
894 347
894 739
894 681
894 1103
894 309
894 604
894 755
894 1039
894 256
894 93
894 1083
894 407
894 382
894 198
310 347
310 375
310 902
310 673
310 1039
310 25
310 980
310 801
145 152
145 1102
145 49
145 462
145 250
145 1050
145 277
145 99
145 240
145 775
145 490
145 837
145 540
145 46
145 146
145 293
145 54
145 692
145 1082
145 860
145 698
145 869
145 1047
145 883
145 872
145 1098
234 654
267 931
267 123
267 232
680 530
680 278
680 1017
680 792
680 400
680 55
680 160
680 71
680 484
680 1113
75 268
368 739
368 879
368 643
368 174
368 569
1037 614
1037 986
1037 1089
1037 1109
1037 151
1037 107
1037 587
1037 983
1037 412
1037 757
1037 974
1037 992
320 149
320 349
320 500
938 375
938 374
938 8
268 163
268 898
268 976
268 247
352 739
352 309
352 1008
352 340
352 361
352 157
352 280
352 441
352 745
884 794
884 825
884 523
884 342
884 237
884 1104
884 71
884 595
884 1041
884 327
884 436
884 675
150 450
150 124
150 633
150 160
150 146
150 814
150 713
347 614
347 51
347 902
347 739
347 49
347 643
347 530
347 45
347 46
347 780
347 942
347 793
347 1083
347 547
1105 614
1105 152
1105 1045
1105 450
1105 34
1105 490
1105 209
1105 1017
1105 201
1105 124
1105 1132
1105 376
1105 429
1105 6
1105 670
1105 431
1105 94
1105 573
1105 970
1105 467
1105 977
1105 709
1105 927
614 99
614 450
614 643
614 506
614 800
614 143
614 209
614 618
614 203
614 622
614 262
614 986
614 59
614 639
614 815
614 1054
614 890
614 265
614 475
614 509
614 974
614 992
614 930
614 225
152 730
152 490
152 692
152 860
152 869
51 103
51 378
51 665
51 1063
51 1018
51 601
51 403
51 475
51 595
51 715
51 876
830 998
830 898
830 116
984 788
984 297
788 931
788 731
788 929
375 1064
375 278
375 374
375 925
375 478
807 519
807 1069
1102 297
902 103
902 942
902 713
902 876
1045 209
1045 618
1045 1017
1045 201
1045 1132
1045 895
1045 493
1045 340
1045 848
1045 431
1045 942
1045 573
1045 971
1045 303
1045 994
1045 122
739 103
739 242
739 450
739 530
739 71
739 842
739 93
739 675
739 876
103 1063
103 776
103 713
395 781
395 422
395 636
395 691
49 490
49 87
49 293
242 378
242 825
242 633
242 634
305 630
305 706
879 849
599 378
599 839
599 826
599 422
599 97
599 630
599 965
599 968
599 907
599 701
599 1090
599 521
599 504
599 191
599 37
599 691
599 716
599 43
599 579
599 329
599 668
1013 630
1013 149
1013 349
1013 115
1013 576
1013 283
378 99
378 533
378 849
378 775
378 965
378 825
378 349
378 342
378 489
378 41
378 18
378 227
378 475
378 678
378 199
378 134
791 1106
791 57
791 768
462 91
462 250
462 277
462 372
462 620
462 1078
91 250
91 730
91 1050
91 277
91 1052
91 372
91 240
91 775
91 1092
91 622
91 59
91 634
91 620
91 1082
91 698
250 730
250 1050
250 277
250 1052
250 372
250 146
250 638
250 620
250 1082
250 883
250 644
730 1050
730 1052
730 372
730 1092
730 54
1050 277
1050 1052
1050 372
1050 240
1050 506
1050 367
1050 203
1050 146
1050 620
1050 929
1050 860
1050 698
1050 869
1050 1098
277 1052
277 372
277 240
277 1126
277 620
277 1082
277 869
1052 372
1052 1092
1052 634
372 59
372 1098
483 21
483 694
483 59
483 768
483 793
483 1082
483 709
99 21
99 800
99 775
99 672
99 545
99 870
99 622
99 540
99 652
99 639
99 1126
99 181
99 392
99 100
99 57
99 54
99 1125
99 408
99 936
99 674
99 360
533 123
533 275
533 815
533 452
533 1069
533 799
849 174
849 28
849 656
849 1074
849 365
849 358
849 1027
450 633
450 25
450 139
450 675
450 156
240 1067
240 211
240 1092
240 634
240 698
240 640
240 549
240 679
240 897
240 1078
240 397
240 609
240 555
781 41
781 1074
781 678
781 942
781 25
781 829
21 800
21 486
21 545
21 278
21 1092
21 870
21 622
21 540
21 639
21 1089
21 890
21 265
21 151
21 392
21 1082
21 698
21 412
21 757
21 709
21 822
21 1051
839 97
839 968
839 209
1086 392
1086 983
1086 709
1086 1078
643 916
643 832
643 358
643 930
931 104
931 551
707 731
707 519
707 275
707 232
707 660
707 771
707 799
707 520
34 545
34 656
34 509
34 851
34 409
826 209
826 1103
826 146
826 341
826 43
694 545
694 46
694 484
694 1012
443 630
67 506
67 5
67 913
506 5
506 800
506 435
506 622
506 634
506 536
506 508
506 723
5 367
5 991
5 815
5 913
5 536
5 854
5 1047
367 800
367 435
367 672
367 545
367 59
367 361
367 1126
367 181
367 793
367 698
800 435
800 775
800 672
800 545
800 870
800 203
800 1126
800 100
800 698
800 872
800 39
435 370
435 622
435 948
486 775
486 622
486 986
486 639
486 1126
486 1089
486 890
486 412
775 622
775 986
775 639
775 54
775 555
143 545
143 464
530 1063
530 682
530 645
530 633
530 400
530 160
530 432
530 18
530 361
530 615
530 689
490 46
490 909
422 968
422 521
422 475
422 691
174 681
174 374
174 1001
174 570
174 562
174 264
339 641
339 241
339 147
339 55
339 449
339 855
11 203
11 104
11 536
97 636
391 248
391 309
391 55
391 334
391 977
391 419
1021 71
1021 32
665 1025
665 1106
665 384
665 358
665 93
155 416
155 285
155 682
155 404
155 710
155 758
155 842
155 772
155 1047
155 891
155 532
155 659
630 965
630 641
630 1057
630 203
630 558
630 309
630 1008
630 536
630 384
630 54
630 1122
630 439
630 20
630 559
1025 308
1025 350
1025 470
1025 285
1025 15
672 392
672 698
672 854
672 940
1064 1090
1064 1070
1064 53
1064 892
1064 382
1064 478
1064 311
1064 750
258 203
258 340
258 799
258 979
545 209
545 1092
545 370
545 870
545 622
545 540
545 747
545 340
545 639
545 1126
545 181
545 151
545 392
545 100
545 54
545 1125
545 408
545 936
545 674
545 39
300 670
428 1067
252 124
252 622
252 815
252 181
1067 345
1067 580
887 86
887 136
519 758
519 275
519 232
519 660
519 900
519 115
211 86
211 1092
211 932
211 464
211 536
211 57
211 833
149 961
149 593
149 1006
149 160
149 262
149 342
123 209
123 846
123 102
123 505
123 1127
248 246
248 616
248 235
248 681
248 55
248 921
248 334
248 419
248 863
864 445
881 162
881 913
593 285
593 682
593 633
593 18
593 137
593 657
593 1041
593 479
1063 794
1063 445
1063 1018
1063 342
1063 432
1063 237
1063 1104
1063 656
1063 18
1063 958
1063 848
1063 689
1063 182
1063 740
1063 466
356 681
356 55
356 340
965 915
965 146
965 447
965 914
965 721
965 1096
965 80
965 677
965 112
965 1091
965 706
965 642
965 917
965 583
965 708
965 377
794 1018
794 342
794 237
794 71
445 1039
445 384
445 182
968 209
968 1019
28 601
28 914
28 1008
28 403
28 358
28 20
28 1072
28 315
162 322
162 832
162 358
162 76
162 156
162 298
162 578
162 179
641 351
641 616
641 681
641 241
641 527
641 147
641 990
641 309
641 55
641 784
641 855
641 725
641 264
641 559
641 371
641 364
641 205
641 649
641 24
641 827
641 389
641 129
1006 1008
401 738
401 1012
401 182
401 923
915 914
915 112
915 1091
915 172
915 158
915 917
915 708
915 806
602 1103
602 354
278 374
278 400
278 928
278 898
278 116
278 935
278 114
825 209
825 618
825 400
825 342
825 237
825 71
825 595
825 515
825 575
825 436
825 740
209 1017
209 622
209 671
209 46
209 554
209 657
209 1056
209 382
209 994
209 770
209 260
618 285
618 124
618 998
618 195
618 657
351 147
351 1103
351 784
351 449
351 855
351 430
297 661
246 1029
246 309
246 1093
246 294
246 863
246 371
246 292
416 596
416 308
416 404
416 784
416 745
616 1029
616 241
616 198
616 264
616 419
616 371
616 204
711 55
997 596
997 281
997 309
997 55
997 294
997 977
997 857
596 1029
596 493
596 737
596 1084
596 977
596 419
596 857
281 527
281 309
281 55
281 958
281 670
281 1028
281 1093
281 30
281 1060
281 22
235 294
235 772
235 264
1029 681
1029 241
1029 527
1029 529
1029 350
1029 470
1029 85
1029 55
1029 603
1029 1093
1029 546
1029 264
1029 479
1029 205
1029 292
1029 110
1029 705
1029 316
1029 896
681 241
681 400
681 55
681 1093
681 745
681 117
681 264
681 24
308 404
308 15
308 1001
241 147
241 604
241 784
241 855
241 725
241 264
241 371
241 649
241 204
527 55
527 784
527 389
527 482
527 1058
1017 201
1017 493
1017 219
1017 94
1017 970
1017 610
1017 1120
1005 529
529 350
529 758
529 85
529 603
529 1008
529 705
201 429
201 219
201 94
201 900
201 970
201 1084
201 610
201 190
460 1027
350 603
350 705
796 470
796 322
796 184
796 1027
796 414
470 832
470 20
470 459
285 1115
285 682
285 404
285 844
285 932
285 523
285 603
285 634
124 400
124 928
124 193
124 71
124 738
124 917
87 45
87 46
87 173
1092 400
1092 622
1092 639
1092 1126
1092 634
1092 768
1092 698
1092 640
1092 679
1092 897
1092 397
1092 724
45 46
45 293
45 296
1115 710
1115 166
682 710
682 758
682 370
682 523
682 603
682 1082
682 983
682 532
404 710
404 233
404 603
404 560
404 570
710 998
710 1040
710 724
837 232
837 536
837 57
837 768
837 833
837 692
837 869
837 854
837 1047
837 723
837 1100
147 55
147 784
147 449
147 855
147 430
728 663
1018 13
954 1132
954 295
954 846
954 287
954 164
954 797
954 657
998 325
998 146
998 898
998 116
998 315
85 603
374 943
374 558
374 1118
374 116
374 1070
374 448
131 146
434 325
434 671
434 139
434 1056
434 64
943 400
943 116
943 1070
325 671
325 270
52 1041
565 654
1132 237
1132 885
1132 340
1132 361
1132 307
1132 553
990 521
990 784
645 831
633 1041
633 1097
792 400
792 182
870 622
870 815
870 1126
870 181
870 392
870 768
870 408
870 674
203 671
203 551
203 222
203 340
203 1093
203 40
203 430
1103 551
1103 102
1103 1093
1103 40
558 96
558 448
558 266
400 569
400 55
400 160
400 71
400 116
400 921
400 307
400 557
569 116
622 540
622 986
622 815
622 1126
622 181
622 634
622 392
622 100
622 54
622 1125
622 408
622 936
622 674
1007 160
1007 958
1007 539
1007 941
1007 978
309 55
309 604
309 1093
309 334
309 294
309 772
309 546
309 256
309 863
309 1107
302 295
302 340
302 536
302 768
302 833
302 53
302 182
302 1030
274 46
756 46
756 780
756 40
671 139
671 270
671 1056
671 64
74 296
919 1130
650 53
650 139
650 1056
650 64
650 446
650 516
523 160
523 146
523 342
523 237
523 71
523 484
523 595
55 146
55 71
55 1093
55 1128
55 449
55 334
55 855
55 294
55 772
55 546
55 977
55 264
55 419
55 389
604 921
604 334
604 1060
785 966
785 115
160 447
160 1104
160 71
160 713
160 978
96 83
540 734
540 1126
540 392
540 100
540 1125
540 408
540 936
540 674
916 521
916 1106
916 930
916 156
46 282
46 909
146 914
146 721
146 500
146 1104
146 1106
146 6
146 78
146 737
146 26
146 860
146 453
146 804
146 647
146 92
146 964
776 441
551 655
611 784
275 660
275 856
275 900
349 958
349 484
349 670
349 322
349 1028
349 555
262 928
262 866
318 114
318 600
342 237
342 774
342 1104
342 71
342 340
342 595
342 515
342 137
342 575
342 327
342 436
342 675
342 713
342 98
1010 18
986 59
986 639
986 634
986 1089
986 1054
986 265
986 151
986 392
986 107
986 974
986 992
986 225
59 639
59 815
59 1126
59 1089
59 1054
59 1109
59 974
295 846
295 734
295 345
295 815
295 679
295 503
638 505
638 890
638 35
638 180
846 287
846 164
846 797
846 489
846 505
734 815
777 7
777 1069
1111 447
447 914
447 1096
447 677
447 237
447 642
447 78
447 296
447 718
447 675
447 770
447 1107
447 987
287 797
287 856
287 1069
164 815
164 7
164 994
797 1120
354 80
354 677
914 1096
914 504
914 296
914 381
721 1096
907 691
603 705
701 191
701 398
701 822
636 691
1090 521
1090 1070
1090 716
1090 1043
1090 875
500 742
500 20
521 1019
521 43
521 822
521 60
521 289
521 433
521 70
521 703
858 179
742 322
742 496
222 216
1096 481
80 677
80 708
112 917
1091 484
752 747
135 136
135 2
504 691
652 634
652 793
191 691
191 398
191 579
191 822
191 1043
747 481
747 377
928 484
102 1031
102 193
102 852
102 991
1031 193
193 852
192 82
192 1069
192 552
489 505
489 65
554 71
554 948
554 82
345 661
345 232
345 536
173 455
142 539
237 1104
237 71
237 595
237 515
237 137
1104 595
1104 675
656 41
656 1074
656 735
656 25
656 1027
673 801
673 520
673 877
673 712
673 353
1106 539
71 847
71 484
71 595
71 137
71 876
71 941
41 706
41 1074
41 687
41 829
41 703
18 78
958 670
958 1028
958 251
847 541
337 1012
429 94
429 387
6 625
6 657
6 834
493 94
493 1084
493 190
885 380
340 257
340 232
340 631
340 706
340 20
340 863
340 453
848 54
219 94
670 1028
670 539
670 134
257 54
431 455
94 273
505 661
505 1069
341 536
341 1026
232 1026
232 421
232 95
660 900
660 971
660 520
660 499
322 358
832 358
832 423
631 82
706 536
361 419
361 189
1028 570
1028 30
1028 562
1028 1060
1028 22
1028 896
1028 415
403 735
403 539
403 713
403 740
1093 921
1093 294
1093 292
1093 1060
1093 415
282 40
282 170
282 306
282 909
898 693
898 803
898 724
1040 779
338 851
338 743
78 1041
560 1085
719 1047
626 481
639 1054
639 1109
639 265
639 107
639 587
639 974
639 992
639 709
639 1051
639 905
815 1126
815 181
815 634
815 552
815 771
1126 181
1126 392
1126 100
1126 1125
1126 408
1126 936
1126 674
1126 360
811 913
811 1078
811 723
811 940
181 793
634 392
634 974
634 397
634 609
634 555
913 199
913 723
913 940
37 917
293 872
81 77
7 994
1089 1109
1089 151
1089 757
1089 974
1054 890
1054 1109
1054 151
1054 82
1054 974
890 1109
890 151
890 107
890 974
1109 151
1109 974
151 107
151 35
475 691
678 687
687 1085
392 536
392 100
392 1125
392 408
392 936
392 674
784 449
784 855
784 371
784 827
784 389
784 129
784 1058
784 1035
1039 1083
1039 801
184 414
116 779
116 1070
116 448
116 284
911 158
726 359
595 515
595 675
515 575
515 134
515 98
13 675
13 697
137 575
948 1078
158 869
536 57
536 768
536 833
536 54
856 1069
82 1069
620 1125
620 1082
620 860
620 679
620 883
100 1125
100 408
100 936
100 674
77 750
77 453
77 647
77 1043
77 357
959 57
779 270
779 516
144 888
799 474
58 865
449 855
449 649
449 430
449 189
57 768
57 833
737 977
737 857
1085 25
525 735
921 561
921 30
921 294
738 1012
575 436
575 675
575 266
369 539
1070 448
334 772
334 745
334 204
334 517
714 1107
307 1078
768 833
768 1047
833 202
657 793
657 740
657 722
657 386
657 497
444 573
444 387
358 156
30 292
30 22
30 896
30 415
855 430
855 1058
855 415
294 292
294 857
294 896
294 415
539 93
496 546
381 772
381 546
381 117
381 1019
381 817
793 717
53 892
53 478
53 750
693 851
693 409
693 724
161 1078
161 717
772 546
772 745
772 817
546 817
745 117
745 292
745 1060
745 939
970 882
610 499
54 988
1125 408
1125 936
1125 674
408 936
408 674
936 674
692 860
692 869
692 883
1082 360
1082 254
860 869
860 892
549 679
549 897
549 1078
549 397
549 609
549 555
549 466
679 897
679 1078
679 397
679 555
869 398
869 883
1122 617
733 803
803 266
139 1056
139 516
854 1047
854 1100
892 335
892 311
892 750
892 453
892 647
1047 723
1047 940
861 750
861 453
861 647
861 1043
861 357
1056 64
1056 446
1056 516
439 1004
897 397
897 555
715 251
725 559
1019 649
398 822
256 1107
1083 594
407 466
407 1015
382 478
382 750
801 520
801 877
107 587
107 992
587 983
983 709
1041 436
713 876
977 264
977 419
977 857
709 1051
709 1030
709 905
930 507
43 60
43 703
1078 397
1078 555
1027 465
156 804
397 555
397 1110
520 877
851 724
409 724
1012 182
723 940
264 419
264 389
264 896
264 817
32 465
891 632
20 459
20 154
311 750
311 453
311 647
311 357
750 453
750 647
750 92
750 357
182 206
298 179
298 804
179 804
649 218
24 189
389 1058
770 647
770 1043
292 1060
292 22
292 896
292 415
22 896
22 415
896 415
1058 817
448 355
516 357
453 647
453 92
453 1043
453 357
647 92
647 1043
647 357
92 357
98 1023
1043 875
60 703
60 336
877 606
712 353
423 759
415 817
759 759
