0 483
1 898
2 662
3 1088
4 1008
5 59
6 482
7 717
8 416
9 1078
10 75
11 791
12 329
13 789
14 803
15 1017
16 214
17 607
18 1079
19 346
20 466
21 222
22 1062
23 323
24 532
25 267
26 652
27 520
28 666
29 1093
30 547
31 700
32 655
33 14
34 343
35 1055
36 1049
37 1117
38 449
39 358
40 1122
41 589
42 96
43 442
44 998
45 283
46 893
47 74
48 544
49 1102
50 228
51 181
52 536
53 1031
54 1054
55 694
56 1025
57 332
58 958
59 852
60 492
61 534
62 763
63 1073
64 175
65 58
66 702
67 877
68 968
69 567
70 136
71 387
72 996
73 504
74 141
75 373
76 55
77 862
78 13
79 593
80 599
81 42
82 68
83 924
84 293
85 786
86 413
87 948
88 361
89 1065
90 172
91 572
92 269
93 614
94 878
95 570
96 675
97 480
98 719
99 543
100 224
101 617
102 219
103 956
104 804
105 925
106 743
107 1118
108 1129
109 56
110 1016
111 647
112 507
113 198
114 38
115 501
116 541
117 757
118 851
119 864
120 727
121 16
122 870
123 642
124 176
125 388
126 379
127 47
128 826
129 981
130 518
131 86
132 1034
133 1127
134 326
135 382
136 658
137 478
138 1069
139 281
140 112
141 282
142 477
143 237
144 576
145 716
146 166
147 327
148 1038
149 319
150 514
151 574
152 126
153 161
154 88
155 395
156 303
157 564
158 731
159 568
160 554
161 290
162 823
163 485
164 481
165 113
166 1132
167 693
168 1030
169 337
170 934
171 239
172 98
173 503
174 446
175 722
176 80
177 404
178 199
179 23
180 646
181 50
182 497
183 638
184 211
185 212
186 1052
187 788
188 618
189 49
190 633
191 30
192 749
193 305
194 936
195 742
196 512
197 396
198 202
199 1125
200 748
201 336
202 92
203 965
204 1022
205 105
206 392
207 739
208 275
209 604
210 1113
211 34
212 645
213 355
214 234
215 837
216 60
217 457
218 755
219 187
220 208
221 866
222 718
223 978
224 180
225 217
226 637
227 639
228 588
229 538
230 408
231 582
232 1086
233 183
234 509
235 317
236 140
237 1104
238 855
239 993
240 206
241 472
242 798
243 450
244 525
245 291
246 1082
247 714
248 880
249 832
250 62
251 318
252 847
253 545
254 1046
255 756
256 808
257 899
258 669
259 1048
260 177
261 12
262 335
263 229
264 1131
265 881
266 771
267 928
268 859
269 232
270 26
271 535
272 661
273 919
274 1050
275 625
276 354
277 1014
278 1045
279 378
280 261
281 983
282 491
283 156
284 1007
285 417
286 297
287 455
288 464
289 526
290 244
291 829
292 314
293 115
294 875
295 145
296 845
297 939
298 129
299 889
300 134
301 528
302 1021
303 495
304 235
305 1041
306 398
307 976
308 1003
309 994
310 252
311 914
312 706
313 778
314 264
315 280
316 963
317 150
318 101
319 85
320 427
321 1013
322 200
323 1116
324 368
325 149
326 945
327 490
328 53
329 402
330 360
331 118
332 29
333 376
334 116
335 622
336 760
337 709
338 191
339 266
340 1085
341 573
342 1042
343 67
344 45
345 1109
346 710
347 151
348 1047
349 762
350 797
351 278
352 1128
353 650
354 1110
355 1096
356 63
357 66
358 961
359 255
360 90
361 952
362 810
363 1009
364 377
365 436
366 371
367 419
368 144
369 445
370 279
371 494
372 138
373 188
374 867
375 270
376 61
377 515
378 882
379 879
380 410
381 510
382 580
383 253
384 10
385 347
386 1044
387 918
388 1120
389 609
390 816
391 813
392 903
393 209
394 608
395 1072
396 828
397 800
398 985
399 454
400 174
401 433
402 155
403 1123
404 943
405 220
406 120
407 301
408 365
409 157
410 1023
411 372
412 611
413 201
414 779
415 1032
416 890
417 407
418 678
419 40
420 831
421 324
422 721
423 900
424 1039
425 550
426 356
427 785
428 1094
429 910
430 888
431 884
432 447
433 781
434 793
435 531
436 524
437 310
438 226
439 653
440 257
441 21
442 165
443 127
444 73
445 860
446 1098
447 704
448 937
449 634
450 664
451 22
452 1075
453 20
454 1089
455 294
456 605
457 942
458 484
459 869
460 676
461 1057
462 307
463 553
464 657
465 1000
466 437
467 146
468 263
469 690
470 106
471 405
472 1010
473 627
474 32
475 473
476 995
477 1002
478 1070
479 33
480 400
481 1027
482 399
483 406
484 248
485 941
486 764
487 500
488 196
489 1036
490 367
491 1108
492 955
493 901
494 152
495 923
496 1
497 36
498 273
499 620
500 959
501 783
502 812
503 782
504 1124
505 805
506 745
507 558
508 391
509 705
510 380
511 527
512 77
513 65
514 561
515 506
516 231
517 230
518 1077
519 595
520 628
521 979
522 546
523 277
524 154
525 601
526 325
527 128
528 1112
529 1005
530 621
531 285
532 313
533 289
534 218
535 921
536 179
537 93
538 334
539 987
540 624
541 1011
542 87
543 659
544 533
545 957
546 1061
547 364
548 95
549 130
550 896
551 725
552 563
553 670
554 681
555 8
556 908
557 1043
558 581
559 488
560 746
561 384
562 902
563 250
564 684
565 111
566 1035
567 272
568 451
569 938
570 238
571 41
572 602
573 1051
574 726
575 792
576 856
577 1121
578 735
579 912
580 251
581 460
582 615
583 498
584 807
585 975
586 1006
587 960
588 1071
589 683
590 44
591 315
592 988
593 522
594 548
595 619
596 24
597 383
598 521
599 57
600 48
601 780
602 1090
603 848
604 431
605 723
606 883
607 596
608 885
609 470
610 997
611 308
612 632
613 459
614 435
615 773
616 623
617 99
618 660
619 1015
620 440
621 1012
622 37
623 579
624 708
625 162
626 123
627 27
628 1115
629 102
630 242
631 276
632 349
633 1126
634 108
635 822
636 448
637 366
638 411
639 701
640 930
641 288
642 767
643 946
644 139
645 207
646 796
647 834
648 876
649 91
650 699
651 811
652 438
653 147
654 649
655 7
656 697
657 922
658 840
659 423
660 131
661 1056
662 707
663 443
664 931
665 833
666 802
667 3
668 19
669 897
670 772
671 724
672 205
673 385
674 790
675 5
676 1103
677 505
678 333
679 787
680 569
681 689
682 168
683 556
684 359
685 82
686 1092
687 18
688 587
689 422
690 730
691 766
692 926
693 465
694 696
695 886
696 415
697 750
698 549
699 1083
700 687
701 468
702 759
703 15
704 738
705 173
706 688
707 784
708 977
709 83
710 340
711 827
712 192
713 389
714 119
715 204
716 117
717 350
718 591
719 747
720 81
721 462
722 741
723 516
724 777
725 765
726 467
727 100
728 274
729 471
730 540
731 830
732 933
733 585
734 2
735 170
736 513
737 160
738 698
739 475
740 626
741 648
742 590
743 606
744 194
745 695
746 1074
747 853
748 736
749 6
750 397
751 72
752 1053
753 321
754 393
755 571
756 284
757 246
758 950
759 850
760 370
761 824
762 1068
763 452
764 444
765 820
766 311
767 287
768 974
769 268
770 680
771 836
772 1066
773 761
774 916
775 164
776 733
777 339
778 737
779 654
780 236
781 1063
782 225
783 434
784 951
785 799
786 892
787 233
788 967
789 1001
790 453
791 197
792 891
793 835
794 640
795 674
796 195
797 458
798 728
799 776
800 1028
801 603
802 843
803 984
804 1130
805 999
806 809
807 990
808 441
809 363
810 966
811 630
812 125
813 929
814 309
815 260
816 913
817 461
818 357
819 511
820 915
821 1040
822 682
823 720
824 28
825 668
826 732
827 1058
828 1100
829 330
830 182
831 401
832 754
833 992
834 917
835 565
836 753
837 865
838 189
839 1067
840 185
841 734
842 316
843 210
844 71
845 296
846 167
847 635
848 299
849 594
850 577
851 954
852 973
853 989
854 203
855 751
856 286
857 962
858 841
859 871
860 84
861 711
862 795
863 271
864 430
865 610
866 940
867 842
868 351
869 768
870 103
871 971
872 868
873 439
874 819
875 801
876 636
877 171
878 426
879 17
880 403
881 1095
882 575
883 35
884 133
885 713
886 352
887 686
888 677
889 616
890 298
891 1106
892 857
893 656
894 295
895 338
896 814
897 817
898 142
899 25
900 907
901 911
902 489
903 846
904 665
905 306
906 1060
907 529
908 557
909 0
910 1026
911 552
912 64
913 895
914 328
915 887
916 740
917 265
918 894
919 927
920 499
921 663
922 76
923 1033
924 592
925 245
926 949
927 584
928 31
929 132
930 1097
931 583
932 4
933 1084
934 421
935 109
936 369
937 158
938 980
939 110
940 107
941 542
942 770
943 193
944 818
945 254
946 223
947 342
948 429
949 964
950 613
951 143
952 1087
953 11
954 215
955 79
956 685
957 476
958 159
959 562
960 729
961 262
962 341
963 794
964 51
965 806
966 944
967 691
968 667
969 560
970 78
971 425
972 54
973 530
974 390
975 344
976 597
977 838
978 221
979 259
980 1018
981 578
982 752
983 418
984 322
985 644
986 258
987 858
988 758
989 600
990 969
991 559
992 1091
993 970
994 414
995 909
996 1111
997 537
998 124
999 679
1000 479
1001 1119
1002 148
1003 348
1004 861
1005 300
1006 89
1007 292
1008 104
1009 169
1010 216
1011 52
1012 671
1013 821
1014 872
1015 409
1016 935
1017 932
1018 1037
1019 381
1020 825
1021 312
1022 1004
1023 874
1024 612
1025 9
1026 744
1027 1107
1028 331
1029 598
1030 424
1031 854
1032 508
1033 184
1034 539
1035 487
1036 247
1037 1029
1038 94
1039 1059
1040 227
1041 703
1042 1064
1043 456
1044 982
1045 953
1046 345
1047 672
1048 463
1049 863
1050 566
1051 651
1052 920
1053 715
1054 555
1055 519
1056 249
1057 46
1058 986
1059 517
1060 906
1061 153
1062 1101
1063 839
1064 114
1065 122
1066 1076
1067 551
1068 904
1069 673
1070 178
1071 873
1072 375
1073 502
1074 844
1075 769
1076 432
1077 905
1078 163
1079 586
1080 70
1081 39
1082 486
1083 412
1084 353
1085 190
1086 69
1087 1114
1088 428
1089 493
1090 241
1091 362
1092 712
1093 692
1094 420
1095 1099
1096 213
1097 815
1098 972
1099 849
1100 1024
1101 1020
1102 256
1103 641
1104 1080
1105 474
1106 97
1107 302
1108 469
1109 135
1110 496
1111 243
1112 240
1113 320
1114 774
1115 386
1116 43
1117 1019
1118 186
1119 775
1120 947
1121 991
1122 394
1123 374
1124 1105
1125 523
1126 304
1127 1081
1128 643
1129 137
1130 631
1131 629
1132 121
