422 457
422 36
422 668
422 596
422 756
422 299
422 639
422 700
422 11
422 774
422 759
422 1045
422 225
422 124
422 341
422 413
422 229
422 658
422 181
422 436
422 657
422 640
422 381
422 1049
422 663
422 845
422 268
422 147
422 407
422 476
457 36
457 668
457 756
457 299
457 639
457 700
457 11
457 774
457 1045
457 341
457 229
457 658
457 181
457 657
457 381
457 864
457 990
457 506
457 768
457 349
457 380
457 597
36 668
36 756
36 299
36 639
36 700
36 774
36 759
36 1045
36 341
36 229
36 658
36 181
36 436
36 657
36 640
36 845
36 268
36 506
36 97
36 503
36 604
36 678
36 849
36 1053
36 395
36 481
36 935
36 1048
36 325
36 767
36 257
36 66
36 789
36 563
36 165
36 893
668 774
668 657
668 481
668 1051
668 684
668 697
668 609
668 302
668 1035
668 269
668 403
668 108
668 926
668 680
668 44
668 173
668 1013
668 816
668 324
596 756
596 1045
596 284
596 667
596 830
596 432
596 39
596 762
596 71
756 299
756 639
756 1045
756 341
756 229
756 657
756 845
756 268
756 506
756 399
756 321
756 134
756 860
756 99
756 277
756 259
756 279
299 700
299 11
299 1045
299 124
299 341
299 658
299 657
299 268
299 432
299 1098
299 717
299 655
299 979
299 504
299 200
299 877
299 886
299 693
299 488
299 356
299 615
299 565
639 657
639 268
639 168
639 769
700 11
700 1045
700 341
700 436
700 657
700 381
700 407
700 604
700 1112
700 1038
700 463
700 86
700 458
11 341
11 381
11 407
11 506
11 1013
11 891
11 1130
11 382
11 654
11 625
11 424
11 122
11 208
11 715
11 85
11 981
11 217
11 953
11 568
11 13
11 196
11 1026
11 297
11 32
11 478
11 1069
11 831
11 184
774 229
774 658
774 181
774 657
774 1049
774 845
774 395
774 284
774 254
774 709
774 248
774 1078
774 129
774 938
774 888
774 942
759 99
759 306
759 119
759 595
759 240
759 951
759 33
759 878
759 400
759 116
759 518
759 578
759 446
759 1126
759 441
759 17
1045 225
1045 341
1045 229
1045 657
1045 381
1045 268
1045 395
1045 173
1045 432
1045 86
1045 17
1045 1125
1045 31
1045 213
1045 740
1045 169
1045 1096
1045 533
225 124
225 341
225 381
225 990
225 506
225 399
225 458
225 382
225 625
225 196
225 1026
225 938
225 250
225 1127
225 55
225 962
225 539
225 376
225 547
225 1060
225 646
225 228
225 549
225 581
225 780
225 198
225 588
225 873
225 363
225 426
225 1022
225 414
225 745
225 10
124 640
124 990
124 506
124 432
124 200
124 1026
124 1060
124 177
124 20
124 1068
124 1019
124 662
124 844
124 704
124 924
124 1079
341 381
341 407
341 990
341 506
341 893
341 39
341 463
341 891
341 196
341 478
341 831
341 601
341 371
341 347
341 827
341 483
341 117
341 813
341 805
341 727
341 853
341 793
341 933
341 280
341 685
341 975
341 47
341 958
341 282
341 1063
341 103
341 632
341 261
341 804
341 572
341 214
341 722
341 558
341 862
341 523
341 468
341 307
413 381
413 506
413 208
413 509
413 492
413 770
229 658
229 436
229 657
229 640
229 1049
229 663
229 845
229 597
229 97
229 435
229 706
229 491
658 181
658 845
658 597
658 604
658 1013
658 134
658 259
658 953
658 888
658 1019
658 825
658 278
658 351
658 991
658 194
658 822
658 374
658 61
658 447
658 859
658 142
658 1031
181 657
181 604
181 849
181 767
181 321
181 86
181 491
181 194
181 973
181 454
181 829
181 593
436 640
436 1049
436 97
436 503
436 604
436 481
436 935
436 767
436 563
436 165
436 697
436 979
436 1112
436 1038
436 463
436 458
436 740
436 975
436 1063
436 804
436 509
436 142
436 433
436 783
436 614
436 708
436 385
436 666
436 197
436 882
436 961
436 179
436 1082
436 594
436 159
436 818
436 1116
436 772
436 431
657 845
657 864
657 597
640 1049
640 597
640 97
640 678
640 849
640 1053
640 395
640 481
640 767
640 563
640 399
640 488
640 1078
640 129
640 951
640 10
640 483
640 933
640 706
640 278
640 1031
640 783
640 1082
640 345
640 40
640 420
640 207
640 511
640 580
640 561
640 1070
640 1097
640 758
640 566
640 419
640 686
640 495
640 517
640 1002
640 1033
640 1029
640 30
640 955
640 344
640 1059
640 130
381 407
381 990
381 506
381 684
381 1013
381 891
381 1130
381 382
381 625
381 208
381 715
381 217
381 953
381 568
381 1026
381 547
381 1060
381 198
381 873
381 10
381 40
381 611
381 989
381 699
381 234
381 513
381 781
381 67
381 253
381 26
381 383
381 956
381 494
381 664
1049 663
1049 97
1049 609
1049 1035
1049 32
1049 706
1049 859
1049 207
1049 699
1049 579
1049 553
1049 1017
1049 622
1049 939
1049 51
845 597
845 1013
845 259
845 886
845 1019
845 278
845 991
845 374
845 859
845 495
845 591
845 771
845 252
845 396
268 506
268 10
268 194
268 30
268 296
268 507
147 116
147 729
147 78
147 3
147 817
147 682
147 527
147 524
407 506
407 325
407 426
407 347
407 483
407 727
407 853
407 103
407 558
407 386
407 521
407 437
407 1028
407 841
407 201
407 322
407 81
407 1108
407 531
407 540
407 8
476 395
476 563
476 1038
476 740
476 793
476 973
476 433
476 197
476 1116
476 238
476 15
476 0
476 743
476 336
476 180
476 526
476 502
476 576
476 1111
476 310
476 38
864 851
990 506
990 953
990 646
506 165
506 1013
506 891
506 10
506 296
506 283
506 985
597 257
597 351
597 194
597 447
597 973
597 179
597 1097
597 495
597 15
597 232
597 221
597 995
597 564
597 218
597 411
597 719
597 661
597 375
597 753
97 604
97 678
97 849
97 395
97 481
97 767
97 66
97 463
97 458
97 706
97 1031
97 433
97 783
97 666
97 207
97 817
97 682
97 743
97 271
97 913
97 982
97 984
97 659
503 678
503 481
503 935
503 325
503 563
503 165
503 893
503 684
503 463
503 740
503 933
503 561
503 26
503 502
503 271
503 913
503 166
503 525
503 619
503 69
503 249
503 255
503 164
503 915
503 195
604 481
604 935
604 1048
604 767
604 257
604 563
604 1035
604 279
604 877
604 1112
604 86
604 1078
604 129
604 1079
604 347
604 1063
604 374
604 859
604 433
604 783
604 614
604 666
604 772
604 345
604 1097
604 743
604 180
604 753
604 271
604 913
604 659
604 1040
604 92
604 58
604 333
604 53
604 209
604 12
604 442
604 83
604 788
604 716
604 1090
678 1053
678 395
678 767
678 99
678 1038
678 463
678 1078
678 740
678 433
678 758
678 51
678 682
678 743
678 336
678 526
678 576
678 1111
678 271
678 913
678 982
678 53
678 716
678 453
678 320
678 590
678 966
678 404
678 1080
678 215
678 901
678 754
678 247
678 987
678 84
678 186
678 899
678 602
678 1055
678 1106
678 176
678 927
678 323
678 679
678 621
678 911
678 57
678 960
849 481
849 278
849 1031
849 1070
849 344
849 731
1053 66
1053 129
1053 743
1053 851
1053 966
1053 215
1053 842
1053 154
1053 397
1053 265
1053 550
1053 204
1053 919
1053 852
1053 96
395 767
395 563
395 284
395 248
395 1079
395 706
395 197
395 1116
395 336
395 411
395 913
395 69
395 323
395 522
395 897
395 937
395 489
395 765
395 738
395 273
395 904
395 220
395 790
395 332
481 1048
481 66
481 1051
481 684
481 697
481 1035
481 403
481 926
481 44
481 173
481 816
481 324
481 321
481 973
481 783
481 344
481 661
481 271
481 209
481 323
481 96
481 562
481 606
481 798
481 188
481 152
481 1046
481 857
935 1038
935 576
935 102
1048 494
1048 743
1048 195
1048 303
325 563
325 165
325 893
325 432
325 71
325 504
325 463
325 715
325 1069
325 1068
325 853
325 793
325 975
325 261
325 973
325 1070
325 686
325 26
325 51
325 386
325 841
325 201
325 1108
325 540
325 8
325 232
325 619
325 249
325 987
325 45
325 923
325 633
325 1132
325 585
325 713
325 1054
325 801
767 66
767 321
767 1079
767 491
767 973
767 433
767 1116
767 758
767 682
767 81
767 336
767 1111
767 271
767 195
767 1040
767 960
767 106
767 626
257 563
257 893
257 463
257 159
257 1070
257 1033
257 1111
257 38
257 753
257 271
257 915
257 1040
257 651
257 739
257 569
257 554
257 800
257 969
257 1012
66 321
66 1069
66 248
66 129
66 400
66 740
66 10
66 491
66 973
66 708
66 179
66 1070
66 699
66 524
66 336
66 526
66 38
66 661
66 69
66 164
66 195
66 911
66 852
66 471
66 649
66 244
66 308
66 312
66 366
66 912
66 205
66 501
66 1030
789 324
563 432
563 279
563 1026
563 177
563 1068
563 662
563 704
563 1079
563 561
563 524
563 238
563 0
563 336
563 995
563 271
563 716
563 244
563 613
563 1004
563 925
563 1044
563 409
563 665
165 893
165 463
165 1069
165 853
165 1116
165 386
165 81
165 525
165 37
165 262
893 39
893 463
893 1069
893 248
893 347
893 483
893 853
893 793
893 47
893 1063
893 632
893 261
893 804
893 197
893 513
893 26
893 540
893 743
893 526
893 525
893 255
893 987
893 186
893 633
893 879
893 959
893 936
893 175
893 543
1051 684
1051 697
1051 1035
1051 403
1051 108
1051 926
1051 173
1051 324
1051 351
1051 344
1051 209
1051 738
1051 562
1051 1006
1051 500
1051 617
1051 876
1051 838
1051 797
1051 82
1051 1067
1051 91
1051 362
1051 1066
1051 110
1051 174
684 697
684 1035
684 403
684 926
684 680
684 173
684 324
684 458
684 625
684 1026
684 601
684 975
684 1082
684 344
684 989
684 661
684 209
684 899
684 562
684 585
684 508
684 687
684 473
684 1119
684 950
684 346
684 370
684 1008
697 1035
697 403
697 926
697 173
697 816
697 324
697 594
697 344
697 562
697 152
697 157
697 676
697 300
697 998
609 1066
302 403
302 44
302 709
302 593
302 879
302 1066
302 46
302 353
302 672
1035 269
1035 403
1035 926
1035 680
1035 816
1035 324
1035 119
1035 878
1035 446
1035 1068
1035 933
1035 580
1035 851
1035 333
1035 209
1035 500
1035 48
1035 123
1035 871
269 816
269 446
269 606
269 500
269 881
269 992
269 648
269 216
403 108
403 44
403 173
403 324
403 655
403 344
403 91
403 1066
403 881
403 301
108 44
108 655
108 344
108 152
108 1006
108 500
108 617
108 82
108 91
108 1066
108 301
108 815
108 599
108 1032
108 318
926 173
926 816
926 324
926 344
926 524
926 1040
926 562
926 691
680 859
680 344
680 989
680 152
680 1066
680 473
680 1119
680 1102
680 35
680 118
680 573
44 173
44 655
44 344
44 209
44 152
44 879
44 1066
44 46
44 301
44 815
44 584
173 324
173 655
173 862
173 411
173 69
173 562
173 857
173 626
173 409
173 46
173 881
173 216
173 1010
173 1077
173 1071
173 887
173 683
173 359
173 794
173 243
173 398
1013 134
1013 891
1013 85
1013 646
1013 228
1013 10
1013 194
1013 142
1013 30
1013 15
1013 913
1013 626
1013 950
1013 1008
1013 890
1013 607
1013 623
816 1078
816 194
816 606
816 188
816 648
816 815
816 292
324 119
324 561
324 344
324 611
324 310
324 661
324 753
324 982
324 92
324 209
324 1106
324 220
324 562
324 308
324 46
324 992
324 301
324 815
324 875
324 182
324 132
324 24
324 189
324 167
324 627
324 1110
324 379
284 717
284 248
284 772
284 1097
284 83
284 716
284 852
284 738
284 904
284 569
284 665
284 243
284 120
284 624
284 274
284 1065
284 755
284 782
667 168
667 1069
667 1078
667 1019
667 347
667 483
667 975
667 194
667 179
667 699
667 409
667 123
667 871
667 577
667 298
667 326
667 88
667 674
667 773
667 394
830 518
830 441
830 580
830 271
830 37
830 338
830 163
830 1113
830 115
830 109
830 1095
432 399
432 99
432 463
432 85
432 217
432 1026
432 116
432 446
432 177
432 1068
432 1019
432 662
432 704
432 924
432 194
432 580
432 1070
432 524
432 851
432 375
432 1106
432 613
432 409
432 665
432 674
432 230
432 443
432 263
432 239
432 113
432 631
432 778
432 866
432 954
432 1094
432 79
432 836
39 116
39 483
39 322
39 738
39 440
762 424
762 953
762 568
762 250
762 1127
762 873
762 745
762 177
762 117
762 336
762 819
71 463
71 1069
71 248
71 938
71 853
71 201
71 502
71 679
71 1076
71 183
399 277
399 463
399 715
399 953
399 478
399 250
399 873
399 20
399 347
399 1070
399 686
399 619
399 679
399 621
399 183
399 892
399 72
399 833
399 77
399 429
399 1087
399 423
321 877
321 1078
321 31
321 280
321 491
321 973
321 829
321 772
321 296
321 336
321 731
321 471
321 244
321 501
321 773
321 583
321 735
321 994
321 1000
134 877
134 424
134 873
134 414
134 10
134 853
134 194
134 822
134 447
134 1070
134 495
134 1002
134 622
134 252
134 320
134 731
134 501
134 584
134 1000
134 681
860 951
860 142
860 829
860 754
860 245
99 119
99 595
99 951
99 400
99 446
99 441
99 17
99 743
99 271
99 836
99 155
277 1069
277 184
277 371
277 813
277 685
277 632
277 572
277 862
277 307
277 67
277 540
277 8
277 927
277 621
277 118
277 211
277 417
277 787
277 151
277 730
259 877
259 886
259 194
259 716
259 188
259 244
259 140
259 418
279 1078
279 177
279 631
1098 504
1098 371
1098 813
1098 280
1098 862
1098 1116
1098 118
1098 787
1098 847
1098 965
1098 348
717 200
717 244
717 925
717 944
717 29
717 70
655 344
655 611
655 1106
655 562
655 606
655 152
655 1066
655 992
655 301
655 29
655 70
655 970
655 272
655 587
655 638
655 1124
655 603
979 194
979 594
979 1070
979 92
979 626
979 149
979 629
979 172
979 161
979 551
504 740
504 853
504 1116
504 130
504 440
504 482
504 907
504 406
504 1114
504 736
200 981
200 704
200 1079
200 244
200 1044
200 944
200 29
200 343
200 530
200 814
200 751
200 1043
200 692
200 1057
200 826
200 733
877 615
877 254
877 888
877 351
877 194
877 447
877 973
877 511
877 661
877 83
877 366
877 778
877 140
877 418
877 272
877 2
877 372
877 388
877 1064
886 244
886 388
693 565
693 83
693 366
693 603
693 629
693 1075
356 418
356 1057
356 138
356 988
615 129
615 704
615 944
565 418
168 1069
168 709
168 483
168 207
168 758
168 960
168 37
168 773
168 429
168 608
168 1020
769 310
769 58
1112 783
1112 161
1112 620
1038 463
1038 1069
1038 129
1038 1125
1038 853
1038 558
1038 540
1038 336
1038 960
1038 353
1038 1101
463 715
463 1069
463 831
463 177
463 483
463 813
463 727
463 853
463 793
463 933
463 280
463 685
463 975
463 1063
463 261
463 804
463 214
463 722
463 558
463 706
463 61
463 197
463 1116
463 686
463 130
463 67
463 396
463 841
463 0
463 336
463 526
463 619
463 716
463 987
463 679
463 96
463 738
463 633
463 585
463 739
463 37
463 936
463 48
463 274
463 892
463 730
463 1088
463 555
463 701
463 792
463 162
463 133
463 192
463 675
463 7
463 128
463 618
86 1078
86 888
86 561
86 310
86 659
86 84
86 522
86 332
86 471
86 912
86 665
86 189
86 1000
86 673
86 358
86 884
86 538
86 600
86 874
86 465
86 1014
86 361
86 5
86 710
86 150
86 484
86 536
458 1069
458 10
458 483
458 727
458 975
458 722
458 882
458 40
458 870
458 311
458 445
891 953
891 494
382 85
382 217
382 1026
382 10
382 623
382 866
382 750
625 122
625 953
625 55
625 539
625 547
625 1060
625 228
625 1022
625 745
625 758
625 30
625 336
625 913
625 467
625 60
424 953
424 1026
424 1078
424 1127
424 55
424 1060
424 873
424 745
424 623
424 43
122 85
122 1022
122 866
122 750
208 492
208 770
208 1082
208 699
208 195
208 244
208 445
208 1072
208 226
208 534
715 478
715 1069
715 347
715 813
715 853
715 280
715 685
715 975
715 1063
715 261
715 804
715 572
715 1070
715 686
715 513
715 771
715 396
715 232
715 987
715 45
715 585
715 739
715 37
715 879
715 417
715 555
715 675
715 952
715 1089
715 56
715 688
715 795
715 903
85 217
85 953
85 1026
85 248
85 129
85 250
85 547
85 1068
85 623
85 866
85 1109
981 685
981 1054
981 262
981 35
981 733
981 223
981 439
217 1026
217 646
217 866
217 750
953 250
953 55
953 539
953 376
953 1060
953 646
953 228
953 581
953 198
953 873
953 426
953 1022
953 745
953 10
953 194
953 664
953 743
953 623
953 443
953 866
953 750
953 485
568 55
568 539
568 376
568 1060
568 646
568 581
568 198
568 426
568 443
13 882
13 699
13 781
13 238
13 0
13 913
13 188
13 120
13 274
13 582
13 575
13 996
13 21
1026 873
1026 177
1026 394
1026 866
1026 444
1026 799
297 888
297 10
297 1082
297 699
297 238
297 195
297 188
297 1039
297 493
297 910
32 439
478 805
478 958
478 862
478 686
478 739
478 787
478 192
478 675
478 7
478 616
478 945
1069 888
1069 10
1069 347
1069 483
1069 853
1069 975
1069 47
1069 722
1069 351
1069 829
1069 686
1069 513
1069 26
1069 51
1069 771
1069 841
1069 81
1069 1108
1069 188
1069 45
1069 585
1069 795
1069 100
831 727
831 386
831 1088
831 701
184 347
184 685
184 540
184 621
184 633
184 37
184 43
184 360
184 469
254 1078
254 129
254 888
254 31
254 822
254 664
254 15
254 501
254 82
254 132
254 583
254 149
254 161
254 1089
254 80
254 963
254 718
254 559
254 1105
709 593
709 1116
709 817
709 0
709 879
709 353
709 755
709 907
709 1020
248 1078
248 261
248 822
248 344
248 739
248 1006
248 239
1078 129
1078 119
1078 31
1078 706
1078 1031
1078 179
1078 682
1078 1111
1078 661
1078 1040
1078 53
1078 788
1078 489
1078 651
1078 554
1078 82
1078 174
1078 583
1078 735
1078 587
1078 150
1078 799
1078 305
1078 178
1078 999
1078 87
1078 1107
129 518
129 31
129 20
129 483
129 706
129 78
129 743
129 38
129 195
129 901
129 602
129 176
129 1046
129 366
129 665
129 797
129 123
129 887
129 274
129 778
129 735
129 418
129 272
129 493
129 316
129 330
129 93
129 170
129 972
129 993
938 261
938 939
938 817
938 292
938 239
938 1076
938 629
938 1109
938 803
938 660
938 858
888 942
888 10
888 804
888 278
888 194
888 859
888 142
888 829
888 1070
888 841
888 743
888 69
888 83
888 852
888 738
888 106
888 471
888 244
888 205
888 584
888 773
888 583
888 1000
888 710
888 330
942 278
942 1031
306 400
306 116
119 240
119 951
119 878
119 400
119 116
119 518
119 578
119 446
119 441
119 580
119 553
119 1017
119 3
119 817
119 682
119 238
119 743
119 336
119 411
119 271
119 1106
119 123
119 871
119 836
119 7
119 930
119 839
119 791
119 63
595 240
595 400
595 441
595 271
595 930
595 480
240 951
240 400
240 116
240 518
240 446
240 441
240 817
240 743
240 271
240 913
240 960
240 106
240 123
240 892
240 155
240 7
240 480
240 291
951 400
951 116
951 142
951 517
951 553
951 743
951 320
951 1106
951 550
951 204
951 852
951 123
951 245
951 155
951 1064
951 480
951 840
951 1091
951 462
951 235
951 227
951 546
951 430
33 255
33 901
33 338
33 115
33 391
33 389
33 843
878 400
878 446
878 441
878 1068
878 447
878 973
878 580
878 0
878 271
878 333
878 53
878 897
878 836
878 288
878 512
400 116
400 518
400 578
400 446
400 441
400 1068
400 825
400 142
400 524
400 743
400 271
400 69
400 333
400 798
400 871
400 836
400 392
116 446
116 441
116 177
116 142
116 682
116 271
116 1106
116 992
116 836
116 839
116 861
116 908
518 441
518 975
518 255
518 716
518 836
518 930
578 446
578 441
578 1068
578 580
578 333
578 871
578 836
578 1039
578 791
578 392
446 441
446 177
446 973
446 829
446 271
446 960
446 627
446 836
446 892
1126 973
441 1068
441 829
441 580
441 1017
441 333
441 163
441 115
441 836
441 480
441 288
441 392
441 908
441 574
441 883
441 586
17 982
17 1106
17 919
17 245
17 155
17 459
17 1103
17 139
17 824
17 34
17 905
1125 558
31 447
31 232
31 995
31 69
31 442
31 788
31 716
31 522
31 489
31 651
31 583
31 735
31 1089
213 561
213 1070
213 710
213 575
213 718
740 783
740 743
740 336
740 526
740 883
740 848
169 177
169 84
169 1055
169 7
169 5
169 749
169 641
169 763
169 497
169 1058
169 65
1096 303
1096 725
533 977
533 714
533 1005
250 177
250 1068
250 924
250 423
1127 873
1127 483
1127 117
1127 813
1127 664
1127 540
1127 621
1127 423
1127 469
55 201
55 661
55 687
55 1064
55 760
962 539
962 547
962 1060
962 780
962 758
962 201
539 376
539 547
539 1060
539 581
539 198
539 142
539 664
539 443
376 1060
376 426
376 10
376 619
376 950
547 447
547 623
1060 447
1060 201
1060 623
1060 443
1060 799
228 473
549 353
549 423
581 664
581 443
873 745
873 10
873 483
873 117
873 813
873 523
873 540
873 987
873 423
873 1129
363 10
363 423
426 593
1022 30
1022 750
745 117
745 682
745 232
745 577
10 351
10 822
10 447
10 973
10 1002
10 699
10 253
10 494
10 623
10 443
10 50
10 810
177 1068
177 662
177 704
177 924
177 1079
177 851
177 166
177 195
177 320
177 404
177 899
177 326
177 113
177 631
177 944
177 70
177 1043
177 80
177 993
177 291
177 1091
177 4
177 850
177 258
20 1068
20 704
20 1079
20 975
20 1070
20 79
20 72
1068 924
1068 580
1068 1017
1068 238
1068 0
1068 271
1068 255
1068 333
1068 247
1068 897
1068 115
1068 866
1068 836
1068 892
1068 512
1068 586
1068 448
1019 96
1019 188
1019 577
1019 833
1019 29
1019 1020
1019 620
1019 330
1019 785
662 1106
662 409
662 631
662 681
662 258
844 308
844 665
844 230
844 892
844 1000
844 884
844 361
844 150
844 76
844 695
844 427
844 286
704 1079
704 244
704 925
704 892
704 944
704 530
704 814
704 486
704 23
924 113
924 631
924 836
1079 524
1079 244
1079 925
1079 530
601 975
601 492
601 708
601 234
601 322
601 739
601 48
601 360
601 902
601 634
371 483
371 280
371 632
371 572
371 862
371 307
371 8
371 619
371 249
371 621
371 739
371 118
371 211
371 787
371 847
371 965
371 348
371 902
347 483
347 280
347 1063
347 40
347 26
347 386
347 1108
347 619
347 987
347 679
347 585
347 7
347 305
347 52
827 1082
827 687
827 60
827 534
827 910
827 732
483 117
483 853
483 280
483 47
483 1063
483 632
483 804
483 558
483 523
483 447
483 40
483 1070
483 686
483 513
483 386
483 540
483 336
483 619
483 255
483 987
483 585
483 739
483 936
483 175
483 847
483 56
483 799
483 616
483 52
483 746
483 18
483 567
117 280
117 632
117 523
117 513
117 540
117 987
117 18
117 906
813 280
813 685
813 975
813 47
813 632
813 572
813 862
813 307
813 540
813 621
813 1054
813 599
813 423
813 787
813 733
813 555
813 192
813 616
813 360
813 902
813 18
813 1021
805 572
805 214
805 558
805 468
805 989
805 513
805 249
805 7
805 575
805 840
805 18
805 27
805 148
805 612
727 685
727 862
727 1116
727 758
727 130
727 336
727 879
727 274
727 730
727 907
727 1088
727 555
727 701
727 162
727 133
727 192
727 1039
727 42
727 671
853 793
853 975
853 558
853 194
853 818
853 686
853 67
853 26
853 1108
853 526
853 502
853 619
853 1132
853 543
853 128
793 804
793 197
793 818
793 841
793 526
793 218
793 323
793 543
793 735
933 975
933 40
933 67
933 322
933 743
933 333
933 897
933 48
933 836
933 1092
280 685
280 47
280 282
280 1063
280 103
280 261
280 804
280 214
280 722
280 558
280 194
280 197
280 40
280 566
280 686
280 67
280 26
280 8
280 526
280 619
280 716
280 987
280 1132
280 739
280 936
280 48
280 787
280 557
280 571
685 47
685 958
685 1063
685 103
685 632
685 572
685 214
685 722
685 862
685 307
685 686
685 513
685 67
685 502
685 987
685 621
685 739
685 787
685 675
685 360
685 1021
685 1052
975 1063
975 261
975 804
975 572
975 307
975 40
975 201
975 540
975 619
975 679
975 585
975 739
975 616
47 632
47 261
47 214
47 540
47 255
47 987
47 175
47 733
47 360
958 632
958 862
958 686
958 985
958 739
958 37
958 730
958 675
958 1052
282 572
282 558
282 960
282 730
1063 804
1063 194
1063 686
1063 201
1063 619
1063 679
1063 960
1063 332
1063 585
1063 739
1063 555
1063 43
1063 952
1063 360
103 632
103 572
103 862
103 513
103 621
103 892
103 795
103 360
103 567
103 1052
632 261
632 572
632 214
632 862
632 307
632 540
632 8
632 621
632 1054
632 936
632 109
632 360
632 1052
632 689
632 974
632 219
261 130
261 989
261 396
261 255
261 915
261 633
261 936
261 543
261 1089
261 689
261 1018
261 752
804 829
804 40
804 686
804 26
804 619
804 188
804 1132
804 48
804 128
804 996
804 1039
572 214
572 558
572 862
572 468
572 307
572 513
572 249
572 621
572 118
572 211
572 787
572 555
572 360
572 18
572 612
214 558
214 862
214 468
214 513
214 987
214 585
214 847
214 555
214 945
214 18
214 612
214 734
722 468
722 829
722 26
722 353
722 274
722 902
722 974
558 686
558 526
558 249
558 585
558 623
558 892
558 847
558 733
558 1101
558 18
558 289
862 307
862 513
862 621
862 936
862 211
862 151
862 128
862 1039
862 616
862 945
862 360
862 840
862 557
862 1052
862 570
862 1122
523 987
523 373
468 513
468 249
468 394
468 847
468 192
468 18
468 612
307 211
307 787
307 586
307 1007
307 1123
509 1008
509 577
509 56
509 1104
492 913
492 1008
492 226
492 534
492 475
770 475
435 243
706 81
706 1040
706 716
706 550
706 118
706 623
706 892
706 1050
491 973
491 758
491 682
491 38
491 323
491 960
491 331
825 244
278 194
278 142
278 1031
278 579
278 106
278 172
278 902
278 1083
351 1031
351 829
351 179
351 180
351 995
351 647
194 374
194 859
194 142
194 1031
194 829
194 179
194 1082
194 344
194 771
194 252
194 716
194 585
194 626
194 875
194 583
194 245
194 587
194 1064
194 361
194 1039
194 330
194 702
194 705
194 1047
194 1027
194 62
194 809
822 83
822 487
374 159
374 771
374 522
374 471
374 312
374 912
374 1110
374 778
374 710
374 869
447 1070
447 771
447 524
447 38
447 913
447 626
447 925
447 48
447 623
447 583
447 751
447 372
447 1064
447 718
447 305
447 999
447 241
447 1036
447 434
447 199
859 798
859 569
859 649
859 501
859 174
859 1032
859 263
859 1107
859 644
859 369
142 829
142 252
142 15
142 303
142 123
142 245
142 155
142 705
142 1047
142 266
1031 708
1031 252
1031 731
1031 713
1031 106
1031 626
1031 634
1031 202
973 829
973 1070
973 524
973 38
973 195
973 186
973 522
973 471
973 312
973 409
973 1006
973 362
973 583
973 1000
973 415
454 489
454 892
454 472
829 51
829 743
829 209
829 1106
829 1046
829 471
829 123
829 1000
829 155
829 1064
829 202
829 270
829 438
829 19
593 716
593 879
593 353
593 393
433 783
433 708
433 666
433 526
433 271
783 666
783 69
783 323
783 583
708 0
708 1090
708 186
708 106
708 599
708 394
708 902
708 1083
708 837
708 474
385 252
666 882
666 130
666 195
666 188
666 575
666 718
197 818
197 0
197 336
197 526
197 738
197 633
197 855
882 252
882 841
882 102
882 330
179 1116
179 1070
179 180
179 1111
179 995
179 583
179 1089
179 647
1082 1002
1082 699
1082 336
1082 913
1082 195
1082 687
1082 910
1082 466
1082 605
1082 281
1082 6
594 1070
594 998
594 79
594 629
594 161
594 1014
594 803
594 76
594 764
594 723
594 1081
159 524
159 271
159 92
159 220
159 912
159 778
159 361
159 146
159 1073
818 218
1116 26
1116 771
1116 336
1116 738
1116 936
1116 870
1116 43
772 489
772 912
772 858
772 65
772 514
772 943
345 1040
345 788
40 234
40 585
40 739
40 48
420 569
420 263
420 1131
420 428
420 98
207 566
207 130
207 396
207 744
511 83
511 418
580 1017
580 851
580 48
580 338
580 163
580 836
580 316
580 930
580 592
580 856
561 524
561 38
561 271
561 659
561 69
561 164
561 1040
561 92
561 1055
561 522
561 332
561 471
561 778
561 874
561 1014
561 150
561 448
561 14
1070 1000
1070 161
1070 963
1070 718
1070 330
1070 256
1070 242
1097 661
1097 716
1097 323
1097 583
1097 736
1097 388
1097 62
1097 809
1097 270
1097 355
1097 384
1097 127
758 682
758 336
758 913
758 982
758 53
758 186
758 927
758 960
758 303
758 749
758 466
758 900
758 187
758 141
419 913
419 353
419 21
419 452
686 540
686 590
686 987
686 633
686 585
686 739
686 879
686 417
686 787
686 616
686 548
495 1029
495 753
495 716
495 522
495 1012
495 912
495 535
517 553
517 336
517 754
517 899
517 852
517 96
517 912
517 155
517 725
517 900
517 846
517 863
1002 322
1002 910
1002 185
1033 773
1033 263
1033 369
1033 1131
1033 428
1033 766
1033 451
1033 947
1033 696
1029 53
1029 522
1029 937
1029 1012
1029 778
1029 418
1029 884
1029 498
30 53
30 186
30 623
30 60
30 910
955 310
344 562
344 606
344 152
344 626
344 1066
344 301
1059 913
1059 1008
130 238
130 899
130 738
130 188
130 303
130 379
130 120
130 155
130 582
130 840
130 227
611 1066
611 46
611 881
611 648
611 627
989 513
699 956
699 995
699 195
699 687
699 239
699 6
699 295
699 287
699 460
699 828
699 777
699 1086
699 520
513 540
513 621
513 423
513 18
513 567
513 612
781 913
781 1008
781 445
781 60
781 493
781 910
781 605
781 281
781 1009
67 201
67 502
67 739
67 755
67 211
67 840
26 96
26 1021
956 1008
956 460
494 296
494 1093
664 1054
664 423
664 469
664 777
664 653
579 188
579 106
579 245
579 872
579 505
553 524
553 743
553 336
553 215
553 247
553 899
553 1106
553 927
553 265
553 550
553 188
553 1046
553 303
553 123
553 379
553 88
553 1094
553 245
553 840
553 1091
553 227
553 546
553 725
553 671
553 505
553 313
553 131
553 823
553 515
1017 333
1017 186
1017 96
1017 274
1017 836
1017 996
622 0
622 1067
622 1131
622 98
939 702
51 201
51 851
51 453
51 320
51 590
51 966
51 404
51 1080
51 215
51 901
51 899
51 585
51 37
51 971
51 721
51 126
51 724
51 314
51 264
51 405
51 327
591 238
591 779
771 396
771 296
771 15
771 899
771 1132
771 584
771 952
771 227
252 78
252 575
252 848
252 387
252 125
252 1042
396 45
396 1132
396 479
296 310
296 659
296 716
296 332
296 471
296 312
296 912
296 875
296 1110
296 326
296 465
296 1129
296 487
296 1073
296 1093
507 852
507 838
729 78
729 3
729 1025
729 712
78 3
78 682
78 238
78 125
3 238
3 394
3 187
3 499
3 894
3 808
3 285
3 1062
817 527
817 719
817 716
817 176
817 960
817 366
817 330
817 93
817 858
817 850
817 219
817 519
817 73
817 260
682 1132
682 912
682 409
682 1071
682 794
682 1113
682 1025
682 737
527 218
527 1106
527 366
527 37
527 149
527 93
527 219
524 310
524 411
524 271
524 659
524 1040
524 716
524 265
524 522
524 1008
524 691
524 623
524 230
524 710
524 999
524 415
524 1118
524 761
386 841
386 201
386 847
386 18
437 698
1028 841
1028 322
1028 531
1028 35
1028 100
841 201
841 322
841 81
841 1108
841 249
841 188
841 45
841 801
841 1039
841 100
841 948
201 1108
201 502
201 987
201 679
201 1132
201 585
201 801
201 739
201 778
201 698
201 1016
322 531
322 1101
322 100
81 1108
81 53
81 870
1108 8
1108 249
531 733
531 903
531 49
540 987
540 621
540 892
540 423
540 211
540 151
540 733
540 18
8 249
238 0
238 743
238 336
238 526
238 913
238 404
238 522
238 738
238 102
238 379
238 120
238 77
238 1072
15 442
15 716
15 583
15 330
15 1093
15 922
0 336
0 502
0 310
0 404
0 738
0 220
0 102
0 120
0 263
0 902
0 415
743 320
743 966
743 215
743 247
743 899
743 1106
743 154
743 919
743 1046
743 303
743 123
743 120
743 155
743 291
743 546
743 314
743 405
743 894
743 1041
336 526
336 502
336 576
336 255
336 53
336 320
336 404
336 987
336 550
336 738
336 303
336 366
336 409
336 879
336 687
336 1032
336 623
336 120
336 274
336 1113
336 263
336 440
336 1088
336 465
336 459
336 141
336 947
336 652
336 64
180 271
180 1040
180 83
180 366
180 638
180 629
180 1075
180 647
180 246
180 328
180 1
526 738
526 623
526 120
526 128
526 101
502 262
502 736
502 1062
576 982
576 966
576 265
576 102
576 37
576 48
576 732
576 1024
1111 271
1111 188
1111 994
1111 29
1111 1020
1111 5
310 38
310 232
310 271
310 1040
310 362
310 274
310 773
310 239
310 1076
310 1129
310 637
310 812
310 367
310 352
310 461
310 368
38 271
38 69
38 164
38 465
38 1129
38 943
38 410
38 210
851 984
851 255
851 333
851 453
851 590
851 404
851 1080
851 247
851 899
851 852
851 897
851 599
851 1094
851 836
851 892
851 512
851 505
851 971
851 721
851 126
851 724
851 327
851 1062
851 997
851 636
851 190
283 1093
985 679
985 739
985 360
232 522
232 409
232 687
232 1110
232 577
232 263
232 778
232 361
232 1089
232 251
221 719
995 1040
995 442
995 323
995 489
995 326
564 982
564 245
564 459
564 824
564 905
564 90
564 342
564 421
564 528
564 931
564 865
564 231
218 651
218 583
218 149
411 69
411 1071
411 224
719 915
719 330
719 1056
719 339
661 1040
661 773
661 388
661 575
661 305
661 462
661 270
661 1073
661 947
375 308
375 665
375 230
375 1000
375 884
375 600
375 361
375 76
375 529
375 949
375 742
375 337
753 186
753 353
753 189
753 778
753 892
753 723
753 1099
271 982
271 659
271 164
271 1040
271 333
271 323
271 522
271 871
271 836
271 839
271 448
271 900
271 367
271 25
913 982
913 984
913 195
913 186
913 911
913 897
913 37
913 687
913 1008
913 353
913 623
913 870
913 445
913 60
913 799
913 493
913 910
913 281
913 287
913 59
913 158
913 929
913 206
982 247
982 186
982 323
982 154
982 550
982 96
982 37
982 879
982 120
982 88
982 735
982 245
982 155
982 291
982 840
982 1103
982 139
982 34
982 749
982 894
982 865
982 231
982 707
982 598
984 966
984 897
984 971
984 126
984 327
659 92
659 716
659 332
659 471
659 691
659 782
659 999
659 749
659 76
659 652
659 544
166 1010
166 330
166 850
525 619
525 936
619 679
619 923
619 1018
69 857
69 409
69 1071
69 624
69 153
249 1054
249 612
255 936
164 92
164 448
164 1099
164 544
195 37
195 879
195 687
195 1008
195 623
195 43
195 534
195 575
195 996
195 493
195 448
195 281
195 520
195 233
195 964
195 9
1040 92
1040 53
1040 186
1040 522
1040 361
1040 535
1040 812
1040 337
1040 544
92 471
92 72
92 1099
58 1055
58 937
58 1124
58 498
333 897
333 48
333 512
53 716
53 665
53 189
53 546
209 188
209 1105
442 84
83 716
83 176
83 57
83 937
83 273
83 188
83 244
83 366
83 272
83 638
83 603
83 629
83 2
83 1075
83 843
83 498
83 121
83 212
83 1001
83 726
83 275
788 188
788 651
788 583
788 653
788 236
788 983
716 247
716 987
716 84
716 852
716 244
716 665
716 583
716 1000
716 675
716 5
716 710
716 170
716 749
716 497
716 928
716 728
1090 1014
1090 1083
1090 837
453 320
453 590
453 1080
453 901
453 27
453 1061
320 590
320 966
320 404
320 1080
320 215
320 901
320 899
320 852
320 123
320 88
320 155
320 546
320 27
320 721
320 724
590 966
590 404
590 1080
590 215
590 901
590 892
590 417
590 27
590 721
590 997
590 940
966 404
966 215
966 901
966 123
966 505
404 1080
404 215
404 901
404 899
404 154
404 265
404 120
404 892
404 27
404 1018
404 126
404 724
404 327
404 190
1080 215
1080 901
1080 899
1080 1091
1080 27
1080 721
1080 327
215 901
215 123
215 546
901 155
901 190
754 1106
754 960
754 155
754 837
754 900
754 721
754 929
247 1106
247 550
247 852
247 1046
247 303
247 379
247 88
247 1094
247 1064
247 291
247 1091
247 227
247 725
247 671
247 1083
247 505
247 313
247 131
247 823
247 515
247 932
987 739
987 423
987 840
987 567
987 612
987 373
84 489
84 912
84 874
84 763
84 855
84 764
84 921
186 189
186 943
186 1025
186 337
186 378
899 585
899 106
899 123
899 546
899 724
899 314
899 264
899 405
899 1041
899 1061
899 1084
899 455
899 986
1055 5
1055 763
1055 497
1055 448
1055 943
1055 143
1106 550
1106 919
1106 303
1106 409
1106 123
1106 379
1106 88
1106 1094
1106 291
1106 459
1106 139
1106 34
1106 905
1106 725
1106 721
1106 724
1106 528
1106 931
1106 929
1106 112
1106 203
176 273
176 366
176 37
927 725
927 421
927 929
927 1061
323 79
323 963
323 764
323 707
679 440
679 77
621 923
621 1054
621 423
621 360
621 469
621 734
621 373
621 703
911 303
911 874
911 894
911 357
911 16
57 37
57 274
57 892
57 100
57 212
960 303
960 836
960 1089
960 335
731 188
842 154
842 397
842 430
154 397
154 550
154 204
154 88
154 546
154 902
154 807
154 980
397 265
397 133
397 840
397 430
397 902
397 499
397 1062
265 550
265 204
265 1046
265 303
265 155
265 305
265 1091
265 227
265 900
265 724
550 204
550 852
550 1046
550 303
550 379
550 120
550 1091
550 671
550 724
550 636
550 1003
204 627
204 88
204 486
919 852
919 88
919 245
919 291
919 1091
919 459
919 139
919 528
852 88
852 245
852 291
852 505
852 986
96 303
96 848
522 471
522 992
522 182
522 189
522 577
522 778
522 673
522 710
522 305
522 415
522 761
897 836
897 592
937 366
937 629
937 749
937 498
489 362
489 1071
489 970
489 65
489 171
489 690
765 501
765 110
765 1032
765 263
765 331
765 428
738 120
738 440
738 902
273 1124
904 569
904 773
904 263
904 369
904 158
904 747
220 361
220 896
332 152
332 1014
332 487
332 764
332 812
606 500
606 46
606 992
606 648
606 216
606 35
606 535
606 766
606 1062
606 28
606 293
606 1074
188 244
188 501
188 584
188 120
188 1065
188 773
188 388
188 902
188 487
188 505
188 387
188 922
188 889
188 1117
152 1066
152 676
152 998
152 46
152 301
1046 725
1046 724
1046 499
1046 334
857 603
857 199
857 187
857 285
857 461
857 153
857 556
857 552
102 120
102 575
102 373
102 1024
303 37
303 123
303 627
303 379
303 88
303 1094
303 988
303 575
303 291
303 1091
303 227
303 905
303 725
303 671
303 505
303 313
303 131
303 823
303 515
303 1003
45 799
633 585
1132 353
1132 88
1132 840
1132 227
585 128
585 628
713 626
713 1101
1054 35
1054 423
1054 360
1054 469
1054 475
1054 653
106 626
106 123
106 167
106 848
106 902
106 1083
106 474
651 554
651 1012
651 1030
651 778
651 735
651 1000
739 37
739 787
739 1088
739 616
739 698
569 1006
569 617
569 1067
569 362
569 263
569 809
569 369
569 747
569 918
800 312
969 205
969 430
1012 46
1012 992
1012 189
1012 710
1012 286
1012 466
1012 529
1012 784
471 308
471 312
471 691
471 1000
471 673
471 884
471 600
471 874
471 710
471 150
471 996
471 761
471 416
471 408
471 329
649 362
649 263
649 575
244 925
244 892
244 418
244 29
244 70
244 343
244 530
244 814
244 751
244 1043
244 1105
244 87
244 434
244 968
244 694
244 898
308 691
308 1000
308 884
308 361
312 1129
312 487
312 416
366 37
366 246
912 782
912 29
912 388
912 999
912 764
912 889
912 670
912 917
205 80
205 963
205 764
205 1081
205 378
205 74
205 94
205 54
501 959
501 617
501 362
501 110
501 174
501 1032
501 292
501 773
501 263
501 977
501 428
501 64
501 690
501 1117
501 377
501 510
501 854
501 449
501 1121
501 104
501 450
501 635
1030 388
613 869
613 335
613 416
613 160
925 29
925 751
925 1043
925 692
925 23
925 434
925 694
925 156
1044 274
1044 944
409 1071
409 577
409 1020
409 330
409 850
409 364
409 656
665 37
665 879
665 577
665 1000
665 884
665 361
665 76
665 695
665 241
665 742
665 408
37 687
37 88
37 1113
37 836
37 7
37 466
37 737
37 461
37 964
37 909
37 806
879 46
879 353
879 1010
879 647
879 466
959 1032
959 274
959 977
959 331
959 428
959 191
936 945
1006 91
1006 773
1006 1107
1006 98
1006 918
1006 377
1006 41
500 797
500 1066
500 648
500 977
500 947
617 91
617 110
617 368
617 690
617 747
617 377
617 237
876 263
838 797
838 82
838 773
838 263
838 98
838 158
838 741
797 91
797 534
797 702
797 460
797 158
797 747
797 741
82 174
82 773
82 263
82 150
82 799
82 178
82 1107
82 1131
82 589
82 319
1067 98
1067 766
1067 690
91 362
91 110
91 174
91 1119
91 676
91 998
91 1077
91 263
91 587
91 1107
91 451
91 690
91 784
91 854
91 41
91 317
91 545
91 775
91 309
362 110
362 577
362 263
362 1107
362 947
362 696
362 690
362 1121
1066 648
1066 301
1066 970
110 1032
110 239
110 977
110 428
110 64
110 690
110 377
110 449
110 237
174 263
174 977
174 450
174 107
174 340
687 1008
687 534
687 21
687 910
687 287
687 1086
687 114
473 1119
1119 676
1119 35
1119 1077
1119 587
1119 388
1119 545
1008 445
1008 21
1008 910
1008 475
1008 287
1008 460
1008 1086
1008 490
157 921
676 587
676 545
300 998
300 80
300 4
300 921
300 193
998 963
998 889
998 820
46 881
46 992
46 648
46 24
46 167
46 230
46 587
46 546
353 577
353 1020
353 701
353 361
353 869
353 434
48 871
48 836
48 618
123 577
123 88
123 291
123 1091
123 546
123 837
123 724
123 314
123 405
123 1041
123 1084
123 946
871 836
871 512
871 883
881 216
881 683
992 216
992 35
992 627
992 230
992 587
992 721
992 421
992 293
648 216
648 815
648 587
648 858
648 65
216 1010
216 93
216 946
599 360
599 902
599 1083
599 837
599 474
599 971
599 327
599 499
599 1062
599 980
599 669
1032 263
1032 977
1032 331
1032 428
1032 191
318 365
691 427
118 623
118 211
118 787
118 847
118 965
118 348
118 466
1010 398
1010 892
1010 330
1010 850
1010 917
1077 587
1071 243
1071 1065
1071 954
1071 850
1071 199
1071 835
887 892
794 398
794 1113
794 1025
794 737
794 914
243 577
243 850
243 199
398 1113
398 712
890 529
607 1093
623 884
623 795
623 575
623 305
623 19
623 95
292 629
292 977
182 477
189 529
189 222
1110 577
1110 416
379 88
379 840
379 1091
379 227
379 725
379 837
379 131
379 515
120 1113
120 77
120 907
120 575
120 1107
120 791
120 191
274 77
274 1088
274 1107
274 791
1065 866
1065 835
1065 496
577 326
577 263
577 778
577 361
577 850
577 809
577 19
577 532
326 850
88 1094
88 245
88 840
88 1091
88 227
88 546
88 725
88 671
88 505
88 313
88 131
88 823
88 515
674 778
674 150
674 14
674 1037
674 895
773 263
773 239
773 1107
773 369
773 98
773 766
773 451
773 637
773 918
773 880
394 211
394 575
394 902
394 837
394 474
394 187
394 416
394 916
338 836
163 836
163 839
163 791
1113 1025
1113 712
1113 737
1113 914
115 883
109 867
1095 187
1095 1025
1095 737
1095 914
1095 786
1095 541
230 778
230 892
230 1000
230 884
230 361
230 1089
230 76
263 892
263 361
263 1107
263 50
263 331
263 369
263 428
263 98
263 766
263 451
263 158
263 690
263 747
263 450
239 809
239 369
239 589
113 631
113 653
778 418
778 600
778 361
778 1099
778 895
866 750
1094 151
1094 1091
1094 725
1094 671
1094 313
1094 131
1094 823
1094 515
79 629
79 1014
79 707
79 378
836 316
836 592
892 29
892 70
892 149
892 600
892 1014
892 60
892 993
892 702
892 863
892 126
892 1128
892 643
892 354
892 89
892 294
72 1073
77 582
429 977
423 469
423 18
423 475
583 150
583 1089
583 799
583 80
583 178
583 986
735 1020
735 872
994 656
994 1115
1000 884
1000 538
1000 600
1000 361
1000 575
1000 76
1000 695
1000 286
1000 241
1000 949
1000 742
1000 337
1000 1099
1000 811
681 710
245 155
245 291
245 546
245 459
245 1103
245 34
245 905
245 725
245 90
245 865
245 231
245 598
155 291
155 840
155 1091
155 459
155 1103
155 824
155 865
211 787
211 151
211 128
211 840
211 405
211 802
417 616
417 139
417 105
417 456
787 847
787 965
787 348
787 675
787 616
151 840
730 586
730 612
140 418
418 29
418 343
418 814
418 884
418 87
418 993
418 883
418 1
418 337
418 909
418 880
418 776
847 348
847 18
847 612
965 840
965 586
965 964
348 114
944 530
944 814
29 343
29 2
29 883
29 242
70 343
272 498
587 545
638 1075
638 328
638 112
1124 498
603 629
603 199
603 121
603 720
603 267
149 161
149 889
629 246
629 212
629 112
629 542
629 976
629 978
629 920
629 957
172 54
161 80
161 256
907 290
343 392
530 814
530 694
751 434
1043 1089
1057 988
733 1101
733 223
2 498
1064 546
1064 900
1075 498
1075 328
1075 1001
1075 112
1075 720
988 392
988 898
1020 1089
1088 555
1088 701
1088 162
1088 133
555 701
701 162
192 1021
192 612
192 42
675 616
675 1052
7 361
7 486
7 1021
128 945
128 360
128 902
618 1023
358 14
884 600
884 361
884 76
884 695
884 286
600 76
600 337
874 5
874 763
874 266
874 943
874 921
465 210
465 703
465 315
465 111
465 1100
1014 14
361 484
361 1089
361 76
361 286
361 544
361 1037
5 1105
5 763
5 1058
5 143
5 957
710 993
150 799
150 178
150 885
484 645
536 335
445 910
445 1009
60 732
60 466
60 464
534 910
534 460
534 490
795 1120
575 1039
575 360
575 559
575 1105
575 889
575 918
575 1128
996 505
21 910
799 178
799 14
799 728
1039 505
493 1023
910 630
616 945
616 612
100 902
100 557
360 557
360 752
360 1122
469 475
469 520
469 703
469 145
80 764
963 764
963 401
559 1021
1105 902
305 747
305 967
178 65
178 1131
178 171
178 589
178 319
178 309
178 136
999 266
999 14
999 1099
999 408
1107 809
1107 98
1107 41
1107 589
1107 136
316 791
316 391
316 389
316 592
330 141
330 1042
330 946
93 219
972 357
972 642
993 529
858 705
930 1062
480 392
291 1103
291 824
291 34
291 90
291 342
291 865
291 231
291 929
291 203
291 560
840 1091
840 227
840 546
840 42
840 734
1091 227
1091 725
1091 671
1091 313
1091 131
1091 823
1091 515
1091 932
235 430
235 1061
235 980
235 334
227 900
546 725
546 865
546 1084
546 455
546 986
430 928
430 980
430 334
843 434
512 636
861 689
586 964
459 824
459 905
459 931
459 865
1103 139
1103 824
1103 905
1103 1021
1103 865
139 824
139 905
139 90
139 865
824 905
824 865
905 90
905 105
749 498
497 1058
1058 705
725 902
725 671
725 313
725 131
725 823
725 515
977 331
977 428
977 377
977 104
977 450
977 635
977 340
977 1015
1129 367
1129 210
4 193
850 219
850 199
850 835
850 748
258 23
785 677
76 695
76 337
695 241
695 728
695 811
427 337
427 68
286 241
486 1061
23 327
902 1083
902 837
902 474
902 505
18 612
1021 612
27 313
27 721
27 126
27 405
27 997
671 313
671 131
671 823
671 515
689 552
689 1128
689 354
689 720
689 711
974 1083
219 712
219 541
289 101
373 834
1050 744
331 428
331 449
331 191
331 967
1083 837
1083 474
702 158
702 741
705 943
1027 266
809 644
809 1131
809 98
869 335
241 742
241 337
241 496
1036 14
199 835
369 766
369 947
369 237
369 425
472 880
19 1061
837 474
837 1062
474 516
466 900
466 408
466 22
466 796
466 276
605 281
605 1009
764 378
1131 41
1131 319
1131 309
1131 136
428 191
428 340
428 136
98 41
98 741
98 309
98 136
14 812
256 451
242 766
242 451
242 696
242 246
242 402
900 934
187 285
187 153
187 552
141 357
141 16
141 946
846 1061
846 934
766 451
766 947
766 402
451 402
947 696
947 41
947 589
947 1034
287 304
1086 145
505 650
313 131
313 823
313 515
131 823
131 515
823 515
971 126
971 327
971 997
721 932
721 135
126 327
126 285
264 405
264 1041
264 1061
264 1084
264 455
264 986
264 329
405 1041
405 1061
405 1084
405 986
327 328
327 997
387 832
125 1042
1042 496
1025 737
1025 541
499 1062
499 669
285 260
285 556
285 552
285 1128
285 354
1062 980
1062 334
73 552
73 1128
73 354
73 720
73 711
737 914
737 786
737 541
922 941
1041 1084
1041 986
652 885
64 1117
246 449
328 112
637 880
367 757
352 329
352 350
461 153
461 552
210 703
210 315
90 342
90 231
342 421
421 929
529 742
1099 544
158 690
158 747
158 741
929 203
929 916
929 560
707 610
212 542
212 957
1061 1084
1061 986
921 470
378 643
1084 986
1084 137
703 315
357 946
16 946
335 416
980 334
690 747
690 450
690 309
690 402
896 470
28 821
889 820
889 1085
556 552
556 1128
556 354
556 711
552 1128
552 354
552 89
552 711
416 1011
74 54
74 643
54 643
449 390
1121 967
450 340
909 354
909 720
41 589
41 319
41 309
41 136
319 309
319 136
309 136
340 402
835 412
541 711
1128 354
1128 89
1128 720
1128 711
354 89
354 720
354 711
89 711
811 75
720 267
542 957
542 537
315 868
111 1100
401 144
136 402
144 144
