0 584
0 1099
0 67
0 309
0 286
0 414
0 977
0 418
0 293
0 551
0 644
0 1047
0 432
0 871
0 176
0 708
0 625
0 80
0 730
0 739
0 169
0 544
0 244
0 1029
0 1062
0 65
0 887
0 599
0 478
0 116
0 113
1 1112
1 161
1 331
1 56
1 322
1 955
1 625
1 957
1 346
1 434
1 855
1 306
1 170
1 273
1 12
1 142
1 843
1 750
1 165
1 622
1 592
1 99
1 221
1 792
1 694
1 906
1 223
1 515
1 528
1 1050
1 123
1 509
1 81
1 989
1 895
1 991
1 422
1 1001
1 424
1 292
1 912
1 655
2 798
3 1060
3 958
3 871
3 708
3 91
3 982
3 1015
3 403
3 51
3 1078
3 253
3 46
3 169
3 1062
3 593
3 56
4 1040
4 335
4 115
4 428
4 748
4 258
4 979
4 527
4 238
5 158
6 34
6 688
6 132
6 1002
6 1026
6 921
6 652
6 126
6 158
6 968
6 944
6 407
6 509
6 318
6 774
6 761
7 680
7 404
8 180
8 173
8 838
8 403
8 374
8 246
8 468
8 990
8 493
8 782
9 1062
9 247
9 891
9 1078
9 887
9 1007
9 197
9 954
10 11
10 630
10 769
10 1027
11 448
11 1019
11 1121
11 294
11 502
11 39
11 506
11 915
11 876
11 186
11 457
11 578
11 210
11 10
11 42
11 610
11 214
12 180
12 537
12 374
12 1095
12 1
12 886
13 1076
13 200
14 825
14 163
14 762
14 896
14 90
14 885
15 676
16 1022
16 681
16 677
16 703
16 1042
17 93
17 352
18 1102
19 988
19 930
19 792
19 863
19 811
19 641
19 273
19 967
19 782
19 119
19 616
19 900
19 1101
19 626
19 1076
19 1128
19 53
19 429
19 438
19 987
20 812
20 953
21 923
21 828
21 894
22 998
22 99
22 1095
22 907
23 178
23 299
23 622
23 953
23 395
23 222
23 839
23 902
23 243
23 207
23 473
23 70
23 647
23 699
23 29
24 566
24 118
24 249
24 443
24 293
24 149
24 90
24 644
24 317
24 396
24 813
24 441
25 805
25 968
25 41
25 407
25 827
25 109
25 510
25 399
25 712
26 918
26 165
26 214
26 1044
26 1019
26 286
27 219
27 1044
27 100
27 407
27 109
27 806
27 1026
28 944
28 146
28 480
28 1094
28 599
28 806
28 109
29 948
29 478
29 158
29 761
29 515
29 403
29 23
29 989
29 165
29 749
29 81
30 676
31 450
31 759
31 760
31 663
31 509
31 1052
31 255
31 859
31 929
31 632
31 715
31 611
31 1065
31 888
31 989
31 490
31 652
31 299
31 112
31 597
31 206
31 650
31 35
31 291
31 324
31 521
31 355
31 165
31 857
31 191
31 505
31 642
32 676
32 205
32 520
32 919
32 963
32 413
32 383
32 825
32 418
32 267
32 235
33 285
34 664
34 610
34 158
34 109
34 237
34 368
34 968
34 472
34 6
35 798
35 685
35 315
35 762
35 765
35 91
35 1074
35 849
35 841
35 87
35 825
35 300
35 344
35 291
35 546
35 555
35 532
35 147
35 31
35 925
35 434
35 663
35 158
35 128
35 671
35 957
35 510
35 994
35 1124
35 675
35 165
35 617
35 396
35 509
35 499
36 430
36 813
36 625
36 551
36 308
36 678
36 489
36 312
36 963
36 1035
36 618
36 78
36 455
36 247
36 1010
36 1062
36 740
36 1007
36 1078
36 503
36 501
36 383
36 508
36 1127
36 67
36 887
36 807
36 891
36 65
36 520
36 275
37 205
37 1047
37 317
37 1022
38 839
38 440
38 161
38 722
38 158
38 895
38 407
38 973
38 56
38 987
38 539
38 105
38 695
38 544
38 784
39 11
40 1017
40 454
40 848
40 300
40 575
40 798
40 941
41 959
41 484
41 761
41 467
41 66
41 136
41 252
41 25
41 407
41 233
41 616
42 11
43 1092
43 856
43 484
43 440
44 60
44 902
44 229
44 953
44 420
44 1067
45 62
45 623
45 715
45 594
45 1046
45 255
45 751
45 553
45 111
45 1033
45 1039
45 950
45 697
45 398
45 401
46 1062
46 788
46 432
46 1079
46 1097
46 807
46 489
46 739
46 1010
46 3
46 274
47 755
47 948
48 184
48 782
48 946
49 656
50 706
50 742
50 333
50 170
50 676
50 750
50 657
50 73
50 760
51 1058
51 459
51 555
51 3
51 573
51 1088
51 987
51 907
51 784
51 577
52 244
53 19
53 180
53 497
53 742
53 1095
53 865
53 792
53 98
53 468
53 240
53 803
53 431
53 129
53 128
53 971
54 774
54 591
54 1011
54 760
54 103
55 1019
56 165
56 846
56 1025
56 3
56 478
56 299
56 158
56 1114
56 542
56 38
56 989
56 1
56 523
56 105
56 839
56 948
56 617
56 599
56 1098
56 440
56 161
56 484
56 509
56 292
56 403
56 496
57 1010
58 490
59 223
60 860
60 44
60 452
60 889
60 574
61 279
61 762
62 45
62 111
62 401
62 255
62 1039
62 715
62 140
62 553
62 1033
62 950
62 398
63 544
64 1003
65 918
65 807
65 235
65 169
65 0
65 1062
65 36
65 443
65 555
65 1099
65 544
66 467
66 959
66 816
66 602
66 260
66 136
66 154
66 1034
66 1006
66 712
66 41
66 652
67 1046
67 813
67 1070
67 363
67 266
67 36
67 78
67 247
67 618
67 189
67 249
67 694
67 153
67 312
67 0
67 780
67 1010
67 508
67 489
67 969
68 302
68 410
69 654
69 842
69 420
69 679
69 620
70 23
70 667
70 902
70 647
70 650
70 655
70 700
70 953
70 243
70 155
70 595
70 161
70 1112
70 476
70 812
70 1067
70 882
71 222
71 1067
71 395
71 299
71 902
71 729
71 243
71 1029
71 928
71 473
72 841
72 997
72 216
72 285
72 851
72 506
73 676
73 292
73 876
73 742
73 689
73 231
73 750
73 706
73 222
73 301
73 50
73 333
73 1093
73 170
73 479
73 482
73 635
73 760
73 264
74 816
74 175
75 765
75 759
75 758
76 521
76 859
76 547
76 355
76 653
76 690
76 403
76 751
76 673
76 191
76 650
77 816
77 1115
78 309
78 1017
78 807
78 67
78 36
78 1062
78 963
78 266
78 275
78 424
78 929
78 381
78 577
79 152
79 1002
79 814
79 968
79 462
79 511
79 410
79 128
80 128
80 0
80 118
80 1089
81 300
81 765
81 439
81 532
81 1
81 29
81 707
81 663
81 685
82 1045
82 817
82 940
82 1040
82 385
83 618
83 644
83 560
84 498
85 305
86 1108
86 283
87 994
87 532
87 762
87 931
87 524
87 35
88 610
89 180
89 431
89 894
89 782
89 838
90 14
90 644
90 24
90 247
90 896
90 308
90 383
90 618
90 489
90 804
90 163
91 3
91 478
91 35
91 1099
92 306
92 544
93 639
93 17
93 403
93 352
93 407
93 717
93 763
94 672
94 99
94 210
95 333
95 965
96 623
96 193
96 143
96 178
96 321
96 604
96 822
96 451
96 543
97 682
97 383
97 1127
97 963
98 410
98 128
98 129
98 53
98 877
98 407
98 863
98 109
98 792
98 968
98 146
99 987
99 22
99 586
99 464
99 276
99 913
99 1
99 912
99 222
99 1051
99 292
99 1031
99 94
99 199
99 509
99 730
99 697
99 655
100 596
100 663
100 948
100 27
100 1094
100 806
100 654
101 184
101 955
101 387
102 257
102 703
103 1122
103 54
103 345
103 880
103 609
103 589
104 409
104 356
104 691
105 846
105 199
105 38
105 440
105 989
105 1114
105 717
105 56
105 599
105 246
105 112
106 273
106 209
106 397
106 165
106 341
106 475
106 730
106 700
106 935
106 191
106 845
107 851
108 381
109 494
109 599
109 591
109 544
109 226
109 806
109 584
109 774
109 219
109 944
109 608
109 968
109 28
109 440
109 27
109 280
109 34
109 25
109 98
109 407
109 880
109 567
110 585
110 817
110 940
110 605
111 690
111 752
111 715
111 140
111 553
111 1033
111 1052
111 697
111 45
111 1112
111 1039
111 816
111 323
111 191
111 929
111 458
111 209
111 62
111 398
111 401
111 873
111 255
112 810
112 299
112 31
112 992
112 528
112 450
112 750
112 165
112 294
112 223
112 617
112 105
113 300
113 887
113 483
113 0
113 740
114 573
115 428
115 1044
115 1040
115 4
115 238
116 543
116 1120
116 497
116 985
116 118
116 0
116 1051
116 1050
116 548
116 705
116 837
116 750
116 756
116 324
116 636
116 336
116 1019
116 484
116 680
116 697
116 370
116 166
116 755
116 606
116 187
116 782
116 574
116 779
116 1071
116 1072
117 292
117 809
117 263
117 440
117 827
117 158
117 516
117 1107
118 80
118 236
118 703
118 381
118 205
118 744
118 116
118 293
118 423
118 1062
118 24
118 1042
118 587
118 584
118 772
118 470
118 478
118 286
119 651
119 941
119 604
119 163
119 804
119 519
119 19
119 1117
120 761
120 419
120 128
121 1032
121 671
121 259
122 742
122 789
122 832
122 847
122 301
122 367
122 657
122 468
122 1093
122 1031
122 754
122 481
122 170
123 912
123 807
123 1
124 1027
124 1049
124 186
124 915
124 144
125 383
125 1010
126 1007
126 1093
126 6
126 814
126 992
126 407
126 774
126 1071
126 462
126 617
127 812
127 818
127 657
127 588
127 463
127 409
127 261
127 534
127 646
127 764
127 1132
127 760
127 731
127 866
128 792
128 432
128 451
128 120
128 53
128 129
128 35
128 98
128 863
128 405
128 80
128 79
129 865
129 863
129 792
129 53
129 128
129 971
129 98
129 326
129 154
129 1095
130 618
130 911
130 986
130 501
130 282
131 391
131 806
132 960
132 1002
132 299
132 762
132 494
132 323
132 567
132 389
132 6
132 944
132 623
132 300
132 841
132 701
132 422
132 839
132 1025
132 902
132 599
132 706
132 948
132 269
132 242
132 588
132 968
132 697
132 463
133 817
133 940
134 507
135 582
135 528
135 310
135 159
135 968
135 902
135 438
135 216
135 617
135 599
135 718
135 333
135 396
135 717
135 389
136 467
136 827
136 41
136 252
136 968
136 204
136 66
136 858
136 165
137 180
137 748
137 184
137 276
137 599
138 998
138 848
139 569
139 1111
139 1009
139 875
139 917
140 715
140 752
140 411
140 111
140 62
140 1052
140 697
140 255
140 1039
140 553
140 751
140 929
140 398
140 671
140 760
141 657
141 375
141 204
142 199
142 839
142 810
142 900
142 1094
142 766
142 176
142 389
142 722
142 738
142 416
142 539
142 513
142 223
142 973
142 471
142 338
142 1
142 521
142 593
142 1032
143 193
143 798
143 96
143 439
143 575
143 414
144 186
144 1019
144 1027
144 657
144 915
144 124
145 617
146 749
146 724
146 346
146 806
146 480
146 1026
146 1044
146 1055
146 219
146 419
146 98
146 28
147 762
147 35
148 1019
149 501
149 455
149 151
149 270
149 891
149 552
149 203
149 443
149 813
149 189
149 24
149 441
150 1099
151 872
151 566
151 432
151 744
151 317
151 508
151 203
151 149
151 443
151 891
152 407
152 79
153 165
153 546
153 697
153 646
153 553
153 989
153 198
153 67
154 789
154 516
154 66
154 129
155 70
155 839
156 1112
156 544
156 812
156 973
156 821
156 584
156 941
156 399
156 533
156 191
156 854
156 458
156 355
156 1104
156 292
156 900
156 722
156 902
156 685
156 843
157 210
157 575
158 6
158 407
158 35
158 187
158 404
158 204
158 161
158 1025
158 1019
158 34
158 557
158 223
158 878
158 222
158 542
158 5
158 948
158 29
158 296
158 722
158 785
158 528
158 273
158 591
158 792
158 276
158 117
158 750
158 1007
158 241
158 299
158 38
158 292
158 983
158 509
158 56
158 761
159 718
159 135
159 288
159 898
160 374
160 782
160 617
160 246
160 180
161 338
161 526
161 590
161 38
161 895
161 750
161 739
161 376
161 655
161 878
161 708
161 366
161 766
161 158
161 520
161 199
161 509
161 679
161 363
161 1006
161 599
161 56
161 292
161 1
161 296
161 539
161 70
161 987
161 396
161 722
161 165
161 479
162 639
163 618
163 119
163 433
163 920
163 455
163 694
163 392
163 90
163 247
163 1070
163 519
163 501
163 14
163 203
163 445
163 896
164 460
164 390
164 1024
164 774
164 900
165 759
165 56
165 922
165 106
165 1062
165 935
165 751
165 761
165 861
165 485
165 1038
165 712
165 882
165 846
165 663
165 845
165 209
165 715
165 730
165 1047
165 299
165 31
165 29
165 341
165 617
165 403
165 35
165 618
165 188
165 785
165 561
165 396
165 1091
165 26
165 1081
165 510
165 136
165 112
165 153
165 1
165 509
165 989
165 161
165 991
166 116
166 306
166 895
166 998
166 440
167 474
167 928
167 1062
168 1098
168 896
168 256
169 0
169 644
169 1017
169 837
169 65
169 309
169 739
169 373
169 807
169 983
169 3
169 396
170 895
170 301
170 973
170 1093
170 1
170 73
170 367
170 657
170 50
170 760
170 1102
170 468
170 225
170 754
170 122
170 706
170 742
170 750
170 523
171 896
171 426
172 812
172 258
173 838
173 374
173 739
173 782
173 246
173 918
173 8
174 411
174 435
174 801
174 496
174 715
174 557
174 1113
174 843
174 267
175 346
175 638
175 1125
175 74
175 751
175 422
175 623
175 582
175 816
176 743
176 544
176 142
176 722
176 244
176 0
176 186
176 742
176 593
176 306
176 810
177 635
177 1120
178 644
178 23
178 953
178 222
178 907
178 473
178 902
178 671
178 1100
178 274
178 715
178 849
178 422
178 699
178 395
178 575
178 393
178 623
178 445
178 816
178 829
178 1067
178 346
178 299
178 96
178 622
179 997
179 199
180 184
180 828
180 907
180 240
180 1108
180 53
180 137
180 374
180 886
180 537
180 246
180 884
180 1044
180 160
180 623
180 778
180 356
180 89
180 894
180 8
180 579
180 513
180 955
180 480
180 431
180 12
180 782
180 1011
180 276
180 497
180 803
180 403
180 923
181 244
181 349
181 831
181 941
181 800
181 405
181 848
181 560
182 1049
182 1003
182 444
183 422
183 792
183 638
183 363
184 782
184 960
184 803
184 48
184 180
184 516
184 886
184 742
184 839
184 1011
184 356
184 101
184 894
184 137
184 487
185 755
186 1027
186 593
186 176
186 289
186 124
186 299
186 1019
186 502
186 11
186 769
186 144
186 743
186 982
187 423
187 292
187 626
187 542
187 528
187 509
187 748
187 158
187 116
188 846
188 546
188 165
188 533
188 866
188 453
188 331
188 191
188 751
189 67
189 1078
189 1127
189 1100
189 149
190 1044
190 844
190 730
190 499
190 341
190 881
190 1049
190 527
191 156
191 785
191 882
191 111
191 929
191 544
191 188
191 76
191 106
191 653
191 331
191 667
191 355
191 650
191 31
191 1065
191 845
191 859
191 1050
191 888
191 1112
192 414
192 508
192 1010
192 963
192 625
192 1127
192 1034
192 678
192 520
192 441
192 788
192 270
192 887
193 96
193 822
193 439
193 604
193 321
193 143
194 361
195 709
196 354
196 414
197 954
197 1078
197 1062
197 9
197 555
197 408
198 571
198 619
198 153
198 914
198 563
198 272
198 1081
198 815
198 265
198 485
198 962
199 913
199 1006
199 586
199 142
199 539
199 722
199 105
199 179
199 509
199 99
199 766
199 292
199 363
199 655
199 161
199 987
200 200
200 13
201 848
201 414
202 809
203 441
203 891
203 1070
203 443
203 744
203 432
203 247
203 455
203 151
203 149
203 163
203 813
203 317
204 901
204 141
204 1121
204 158
204 375
204 136
205 322
205 1129
205 703
205 424
205 118
205 286
205 32
205 37
206 31
206 875
206 785
206 510
207 953
207 23
208 1128
208 361
208 973
208 841
208 530
208 1112
208 453
208 544
208 715
209 845
209 730
209 881
209 485
209 341
209 866
209 594
209 165
209 1049
209 1081
209 106
209 111
209 397
210 808
210 1107
210 987
210 157
210 943
210 799
210 329
210 848
210 448
210 11
210 1079
210 1066
210 94
210 573
211 1007
211 871
211 887
212 632
212 285
212 737
212 333
212 795
212 254
213 1062
214 1019
214 11
214 233
214 578
214 26
215 282
215 759
216 72
216 687
216 543
216 389
216 135
216 1114
216 285
216 582
216 997
216 516
216 333
217 565
217 463
217 760
218 265
218 453
219 146
219 806
219 749
219 419
219 109
219 27
219 588
219 1094
219 300
219 654
219 480
219 1055
219 407
219 1026
219 515
220 1124
221 761
221 261
221 515
221 1
221 721
221 416
221 809
221 1032
222 424
222 750
222 243
222 158
222 676
222 760
222 336
222 458
222 689
222 594
222 23
222 178
222 73
222 951
222 928
222 706
222 622
222 99
222 818
222 742
222 301
222 479
222 699
222 71
223 1075
223 1
223 736
223 1061
223 1106
223 863
223 158
223 761
223 142
223 705
223 797
223 903
223 112
223 794
223 59
223 972
224 607
224 292
224 309
224 471
224 772
225 1079
225 943
225 1061
225 617
225 170
225 1066
225 963
225 987
225 394
225 739
225 575
225 988
225 599
226 914
226 109
226 427
227 609
227 407
228 261
228 302
228 338
228 351
228 642
228 792
228 438
228 755
228 471
228 806
229 44
229 1112
229 953
229 667
230 663
230 294
230 992
230 658
230 771
231 635
231 1115
231 73
231 1101
231 805
232 848
232 766
232 346
232 520
232 526
232 277
232 1017
233 214
233 578
233 41
234 1116
234 506
235 32
235 893
235 496
235 65
235 490
235 616
235 286
235 566
235 435
235 370
235 253
235 247
235 411
235 1111
235 907
235 589
235 553
235 801
236 644
236 381
236 118
237 1053
237 1059
237 299
237 302
237 292
237 591
237 809
237 480
237 713
237 34
238 258
238 527
238 1040
238 288
238 115
238 335
238 4
238 979
238 898
238 718
239 344
239 886
239 488
239 773
239 579
239 283
239 894
240 344
240 180
240 497
240 379
240 53
240 659
240 773
241 438
241 900
241 810
241 158
241 712
242 132
243 403
243 875
243 353
243 389
243 1114
243 1112
243 222
243 647
243 882
243 458
243 666
243 751
243 622
243 70
243 1067
243 395
243 1034
243 902
243 299
243 23
243 697
243 378
243 464
243 71
243 580
243 667
243 812
243 671
243 400
243 785
244 884
244 392
244 176
244 685
244 526
244 256
244 599
244 707
244 390
244 1017
244 181
244 841
244 988
244 1099
244 920
244 839
244 0
244 300
244 321
244 746
244 604
244 614
244 322
244 52
244 636
244 584
244 848
244 998
245 1079
246 374
246 180
246 946
246 493
246 904
246 8
246 160
246 838
246 105
246 173
247 383
247 235
247 1060
247 9
247 813
247 67
247 36
247 1022
247 618
247 552
247 203
247 807
247 801
247 430
247 520
247 418
247 392
247 1070
247 1010
247 489
247 163
247 312
247 90
247 887
247 519
247 270
248 338
248 709
249 489
249 67
249 293
249 24
249 644
249 566
249 807
249 703
250 1116
250 428
250 291
251 709
251 531
251 815
251 917
252 136
252 41
253 607
253 3
253 1062
253 403
253 1038
253 617
253 1061
253 1056
253 584
253 1129
253 742
253 235
254 212
254 809
255 398
255 45
255 370
255 929
255 140
255 365
255 111
255 553
255 1033
255 401
255 845
255 291
255 355
255 752
255 62
255 31
255 458
255 690
255 382
255 490
255 530
255 466
255 1039
255 751
255 715
255 697
256 931
256 670
256 1124
256 942
256 943
256 168
256 606
256 599
256 1017
256 1117
256 315
256 636
256 734
256 426
256 1029
256 957
256 244
256 372
256 776
257 963
257 102
258 489
258 1079
258 238
258 428
258 4
258 1040
258 172
259 121
260 66
260 959
260 761
261 802
261 359
261 494
261 228
261 515
261 1055
261 127
261 221
261 852
261 764
261 406
262 782
262 838
263 117
264 356
264 1093
264 409
264 73
264 1016
265 198
265 218
265 331
266 929
266 566
266 969
266 312
266 1010
266 332
266 813
266 78
266 893
266 589
266 962
266 508
266 1046
266 67
267 907
267 435
267 174
267 801
267 599
267 557
267 496
267 411
267 292
267 589
267 32
267 306
267 663
267 542
268 1120
269 132
269 907
269 463
269 839
270 192
270 1078
270 149
270 443
270 1064
270 430
270 247
270 1062
271 334
271 574
271 1003
272 863
272 1081
272 962
272 563
272 198
272 530
272 716
272 914
273 337
273 675
273 599
273 1004
273 19
273 769
273 362
273 629
273 327
273 987
273 106
273 158
273 918
273 717
273 693
273 360
273 586
273 654
273 749
273 302
273 1098
273 432
273 561
273 1036
273 991
273 575
273 792
273 1
273 737
273 458
273 773
273 438
273 1009
273 785
273 666
273 922
273 1047
274 396
274 46
274 739
274 1079
274 178
274 403
274 666
274 594
274 432
275 78
275 907
275 309
275 917
275 982
275 403
275 783
275 36
275 396
275 1066
275 381
275 794
276 973
276 733
276 722
276 137
276 431
276 782
276 803
276 1108
276 99
276 1032
276 886
276 584
276 180
276 879
276 158
277 822
277 349
277 848
277 685
277 232
278 866
279 1098
279 532
279 942
279 61
279 825
279 1124
279 758
279 931
279 773
280 837
280 1098
280 109
280 370
280 464
280 606
281 546
281 589
282 215
282 907
282 671
282 748
282 423
282 878
282 759
282 324
282 130
283 86
283 304
283 990
283 356
283 742
283 468
283 239
283 415
283 894
283 886
283 782
284 654
284 756
284 1128
285 72
285 1011
285 582
285 795
285 573
285 757
285 816
285 851
285 216
285 212
285 1045
285 33
286 205
286 1042
286 558
286 26
286 118
286 235
286 0
287 1108
288 238
288 589
288 718
288 527
288 940
288 989
288 159
288 875
289 654
289 186
290 527
290 573
291 585
291 35
291 730
291 759
291 1034
291 887
291 303
291 307
291 503
291 1098
291 250
291 1127
291 395
291 1124
291 255
291 769
291 749
291 963
291 1039
291 645
291 977
291 31
291 708
291 817
291 359
291 561
291 898
292 158
292 684
292 187
292 224
292 1
292 509
292 876
292 974
292 73
292 878
292 607
292 1068
292 296
292 542
292 267
292 404
292 1099
292 837
292 422
292 655
292 237
292 423
292 161
292 117
292 593
292 708
292 357
292 56
292 1007
292 199
292 1062
292 957
292 528
292 1047
292 99
292 156
292 861
293 309
293 249
293 703
293 983
293 118
293 644
293 478
293 0
293 381
293 24
294 876
294 450
294 230
294 112
294 623
294 462
294 11
295 373
295 496
296 655
296 679
296 158
296 292
296 766
296 1017
296 414
296 539
296 404
296 520
296 1047
296 161
296 1099
296 1006
296 703
297 748
297 497
297 394
298 1003
298 452
299 395
299 23
299 348
299 463
299 509
299 858
299 186
299 237
299 396
299 667
299 948
299 422
299 476
299 525
299 132
299 112
299 882
299 580
299 717
299 338
299 960
299 165
299 902
299 664
299 178
299 56
299 750
299 243
299 31
299 453
299 968
299 71
299 484
299 158
299 952
300 244
300 586
300 748
300 633
300 317
300 575
300 132
300 488
300 604
300 405
300 571
300 1038
300 321
300 841
300 403
300 219
300 1098
300 685
300 380
300 35
300 113
300 40
300 81
301 367
301 122
301 356
301 676
301 965
301 1088
301 657
301 742
301 222
301 333
301 468
301 750
301 73
301 760
301 170
301 754
302 480
302 228
302 515
302 588
302 513
302 381
302 368
302 1011
302 416
302 654
302 237
302 410
302 968
302 68
302 591
302 623
302 273
302 1128
303 471
303 291
303 693
303 1045
303 751
303 701
303 811
304 283
304 960
305 85
305 468
306 792
306 843
306 821
306 509
306 722
306 267
306 895
306 92
306 1
306 978
306 1103
306 166
306 176
306 496
306 523
307 1100
307 291
307 910
308 1022
308 36
308 452
308 354
308 90
308 783
308 414
308 1069
309 893
309 520
309 973
309 1062
309 0
309 224
309 644
309 1066
309 432
309 887
309 317
309 418
309 293
309 78
309 739
309 466
309 708
309 560
309 625
309 772
309 1038
309 998
309 937
309 1015
309 275
309 169
309 1047
310 135
310 1061
311 741
312 786
312 418
312 1100
312 36
312 247
312 813
312 566
312 67
312 489
312 350
312 1010
312 508
312 520
312 266
313 315
314 574
314 654
314 792
315 35
315 256
315 762
315 313
316 538
316 1059
317 300
317 151
317 961
317 1012
317 634
317 432
317 807
317 203
317 343
317 703
317 1038
317 309
317 24
317 1047
317 441
317 1022
317 891
317 625
317 1062
317 1044
317 520
317 37
318 6
318 368
318 664
318 948
318 480
319 521
319 690
320 1015
321 822
321 96
321 300
321 848
321 193
321 575
321 1017
321 414
321 244
322 836
322 205
322 957
322 998
322 1
322 244
322 532
323 850
323 991
323 752
323 341
323 697
323 1052
323 1009
323 382
323 1039
323 111
323 488
323 759
323 453
323 132
324 459
324 400
324 1050
324 585
324 1052
324 493
324 671
324 403
324 341
324 116
324 748
324 1038
324 907
324 282
324 31
324 606
325 1062
326 129
326 516
327 1128
327 273
327 375
327 657
328 1011
328 633
328 392
328 798
328 1096
328 848
328 656
328 604
329 1066
329 210
329 960
330 1110
330 543
330 596
331 403
331 1
331 265
331 809
331 188
331 553
331 191
331 840
331 1081
331 1112
331 365
331 697
332 266
333 657
333 706
333 669
333 750
333 50
333 605
333 389
333 582
333 629
333 216
333 965
333 742
333 1006
333 1010
333 1057
333 212
333 367
333 628
333 764
333 760
333 301
333 676
333 718
333 135
333 523
333 95
333 73
333 479
334 271
334 864
334 452
334 1025
334 1105
334 444
334 574
335 238
335 428
335 527
335 718
335 4
335 1040
336 676
336 742
336 222
336 616
336 116
336 750
336 760
336 544
336 367
337 576
337 622
337 400
337 273
337 615
338 1062
338 720
338 484
338 886
338 248
338 955
338 299
338 948
338 995
338 228
338 422
338 142
338 717
338 416
338 739
338 855
338 963
338 161
338 1087
339 756
339 705
339 1032
339 574
339 679
340 679
340 1061
340 574
340 864
340 452
340 1003
340 860
340 889
341 209
341 403
341 323
341 190
341 714
341 1091
341 1044
341 475
341 594
341 324
341 1049
341 845
341 935
341 490
341 165
341 671
341 816
341 907
341 730
341 881
341 850
341 397
341 106
341 1081
342 1088
343 813
343 846
343 520
343 317
343 807
344 239
344 240
344 579
344 894
344 672
344 773
344 35
345 103
346 444
346 526
346 178
346 623
346 1
346 679
346 452
346 816
346 175
346 848
346 405
346 1025
346 232
346 680
346 362
346 655
346 146
347 1065
347 521
347 646
347 446
348 299
348 960
348 436
348 384
349 414
349 277
349 361
349 1096
349 1017
349 405
349 834
349 651
349 746
349 181
350 312
351 599
351 705
351 228
352 17
352 93
353 243
353 666
353 476
353 622
353 917
354 196
354 308
355 255
355 673
355 597
355 973
355 553
355 857
355 650
355 446
355 521
355 156
355 1112
355 365
355 611
355 1051
355 690
355 191
355 533
355 859
355 1065
355 697
355 31
355 76
355 888
356 990
356 468
356 431
356 635
356 803
356 184
356 773
356 301
356 104
356 409
356 1020
356 698
356 894
356 180
356 996
356 742
356 828
356 283
356 1005
356 691
356 264
356 469
356 1016
356 394
357 762
357 631
357 292
357 649
357 1011
358 654
359 765
359 291
359 989
359 556
359 453
359 957
359 1083
359 632
359 261
359 668
359 608
360 761
360 273
361 194
361 972
361 349
361 848
361 798
361 604
361 633
361 1124
361 208
362 855
362 273
362 346
362 418
362 444
362 694
362 1025
363 766
363 1032
363 526
363 520
363 655
363 882
363 756
363 707
363 679
363 694
363 67
363 440
363 183
363 998
363 161
363 533
363 199
363 376
363 539
364 770
364 1102
365 1061
365 1052
365 761
365 255
365 845
365 355
365 331
365 659
365 715
365 370
365 594
365 584
365 1112
365 1065
365 690
365 599
366 161
366 760
367 301
367 1084
367 750
367 468
367 479
367 548
367 336
367 333
367 764
367 122
367 657
367 1088
367 632
367 170
367 754
367 1093
368 1002
368 416
368 664
368 806
368 34
368 302
368 318
369 397
370 470
370 935
370 365
370 594
370 648
370 116
370 255
370 715
370 697
370 1051
370 235
370 280
371 403
371 1072
371 782
371 990
372 256
373 991
373 1062
373 680
373 169
373 750
373 295
373 464
373 1039
374 955
374 970
374 246
374 160
374 12
374 601
374 173
374 838
374 782
374 180
374 8
374 493
374 990
375 652
375 204
375 141
375 956
375 327
375 515
375 1121
375 1027
375 1019
376 363
376 161
376 707
376 901
376 655
376 766
376 977
377 676
378 243
379 240
379 537
379 773
379 672
380 300
381 236
381 108
381 730
381 405
381 1007
381 78
381 703
381 293
381 744
381 275
381 466
381 1066
381 454
381 118
381 302
381 418
381 644
381 501
381 634
382 255
382 1112
382 490
382 1052
382 323
383 125
383 489
383 740
383 748
383 247
383 558
383 90
383 618
383 551
383 801
383 32
383 1010
383 36
383 893
383 97
383 1007
384 348
385 1114
385 605
385 940
385 82
385 585
385 933
385 817
385 663
386 585
386 1057
386 933
386 1045
387 502
387 828
387 923
387 101
387 889
387 855
388 546
388 1065
389 617
389 132
389 624
389 243
389 216
389 333
389 142
389 135
390 590
390 164
390 774
390 244
390 725
391 131
392 328
392 501
392 633
392 247
392 986
392 436
392 848
392 244
392 656
392 432
392 1017
392 604
392 694
392 998
392 163
392 1096
392 451
393 598
393 816
393 395
393 638
393 178
393 445
394 803
394 415
394 356
394 839
394 225
394 886
394 497
394 297
394 469
394 468
394 537
394 742
395 623
395 1067
395 299
395 594
395 846
395 622
395 812
395 23
395 902
395 243
395 1073
395 953
395 666
395 71
395 178
395 928
395 882
395 393
395 1023
395 464
395 424
395 647
395 291
396 275
396 169
396 968
396 676
396 878
396 35
396 795
396 161
396 739
396 708
396 24
396 644
396 274
396 1097
396 560
396 750
396 995
396 135
396 165
396 299
396 422
396 1098
397 341
397 1091
397 866
397 594
397 209
397 730
397 881
397 1044
397 106
397 935
397 780
397 369
397 625
397 485
397 927
397 845
398 715
398 950
398 553
398 401
398 45
398 255
398 62
398 140
398 1039
398 1033
398 111
399 25
399 1002
399 819
399 156
400 550
400 243
400 1067
400 324
400 918
400 337
401 881
401 45
401 1039
401 697
401 255
401 62
401 111
401 553
401 398
401 1033
401 715
401 950
402 642
402 1051
403 501
403 440
403 56
403 341
403 253
403 957
403 1078
403 432
403 93
403 8
403 1056
403 324
403 300
403 798
403 907
403 1047
403 371
403 617
403 918
403 607
403 599
403 966
403 487
403 180
403 274
403 1052
403 982
403 3
403 29
403 275
403 697
403 671
403 1038
403 243
403 331
403 989
403 954
403 1062
403 76
403 422
403 585
403 632
403 845
403 582
403 769
403 759
403 1039
403 861
403 1124
403 165
404 296
404 7
404 429
404 158
404 292
404 528
405 381
405 941
405 604
405 349
405 633
405 181
405 841
405 346
405 798
405 1017
405 454
405 848
405 300
405 746
405 128
406 261
407 38
407 792
407 1006
407 960
407 806
407 25
407 968
407 491
407 480
407 93
407 6
407 507
407 712
407 227
407 27
407 749
407 463
407 809
407 109
407 98
407 158
407 852
407 462
407 494
407 219
407 41
407 126
407 152
408 1062
408 954
408 1078
408 197
409 1016
409 104
409 356
409 264
409 691
409 127
409 792
409 789
409 973
409 764
409 657
410 302
410 1029
410 98
410 79
410 68
411 267
411 235
411 435
411 557
411 140
411 917
411 801
411 174
411 458
412 742
412 886
412 537
412 894
413 32
413 906
413 1017
414 192
414 766
414 883
414 451
414 822
414 196
414 143
414 603
414 0
414 201
414 655
414 604
414 308
414 575
414 503
414 703
414 685
414 321
414 606
414 725
414 798
414 633
414 520
414 349
414 1017
414 887
414 636
414 296
414 526
414 1123
414 931
415 990
415 394
415 838
415 283
415 782
416 302
416 1014
416 221
416 760
416 555
416 338
416 368
416 852
416 1044
416 142
416 663
417 1079
417 607
417 1062
417 625
417 634
417 739
417 644
417 503
418 887
418 676
418 312
418 32
418 424
418 1029
418 666
418 634
418 1062
418 309
418 682
418 1079
418 560
418 362
418 1070
418 906
418 644
418 1007
418 247
418 1099
418 0
418 552
418 381
418 963
419 749
419 120
419 806
419 219
419 146
419 596
419 1026
420 44
420 620
420 1039
420 69
420 723
421 1011
422 582
422 183
422 907
422 292
422 1122
422 574
422 175
422 451
422 810
422 444
422 299
422 761
422 623
422 816
422 932
422 1025
422 617
422 178
422 671
422 982
422 403
422 132
422 644
422 968
422 396
422 1003
422 686
422 1
422 338
422 749
423 187
423 282
423 118
423 292
423 737
423 821
424 78
424 849
424 928
424 395
424 906
424 418
424 1
424 785
424 520
424 1080
424 222
424 699
424 1062
424 205
425 875
426 1124
426 171
426 256
426 762
427 824
427 226
427 960
428 250
428 1116
428 979
428 1044
428 335
428 1040
428 527
428 115
428 258
428 4
429 1090
429 876
429 855
429 610
429 811
429 19
429 404
429 1101
430 888
430 36
430 270
430 247
430 1034
431 180
431 782
431 838
431 601
431 792
431 276
431 1118
431 53
431 356
431 89
432 983
432 0
432 489
432 1007
432 273
432 566
432 963
432 274
432 807
432 1070
432 906
432 703
432 612
432 151
432 1129
432 977
432 203
432 1099
432 855
432 317
432 1029
432 1062
432 309
432 128
432 986
432 403
432 46
432 392
432 519
432 841
432 520
432 551
432 625
432 455
432 501
432 692
432 837
432 1109
432 634
432 744
432 1082
433 163
433 848
434 830
434 1
434 35
434 555
434 791
435 174
435 496
435 235
435 589
435 267
435 801
435 790
435 411
436 774
436 613
436 960
436 392
436 717
436 348
437 738
438 228
438 863
438 440
438 755
438 513
438 761
438 463
438 241
438 810
438 642
438 841
438 273
438 792
438 135
438 19
439 143
439 604
439 798
439 193
439 848
439 81
440 43
440 806
440 642
440 117
440 403
440 774
440 166
440 38
440 807
440 438
440 56
440 750
440 109
440 574
440 839
440 792
440 544
440 497
440 363
440 105
440 599
440 1128
440 863
440 782
441 455
441 192
441 929
441 443
441 823
441 520
441 891
441 203
441 813
441 317
441 868
441 149
441 1034
441 24
441 881
442 985
443 149
443 520
443 813
443 65
443 455
443 151
443 203
443 891
443 589
443 270
443 441
443 24
444 1105
444 864
444 422
444 816
444 452
444 1025
444 346
444 1003
444 334
444 574
444 623
444 1044
444 936
444 182
444 362
444 619
445 694
445 848
445 178
445 163
445 604
445 575
445 816
445 1096
445 393
446 857
446 347
446 673
446 1065
446 505
446 521
446 355
447 513
448 689
448 210
448 782
448 838
448 11
449 1089
450 294
450 112
450 793
450 31
451 623
451 816
451 848
451 822
451 422
451 633
451 414
451 676
451 96
451 589
451 392
451 128
451 575
451 1017
451 938
452 340
452 864
452 620
452 574
452 679
452 60
452 889
452 298
452 932
452 308
452 1022
452 637
452 1025
452 1105
452 444
452 334
452 517
452 984
452 346
453 218
453 359
453 299
453 323
453 752
453 188
453 208
454 405
454 381
454 941
454 40
454 826
454 848
455 163
455 887
455 692
455 656
455 441
455 1010
455 149
455 36
455 443
455 432
455 823
455 1017
455 739
455 740
455 891
455 1070
455 203
455 813
456 676
456 691
456 951
457 11
458 1112
458 411
458 976
458 845
458 222
458 785
458 156
458 273
458 697
458 667
458 1065
458 111
458 544
458 1029
458 962
458 496
458 530
458 1011
458 716
458 1081
458 751
458 255
458 935
458 563
458 243
459 949
459 51
459 1015
459 1078
459 324
460 164
460 526
461 694
462 557
462 79
462 876
462 294
462 126
462 968
462 1044
462 407
463 513
463 217
463 407
463 488
463 839
463 852
463 494
463 269
463 1011
463 127
463 299
463 515
463 968
463 591
463 438
463 948
463 671
463 132
463 617
463 567
463 491
464 699
464 622
464 918
464 395
464 243
464 953
464 280
464 373
464 99
464 663
465 622
466 1114
466 309
466 871
466 1089
466 929
466 837
466 644
466 752
466 381
466 555
466 255
466 807
467 712
467 41
467 66
467 136
468 122
468 170
468 479
468 832
468 8
468 801
468 367
468 742
468 283
468 657
468 1093
468 394
468 1084
468 53
468 305
468 301
468 356
469 1095
469 356
469 803
469 865
469 971
469 970
469 537
469 394
470 636
470 748
470 1067
470 370
470 973
470 1078
470 118
470 1010
470 837
471 811
471 224
471 303
471 772
471 228
471 142
471 863
472 694
472 34
472 1053
473 71
473 594
473 23
473 1063
473 699
473 178
474 167
474 675
475 594
475 341
475 106
476 882
476 902
476 70
476 953
476 299
476 667
476 353
477 1012
477 1038
478 118
478 0
478 29
478 708
478 293
478 56
478 586
478 703
478 91
479 987
479 760
479 750
479 655
479 818
479 1088
479 222
479 706
479 367
479 333
479 161
479 766
479 468
479 742
479 539
479 73
479 951
479 676
480 588
480 219
480 1011
480 555
480 180
480 1034
480 146
480 237
480 749
480 507
480 806
480 930
480 1054
480 1055
480 28
480 318
480 1026
480 1094
480 1059
480 973
480 407
480 302
480 948
481 965
481 789
481 657
481 764
481 1017
481 760
481 122
482 73
482 805
483 113
484 299
484 593
484 43
484 338
484 889
484 982
484 116
484 56
484 41
484 1058
485 397
485 881
485 209
485 730
485 165
485 198
485 594
485 845
486 973
486 774
486 760
487 955
487 643
487 972
487 971
487 923
487 832
487 1108
487 403
487 184
488 300
488 463
488 323
488 239
488 946
488 841
488 972
488 983
488 792
489 247
489 432
489 566
489 813
489 1113
489 891
489 67
489 90
489 46
489 1079
489 1127
489 36
489 739
489 1010
489 740
489 741
489 618
489 249
489 383
489 1035
489 551
489 312
489 258
490 382
490 785
490 235
490 1111
490 530
490 531
490 341
490 58
490 787
490 1052
490 31
490 255
491 463
491 407
492 658
492 747
492 711
493 246
493 374
493 8
493 324
494 584
494 109
494 1004
494 1125
494 407
494 132
494 591
494 781
494 463
494 261
495 625
496 584
496 56
496 435
496 174
496 295
496 523
496 843
496 559
496 1051
496 458
496 667
496 235
496 267
496 306
496 1081
497 394
497 1108
497 955
497 240
497 537
497 923
497 297
497 53
497 116
497 1029
497 180
497 960
497 803
497 828
497 782
497 972
497 579
497 1126
497 584
497 440
497 943
498 680
498 84
499 849
499 1049
499 190
499 935
499 509
499 35
500 1066
500 1029
500 1006
500 655
500 1096
500 623
500 1129
500 525
500 1061
501 163
501 692
501 739
501 551
501 381
501 1070
501 36
501 149
501 392
501 963
501 983
501 403
501 761
501 432
501 130
501 644
501 807
501 891
501 625
501 986
501 929
501 1062
501 656
502 11
502 186
502 387
502 904
503 618
503 291
503 414
503 958
503 1070
503 896
503 417
503 36
504 679
505 446
505 780
505 673
505 859
505 650
505 31
505 751
505 888
505 653
506 1116
506 657
506 964
506 11
506 718
506 72
506 234
506 1019
507 134
507 407
507 480
508 813
508 266
508 678
508 566
508 36
508 192
508 963
508 872
508 552
508 151
508 312
508 910
508 969
508 625
508 1060
508 807
508 67
509 1062
509 56
509 542
509 750
509 1
509 895
509 586
509 573
509 499
509 306
509 199
509 35
509 165
509 1114
509 599
509 6
509 187
509 528
509 1099
509 912
509 31
509 161
509 99
509 292
509 617
509 158
509 299
510 35
510 732
510 665
510 165
510 1039
510 599
510 206
510 25
511 841
511 79
512 694
513 582
513 463
513 644
513 302
513 1124
513 930
513 1011
513 180
513 960
513 887
513 142
513 447
513 438
514 582
515 29
515 219
515 261
515 654
515 221
515 1
515 302
515 1121
515 463
515 375
516 712
516 695
516 894
516 810
516 847
516 184
516 792
516 154
516 617
516 326
516 216
516 117
517 1003
517 930
517 816
517 574
517 452
518 977
519 432
519 163
519 656
519 247
519 618
519 896
519 1096
519 119
519 1070
519 633
519 848
520 1006
520 1062
520 424
520 317
520 36
520 1129
520 312
520 363
520 192
520 232
520 32
520 247
520 891
520 161
520 758
520 703
520 807
520 813
520 296
520 848
520 655
520 1007
520 986
520 725
520 1079
520 443
520 656
520 739
520 1010
520 551
520 441
520 432
520 837
520 772
520 766
520 414
520 679
520 309
520 343
520 883
520 1078
521 673
521 31
521 76
521 446
521 355
521 859
521 142
521 547
521 347
521 319
521 653
522 703
523 333
523 56
523 685
523 978
523 496
523 610
523 306
523 170
524 1013
524 87
524 994
525 1073
525 299
525 666
525 500
525 585
525 829
525 940
525 550
525 953
525 622
525 741
526 848
526 161
526 541
526 725
526 708
526 1017
526 414
526 460
526 707
526 774
526 363
526 685
526 346
526 232
526 244
526 766
527 238
527 718
527 190
527 4
527 428
527 875
527 288
527 335
527 290
528 187
528 750
528 509
528 112
528 404
528 158
528 1
528 135
528 863
528 861
528 292
529 994
529 957
529 1098
529 1013
530 1112
530 785
530 859
530 490
530 764
530 697
530 1130
530 255
530 272
530 563
530 1081
530 845
530 458
530 1091
530 929
530 208
531 709
531 490
531 815
531 801
531 917
531 251
532 957
532 279
532 758
532 1124
532 994
532 87
532 762
532 791
532 322
532 939
532 35
532 81
533 363
533 188
533 544
533 1112
533 156
533 355
534 647
534 1039
534 127
535 724
536 890
536 1019
536 700
537 394
537 497
537 469
537 12
537 736
537 412
537 379
537 180
537 803
537 698
538 805
538 316
539 296
539 766
539 142
539 679
539 199
539 161
539 479
539 38
539 363
539 655
539 702
539 987
539 1006
540 578
541 885
541 526
541 655
541 825
541 1017
541 931
542 187
542 292
542 267
542 158
542 982
542 1038
542 509
542 56
543 216
543 330
543 851
543 1061
543 116
543 96
544 751
544 156
544 785
544 38
544 176
544 730
544 837
544 92
544 109
544 191
544 440
544 1009
544 336
544 208
544 584
544 1075
544 953
544 63
544 458
544 647
544 533
544 973
544 571
544 839
544 65
544 0
545 1096
546 1065
546 35
546 646
546 1037
546 153
546 281
546 188
546 751
546 388
547 521
547 76
547 751
548 998
548 116
548 584
548 871
548 367
549 722
549 902
549 574
550 580
550 400
550 953
550 525
550 622
551 383
551 489
551 612
551 520
551 501
551 807
551 0
551 1022
551 739
551 432
551 1070
551 1079
551 36
552 418
552 625
552 788
552 508
552 678
552 247
552 780
552 963
552 149
552 1010
553 950
553 697
553 355
553 981
553 401
553 62
553 255
553 45
553 235
553 111
553 331
553 398
553 715
553 1039
553 751
553 153
553 140
553 1009
554 1112
555 784
555 65
555 1047
555 562
555 416
555 466
555 632
555 480
555 890
555 51
555 1011
555 35
555 434
555 1058
555 197
556 359
557 174
557 462
557 158
557 411
557 267
558 383
558 807
558 1010
558 286
559 764
559 760
559 496
560 83
560 1062
560 714
560 682
560 1007
560 644
560 418
560 181
560 837
560 309
560 566
560 396
560 694
560 807
560 983
561 719
561 273
561 291
561 769
561 573
561 165
562 1122
562 591
562 555
563 458
563 962
563 914
563 945
563 272
563 198
563 1081
563 530
564 838
564 977
564 694
565 217
566 560
566 235
566 618
566 432
566 508
566 249
566 312
566 24
566 807
566 813
566 910
566 489
566 969
566 151
566 1010
566 266
567 463
567 109
567 132
568 765
569 801
569 139
570 755
571 198
571 300
571 544
571 1011
572 658
573 1107
573 210
573 846
573 738
573 769
573 114
573 290
573 701
573 667
573 561
573 1045
573 979
573 51
573 285
573 761
573 509
574 890
574 1025
574 931
574 1003
574 584
574 549
574 517
574 60
574 984
574 334
574 271
574 1044
574 422
574 1041
574 599
574 756
574 860
574 444
574 452
574 1105
574 761
574 314
574 339
574 723
574 440
574 1019
574 340
574 116
574 616
574 889
575 822
575 225
575 178
575 273
575 321
575 623
575 604
575 157
575 414
575 40
575 143
575 300
575 685
575 445
575 451
576 337
576 700
577 1061
577 51
577 78
578 11
578 233
578 540
578 214
579 1061
579 180
579 344
579 497
579 617
579 1108
579 239
580 812
580 550
580 243
580 299
581 766
582 1114
582 216
582 135
582 751
582 403
582 514
582 175
582 623
582 333
582 422
582 737
582 513
582 1011
582 1029
582 1058
582 285
582 856
583 848
584 574
584 636
584 109
584 544
584 494
584 548
584 497
584 276
584 837
584 118
584 244
584 973
584 365
584 806
584 0
584 737
584 785
584 855
584 843
584 863
584 253
584 1103
584 156
584 658
584 1019
584 722
584 496
585 605
585 386
585 817
585 110
585 403
585 324
585 525
585 385
585 1114
585 291
586 947
586 761
586 478
586 948
586 969
586 273
586 1044
586 1062
586 99
586 792
586 1052
586 199
586 509
586 300
587 118
588 623
588 219
588 806
588 480
588 132
588 1044
588 302
588 1026
588 930
588 1094
588 764
588 127
589 435
589 288
589 1029
589 281
589 875
589 235
589 748
589 103
589 443
589 266
589 451
589 267
590 1039
590 161
590 785
590 390
591 722
591 237
591 880
591 1032
591 109
591 54
591 302
591 973
591 463
591 809
591 494
591 562
591 871
591 158
592 960
592 1
593 810
593 1029
593 792
593 484
593 176
593 863
593 930
593 292
593 973
593 142
593 186
593 855
593 599
593 743
593 3
594 274
594 801
594 849
594 473
594 45
594 622
594 222
594 1044
594 475
594 699
594 991
594 1049
594 844
594 702
594 341
594 370
594 395
594 816
594 927
594 715
594 365
594 1063
594 866
594 623
594 1081
594 397
594 485
594 209
594 730
594 850
595 70
595 902
595 812
596 100
596 749
596 806
596 419
596 841
596 1055
596 330
597 31
597 355
598 393
598 816
598 638
598 804
598 623
599 809
599 658
599 861
599 56
599 880
599 769
599 28
599 351
599 664
599 574
599 267
599 105
599 109
599 225
599 403
599 273
599 161
599 782
599 256
599 717
599 244
599 0
599 839
599 135
599 593
599 1098
599 750
599 972
599 510
599 902
599 132
599 991
599 509
599 855
599 1038
599 440
599 137
599 365
600 760
600 764
601 431
601 374
601 838
602 66
603 414
604 798
604 405
604 361
604 834
604 414
604 651
604 785
604 722
604 300
604 439
604 746
604 392
604 694
604 633
604 725
604 867
604 328
604 244
604 973
604 96
604 941
604 575
604 119
604 445
604 193
604 1017
605 333
605 110
605 1057
605 385
605 817
605 585
606 907
606 671
606 116
606 994
606 324
606 256
606 748
606 414
606 791
606 918
606 280
607 224
607 617
607 253
607 1062
607 907
607 403
607 807
607 417
607 772
607 869
607 739
607 292
607 1038
607 982
608 109
608 749
608 1002
608 359
609 227
609 846
609 103
610 11
610 855
610 711
610 429
610 88
610 973
610 811
610 34
610 523
610 679
610 876
611 31
611 355
611 650
611 751
612 551
612 432
612 739
613 639
613 717
613 763
613 436
614 244
614 1017
615 700
615 337
616 336
616 574
616 41
616 748
616 19
616 235
617 126
617 516
617 849
617 1006
617 1121
617 135
617 1059
617 987
617 112
617 35
617 982
617 422
617 56
617 463
617 145
617 160
617 607
617 253
617 509
617 1061
617 389
617 579
617 225
617 165
617 1025
617 719
617 403
618 853
618 740
618 163
618 130
618 896
618 247
618 165
618 1070
618 694
618 763
618 1010
618 566
618 489
618 383
618 503
618 813
618 83
618 36
618 90
618 67
618 519
619 444
619 198
619 1034
620 420
620 452
620 69
621 841
621 1128
622 395
622 243
622 1023
622 23
622 550
622 464
622 525
622 1
622 1073
622 623
622 1067
622 353
622 337
622 928
622 594
622 953
622 465
622 178
622 222
623 178
623 822
623 598
623 45
623 882
623 500
623 812
623 746
623 175
623 451
623 588
623 302
623 132
623 1094
623 644
623 749
623 680
623 395
623 575
623 346
623 422
623 294
623 594
623 444
623 679
623 751
623 622
623 96
623 943
623 647
623 1062
623 582
623 694
623 855
623 180
624 389
625 1007
625 780
625 644
625 309
625 632
625 508
625 887
625 963
625 552
625 837
625 501
625 317
625 694
625 1062
625 192
625 0
625 36
625 495
625 397
625 432
625 417
625 1
625 1070
625 634
625 807
625 1127
626 841
626 187
626 781
626 19
626 855
627 1098
628 1102
628 789
628 818
628 693
628 976
628 333
628 965
629 1044
629 273
629 333
630 679
630 654
630 10
631 887
631 357
632 359
632 403
632 555
632 749
632 764
632 212
632 1088
632 743
632 31
632 1098
632 625
632 367
632 887
632 784
632 739
632 1078
633 451
633 328
633 300
633 405
633 519
633 958
633 361
633 414
633 392
633 792
633 1096
633 604
634 983
634 418
634 1081
634 891
634 730
634 906
634 676
634 417
634 887
634 1062
634 973
634 644
634 625
634 381
634 317
634 432
634 1021
635 1120
635 231
635 1093
635 876
635 177
635 356
635 1076
635 73
636 256
636 584
636 675
636 414
636 116
636 957
636 244
636 470
636 671
636 1098
637 452
638 183
638 393
638 598
638 816
638 175
639 162
639 613
639 93
640 671
640 931
641 748
641 19
642 402
642 792
642 228
642 1058
642 772
642 440
642 438
642 31
643 487
644 772
644 625
644 1062
644 855
644 1070
644 83
644 739
644 513
644 309
644 381
644 730
644 623
644 1079
644 178
644 887
644 1066
644 417
644 422
644 978
644 236
644 24
644 90
644 293
644 634
644 169
644 1015
644 249
644 560
644 708
644 418
644 839
644 703
644 466
644 501
644 396
644 0
645 291
646 153
646 546
646 347
646 127
647 1067
647 953
647 882
647 816
647 846
647 534
647 812
647 243
647 667
647 1044
647 623
647 395
647 23
647 839
647 544
647 70
647 902
648 370
649 357
650 888
650 751
650 882
650 76
650 653
650 611
650 673
650 31
650 505
650 690
650 70
650 355
650 191
651 604
651 349
651 941
651 119
651 848
651 746
652 989
652 761
652 375
652 66
652 6
652 31
653 1065
653 650
653 521
653 191
653 888
653 505
653 76
654 289
654 69
654 756
654 284
654 100
654 1105
654 358
654 630
654 1001
654 1126
654 515
654 302
654 1004
654 729
654 219
654 273
654 889
654 1128
654 314
655 722
655 99
655 539
655 520
655 199
655 500
655 703
655 679
655 1032
655 479
655 982
655 161
655 541
655 296
655 701
655 1
655 376
655 913
655 987
655 707
655 414
655 363
655 346
655 292
655 70
655 1017
655 766
656 455
656 807
656 520
656 1070
656 519
656 49
656 328
656 1096
656 501
656 392
656 986
657 141
657 144
657 301
657 1102
657 122
657 170
657 327
657 847
657 481
657 333
657 50
657 889
657 409
657 127
657 367
657 468
657 1093
657 754
657 751
657 506
657 679
658 1076
658 747
658 492
658 992
658 230
658 584
658 572
658 1101
658 1030
658 599
659 365
659 707
659 240
660 780
661 1126
661 960
662 782
663 165
663 385
663 35
663 948
663 31
663 267
663 416
663 827
663 464
663 100
663 230
663 989
663 739
663 839
663 852
663 81
664 318
664 717
664 299
664 368
664 968
664 858
664 34
664 599
665 510
665 976
665 966
665 1000
666 395
666 953
666 418
666 761
666 353
666 525
666 274
666 273
666 902
666 667
666 243
667 1065
667 191
667 229
667 458
667 1034
667 299
667 846
667 647
667 496
667 953
667 243
667 785
667 902
667 573
667 70
667 476
667 666
667 1044
667 812
667 1112
668 359
669 333
670 256
671 121
671 640
671 1050
671 982
671 980
671 1036
671 636
671 785
671 422
671 35
671 243
671 875
671 140
671 341
671 282
671 324
671 178
671 463
671 1038
671 606
671 403
672 1044
672 973
672 379
672 344
672 94
673 521
673 650
673 76
673 751
673 446
673 1039
673 505
673 888
673 355
674 798
674 848
674 685
675 994
675 1098
675 35
675 273
675 636
675 474
676 222
676 951
676 742
676 706
676 301
676 451
676 456
676 1124
676 691
676 479
676 1099
676 15
676 798
676 972
676 760
676 32
676 831
676 1017
676 418
676 333
676 823
676 377
676 336
676 762
676 1081
676 634
676 30
676 396
676 73
676 50
676 957
677 16
678 552
678 887
678 761
678 192
678 1062
678 508
678 1127
678 36
678 1035
679 655
679 936
679 452
679 504
679 296
679 610
679 657
679 630
679 1006
679 346
679 1015
679 520
679 340
679 363
679 339
679 722
679 69
679 161
679 1128
679 766
679 1060
679 623
679 539
680 1011
680 1032
680 623
680 737
680 116
680 373
680 7
680 498
680 346
680 889
680 722
680 1029
681 16
682 560
682 1062
682 418
682 1056
682 1007
682 980
682 983
682 1066
682 97
683 766
684 292
685 414
685 1017
685 900
685 575
685 973
685 277
685 244
685 753
685 300
685 35
685 1024
685 674
685 722
685 762
685 156
685 81
685 523
685 998
685 1032
685 526
685 831
686 422
687 216
688 877
688 6
689 750
689 973
689 706
689 792
689 789
689 222
689 818
689 1084
689 73
689 448
690 751
690 365
690 355
690 650
690 255
690 319
690 111
690 991
690 785
690 1065
690 76
691 104
691 731
691 676
691 456
691 356
691 409
691 1016
691 705
692 501
692 455
692 740
692 432
693 303
693 1045
693 273
693 628
694 472
694 1062
694 163
694 67
694 625
694 604
694 512
694 363
694 560
694 564
694 848
694 855
694 983
694 980
694 618
694 727
694 445
694 1
694 362
694 392
694 461
694 623
694 887
695 1131
695 1044
695 516
695 38
696 1015
697 370
697 1039
697 401
697 331
697 1112
697 355
697 1033
697 950
697 530
697 116
697 403
697 323
697 751
697 1091
697 752
697 1081
697 458
697 255
697 132
697 715
697 1009
697 111
697 99
697 153
697 243
697 1052
697 45
697 785
697 553
697 140
698 356
698 865
698 1095
698 894
698 537
699 424
699 178
699 464
699 902
699 849
699 1067
699 23
699 928
699 594
699 473
699 953
699 222
700 1073
700 70
700 536
700 576
700 106
700 829
700 615
701 1036
701 875
701 573
701 132
701 812
701 1114
701 303
701 655
702 766
702 539
702 594
703 1070
703 740
703 16
703 478
703 522
703 249
703 293
703 1078
703 644
703 655
703 520
703 381
703 317
703 1017
703 744
703 1042
703 118
703 432
703 296
703 983
703 205
703 102
703 800
703 414
704 780
705 223
705 116
705 691
705 351
705 339
705 809
706 689
706 333
706 750
706 73
706 742
706 132
706 170
706 760
706 50
706 222
706 676
706 944
706 479
706 948
707 1006
707 659
707 81
707 244
707 973
707 655
707 526
707 363
707 376
708 0
708 309
708 644
708 1097
708 526
708 292
708 291
708 739
708 783
708 3
708 744
708 1062
708 161
708 478
708 396
709 251
709 787
709 1111
709 195
709 531
709 248
709 815
709 1112
710 887
711 492
711 610
712 66
712 869
712 761
712 25
712 241
712 467
712 407
712 809
712 516
712 805
712 165
713 237
714 1079
714 560
714 341
715 553
715 1065
715 31
715 174
715 45
715 370
715 751
715 208
715 365
715 255
715 1009
715 761
715 594
715 752
715 140
715 697
715 950
715 398
715 111
715 62
715 1052
715 178
715 873
715 401
715 165
715 785
716 914
716 962
716 1081
716 272
716 458
716 785
717 968
717 299
717 960
717 338
717 735
717 841
717 839
717 613
717 105
717 664
717 436
717 273
717 599
717 135
717 982
717 93
717 827
718 333
718 135
718 288
718 750
718 506
718 898
718 159
718 335
718 238
718 527
719 561
719 1019
719 617
720 338
720 880
721 1102
721 948
721 221
722 998
722 1028
722 199
722 1032
722 766
722 604
722 276
722 176
722 756
722 584
722 158
722 987
722 161
722 679
722 38
722 988
722 156
722 655
722 843
722 841
722 680
722 142
722 591
722 685
722 549
722 306
723 574
723 420
724 146
724 944
724 535
725 414
725 390
725 1017
725 520
725 526
725 604
726 784
727 694
727 1066
728 953
729 861
729 953
729 889
729 654
729 71
729 829
730 381
730 397
730 1049
730 866
730 209
730 962
730 544
730 485
730 291
730 844
730 106
730 594
730 1091
730 341
730 850
730 914
730 909
730 935
730 644
730 634
730 190
730 165
730 0
730 99
731 1102
731 691
731 127
731 951
731 1042
732 510
732 966
732 976
733 276
734 762
734 1017
734 256
735 717
736 886
736 943
736 223
736 1095
736 1011
736 537
736 803
737 976
737 966
737 212
737 738
737 973
737 855
737 900
737 795
737 273
737 584
737 680
737 582
737 423
737 1110
738 995
738 142
738 916
738 737
738 999
738 437
738 573
739 612
739 274
739 225
739 607
739 489
739 983
739 663
739 161
739 501
739 1062
739 1129
739 1070
739 644
739 417
739 708
739 169
739 338
739 46
739 1097
739 173
739 837
739 1038
739 937
739 520
739 1007
739 632
739 0
739 396
739 551
739 785
739 455
739 1079
739 772
739 309
740 618
740 36
740 455
740 1035
740 813
740 703
740 692
740 383
740 113
740 1044
740 1010
740 489
741 311
741 525
741 489
742 468
742 50
742 53
742 356
742 73
742 122
742 176
742 301
742 990
742 832
742 750
742 778
742 394
742 170
742 333
742 336
742 253
742 479
742 676
742 184
742 706
742 283
742 222
742 412
742 760
743 176
743 593
743 186
743 632
744 883
744 432
744 708
744 983
744 118
744 703
744 381
744 203
744 151
745 1029
746 651
746 349
746 941
746 244
746 405
746 604
746 623
747 492
747 658
747 771
748 4
748 606
748 1120
748 282
748 616
748 806
748 821
748 589
748 300
748 1039
748 324
748 470
748 1098
748 383
748 297
748 641
748 137
748 972
748 187
749 632
749 1094
749 407
749 291
749 273
749 806
749 1011
749 422
749 1061
749 419
749 29
749 146
749 761
749 480
749 608
749 1026
749 219
749 623
749 596
749 899
750 373
750 718
750 116
750 299
750 112
750 706
750 158
750 1
750 222
750 440
750 879
750 1102
750 599
750 73
750 689
750 528
750 1093
750 50
750 509
750 367
750 742
750 161
750 895
750 170
750 839
750 479
750 396
750 301
750 333
750 336
750 1009
750 760
751 175
751 657
751 650
751 1112
751 188
751 505
751 1037
751 165
751 458
751 866
751 76
751 1039
751 697
751 544
751 690
751 303
751 140
751 785
751 1065
751 715
751 915
751 623
751 243
751 45
751 611
751 546
751 850
751 673
751 255
751 1052
751 812
751 553
751 547
751 760
751 582
752 111
752 466
752 697
752 871
752 323
752 140
752 1050
752 715
752 453
752 255
752 929
753 685
754 301
754 1093
754 657
754 367
754 122
754 170
755 47
755 228
755 570
755 792
755 804
755 116
755 438
755 863
755 185
756 1128
756 973
756 574
756 116
756 654
756 284
756 363
756 761
756 722
756 1032
756 339
757 774
757 1011
757 816
757 285
757 1029
757 810
758 75
758 957
758 765
758 279
758 532
758 520
758 1124
759 323
759 982
759 403
759 165
759 75
759 878
759 31
759 928
759 291
759 215
759 282
759 935
760 676
760 764
760 967
760 968
760 222
760 31
760 972
760 1084
760 1059
760 960
760 217
760 140
760 54
760 600
760 486
760 170
760 127
760 479
760 73
760 751
760 336
760 852
760 333
760 366
760 706
760 50
760 416
760 481
760 301
760 742
760 750
760 559
761 1062
761 784
761 666
761 1019
761 806
761 863
761 422
761 120
761 260
761 41
761 365
761 900
761 586
761 807
761 749
761 712
761 574
761 165
761 678
761 501
761 221
761 223
761 158
761 652
761 438
761 29
761 6
761 360
761 756
761 1061
761 774
761 573
761 715
762 942
762 1098
762 1124
762 147
762 734
762 791
762 35
762 994
762 14
762 676
762 357
762 426
762 61
762 315
762 532
762 87
762 685
762 825
762 132
763 896
763 93
763 618
763 613
764 965
764 409
764 559
764 760
764 632
764 1088
764 481
764 1093
764 789
764 367
764 333
764 530
764 1102
764 261
764 127
764 600
764 588
765 359
765 758
765 994
765 1044
765 35
765 568
765 81
765 75
765 798
766 232
766 722
766 581
766 520
766 414
766 539
766 363
766 833
766 683
766 1006
766 479
766 702
766 142
766 987
766 655
766 526
766 1017
766 679
766 376
766 161
766 199
766 296
767 905
767 1006
767 892
767 838
768 807
769 573
769 291
769 1121
769 599
769 403
769 561
769 273
769 186
769 10
769 1019
769 1128
770 364
771 1044
771 747
771 230
772 739
772 644
772 309
772 642
772 118
772 1038
772 224
772 937
772 607
772 520
772 471
772 1062
773 942
773 279
773 240
773 239
773 273
773 356
773 832
773 344
773 379
774 526
774 109
774 436
774 126
774 960
774 871
774 6
774 54
774 440
774 761
774 880
774 164
774 1053
774 809
774 390
774 486
774 757
775 1122
776 957
776 256
777 951
778 742
778 180
779 820
779 116
779 900
780 67
780 397
780 660
780 625
780 505
780 704
780 887
780 552
781 494
781 1006
781 968
781 626
782 1020
782 89
782 283
782 662
782 1072
782 990
782 116
782 276
782 904
782 894
782 415
782 374
782 180
782 838
782 371
782 19
782 497
782 448
782 184
782 431
782 262
782 48
782 897
782 160
782 440
782 173
782 8
782 599
783 308
783 275
783 708
784 761
784 726
784 800
784 555
784 632
784 51
784 1088
784 38
785 982
785 991
785 424
785 530
785 861
785 273
785 935
785 697
785 962
785 1081
785 458
785 1065
785 671
785 191
785 590
785 1091
785 165
785 690
785 206
785 739
785 1039
785 667
785 751
785 882
785 243
785 716
785 909
785 544
785 845
785 158
785 604
785 715
785 584
785 490
786 312
787 490
787 709
787 1111
788 893
788 891
788 46
788 192
788 1010
788 552
789 1084
789 409
789 154
789 764
789 481
789 122
789 628
789 832
789 689
789 1107
789 1102
790 435
791 434
791 606
791 532
791 762
792 407
792 755
792 128
792 431
792 488
792 633
792 158
792 642
792 314
792 1087
792 53
792 273
792 1114
792 948
792 129
792 409
792 1
792 438
792 593
792 19
792 440
792 1002
792 98
792 228
792 516
792 183
792 306
792 972
792 1029
792 689
792 586
792 863
793 450
794 223
794 275
794 1015
795 212
795 396
795 816
795 285
795 737
796 951
797 223
798 604
798 328
798 405
798 361
798 676
798 765
798 989
798 1017
798 2
798 674
798 35
798 403
798 40
798 941
798 143
798 439
798 414
799 210
800 784
800 848
800 703
800 181
801 569
801 844
801 174
801 235
801 1049
801 917
801 383
801 531
801 594
801 411
801 247
801 435
801 267
801 468
802 899
802 1094
802 261
802 852
802 1004
803 497
803 184
803 971
803 918
803 469
803 537
803 970
803 53
803 276
803 180
803 356
803 394
803 736
804 119
804 598
804 90
804 755
805 25
805 231
805 712
805 482
805 538
806 131
806 908
806 1026
806 899
806 368
806 27
806 588
806 100
806 28
806 407
806 596
806 998
806 480
806 1055
806 1048
806 1094
806 839
806 855
806 146
806 584
806 440
806 748
806 419
806 109
806 749
806 219
806 228
806 761
807 440
807 36
807 906
807 65
807 656
807 891
807 247
807 78
807 625
807 560
807 973
807 963
807 551
807 501
807 558
807 928
807 1007
807 520
807 761
807 768
807 432
807 1060
807 887
807 343
807 1038
807 983
807 607
807 46
807 837
807 1062
807 566
807 317
807 123
807 466
807 249
807 1079
807 508
807 169
808 876
808 210
809 591
809 407
809 117
809 1002
809 1114
809 221
809 599
809 237
809 331
809 921
809 712
809 705
809 202
809 254
809 889
809 774
809 992
810 593
810 948
810 241
810 176
810 516
810 757
810 438
810 422
810 112
810 142
811 610
811 1120
811 471
811 303
811 429
811 1044
811 19
812 953
812 127
812 395
812 20
812 580
812 243
812 667
812 1129
812 172
812 623
812 595
812 701
812 902
812 647
812 1114
812 816
812 751
812 156
812 1112
812 70
813 1010
813 489
813 566
813 67
813 455
813 887
813 508
813 247
813 203
813 312
813 891
813 520
813 24
813 443
813 343
813 266
813 36
813 618
813 740
813 441
813 149
814 960
814 126
814 79
814 948
815 251
815 531
815 709
815 1112
815 198
816 445
816 77
816 864
816 647
816 66
816 111
816 444
816 346
816 422
816 285
816 594
816 1062
816 1096
816 757
816 1101
816 175
816 598
816 451
816 341
816 178
816 1098
816 74
816 795
816 517
816 393
816 812
816 1025
816 1065
816 1004
816 638
817 940
817 585
817 133
817 605
817 1114
817 291
817 385
817 82
817 110
818 479
818 1102
818 965
818 222
818 832
818 127
818 628
818 689
819 973
819 399
820 779
821 748
821 998
821 156
821 1032
821 1018
821 1110
821 985
821 423
821 1036
821 973
821 306
821 1043
822 1017
822 451
822 96
822 623
822 193
822 321
822 277
822 575
822 414
823 1017
823 676
823 441
823 951
823 455
823 1079
824 427
825 279
825 35
825 862
825 14
825 541
825 32
825 762
825 931
826 848
826 454
827 117
827 663
827 717
827 136
827 25
828 955
828 923
828 497
828 356
828 180
828 21
828 387
828 1090
829 178
829 700
829 525
829 729
830 434
831 676
831 685
831 181
832 789
832 773
832 818
832 468
832 838
832 487
832 742
832 122
832 1102
833 766
834 349
834 848
834 604
834 1017
834 941
835 947
835 912
836 322
837 169
837 520
837 906
837 1062
837 432
837 584
837 470
837 887
837 807
837 544
837 739
837 116
837 560
837 280
837 292
837 625
837 466
837 1007
838 374
838 782
838 173
838 415
838 246
838 262
838 89
838 564
838 8
838 448
838 832
838 431
838 990
838 767
838 897
838 926
838 601
839 863
839 599
839 982
839 142
839 806
839 56
839 544
839 440
839 647
839 269
839 855
839 750
839 463
839 394
839 23
839 155
839 184
839 1128
839 1098
839 663
839 38
839 132
839 880
839 644
839 244
839 717
840 1044
840 331
841 890
841 244
841 928
841 405
841 300
841 621
841 863
841 626
841 871
841 722
841 72
841 35
841 511
841 432
841 1002
841 132
841 1128
841 596
841 208
841 717
841 855
841 488
841 438
841 984
842 69
843 973
843 1
843 1103
843 722
843 1032
843 174
843 496
843 156
843 1051
843 584
843 895
843 306
844 927
844 801
844 1049
844 730
844 190
844 594
845 191
845 209
845 1091
845 106
845 365
845 485
845 530
845 1112
845 255
845 850
845 341
845 458
845 785
845 165
845 397
845 1081
845 998
845 866
845 881
845 935
845 403
846 989
846 56
846 977
846 609
846 667
846 1007
846 105
846 573
846 188
846 395
846 647
846 930
846 165
846 1039
846 343
847 657
847 122
847 516
848 445
848 439
848 433
848 232
848 520
848 321
848 244
848 40
848 834
848 526
848 277
848 181
848 1006
848 519
848 1099
848 651
848 210
848 451
848 405
848 346
848 328
848 826
848 201
848 674
848 392
848 694
848 361
848 920
848 138
848 583
848 454
848 941
848 1017
848 800
849 424
849 617
849 35
849 178
849 594
849 699
849 499
850 323
850 730
850 1081
850 341
850 594
850 1009
850 845
850 751
850 1052
851 107
851 285
851 543
851 72
852 924
852 760
852 407
852 463
852 663
852 416
852 261
852 802
853 929
853 618
853 891
854 973
854 156
855 895
855 610
855 887
855 584
855 599
855 998
855 432
855 338
855 626
855 1090
855 841
855 694
855 593
855 623
855 1076
855 429
855 387
855 806
855 737
855 876
855 839
855 362
855 644
855 1
856 582
856 43
857 446
857 1065
857 31
857 355
858 299
858 136
858 1098
858 664
859 530
859 1065
859 355
859 521
859 505
859 31
859 888
859 191
859 76
860 60
860 574
860 340
860 1044
861 785
861 729
861 982
861 1015
861 1038
861 1006
861 292
861 528
861 599
861 403
861 165
862 931
862 825
863 223
863 19
863 761
863 839
863 930
863 900
863 528
863 272
863 755
863 584
863 440
863 471
863 129
863 792
863 593
863 841
863 98
863 973
863 1101
863 438
863 128
864 444
864 816
864 340
864 1105
864 932
864 936
864 452
864 334
865 970
865 53
865 698
865 1095
865 129
865 469
866 209
866 845
866 397
866 188
866 730
866 751
866 278
866 127
866 881
866 594
867 604
868 441
869 712
869 607
870 1000
871 1089
871 548
871 900
871 774
871 1032
871 211
871 591
871 841
871 1081
871 466
871 0
871 973
871 887
871 3
871 752
872 1060
872 508
872 969
872 151
873 111
873 715
874 1017
875 589
875 139
875 701
875 243
875 425
875 206
875 917
875 527
875 288
875 671
875 933
875 1036
876 610
876 1030
876 429
876 462
876 294
876 11
876 292
876 635
876 1026
876 855
876 1014
876 73
876 992
876 808
877 688
877 98
878 759
878 396
878 158
878 1047
878 161
878 282
878 292
879 902
879 276
879 750
880 774
880 839
880 591
880 103
880 109
880 599
880 720
881 927
881 401
881 209
881 190
881 962
881 397
881 845
881 441
881 341
881 485
881 866
882 647
882 363
882 902
882 650
882 953
882 1112
882 395
882 623
882 191
882 299
882 476
882 243
882 785
882 165
882 70
883 1062
883 954
883 1078
883 414
883 744
883 520
884 180
884 244
885 14
885 541
886 394
886 412
886 338
886 239
886 736
886 1061
886 180
886 283
886 276
886 184
886 12
887 291
887 1089
887 807
887 644
887 625
887 837
887 631
887 418
887 36
887 455
887 813
887 710
887 632
887 0
887 192
887 634
887 414
887 1017
887 247
887 309
887 855
887 930
887 9
887 1079
887 694
887 780
887 113
887 513
887 871
887 678
887 211
887 1062
888 430
888 505
888 1065
888 653
888 859
888 650
888 673
888 191
888 355
888 31
889 484
889 654
889 956
889 729
889 680
889 657
889 809
889 60
889 340
889 1044
889 387
889 574
889 452
889 1003
890 555
890 536
890 984
890 574
890 841
890 1003
891 9
891 36
891 455
891 1062
891 520
891 443
891 151
891 441
891 807
891 813
891 788
891 489
891 501
891 634
891 853
891 317
891 203
891 1010
891 149
892 767
893 1062
893 309
893 383
893 1010
893 266
893 235
893 788
894 89
894 239
894 698
894 990
894 782
894 283
894 180
894 21
894 516
894 356
894 412
894 344
894 184
895 38
895 170
895 1
895 855
895 750
895 161
895 843
895 509
895 306
895 166
896 763
896 503
896 14
896 163
896 618
896 171
896 90
896 519
896 168
897 838
897 782
898 159
898 960
898 718
898 238
898 291
899 1094
899 802
899 806
899 749
900 142
900 982
900 164
900 156
900 737
900 685
900 779
900 19
900 761
900 871
900 863
900 241
901 204
901 376
902 1112
902 879
902 299
902 599
902 132
902 882
902 71
902 699
902 595
902 23
902 549
902 666
902 647
902 1067
902 135
902 476
902 953
902 44
902 812
902 156
902 243
902 395
902 70
902 667
902 178
903 223
903 973
904 1008
904 502
904 782
904 246
904 990
905 767
906 928
906 418
906 1017
906 1
906 634
906 837
906 807
906 983
906 963
906 424
906 432
906 413
907 1062
907 403
907 235
907 324
907 982
907 1059
907 267
907 960
907 606
907 422
907 341
907 269
907 607
907 51
907 178
907 275
907 22
907 180
907 282
908 806
908 1094
909 730
909 1081
909 785
910 969
910 508
910 307
910 566
910 929
911 130
912 1
912 1050
912 99
912 1089
912 977
912 509
912 123
912 835
913 655
913 199
913 99
914 272
914 198
914 716
914 226
914 1081
914 730
914 1130
914 563
914 962
915 1027
915 11
915 144
915 751
915 124
916 738
917 411
917 353
917 251
917 1111
917 801
917 275
917 531
917 139
917 1102
917 875
918 400
918 954
918 403
918 1078
918 1061
918 980
918 26
918 273
918 464
918 65
918 606
918 932
918 803
918 1062
918 173
918 960
919 32
920 244
920 848
920 163
921 1061
921 809
921 6
922 165
922 273
923 1102
923 828
923 487
923 180
923 387
923 497
923 21
923 955
923 1108
924 852
925 35
926 838
927 397
927 1049
927 881
927 844
927 594
928 759
928 699
928 622
928 395
928 167
928 424
928 222
928 71
928 807
928 841
928 1062
928 906
929 1010
929 266
929 752
929 191
929 501
929 1112
929 78
929 255
929 111
929 530
929 31
929 853
929 1111
929 910
929 1050
929 140
929 441
929 466
929 1064
930 588
930 517
930 19
930 887
930 863
930 513
930 593
930 480
930 1058
930 846
931 957
931 256
931 279
931 825
931 87
931 574
931 1098
931 414
931 541
931 862
931 640
932 422
932 864
932 452
932 918
933 385
933 1036
933 875
933 386
934 1015
935 759
935 165
935 341
935 458
935 499
935 106
935 991
935 730
935 845
935 397
935 370
935 785
935 1091
936 679
936 444
936 1128
936 864
937 739
937 1079
937 309
937 772
938 451
939 532
940 525
940 133
940 817
940 385
940 110
940 82
940 288
941 181
941 40
941 746
941 604
941 834
941 156
941 454
941 798
941 119
941 848
941 405
941 651
942 773
942 256
942 762
942 279
943 623
943 210
943 971
943 960
943 736
943 497
943 256
943 990
943 1108
943 225
944 109
944 706
944 28
944 6
944 724
944 132
945 563
946 488
946 246
946 48
947 586
947 835
948 29
948 810
948 814
948 972
948 586
948 100
948 463
948 480
948 132
948 299
948 968
948 792
948 721
948 338
948 663
948 56
948 158
948 318
948 706
948 47
949 459
950 398
950 62
950 1039
950 1033
950 401
950 45
950 715
950 697
950 1078
950 1052
950 553
951 1093
951 796
951 731
951 479
951 969
951 823
951 676
951 456
951 222
951 777
952 299
953 70
953 812
953 20
953 550
953 44
953 622
953 395
953 178
953 667
953 902
953 728
953 1100
953 525
953 207
953 666
953 647
953 729
953 23
953 464
953 882
953 229
953 476
953 699
953 544
954 1062
954 9
954 883
954 1078
954 1085
954 963
954 918
954 408
954 403
954 197
955 1
955 487
955 497
955 828
955 1108
955 101
955 923
955 338
955 180
955 1095
955 374
956 375
956 889
956 1019
956 1128
957 292
957 359
957 403
957 1
957 758
957 636
957 931
957 256
957 532
957 973
957 1124
957 322
957 776
957 1098
957 1013
957 676
957 529
957 35
958 1098
958 1007
958 503
958 3
958 633
959 66
959 41
959 1104
959 260
960 982
960 304
960 592
960 717
960 814
960 299
960 407
960 427
960 774
960 898
960 436
960 329
960 918
960 943
960 348
960 760
960 907
960 497
960 661
960 184
960 513
960 132
961 317
961 1047
961 1006
962 914
962 266
962 785
962 458
962 881
962 1081
962 730
962 563
962 198
962 716
962 272
963 338
963 225
963 32
963 36
963 1062
963 97
963 291
963 192
963 906
963 954
963 418
963 625
963 807
963 78
963 508
963 552
963 1007
963 501
963 257
963 432
964 1019
964 506
965 95
965 301
965 333
965 818
965 764
965 481
965 628
966 976
966 403
966 989
966 732
966 665
966 737
967 760
967 19
968 109
968 781
968 135
968 463
968 760
968 136
968 407
968 299
968 948
968 396
968 462
968 98
968 132
968 25
968 34
968 664
968 79
968 302
968 6
968 717
968 422
969 951
969 566
969 67
969 910
969 1060
969 508
969 586
969 266
969 872
970 469
970 374
970 803
970 1095
970 865
971 487
971 129
971 803
971 943
971 53
971 469
972 1128
972 1075
972 748
972 497
972 1053
972 361
972 760
972 488
972 599
972 792
972 487
972 223
972 948
972 676
973 355
973 604
973 871
973 156
973 689
973 38
973 1007
973 957
973 807
973 584
973 486
973 634
973 685
973 1128
973 409
973 863
973 610
973 854
973 707
973 480
973 819
973 821
973 470
973 756
973 170
973 843
973 309
973 1029
973 276
973 591
973 544
973 142
973 737
973 593
973 672
973 903
973 998
973 208
974 292
975 1098
976 458
976 966
976 737
976 732
976 628
976 665
977 1029
977 432
977 376
977 564
977 1058
977 291
977 846
977 518
977 912
977 0
977 989
978 644
978 523
978 306
979 1116
979 1040
979 428
979 238
979 4
979 573
980 918
980 694
980 671
980 682
980 1086
981 1039
981 553
981 1006
982 785
982 484
982 617
982 861
982 1038
982 671
982 422
982 839
982 900
982 186
982 607
982 907
982 960
982 403
982 1047
982 3
982 717
982 759
982 655
982 542
982 275
983 1029
983 634
983 169
983 682
983 703
983 744
983 158
983 1007
983 906
983 488
983 432
983 739
983 560
983 501
983 1109
983 293
983 807
983 694
984 1003
984 574
984 841
984 890
984 452
985 442
985 821
985 116
986 656
986 432
986 501
986 520
986 392
986 130
987 210
987 99
987 225
987 38
987 1103
987 199
987 19
987 617
987 1061
987 722
987 1032
987 273
987 161
987 51
987 479
987 766
987 655
987 539
988 722
988 244
988 1071
988 19
988 998
988 1019
988 225
989 798
989 652
989 1078
989 31
989 1039
989 288
989 29
989 663
989 403
989 359
989 1114
989 56
989 165
989 153
989 966
989 846
989 1
989 105
989 977
990 894
990 356
990 782
990 838
990 283
990 415
990 374
990 742
990 943
990 8
990 371
990 904
991 373
991 935
991 690
991 323
991 785
991 165
991 273
991 599
991 1091
991 1111
991 1
991 1052
991 594
992 230
992 809
992 876
992 126
992 1076
992 658
992 1101
992 112
993 1052
993 1039
994 532
994 1017
994 675
994 606
994 87
994 765
994 524
994 762
994 35
994 529
995 396
995 338
995 1079
995 738
996 356
997 1061
997 216
997 179
997 72
997 1011
998 1125
998 988
998 821
998 392
998 166
998 845
998 806
998 548
998 855
998 1128
998 244
998 309
998 685
998 322
998 22
998 722
998 138
998 363
998 973
999 738
1000 665
1000 870
1001 1019
1001 1
1001 654
1001 1128
1002 6
1002 792
1002 132
1002 368
1002 79
1002 809
1002 608
1002 399
1002 841
1003 1025
1003 64
1003 517
1003 574
1003 271
1003 984
1003 422
1003 890
1003 340
1003 298
1003 182
1003 444
1003 889
1004 816
1004 654
1004 1044
1004 802
1004 494
1004 273
1005 356
1006 199
1006 617
1006 961
1006 296
1006 981
1006 539
1006 767
1006 161
1006 66
1006 500
1006 407
1006 766
1006 848
1006 861
1006 707
1006 333
1006 781
1006 520
1006 1017
1006 679
1007 292
1007 432
1007 418
1007 560
1007 983
1007 211
1007 36
1007 973
1007 739
1007 837
1007 807
1007 963
1007 625
1007 126
1007 1062
1007 846
1007 381
1007 520
1007 158
1007 9
1007 682
1007 958
1007 383
1008 904
1009 850
1009 544
1009 273
1009 553
1009 750
1009 323
1009 715
1009 697
1009 139
1010 618
1010 891
1010 57
1010 893
1010 489
1010 558
1010 36
1010 552
1010 455
1010 520
1010 333
1010 1078
1010 125
1010 46
1010 383
1010 1127
1010 740
1010 470
1010 788
1010 1046
1010 813
1010 266
1010 1060
1010 1035
1010 67
1010 192
1010 247
1010 929
1010 566
1010 312
1011 463
1011 480
1011 285
1011 555
1011 582
1011 458
1011 680
1011 180
1011 571
1011 357
1011 513
1011 997
1011 749
1011 421
1011 328
1011 1029
1011 757
1011 736
1011 54
1011 184
1011 302
1012 477
1012 317
1013 524
1013 529
1013 957
1014 416
1014 876
1015 3
1015 861
1015 459
1015 309
1015 696
1015 320
1015 1060
1015 934
1015 644
1015 679
1015 794
1015 1050
1015 1056
1016 356
1016 409
1016 264
1016 691
1017 296
1017 526
1017 822
1017 405
1017 766
1017 392
1017 994
1017 604
1017 834
1017 256
1017 906
1017 848
1017 451
1017 232
1017 614
1017 725
1017 734
1017 414
1017 1006
1017 169
1017 887
1017 40
1017 455
1017 349
1017 703
1017 244
1017 798
1017 676
1017 1123
1017 541
1017 655
1017 685
1017 874
1017 78
1017 481
1017 321
1017 413
1017 823
1018 821
1019 214
1019 1027
1019 186
1019 11
1019 26
1019 1077
1019 988
1019 506
1019 574
1019 719
1019 55
1019 1128
1019 144
1019 158
1019 375
1019 761
1019 769
1019 1121
1019 964
1019 1001
1019 956
1019 584
1019 148
1019 536
1019 116
1020 782
1020 356
1021 634
1022 37
1022 308
1022 16
1022 1069
1022 317
1022 1070
1022 247
1022 551
1022 452
1023 622
1023 395
1024 164
1024 685
1025 56
1025 346
1025 158
1025 617
1025 444
1025 816
1025 452
1025 132
1025 334
1025 422
1025 574
1025 362
1025 1003
1026 146
1026 588
1026 27
1026 419
1026 219
1026 806
1026 6
1026 749
1026 480
1026 876
1026 1094
1027 124
1027 186
1027 375
1027 10
1027 915
1027 1019
1027 1077
1027 144
1027 1116
1028 1032
1028 722
1029 432
1029 589
1029 680
1029 745
1029 256
1029 0
1029 497
1029 757
1029 593
1029 792
1029 582
1029 973
1029 71
1029 500
1029 983
1029 1011
1029 418
1029 977
1029 410
1029 458
1030 658
1030 876
1031 99
1031 122
1032 276
1032 685
1032 655
1032 339
1032 722
1032 363
1032 1089
1032 821
1032 843
1032 680
1032 756
1032 121
1032 871
1032 591
1032 142
1032 987
1032 221
1032 1028
1033 398
1033 62
1033 255
1033 950
1033 697
1033 401
1033 1039
1033 111
1033 45
1034 291
1034 667
1034 441
1034 243
1034 619
1034 1062
1034 430
1034 192
1034 480
1034 66
1035 36
1035 489
1035 1010
1035 678
1035 740
1036 701
1036 1043
1036 273
1036 933
1036 821
1036 671
1036 875
1036 1114
1037 546
1037 1065
1037 751
1038 165
1038 807
1038 403
1038 607
1038 253
1038 671
1038 477
1038 599
1038 300
1038 739
1038 542
1038 861
1038 982
1038 324
1038 309
1038 1062
1038 772
1038 317
1039 590
1039 751
1039 748
1039 989
1039 510
1039 1033
1039 323
1039 420
1039 846
1039 673
1039 534
1039 45
1039 993
1039 981
1039 291
1039 111
1039 62
1039 403
1039 950
1039 1052
1039 1065
1039 697
1039 1050
1039 255
1039 140
1039 785
1039 373
1039 398
1039 401
1039 553
1040 115
1040 979
1040 4
1040 335
1040 238
1040 82
1040 428
1040 258
1041 574
1042 16
1042 286
1042 703
1042 118
1042 731
1043 1036
1043 1110
1043 821
1044 771
1044 146
1044 740
1044 416
1044 695
1044 574
1044 397
1044 115
1044 26
1044 860
1044 428
1044 1070
1044 667
1044 27
1044 647
1044 317
1044 629
1044 444
1044 840
1044 1119
1044 1062
1044 180
1044 765
1044 190
1044 462
1044 1004
1044 889
1044 672
1044 811
1044 594
1044 588
1044 341
1044 586
1045 693
1045 285
1045 386
1045 573
1045 303
1045 82
1046 45
1046 266
1046 1070
1046 1010
1046 67
1047 37
1047 292
1047 1062
1047 317
1047 0
1047 878
1047 982
1047 165
1047 961
1047 403
1047 309
1047 273
1047 296
1047 555
1048 806
1049 190
1049 594
1049 499
1049 124
1049 844
1049 730
1049 341
1049 801
1049 182
1049 927
1049 209
1050 671
1050 324
1050 1039
1050 191
1050 1086
1050 1062
1050 1078
1050 912
1050 1015
1050 116
1050 1
1050 752
1050 1079
1050 1081
1050 929
1051 843
1051 496
1051 355
1051 99
1051 370
1051 116
1051 402
1052 586
1052 993
1052 323
1052 490
1052 751
1052 365
1052 697
1052 850
1052 382
1052 324
1052 991
1052 31
1052 1063
1052 111
1052 403
1052 1112
1052 715
1052 1039
1052 140
1052 950
1053 472
1053 237
1053 774
1053 972
1054 480
1055 219
1055 480
1055 146
1055 596
1055 806
1055 261
1056 403
1056 1015
1056 682
1056 253
1057 386
1057 333
1057 605
1058 51
1058 642
1058 484
1058 977
1058 555
1058 930
1058 582
1059 237
1059 480
1059 316
1059 617
1059 907
1059 760
1060 1015
1060 679
1060 807
1060 3
1060 872
1060 247
1060 508
1060 1010
1060 969
1061 921
1061 918
1061 579
1061 577
1061 365
1061 987
1061 223
1061 500
1061 886
1061 340
1061 617
1061 253
1061 225
1061 761
1061 749
1061 310
1061 997
1061 543
1062 678
1062 520
1062 1078
1062 338
1062 586
1062 1079
1062 509
1062 682
1062 644
1062 1089
1062 373
1062 694
1062 623
1062 432
1062 403
1062 3
1062 408
1062 625
1062 424
1062 9
1062 36
1062 560
1062 634
1062 708
1062 0
1062 418
1062 607
1062 501
1062 739
1062 417
1062 325
1062 165
1062 309
1062 887
1062 772
1062 213
1062 1050
1062 197
1062 1007
1062 65
1062 292
1062 1047
1062 963
1062 1044
1062 883
1062 807
1062 954
1062 270
1062 816
1062 167
1062 1038
1062 837
1062 253
1062 928
1062 1034
1062 918
1062 78
1062 893
1062 761
1062 907
1062 891
1062 46
1062 118
1062 317
1063 473
1063 1052
1063 594
1064 929
1064 270
1065 751
1065 715
1065 690
1065 888
1065 446
1065 816
1065 785
1065 458
1065 1039
1065 546
1065 365
1065 667
1065 355
1065 388
1065 191
1065 31
1065 859
1065 857
1065 1037
1065 347
1065 653
1066 727
1066 329
1066 644
1066 381
1066 225
1066 500
1066 275
1066 210
1066 682
1066 309
1067 699
1067 400
1067 395
1067 44
1067 243
1067 70
1067 71
1067 647
1067 178
1067 470
1067 622
1067 902
1068 292
1069 308
1069 1022
1070 203
1070 455
1070 618
1070 247
1070 418
1070 1046
1070 67
1070 625
1070 551
1070 1044
1070 519
1070 644
1070 656
1070 163
1070 703
1070 432
1070 739
1070 1022
1070 501
1070 503
1071 988
1071 116
1071 126
1072 116
1072 782
1072 371
1073 700
1073 395
1073 622
1073 525
1074 35
1075 223
1075 544
1075 972
1076 855
1076 992
1076 658
1076 13
1076 19
1076 635
1077 1019
1077 1027
1078 703
1078 3
1078 403
1078 954
1078 989
1078 9
1078 1085
1078 950
1078 1099
1078 470
1078 918
1078 459
1078 408
1078 270
1078 36
1078 520
1078 1010
1078 883
1078 1062
1078 632
1078 1050
1078 197
1078 189
1079 644
1079 417
1079 1062
1079 1089
1079 46
1079 418
1079 887
1079 823
1079 258
1079 807
1079 245
1079 937
1079 1050
1079 210
1079 995
1079 274
1079 551
1079 489
1079 225
1079 739
1079 520
1079 714
1080 424
1081 209
1081 496
1081 331
1081 909
1081 198
1081 563
1081 458
1081 530
1081 634
1081 697
1081 716
1081 845
1081 341
1081 962
1081 871
1081 914
1081 1050
1081 785
1081 165
1081 594
1081 850
1081 676
1081 1130
1081 272
1082 432
1083 359
1084 689
1084 789
1084 468
1084 367
1084 760
1085 954
1085 1078
1085 1111
1086 1050
1086 980
1087 338
1087 792
1088 764
1088 632
1088 51
1088 784
1088 342
1088 367
1088 301
1088 479
1089 887
1089 80
1089 1032
1089 871
1089 1079
1089 1062
1089 912
1089 449
1089 466
1090 429
1090 828
1090 855
1091 785
1091 341
1091 730
1091 697
1091 397
1091 991
1091 935
1091 530
1091 165
1091 845
1092 43
1093 754
1093 367
1093 635
1093 657
1093 170
1093 73
1093 126
1093 122
1093 264
1093 764
1093 750
1093 468
1093 951
1094 28
1094 908
1094 749
1094 219
1094 100
1094 899
1094 142
1094 1026
1094 802
1094 480
1094 806
1094 588
1094 623
1095 698
1095 53
1095 736
1095 955
1095 12
1095 865
1095 469
1095 22
1095 129
1095 970
1096 445
1096 500
1096 816
1096 633
1096 545
1096 656
1096 349
1096 392
1096 328
1096 519
1097 46
1097 396
1097 708
1097 739
1098 762
1098 748
1098 957
1098 599
1098 279
1098 280
1098 975
1098 1124
1098 273
1098 300
1098 56
1098 529
1098 291
1098 958
1098 636
1098 627
1098 816
1098 396
1098 675
1098 632
1098 168
1098 858
1098 839
1098 931
1099 296
1099 244
1099 0
1099 91
1099 509
1099 848
1099 432
1099 65
1099 150
1099 418
1099 1078
1099 676
1099 292
1100 178
1100 312
1100 189
1100 953
1100 307
1101 658
1101 19
1101 231
1101 816
1101 429
1101 992
1101 863
1102 923
1102 170
1102 917
1102 1132
1102 750
1102 818
1102 18
1102 731
1102 657
1102 764
1102 832
1102 721
1102 628
1102 364
1102 789
1103 306
1103 584
1103 843
1103 987
1104 1107
1104 959
1104 156
1105 444
1105 864
1105 654
1105 574
1105 334
1105 452
1106 223
1107 117
1107 789
1107 210
1107 1104
1107 573
1108 276
1108 579
1108 923
1108 86
1108 943
1108 497
1108 287
1108 955
1108 487
1108 180
1109 432
1109 983
1110 821
1110 737
1110 330
1110 1043
1111 709
1111 991
1111 235
1111 490
1111 787
1111 1085
1111 917
1111 929
1111 139
1112 111
1112 812
1112 365
1112 554
1112 1
1112 667
1112 697
1112 902
1112 458
1112 191
1112 815
1112 382
1112 156
1112 70
1112 882
1112 709
1112 929
1112 533
1112 751
1112 530
1112 1052
1112 355
1112 845
1112 331
1112 229
1112 243
1112 208
1113 489
1113 174
1114 792
1114 582
1114 466
1114 812
1114 216
1114 817
1114 989
1114 105
1114 701
1114 585
1114 509
1114 809
1114 1036
1114 56
1114 243
1114 385
1115 231
1115 77
1116 428
1116 234
1116 979
1116 506
1116 1027
1116 250
1117 256
1117 119
1118 431
1119 1044
1120 748
1120 177
1120 811
1120 116
1120 268
1120 635
1121 204
1121 11
1121 375
1121 769
1121 1019
1121 617
1121 515
1122 562
1122 103
1122 422
1122 775
1123 1017
1123 414
1124 758
1124 403
1124 532
1124 513
1124 426
1124 762
1124 1098
1124 957
1124 361
1124 256
1124 279
1124 220
1124 676
1124 35
1124 291
1125 998
1125 175
1125 494
1126 1131
1126 654
1126 497
1126 661
1127 678
1127 1010
1127 291
1127 189
1127 192
1127 489
1127 36
1127 625
1127 97
1128 756
1128 654
1128 1019
1128 327
1128 208
1128 998
1128 1001
1128 621
1128 956
1128 679
1128 19
1128 440
1128 972
1128 973
1128 284
1128 841
1128 839
1128 302
1128 936
1128 769
1129 739
1129 432
1129 500
1129 253
1129 205
1129 812
1129 520
1130 1081
1130 530
1130 914
1131 1126
1131 695
1132 127
1132 1102
