235 677
235 887
235 130
235 1015
235 448
235 726
235 241
235 559
235 595
235 822
235 800
235 1027
235 492
235 810
235 250
235 220
235 1026
235 746
235 206
235 169
235 280
235 867
235 893
235 1090
235 834
235 472
235 609
235 742
235 313
235 860
677 887
677 130
677 448
677 726
677 241
677 559
677 595
677 822
677 1027
677 250
677 1026
677 746
677 206
677 280
677 893
677 519
677 409
677 1016
677 120
677 418
677 268
677 624
887 130
887 448
887 726
887 241
887 559
887 822
887 800
887 1027
887 250
887 1026
887 746
887 206
887 169
887 280
887 867
887 472
887 609
887 1016
887 856
887 513
887 975
887 950
887 414
887 126
887 895
887 572
887 455
887 117
887 511
887 361
887 303
887 614
887 646
887 540
887 278
887 91
130 822
130 280
130 572
130 328
130 251
130 949
130 871
130 548
130 413
130 594
130 791
130 1021
130 493
130 919
130 83
130 67
130 382
130 866
130 611
1015 448
1015 1027
1015 253
1015 698
1015 219
1015 402
1015 673
1015 179
1015 142
448 726
448 241
448 1027
448 250
448 1026
448 280
448 472
448 609
448 1016
448 419
448 309
448 789
448 762
448 1108
448 933
448 481
448 772
726 559
726 595
726 1027
726 810
726 250
726 746
726 280
726 609
726 402
726 121
726 210
726 774
726 19
726 874
726 1076
726 44
726 546
726 403
726 484
726 160
726 134
726 812
241 280
241 609
241 630
241 821
559 595
559 1027
559 250
559 169
559 280
559 893
559 313
559 975
559 570
559 47
559 973
559 477
559 948
595 250
595 893
595 313
595 1016
595 382
595 463
595 718
595 700
595 714
595 152
595 955
595 696
595 420
595 1079
595 1055
595 320
595 190
595 1
595 1110
595 710
595 509
595 1078
595 180
595 73
595 674
595 777
595 16
595 99
822 1026
822 746
822 206
822 280
822 1090
822 472
822 895
822 253
822 910
822 1007
822 112
822 838
822 873
822 586
822 254
822 304
800 1108
800 46
800 823
800 699
800 148
800 100
800 923
800 760
800 788
800 574
800 911
800 48
800 537
800 290
800 1072
800 697
1027 492
1027 250
1027 1026
1027 280
1027 893
1027 609
1027 895
1027 67
1027 402
1027 477
1027 697
1027 471
1027 804
1027 295
1027 103
1027 1048
1027 536
1027 690
492 810
492 250
492 893
492 409
492 1016
492 419
492 948
492 700
492 152
492 509
492 1078
492 586
492 260
492 147
492 825
492 1035
492 244
492 593
492 440
492 939
492 458
492 754
492 237
492 566
492 980
492 512
492 174
492 234
492 151
492 1109
492 992
492 620
492 139
492 884
810 867
810 409
810 1016
810 402
810 1076
810 1078
810 939
810 316
810 464
810 942
810 366
810 678
810 34
810 379
810 59
810 861
250 893
250 313
250 409
250 1016
250 91
250 673
250 973
250 463
250 509
250 674
250 16
250 523
250 305
250 395
250 347
250 483
250 407
250 972
250 798
250 670
250 116
250 140
250 781
250 81
250 657
250 832
250 999
250 976
250 406
250 775
250 1037
250 601
250 1092
250 462
250 292
250 1119
250 149
250 442
250 724
250 1059
250 899
250 194
220 893
220 1016
220 420
220 979
220 408
220 8
1026 746
1026 169
1026 280
1026 867
1026 1090
1026 834
1026 472
1026 624
1026 856
1026 42
1026 981
1026 32
746 206
746 472
746 624
746 975
746 382
746 789
746 481
746 1
746 254
746 366
746 514
746 428
746 238
746 958
746 636
746 394
746 357
746 460
746 840
746 348
746 737
746 877
206 280
206 975
206 414
206 361
206 309
206 477
206 32
206 636
206 203
206 915
206 765
206 1009
169 867
169 1090
169 856
169 513
169 975
169 572
169 455
169 361
169 540
169 278
169 949
169 19
169 570
169 47
169 973
169 948
169 103
169 832
169 775
169 462
169 979
169 737
169 1125
169 753
169 1053
169 794
169 123
169 1025
169 318
169 717
169 998
169 454
169 685
169 181
169 987
169 605
169 110
169 913
169 205
280 472
280 519
280 624
867 1090
867 624
867 856
867 950
867 414
867 126
867 895
867 572
867 361
867 540
867 419
867 484
867 838
867 873
867 100
867 884
867 483
867 781
867 981
867 428
867 877
867 753
867 685
867 610
867 929
867 1030
867 854
867 165
867 545
867 1115
867 763
867 770
867 385
867 213
867 622
867 24
867 651
867 127
867 494
867 223
867 257
867 1093
867 1085
867 709
867 209
867 178
893 313
893 409
893 1016
893 251
893 382
893 463
893 718
893 700
893 152
893 420
893 1079
893 190
893 1
893 1110
893 1078
893 440
893 939
893 512
893 234
893 884
893 929
893 189
893 447
893 248
893 28
893 1067
893 900
893 662
893 654
893 465
893 805
893 335
893 691
893 734
1090 834
1090 856
1090 871
1090 413
1090 73
1090 981
1090 348
1090 854
1090 248
1090 1089
1090 557
1090 655
1090 1057
1090 627
1090 1032
472 624
472 382
472 481
472 546
472 366
472 428
472 958
472 357
472 348
472 651
472 362
472 58
472 10
472 1112
609 1016
609 884
609 636
609 1093
609 56
609 759
742 574
742 683
742 374
742 23
742 966
742 0
742 830
742 945
313 1016
313 511
313 1109
313 395
313 483
313 670
313 116
313 1037
313 442
313 645
313 368
313 297
313 88
313 725
313 422
313 868
313 608
313 143
313 828
313 738
313 109
860 895
860 540
860 47
860 103
860 140
860 203
860 1125
860 318
860 110
860 584
860 716
860 988
860 444
860 845
860 1131
860 1065
860 813
860 560
860 1006
860 415
860 323
519 38
409 1016
409 1
409 458
1016 278
1016 382
1016 463
1016 884
1016 56
1016 129
1016 37
624 303
624 238
624 636
624 840
624 203
624 454
624 770
624 651
624 716
624 417
624 364
624 221
624 52
624 661
624 5
624 853
624 77
624 550
624 886
856 975
856 950
856 414
856 895
856 572
856 361
856 614
856 973
856 948
856 981
856 877
856 1125
856 753
856 1025
856 854
856 966
856 0
856 444
856 1004
856 227
856 39
856 982
856 968
513 950
513 572
513 455
513 511
513 540
513 278
513 91
513 251
513 973
513 103
513 781
513 1115
513 465
513 813
513 1004
513 227
513 571
513 1102
513 281
513 499
513 341
513 1047
513 287
513 732
513 226
975 572
975 455
975 117
975 361
975 303
975 540
975 413
975 772
975 44
975 570
975 477
975 838
975 873
975 861
975 395
975 775
975 357
975 348
975 1125
975 753
975 1053
975 1025
975 913
975 610
975 770
975 444
975 1131
975 886
975 1004
975 227
975 968
975 590
975 708
975 517
975 433
975 145
975 793
975 363
975 240
975 115
975 671
975 284
975 903
950 126
950 895
950 361
950 1108
950 47
950 973
950 838
950 103
950 1125
950 385
950 1032
950 0
950 444
950 845
950 1065
950 560
950 1006
950 1004
950 227
950 39
950 145
950 284
950 1117
950 496
950 917
950 435
950 21
950 490
950 556
950 518
950 157
950 510
950 579
950 452
950 631
950 961
950 381
950 1036
950 1127
950 170
950 544
950 473
950 193
950 780
950 451
950 201
950 1062
414 572
414 428
414 877
414 763
414 709
414 497
126 614
126 873
126 444
126 38
126 435
126 556
126 340
126 239
126 264
126 675
126 533
126 242
126 491
126 723
126 878
895 361
895 540
895 253
895 112
895 861
895 981
895 318
895 110
895 845
895 5
895 227
895 499
895 473
895 1116
895 457
895 35
895 965
895 569
895 459
895 256
895 426
895 938
895 212
895 1031
572 117
572 614
572 328
572 251
572 949
572 413
572 791
572 493
572 83
572 67
572 866
572 611
572 309
572 203
572 753
572 709
572 77
572 1004
572 793
572 473
572 878
572 388
572 389
572 262
572 835
572 659
572 273
572 392
455 47
455 560
455 1094
117 691
117 444
117 226
117 600
511 540
511 278
511 91
511 402
511 142
511 874
511 973
511 1079
511 777
511 942
511 116
511 140
511 832
511 1092
511 203
511 763
511 24
511 465
511 1032
511 645
511 725
511 422
511 143
511 738
511 109
511 417
511 281
511 341
511 579
511 500
511 881
511 735
511 592
511 663
511 18
511 346
511 522
361 614
361 309
361 861
361 32
361 203
361 1125
361 110
361 385
361 0
361 608
361 845
361 1006
361 1004
361 226
361 590
361 1062
361 863
361 885
303 540
303 91
303 973
303 987
303 763
303 223
303 1006
303 323
303 886
303 1004
303 732
303 590
303 495
303 855
303 747
303 289
303 349
303 842
303 818
614 309
614 777
614 112
614 873
614 788
614 103
614 884
614 32
614 203
614 794
614 454
614 763
614 248
614 945
614 845
614 1065
614 323
614 77
614 499
614 287
614 226
614 451
614 723
614 681
614 386
614 1000
614 1071
614 1014
614 1081
614 1122
614 1086
614 947
614 343
646 611
540 402
540 772
540 1078
540 316
540 942
540 678
540 379
540 861
540 1115
540 945
540 584
540 988
540 845
540 221
540 1004
540 284
540 1000
540 195
540 338
540 802
540 164
540 640
540 827
278 91
278 973
278 777
278 116
278 110
278 645
278 608
278 1102
278 962
278 1121
91 673
91 973
91 777
91 112
91 395
91 483
91 116
91 140
91 999
91 775
91 601
91 1092
91 462
91 318
91 1067
91 465
91 738
91 444
91 1065
91 1102
91 1047
91 579
91 631
91 735
91 516
91 721
91 401
91 554
91 474
328 251
328 949
328 413
328 791
328 1021
328 493
328 67
328 611
328 238
328 709
328 793
328 459
328 388
328 543
328 113
328 555
328 22
328 51
328 535
328 249
328 26
328 688
328 245
328 561
328 761
328 1040
251 949
251 413
251 791
251 493
251 919
251 67
251 611
251 948
251 152
251 1078
251 523
251 832
251 685
251 709
251 447
251 77
251 793
251 961
251 388
251 663
251 790
251 308
251 1049
251 161
251 17
251 154
251 43
251 883
949 413
949 791
949 493
949 67
949 866
949 611
949 181
949 709
949 388
949 659
949 377
949 843
949 356
949 302
871 561
548 791
548 83
548 1007
548 1009
548 516
548 561
548 216
548 817
548 1104
413 594
413 791
413 493
413 919
413 866
413 611
413 823
413 760
413 537
413 942
413 781
413 545
413 38
413 433
413 793
413 113
413 1061
413 498
413 648
594 866
594 537
594 389
594 113
594 922
594 13
594 985
594 637
791 1021
791 83
791 67
791 611
791 774
791 709
791 688
791 561
791 922
791 896
1021 83
1021 774
1021 709
1021 659
1021 543
1021 113
1021 555
1021 249
1021 688
1021 561
1021 896
1021 964
1021 76
1021 324
1021 618
493 67
493 866
493 611
493 709
493 945
493 590
493 388
493 1002
919 348
919 709
919 447
919 659
919 561
919 1049
919 161
919 333
919 345
919 1023
919 1099
83 67
83 774
83 709
83 793
83 659
83 516
83 561
83 216
83 896
83 964
83 626
67 611
67 774
67 724
67 5
67 499
67 388
67 392
67 885
67 640
67 216
67 922
67 637
67 779
67 642
67 909
67 704
67 1111
67 247
67 921
67 758
67 111
382 789
382 463
382 1055
382 458
382 754
382 884
382 636
382 737
382 1093
382 716
382 227
382 885
382 17
382 883
382 583
382 436
382 90
866 838
866 636
866 389
866 835
866 985
866 964
866 705
611 823
611 1115
611 709
611 189
611 415
611 77
611 886
611 39
611 708
611 793
611 1127
611 938
611 388
611 1071
611 216
611 13
611 896
611 964
611 246
611 581
611 1033
611 15
611 749
611 167
611 204
611 577
611 450
253 210
253 112
253 913
253 770
253 115
253 284
253 723
253 459
253 426
253 747
253 827
253 758
253 299
253 1041
253 837
253 342
253 831
253 231
698 630
698 777
698 838
698 366
698 395
698 483
698 832
698 636
698 454
698 248
698 640
698 498
698 648
698 902
698 558
698 425
698 232
698 916
698 351
698 443
219 911
219 1072
219 545
219 1004
219 962
219 108
219 294
219 396
219 1129
219 890
219 1114
402 419
402 1108
402 973
402 1055
402 190
402 1078
402 574
402 537
402 316
402 942
402 366
402 678
402 379
402 59
402 636
402 545
402 763
402 945
402 38
402 550
402 1127
402 195
402 640
402 827
402 916
402 935
402 208
402 307
402 906
402 679
402 564
402 927
402 25
402 851
402 330
402 489
402 439
673 574
673 483
673 868
673 459
673 259
179 955
179 1
179 1110
179 260
179 147
179 234
179 139
179 316
179 407
179 845
179 1018
142 973
142 777
142 112
142 586
142 116
142 422
142 813
142 193
142 192
142 1132
419 933
419 973
419 1079
419 1
419 674
419 260
419 234
419 464
419 395
419 763
419 24
419 281
419 193
419 780
419 1132
419 995
419 944
419 301
419 889
419 1124
419 40
419 912
309 44
309 838
309 804
309 81
309 32
309 203
309 765
309 913
309 56
309 845
309 497
309 681
309 1000
309 947
309 351
309 314
309 568
309 296
309 865
789 44
789 955
789 234
789 620
789 884
789 116
789 636
789 394
789 840
789 763
789 651
789 494
789 1057
789 10
789 496
789 497
789 947
789 626
789 865
789 901
762 100
762 737
762 765
762 157
762 807
1108 823
1108 699
1108 100
1108 788
1108 537
1108 1072
1108 697
1108 444
1108 1004
1108 439
1108 1123
933 777
933 99
933 305
933 972
933 657
933 601
933 292
933 724
933 194
933 662
933 738
933 109
933 544
933 780
933 1023
933 520
933 79
933 978
933 872
933 1039
481 44
481 546
481 636
481 284
481 835
481 1000
481 75
481 270
772 838
772 316
772 564
121 874
121 305
121 972
121 81
121 724
121 110
121 1023
121 978
121 50
121 66
121 771
210 1076
210 1000
210 802
210 612
210 1107
210 562
774 709
774 189
774 1127
774 388
774 389
774 659
774 561
774 13
774 896
774 1107
774 562
774 63
774 839
774 848
774 729
774 456
774 429
19 636
19 181
19 763
19 708
19 885
19 224
19 132
19 20
19 271
19 567
874 103
874 116
874 110
874 178
874 259
874 176
874 1097
874 233
874 6
874 897
1076 320
1076 379
1076 861
1076 1000
1076 164
1076 612
1076 1107
1076 12
1076 412
1076 755
1076 476
1076 606
1076 676
1076 727
1076 1130
1076 202
44 134
44 910
44 254
44 238
44 636
44 840
44 203
44 165
44 77
44 115
44 1081
44 927
44 75
44 270
44 839
44 1074
44 267
44 756
44 638
546 1000
546 756
403 812
403 115
403 1081
403 429
403 132
403 11
160 270
160 727
160 971
160 263
134 873
134 379
134 612
812 270
630 777
630 1007
630 483
630 854
630 385
630 1062
630 962
630 351
630 1124
630 786
630 1063
821 415
821 517
570 753
570 271
570 936
47 973
47 777
47 873
47 471
47 116
47 442
47 738
47 845
47 1062
47 817
47 286
973 1079
973 777
973 16
973 316
973 483
973 972
973 670
973 116
973 140
973 781
973 81
973 657
973 832
973 775
973 1092
973 462
973 1119
973 149
973 442
973 981
973 460
973 318
973 110
973 24
973 178
973 662
973 1112
973 725
973 988
973 845
973 1065
973 281
973 284
973 579
973 193
973 878
973 459
973 735
973 663
973 855
973 962
973 401
973 1061
973 837
973 995
973 1039
973 376
973 1064
973 432
973 298
973 311
973 880
973 182
973 1128
973 926
973 937
973 820
477 838
477 254
477 1115
477 415
477 968
477 452
477 1116
477 1031
477 681
477 1122
477 827
477 749
477 865
477 122
477 321
477 529
477 565
477 3
477 876
477 84
477 864
477 598
477 390
477 371
477 649
477 380
477 625
948 777
948 884
948 483
948 670
948 832
948 149
948 717
948 929
948 141
948 575
948 438
463 1
463 691
700 1055
700 190
700 1078
700 884
700 90
700 25
700 1066
152 696
152 1
152 825
152 244
152 440
152 939
152 754
152 992
152 139
152 385
152 1093
152 845
152 227
152 215
152 96
955 1
955 1078
955 838
955 147
955 825
955 939
955 234
955 139
955 90
955 891
696 1055
696 992
696 25
696 1066
420 408
420 8
420 685
420 248
420 226
420 1000
420 438
420 532
420 236
420 80
1079 674
1079 777
1079 395
1079 972
1079 116
1079 81
1079 657
1079 832
1079 775
1079 1092
1079 462
1079 292
1079 763
1079 24
1079 1067
1079 58
1079 1112
1079 417
1079 579
1079 500
1079 663
1079 855
1079 962
1079 516
1079 79
1079 1064
1079 1128
1079 466
1079 162
1079 1005
1079 1043
1079 383
1079 712
1055 190
1055 1
1055 1078
1055 112
1055 873
1055 260
1055 440
1055 942
1055 90
1055 25
1055 507
320 657
320 346
320 1121
320 345
320 202
320 1017
320 1010
190 1078
190 458
190 25
190 1066
1 260
1 825
1 244
1 593
1 939
1 458
1 754
1 566
1 512
1 234
1 1109
1 992
1 139
1 884
1 636
1 734
1 444
1 90
1 208
1 25
1 1066
1 7
1110 825
1110 244
1110 593
1110 939
1110 458
1110 566
1110 512
1110 1109
1110 208
710 717
710 248
710 900
710 584
710 988
710 227
710 835
710 299
710 837
710 503
710 967
710 384
710 744
1078 234
1078 316
1078 443
1078 25
1078 60
1078 168
180 254
180 884
180 685
180 248
180 584
180 226
180 835
180 841
180 728
180 317
73 1010
674 798
674 976
674 724
674 24
674 855
674 978
674 182
674 1128
674 926
674 814
674 430
777 254
777 884
777 395
777 483
777 116
777 832
777 999
777 149
777 238
777 765
777 24
777 1067
777 465
777 1032
777 58
777 725
777 608
777 143
777 835
777 500
777 663
777 383
777 551
16 670
16 645
16 376
16 432
99 395
99 657
99 738
99 780
99 735
99 962
99 891
99 989
99 185
910 838
910 873
910 254
910 804
910 394
910 734
910 716
910 947
910 249
910 1033
910 314
910 224
910 271
910 162
910 62
910 461
910 846
910 993
910 2
1007 1009
1007 110
1007 966
1007 988
1007 516
1007 817
1007 831
1007 1097
1007 1063
112 838
112 1092
112 394
112 709
112 855
112 543
112 906
838 873
838 823
838 804
838 981
838 877
838 454
838 0
838 1006
838 77
838 590
838 145
838 671
838 965
838 495
838 289
838 249
838 1040
838 314
838 568
838 848
838 649
838 168
838 953
838 277
838 86
838 14
838 918
873 911
873 804
873 464
873 483
873 981
873 374
873 444
873 323
873 226
873 518
873 381
873 170
873 273
873 1081
873 827
873 535
873 498
873 704
873 837
873 927
873 568
873 270
873 839
873 728
873 719
873 367
873 359
873 137
873 931
873 70
586 1092
586 627
586 966
586 705
586 906
586 192
586 132
586 507
586 172
586 882
586 1105
254 304
254 884
254 462
254 428
254 636
254 348
254 737
254 765
254 763
254 725
254 444
254 499
254 115
254 723
254 459
254 863
254 681
254 1000
254 1086
254 626
254 351
254 314
254 865
254 371
254 367
304 428
304 877
46 788
46 574
823 148
823 100
823 760
823 788
823 574
823 911
823 48
823 537
823 1072
823 545
823 557
823 655
823 23
823 966
823 0
823 584
823 444
823 845
823 5
823 1004
823 1127
823 498
823 648
823 439
823 926
823 1044
823 538
823 175
823 879
699 148
699 788
699 1072
699 1004
699 1044
699 525
148 100
148 788
148 574
148 911
148 537
148 1072
148 966
148 444
148 1004
148 227
148 1062
148 863
148 498
148 995
148 1123
148 926
148 525
148 956
100 788
100 574
100 737
100 127
100 557
100 444
100 496
100 1127
100 533
100 242
100 723
100 498
100 807
100 1123
100 638
100 525
100 453
100 687
100 258
100 715
100 552
100 969
100 706
923 1047
923 518
923 108
923 1129
923 118
923 585
923 398
760 788
760 537
760 1072
760 942
760 840
760 203
760 545
760 988
760 1004
760 433
760 145
760 457
760 439
760 354
760 869
788 574
788 911
788 48
788 537
788 1072
788 942
788 514
788 737
788 945
788 444
788 1004
788 499
788 433
788 262
788 648
788 439
788 98
574 537
574 1072
574 316
574 737
574 0
574 1004
574 1127
574 13
574 439
574 538
574 486
574 888
911 1072
911 832
911 1047
911 284
911 439
911 1044
48 537
48 1072
48 942
48 545
48 433
48 648
48 439
48 841
48 175
48 98
537 1072
537 316
537 203
537 765
537 1004
537 1062
537 204
537 439
537 995
290 203
1072 942
1072 765
1072 545
1072 655
1072 433
1072 294
1072 1129
1072 439
1072 525
1072 354
1072 98
1072 888
1072 405
1072 682
1072 291
697 39
697 1127
697 491
697 807
697 1123
697 957
697 198
697 526
697 107
697 65
697 836
471 442
804 840
804 417
804 221
804 499
804 240
804 671
804 284
804 1116
804 965
804 495
804 314
804 568
804 162
295 1115
295 763
295 371
295 967
295 846
103 753
103 444
103 845
103 1065
103 682
103 72
1048 316
1048 452
1048 1036
1048 926
1048 390
1048 748
1048 186
1048 1050
1048 125
1048 639
1048 1056
536 600
536 41
690 667
690 701
690 207
260 316
260 942
260 59
260 912
147 234
147 483
147 407
147 972
147 734
147 738
147 780
147 912
147 185
825 422
825 77
825 308
825 638
825 787
1035 244
1035 440
1035 939
1035 980
1035 385
1035 422
244 593
244 440
244 939
244 566
244 512
244 737
244 734
244 208
593 939
593 1109
593 884
593 281
593 17
440 840
440 90
939 840
939 422
939 90
939 208
939 168
754 1049
237 817
237 912
566 734
566 208
234 139
234 884
234 483
234 407
234 972
234 1059
234 738
234 579
234 912
234 282
151 884
151 912
1109 1009
992 1093
992 1066
139 407
139 0
139 417
139 902
884 238
884 394
884 840
884 203
884 494
884 248
884 654
884 691
884 90
884 208
884 502
884 399
316 942
316 678
316 379
316 59
316 861
316 38
316 571
316 226
316 496
316 21
316 961
316 425
316 679
316 564
316 612
316 562
316 606
316 62
316 70
316 956
316 687
316 695
316 795
316 183
464 942
464 379
464 861
464 832
464 763
464 489
464 944
942 59
942 545
942 655
942 584
942 988
942 1004
942 1047
942 433
942 510
942 457
942 1129
942 25
942 439
942 995
942 869
942 291
942 588
366 878
366 835
366 902
366 301
366 1107
366 1063
366 936
366 367
366 29
678 1127
678 640
678 564
678 901
678 183
34 1071
34 827
34 935
34 995
34 865
34 529
34 598
34 649
34 279
34 757
34 196
34 1077
379 861
379 1000
379 802
379 995
379 612
379 412
379 755
379 78
379 1082
59 679
59 564
59 439
861 945
861 1000
861 802
861 412
523 832
523 408
523 794
523 28
523 868
523 855
523 1061
523 989
523 470
523 996
305 483
305 81
305 601
305 292
305 724
305 194
305 109
305 281
305 341
305 780
305 855
305 1023
305 520
305 978
305 50
305 66
305 771
305 470
395 483
395 81
395 775
395 929
395 465
395 645
395 143
395 281
395 579
395 193
395 663
395 926
395 953
395 68
347 685
347 308
347 96
347 80
347 317
347 322
483 407
483 116
483 81
483 999
483 775
483 601
483 462
483 442
483 1059
483 840
483 929
483 763
483 24
483 1067
483 645
483 738
483 845
483 281
483 1047
483 579
483 663
483 855
483 401
483 554
483 50
483 1005
483 168
483 814
483 68
483 480
483 155
483 689
407 81
407 601
407 1059
407 1067
407 738
407 579
407 155
407 1069
972 81
972 657
972 832
972 999
972 601
972 292
972 724
972 194
972 738
972 780
972 346
972 76
972 912
972 978
972 202
972 1064
972 182
972 814
972 989
972 470
972 155
972 1045
798 292
798 1119
798 442
798 899
798 447
798 1067
798 341
798 926
798 967
798 453
798 155
798 105
798 785
798 197
670 657
670 724
670 110
670 385
670 178
670 845
670 516
670 837
670 1039
670 1097
670 376
670 1064
670 432
670 311
670 880
670 182
670 841
670 549
670 89
116 140
116 832
116 442
116 636
116 605
116 24
116 662
116 465
116 143
116 1065
116 813
116 281
116 592
116 474
116 937
140 462
140 318
140 605
140 725
140 1065
140 661
140 473
140 474
140 568
781 832
781 929
781 662
781 868
781 444
781 433
781 457
781 1061
781 439
781 524
81 657
81 999
81 406
81 775
81 1037
81 1092
81 462
81 1119
81 149
81 442
81 636
81 318
81 929
81 213
81 24
81 662
81 465
81 109
81 1065
81 281
81 284
81 579
81 592
81 855
81 401
81 1061
81 978
81 214
81 1088
657 999
657 976
657 775
657 1037
657 601
657 292
657 1119
657 149
657 724
657 194
657 24
657 1067
657 662
657 813
657 579
657 780
657 855
657 978
657 1128
657 989
657 1045
657 1068
832 775
832 1092
832 462
832 292
832 194
832 929
832 422
832 738
832 281
832 193
832 663
832 855
832 814
999 601
999 1092
999 1119
999 738
999 1047
999 579
999 554
999 202
999 989
976 601
976 724
976 24
976 37
976 855
976 962
976 1039
976 1128
976 1068
406 292
406 442
406 1062
406 1039
775 462
775 636
775 24
775 422
775 281
775 193
775 1062
775 1031
775 663
775 855
775 1064
775 891
775 466
775 989
1037 601
1037 292
1037 724
1037 1067
1037 780
1037 995
1037 383
1037 989
1037 689
1037 1068
601 1092
601 292
601 1119
601 724
601 194
601 738
601 109
601 780
601 346
601 401
601 890
601 989
601 1068
601 159
601 768
601 767
1092 178
1092 447
1092 1112
1092 1047
1092 732
1092 735
1092 401
1092 474
1092 162
1092 159
1092 326
1092 733
462 765
462 929
462 24
462 465
462 281
462 835
462 592
462 1061
462 937
462 384
462 841
292 1119
292 442
292 724
292 899
292 194
292 1067
292 341
292 780
292 1023
292 520
292 978
292 1064
292 989
292 155
292 197
1119 442
1119 724
1119 899
1119 1067
1119 579
1119 663
1119 50
1119 1064
1119 430
1119 155
1119 197
1119 467
149 899
149 765
149 465
149 817
149 837
149 470
149 768
442 24
442 1065
442 341
442 663
442 90
442 995
442 50
442 202
442 286
442 155
442 875
724 194
724 1067
724 780
724 401
724 520
724 872
724 937
724 841
724 814
724 430
724 989
724 453
724 214
724 1068
724 940
724 582
1059 579
1059 669
899 1067
899 341
899 443
899 50
899 182
899 155
899 197
194 520
194 978
194 291
194 360
194 97
979 883
979 902
979 1005
979 387
408 227
408 883
408 236
408 80
408 1019
8 1019
42 758
981 608
981 590
981 284
981 533
981 1023
981 90
981 995
981 541
32 203
32 385
32 0
32 323
32 473
32 1062
32 191
514 1000
428 636
428 737
428 877
428 1089
428 863
428 20
428 470
428 943
238 877
238 765
238 454
238 1131
238 221
238 1013
636 357
636 348
636 737
636 877
636 765
636 454
636 685
636 709
636 58
636 10
636 284
636 663
636 885
636 246
636 314
636 807
636 848
636 638
636 598
636 841
636 367
636 478
636 1046
636 862
636 666
636 156
636 946
394 115
394 102
357 987
357 58
357 1116
357 681
357 1014
357 1122
357 577
357 927
357 371
357 707
840 763
840 58
840 945
840 323
840 227
840 885
840 802
840 1061
840 90
840 314
840 476
840 267
840 638
840 846
840 953
840 86
840 252
840 482
840 61
840 713
348 262
348 747
348 386
348 947
348 1040
348 324
348 307
348 918
348 740
348 146
737 765
737 10
737 716
737 600
737 498
737 807
737 1123
737 1046
737 862
737 858
877 794
877 10
877 497
877 18
877 863
877 885
877 996
877 128
203 765
203 763
203 945
203 323
203 226
203 631
203 1116
203 681
203 1014
203 640
203 543
203 245
203 314
203 865
203 424
915 965
915 995
915 680
765 1032
765 444
765 793
765 1127
765 273
765 681
765 498
765 865
765 1123
765 638
765 128
765 852
765 199
765 1126
1009 284
1009 516
1009 817
1009 1042
1125 753
1125 794
1125 1025
1125 1065
1125 1004
753 1025
753 499
753 473
753 314
794 988
794 903
794 631
794 863
794 76
794 443
794 470
794 943
794 994
794 730
123 10
1025 717
1025 178
1025 226
1025 835
1025 967
1025 846
318 605
318 988
318 845
318 1065
318 459
318 735
318 150
717 10
717 725
717 1094
717 367
454 110
454 763
454 1131
454 1006
454 221
454 314
454 162
454 1013
685 494
685 248
685 845
685 227
685 226
685 308
685 317
685 94
685 45
685 954
685 276
181 763
181 302
181 489
181 132
181 271
181 864
181 172
181 279
181 736
181 531
181 312
987 945
987 1004
987 708
987 938
987 1122
987 927
987 598
987 580
987 816
605 661
110 465
110 58
110 845
110 459
110 401
110 141
110 891
913 965
913 1122
913 1105
913 1056
913 596
913 741
610 590
610 671
929 28
929 663
929 855
929 1061
1030 747
1030 307
1030 643
1030 1022
1030 135
854 213
854 178
854 1112
854 228
165 115
165 270
545 655
545 38
545 1061
545 108
545 294
545 439
545 719
545 1044
545 344
545 266
1115 945
1115 323
1115 1004
1115 968
1115 499
1115 287
1115 590
1115 708
1115 1036
1115 1116
1115 1031
1115 681
1115 927
1115 876
1115 864
1115 649
1115 588
1115 1075
763 865
763 271
763 461
763 846
763 367
763 329
763 616
770 77
770 284
770 473
770 314
770 897
770 756
770 156
770 946
770 852
770 400
770 87
770 391
385 0
385 845
385 227
385 39
385 145
385 631
385 544
385 1062
385 600
385 748
385 94
385 269
385 952
385 1054
622 227
622 817
622 744
622 970
24 738
24 917
24 579
24 735
24 663
24 855
24 516
24 79
24 978
24 814
24 337
651 257
651 886
651 284
651 1116
651 818
651 1122
651 434
127 557
127 845
127 157
127 961
127 723
127 878
127 1122
127 1123
127 41
127 269
127 225
127 977
494 868
494 317
494 607
223 351
223 307
223 146
223 643
223 1022
223 986
223 69
223 782
223 534
257 145
257 1116
257 35
257 818
257 927
257 270
257 529
257 431
1093 145
1093 631
1093 90
1093 96
1093 317
1085 415
709 388
709 389
709 659
709 885
709 561
709 896
209 227
209 883
178 584
178 961
178 459
178 835
178 600
178 450
178 299
178 1123
178 503
178 453
178 552
189 561
189 216
189 922
189 985
189 204
447 1067
248 335
248 221
248 226
248 308
248 906
248 276
248 211
248 1003
248 515
248 1051
248 997
248 908
248 275
1067 738
1067 780
1067 912
1067 155
1067 689
1067 197
900 227
900 883
900 438
900 96
900 728
900 317
900 45
900 954
900 171
662 422
662 813
662 855
662 831
662 520
662 453
465 878
465 1045
335 883
335 515
691 56
691 114
734 346
734 912
734 185
734 997
734 974
1089 835
1089 863
1089 807
1089 792
1089 672
557 945
557 444
557 845
557 556
557 510
557 961
557 1127
557 544
557 675
557 533
557 835
557 273
557 600
557 498
557 450
557 232
557 330
557 807
557 453
557 687
557 552
557 969
557 41
557 89
557 672
557 437
557 892
557 230
557 82
655 433
655 631
655 878
655 837
655 439
655 384
1057 988
1057 26
1057 643
1057 135
627 478
1032 422
1032 38
1032 1117
1032 496
1032 917
1032 435
1032 21
1032 490
1032 556
1032 518
1032 961
1032 663
1032 962
1032 505
1032 693
1032 372
1032 33
1032 332
1032 411
1032 668
1032 656
362 584
362 1087
58 1112
58 56
58 716
58 961
58 592
58 626
58 466
58 552
10 374
10 967
10 72
10 144
10 441
10 928
1112 500
1112 592
1112 857
56 415
56 968
56 284
56 1031
56 681
56 1014
56 1122
56 246
56 577
56 425
56 84
56 282
56 102
56 816
56 114
759 723
759 51
683 374
683 23
683 563
683 327
374 23
374 0
374 584
374 441
23 584
23 443
23 952
23 293
23 393
23 589
23 542
23 1028
966 830
966 853
966 284
966 170
966 1062
966 1081
966 367
966 359
966 1105
966 795
966 767
966 1038
966 36
966 358
0 592
0 1122
0 640
0 909
0 921
0 396
0 563
0 319
830 661
830 1127
830 1081
830 962
830 224
830 359
830 767
945 415
945 5
945 1004
945 968
945 590
945 284
945 675
945 1116
945 883
945 1002
945 90
945 935
945 371
945 86
945 424
945 703
945 1011
645 725
645 422
645 50
645 155
297 809
88 725
88 868
88 828
88 345
88 551
725 422
725 868
725 608
725 143
725 341
725 835
725 500
725 522
725 841
725 551
725 106
422 143
422 813
422 579
422 193
422 592
422 663
422 522
422 855
422 927
422 809
422 951
868 828
868 286
868 551
608 143
608 145
608 141
143 109
143 341
828 202
828 712
828 222
738 579
738 780
738 995
738 912
738 520
738 872
738 202
738 155
109 341
584 988
584 444
584 845
584 1065
584 227
584 21
584 1116
584 459
584 1094
584 450
584 299
584 889
584 532
716 240
716 284
716 314
716 367
716 114
716 365
988 845
988 813
988 415
988 21
988 459
988 938
988 1094
988 299
988 307
988 470
988 424
444 496
444 435
444 556
444 510
444 961
444 1127
444 239
444 491
444 273
444 600
444 498
444 299
444 1123
444 956
444 969
444 332
444 668
444 393
444 1096
845 1065
845 813
845 560
845 1047
845 145
845 496
845 21
845 579
845 533
845 459
845 600
845 1081
845 640
845 516
845 308
845 324
845 90
845 299
845 837
845 396
845 307
845 259
845 376
845 84
845 957
845 1054
845 782
845 635
845 55
1131 1004
1131 590
1131 115
1131 1081
1131 729
1131 132
1131 11
1131 1013
1131 914
1131 217
1131 799
1065 459
1065 90
1065 299
1065 937
1065 844
813 1121
813 897
813 1028
560 39
560 435
560 675
560 1094
560 962
560 1061
560 322
560 811
1006 1004
1006 835
1006 296
1006 1107
1006 1063
1006 390
415 323
415 417
415 1004
415 590
415 245
415 837
415 351
415 906
415 192
415 282
415 806
415 261
415 573
415 1073
415 315
415 350
323 1004
323 499
323 287
323 84
323 282
323 741
323 124
323 521
38 982
38 1047
38 433
38 1117
38 917
38 21
38 490
38 510
38 961
38 723
38 457
38 76
38 330
38 439
38 995
38 869
38 672
38 505
38 693
38 372
38 33
38 656
38 1028
38 991
38 870
38 1034
129 114
37 193
37 855
37 989
417 1116
417 640
417 308
417 577
417 902
417 307
417 927
417 598
417 162
417 907
364 853
221 590
221 240
221 473
221 965
221 425
52 39
52 807
52 957
52 107
52 836
52 485
52 617
52 200
52 1106
52 188
52 1113
52 243
661 495
661 314
661 224
5 499
5 909
5 769
853 732
853 367
853 578
853 924
77 590
77 351
77 756
77 967
77 953
77 258
77 852
77 816
77 782
550 1071
550 827
550 935
550 865
550 529
550 3
550 598
550 279
550 587
550 274
550 1120
550 158
886 631
886 817
886 749
886 927
886 995
886 531
886 427
1004 39
1004 968
1004 287
1004 590
1004 433
1004 473
1004 1116
1004 648
1004 439
1004 538
1004 588
1004 269
1004 573
1004 334
227 39
227 982
227 226
227 631
227 451
227 457
227 962
227 308
227 883
227 817
227 90
227 141
227 438
227 96
227 168
227 728
227 317
227 954
227 1003
227 633
227 255
227 423
227 684
39 510
39 631
39 473
39 239
39 533
39 878
39 962
39 516
39 299
39 232
39 568
39 807
39 1123
39 956
39 453
39 198
39 526
39 65
39 748
39 393
39 1113
39 243
39 527
39 1100
982 435
982 457
982 505
982 372
982 656
968 708
968 284
968 1031
968 681
968 1002
968 231
968 86
968 748
968 279
968 635
968 27
571 779
571 367
571 795
1102 281
1102 401
281 193
281 881
281 326
499 392
499 640
499 909
499 1041
499 778
341 346
341 197
1047 401
287 708
287 588
287 427
287 27
226 962
226 516
226 308
226 883
226 90
226 891
226 80
226 967
226 384
226 728
226 588
226 954
226 275
226 990
226 615
226 468
590 708
590 145
590 631
590 1116
590 598
590 434
590 261
590 158
590 27
708 681
708 944
708 427
517 1036
517 35
517 456
517 431
433 457
433 1061
433 869
145 284
145 827
145 749
145 969
793 835
793 2
240 452
115 284
115 170
115 201
115 35
115 256
115 835
115 1000
115 1081
115 839
115 729
115 429
115 132
115 1074
115 11
115 398
115 431
115 184
115 743
115 1012
115 591
115 4
671 835
671 495
671 314
671 974
671 469
671 119
284 510
284 579
284 452
284 723
284 1000
284 827
284 314
284 865
284 1128
284 390
284 371
284 137
284 748
284 125
284 218
284 131
903 864
903 943
903 994
1117 496
1117 917
1117 490
1117 518
1117 105
1117 796
496 917
496 435
496 21
496 490
496 556
496 518
496 961
496 723
496 498
496 232
496 1123
496 969
496 105
496 693
496 33
917 435
917 21
917 490
917 556
917 518
917 995
917 79
917 105
917 693
917 991
917 339
435 21
435 556
435 518
435 498
435 672
21 490
21 556
21 518
21 961
21 239
21 675
21 299
21 995
21 105
21 326
21 372
21 33
21 656
21 1034
490 556
490 518
490 961
490 687
490 105
490 693
490 656
556 518
556 498
556 969
518 1123
518 1034
157 1127
157 1062
157 1123
157 994
157 269
157 693
157 423
510 1127
510 533
510 723
510 273
510 600
510 450
510 232
510 330
510 638
510 956
510 687
510 552
510 41
510 89
510 943
510 672
510 437
510 892
510 230
510 82
510 300
579 855
579 912
579 453
579 689
579 197
579 669
452 965
452 1122
452 876
452 1050
452 150
452 736
452 1080
631 749
631 741
631 563
631 158
631 336
961 663
961 863
961 498
961 969
961 33
961 332
961 411
961 668
961 1096
961 796
961 95
961 803
961 658
1036 390
1036 1050
1036 125
1036 588
1036 741
1036 773
1127 533
1127 491
1127 600
1127 640
1127 498
1127 450
1127 232
1127 330
1127 956
1127 957
1127 526
1127 65
1127 836
1127 41
1127 693
1127 33
1127 1106
1127 188
1127 423
1127 397
1127 101
170 256
170 1081
170 962
544 41
544 200
544 423
544 796
473 489
473 461
473 736
473 527
193 259
193 889
780 881
780 346
780 912
780 989
780 185
780 467
780 669
780 925
451 600
451 876
451 393
451 613
451 850
201 962
201 837
201 995
201 551
201 743
1062 600
1062 439
1062 162
1062 449
497 835
340 239
340 264
340 706
239 264
239 533
239 242
239 232
239 969
239 470
239 352
239 1001
264 675
264 880
264 453
264 706
264 470
264 293
264 1028
675 533
675 242
675 273
675 600
675 1123
675 953
675 687
675 552
675 269
675 33
533 242
533 723
533 273
533 600
533 450
533 299
533 687
533 89
533 33
533 870
533 905
242 204
242 232
242 78
491 723
491 232
491 807
491 956
491 687
491 957
491 526
491 1106
723 232
723 807
723 956
723 672
723 658
878 600
878 72
1116 681
1116 13
1116 581
1116 749
1116 902
1116 927
1116 122
1116 371
1116 953
1116 424
1116 1011
457 439
457 344
35 1081
35 132
35 748
35 431
965 245
965 909
965 63
965 1056
965 49
965 74
569 947
569 761
569 324
569 307
569 191
569 1022
459 299
459 259
459 470
256 456
426 747
426 351
426 307
426 146
426 255
426 136
938 598
938 1095
1031 659
1031 864
1031 102
1031 736
1031 261
389 113
389 216
389 13
389 985
389 637
389 345
389 434
389 986
389 1028
389 983
389 904
389 745
835 1000
835 947
835 626
835 299
835 342
835 351
835 756
835 470
835 102
835 672
835 144
835 365
835 751
835 660
659 561
659 843
659 302
659 216
659 896
273 41
273 33
273 293
273 416
392 429
392 713
392 952
392 542
392 315
392 778
392 826
392 508
1094 299
1094 967
1094 669
1094 811
600 962
600 498
600 204
600 450
600 232
600 330
600 263
600 967
600 956
600 687
600 552
600 836
600 41
600 89
600 672
600 437
600 892
600 230
600 82
600 905
500 168
735 663
592 817
592 232
592 453
592 552
663 937
663 1118
18 885
18 286
346 345
346 912
346 989
346 185
346 1019
346 974
863 885
863 498
863 167
863 72
863 470
863 943
863 730
495 289
495 818
495 343
495 927
495 568
495 865
855 962
855 978
855 376
855 814
855 809
747 543
747 555
747 26
747 245
747 307
747 946
747 146
747 136
747 479
349 1014
842 1086
842 706
818 216
818 13
818 749
818 371
818 1077
818 94
818 587
818 984
681 1071
681 1014
681 1002
681 865
681 122
681 529
681 3
681 876
681 371
681 649
681 384
681 1011
681 187
681 829
681 547
386 245
386 307
386 967
1000 802
1000 995
1000 270
1000 1107
1000 562
1000 12
1000 412
1000 755
1000 476
1000 606
1000 2
1000 14
1000 61
1000 576
1000 720
1000 783
1071 1002
1071 865
1071 529
1071 598
1014 282
1014 102
1014 187
1081 962
1081 914
1122 231
1122 1107
1122 756
1122 86
1122 736
1122 751
1122 64
1122 1060
1086 62
1086 461
1086 736
1086 312
1086 336
1086 1029
1086 369
1086 475
947 721
947 555
947 245
947 761
947 1040
947 324
947 705
947 351
947 307
947 667
947 1022
947 55
947 74
947 660
947 801
947 694
947 963
947 1101
947 632
947 57
947 373
947 1103
343 756
195 707
195 449
195 187
195 599
802 1107
802 476
802 606
802 676
802 1082
802 61
802 720
802 784
164 837
164 612
640 909
640 902
640 1063
640 367
640 795
640 1008
640 331
827 962
827 516
827 902
827 865
827 529
827 598
827 279
827 757
827 252
827 1120
827 829
962 308
962 232
962 396
962 439
962 926
962 94
962 319
962 315
962 615
962 404
962 445
516 216
516 817
516 779
516 1013
516 94
721 324
721 837
721 667
721 191
721 1022
721 1084
401 430
543 688
543 351
543 918
543 135
543 479
543 801
543 353
113 535
113 561
113 985
113 667
113 782
555 688
555 761
555 350
555 74
555 136
555 801
555 750
22 307
51 535
51 249
51 351
51 307
51 135
51 255
51 504
535 688
535 80
535 478
535 515
535 255
535 136
535 504
249 1040
249 351
249 307
249 649
249 168
249 277
249 918
249 643
249 93
249 31
26 135
26 986
26 74
688 245
688 761
688 1040
688 161
688 843
688 302
688 642
688 307
688 848
688 918
688 69
688 74
688 984
688 963
688 353
688 272
688 85
688 9
688 621
245 761
245 902
245 307
245 918
245 782
245 534
245 74
245 632
561 985
561 896
561 63
761 324
761 906
761 667
761 1022
761 55
761 74
761 801
761 1101
761 750
1040 307
1040 667
1040 373
1040 959
1040 370
308 883
308 80
308 744
308 317
308 1003
308 908
308 1083
1049 161
161 843
161 345
161 642
161 848
161 756
161 85
883 438
883 744
883 317
883 1019
883 1003
883 515
883 908
883 603
377 1080
843 848
843 85
356 302
356 62
356 695
356 1080
356 652
302 461
302 751
302 650
216 922
216 13
216 985
216 15
216 167
216 935
216 848
216 969
817 902
817 1063
817 432
817 598
817 707
817 61
1061 648
1061 439
1061 820
498 902
498 232
498 956
498 687
498 969
498 994
498 33
498 332
498 668
498 1096
498 95
498 764
648 439
648 869
648 682
922 637
922 1111
13 637
13 345
13 204
13 935
13 848
13 693
13 200
13 904
985 637
985 964
985 848
985 1105
985 1056
637 779
637 359
637 764
76 989
76 470
76 943
76 994
76 730
76 505
76 656
76 293
76 1028
76 1001
76 602
324 307
324 667
324 191
324 1022
324 1084
618 355
1002 196
1023 90
1023 520
1023 978
1023 50
1023 66
1023 771
1023 94
779 111
779 995
779 367
779 795
779 1060
642 848
909 758
909 342
909 851
909 795
909 713
909 819
704 995
921 111
921 396
921 563
921 319
921 173
758 902
758 795
758 713
111 396
111 327
583 587
436 114
90 529
90 383
90 967
90 953
90 1126
90 898
705 132
705 667
581 604
749 587
749 53
577 902
577 187
450 232
450 453
450 687
450 552
450 41
450 994
450 892
450 82
299 396
299 889
299 1097
299 967
299 918
299 175
299 1084
837 889
837 376
837 918
837 175
342 25
342 819
342 1020
902 425
902 307
902 927
902 598
902 795
902 946
902 1126
902 1058
425 795
232 330
232 807
232 453
232 687
232 552
232 969
232 41
232 89
232 672
232 437
232 892
232 230
232 82
916 927
916 649
916 1075
916 647
916 731
351 307
351 906
351 918
351 146
351 135
351 986
351 69
351 806
351 479
351 752
443 520
443 967
443 470
443 994
443 730
443 952
443 187
443 1091
108 439
294 439
294 538
294 175
396 563
396 327
396 319
396 173
1129 682
890 1024
1114 952
1114 563
1114 319
1114 173
1114 766
1114 288
935 927
935 995
935 865
935 529
935 598
935 162
935 279
307 995
307 598
307 918
307 502
307 191
307 146
307 1022
307 135
307 986
307 69
307 255
307 74
307 136
307 373
906 946
906 146
906 93
679 564
679 974
927 270
927 3
927 598
927 427
927 731
25 1066
330 872
330 687
330 41
330 89
330 437
330 892
330 230
330 82
489 132
489 864
489 527
489 336
439 719
439 344
995 1107
995 562
995 224
995 3
995 864
995 96
995 70
995 478
995 977
995 372
995 634
995 1052
995 138
995 859
995 265
944 816
889 503
1124 667
912 185
912 155
912 1019
314 649
314 162
314 168
314 62
314 277
314 658
568 1063
568 792
296 331
296 623
865 529
865 565
865 3
865 598
865 967
865 279
865 757
865 1077
865 252
865 274
865 1120
865 158
865 427
865 833
901 371
807 1123
807 956
807 969
807 957
807 198
807 65
807 836
807 41
807 485
807 1113
807 243
807 1100
1123 956
1123 453
1123 687
1123 957
1123 198
1123 107
1123 1113
520 978
520 872
520 937
520 453
520 668
520 501
79 814
79 526
79 597
79 665
978 50
978 66
978 771
978 1128
978 814
872 453
1039 291
1039 197
75 270
270 1107
270 12
270 755
270 529
270 14
270 70
270 682
270 799
270 158
270 404
270 752
270 92
50 771
50 155
50 197
66 453
66 291
66 615
771 1083
612 412
612 755
1107 12
1107 1074
1107 682
1107 616
562 12
839 431
848 85
729 11
729 217
729 397
456 431
429 132
429 713
429 184
429 824
429 920
224 271
224 751
132 914
132 743
132 397
132 722
132 619
132 71
132 310
132 941
20 475
271 62
271 329
1097 446
12 98
412 755
412 720
476 61
606 162
727 263
202 286
202 1017
1074 431
638 969
638 269
11 431
11 217
11 1012
11 397
11 824
263 98
263 783
1063 162
376 1064
376 432
376 311
376 880
1064 432
432 311
182 1045
182 197
182 549
1128 814
1128 1068
926 598
926 78
926 1045
937 430
937 989
937 470
820 930
321 1075
529 3
529 598
529 279
529 757
529 1077
3 279
3 158
876 390
876 1050
876 858
876 741
876 1080
84 521
84 925
84 506
84 739
84 30
864 1075
598 380
598 162
598 279
598 1077
598 27
598 647
390 2
390 1050
390 639
390 773
390 941
371 70
649 168
649 277
649 54
380 1070
625 449
438 317
438 171
96 322
96 94
96 153
80 317
80 515
80 603
383 553
967 841
967 989
967 993
967 2
967 751
967 479
967 634
384 672
744 317
168 277
168 1075
168 131
841 672
728 930
317 1098
814 430
814 197
551 470
551 214
989 214
989 733
989 582
185 1019
185 275
185 925
185 849
62 736
461 736
461 378
993 1045
2 470
953 136
953 847
277 1056
277 643
277 49
277 93
277 31
277 621
277 283
86 858
86 1075
86 427
86 829
918 946
918 135
918 353
918 93
918 283
719 175
719 118
719 585
719 344
367 1054
367 928
367 764
359 767
931 613
931 692
70 587
1105 1046
1044 1028
525 98
956 198
956 107
956 65
956 485
956 617
956 1113
956 243
956 423
956 101
956 487
453 687
453 552
453 969
453 549
453 467
687 552
687 41
687 89
687 437
687 892
687 230
687 82
687 300
715 706
715 796
715 1001
715 416
552 269
969 41
969 1113
969 95
969 803
969 658
706 218
706 1001
706 416
398 61
869 870
486 159
291 615
957 107
957 836
957 188
957 1113
198 526
198 107
198 836
198 1045
198 1113
526 107
526 836
526 485
526 1113
107 836
107 1113
836 485
836 597
748 431
125 639
639 1046
41 470
41 89
41 437
41 892
41 230
41 82
667 191
667 1022
667 801
667 57
667 373
667 1103
667 370
667 421
282 573
282 521
695 652
795 767
795 713
795 819
795 664
183 1082
29 934
279 757
279 158
757 252
757 131
757 833
196 158
196 628
1077 252
78 796
1082 656
470 943
470 994
470 730
470 672
155 197
1045 197
105 437
105 693
105 372
105 668
105 991
89 437
89 892
89 230
89 82
159 508
159 634
159 138
159 824
159 797
768 943
767 327
767 288
875 844
669 808
541 228
191 1022
191 1101
191 1084
191 847
943 994
943 730
478 255
478 504
1046 741
666 858
946 740
946 643
946 135
707 449
252 1120
252 158
252 1020
482 1075
713 819
146 986
146 782
146 750
146 177
680 752
1126 796
994 730
994 1028
730 641
94 269
94 829
94 285
94 306
94 325
45 954
45 171
736 336
643 353
643 31
643 621
643 283
1022 1084
1022 370
1022 283
135 353
135 504
135 621
135 283
1075 261
329 69
616 986
616 69
616 534
616 914
616 375
269 644
952 542
952 778
952 508
1054 613
1054 850
1054 764
225 796
225 644
986 69
986 782
986 375
69 375
782 534
782 353
782 93
782 711
1003 894
908 849
672 960
437 892
437 230
437 82
892 230
892 82
230 82
505 372
505 656
505 991
693 300
693 932
372 656
372 542
411 668
411 1096
411 796
411 95
411 803
411 658
411 547
668 1096
668 796
668 95
668 658
656 217
656 991
144 530
441 928
928 1020
563 319
563 288
293 1028
293 602
542 358
542 826
542 508
542 634
542 138
1028 1001
1028 416
36 508
36 634
36 138
36 824
36 797
319 173
319 766
319 288
365 410
1096 95
1096 658
635 54
55 660
914 1101
217 397
806 752
573 776
1073 547
1073 629
315 778
315 508
521 925
521 506
485 617
485 243
617 200
200 423
587 1120
427 27
255 74
255 136
255 504
423 101
423 1091
423 487
527 133
743 722
743 941
796 95
796 658
1080 229
336 1052
95 658
95 702
925 506
613 764
850 764
449 187
1001 416
74 136
74 373
74 621
74 375
1095 229
983 528
751 650
751 104
826 508
826 634
826 138
826 797
508 634
508 138
508 859
508 797
187 488
1029 475
1029 1052
475 1052
1101 539
632 847
373 370
404 138
404 824
353 93
353 31
353 621
353 283
31 621
31 283
621 283
370 375
819 653
288 797
634 138
634 859
634 824
634 797
138 859
138 824
138 797
859 797
833 166
824 920
722 941
722 686
506 815
739 30
378 163
283 375
163 163
