0 800
1 252
1 23
1 10
1 124
1 246
1 333
1 550
1 109
1 107
1 102
1 858
1 101
1 672
1 148
1 896
1 16
1 646
1 389
1 662
1 888
1 426
2 610
2 731
3 626
3 1001
4 480
5 778
5 334
5 273
5 293
6 695
6 973
6 1058
6 254
6 58
6 904
6 1033
6 596
6 570
6 137
7 26
8 1058
9 497
9 883
9 388
9 662
9 734
9 1048
9 577
9 18
9 427
9 450
9 869
9 863
9 547
9 130
9 507
9 90
9 766
9 954
9 800
9 247
9 705
9 293
9 1031
9 263
10 50
10 306
10 969
10 101
10 215
10 904
10 550
10 166
10 1
10 389
10 959
10 350
10 843
10 534
10 538
10 344
10 875
10 994
10 449
10 155
10 808
10 858
10 751
10 990
10 293
11 929
11 131
11 562
11 909
11 469
11 678
11 1063
11 153
11 719
11 778
11 640
11 375
12 837
12 723
12 330
13 394
14 201
15 715
15 1050
15 266
16 629
16 221
16 494
16 1003
16 869
16 1083
16 1027
16 1031
16 1
16 591
17 1077
17 327
17 453
17 325
17 558
17 28
17 983
17 427
17 219
18 691
18 863
18 1095
18 9
18 304
18 629
18 397
18 887
18 459
18 617
18 963
18 921
18 130
18 385
18 823
18 523
18 532
18 609
18 163
18 1128
18 113
18 705
19 807
20 80
20 587
20 905
20 731
20 1094
20 610
20 507
20 1113
20 933
20 591
20 808
20 350
20 433
20 1039
20 155
20 701
21 323
21 372
21 975
21 1054
21 936
22 1101
22 194
22 347
22 303
22 184
22 650
22 106
22 1079
22 554
22 173
22 824
22 911
22 755
22 198
22 593
22 914
22 46
22 1104
22 710
22 874
22 808
22 994
22 660
22 1122
22 778
22 147
23 68
23 751
23 958
23 246
23 1
24 595
24 392
24 464
25 427
26 186
26 887
26 38
26 346
26 670
26 7
27 99
27 71
27 462
27 1067
27 953
27 64
27 969
27 376
27 158
27 394
27 1083
28 983
28 17
28 858
28 640
28 816
28 751
29 466
29 239
29 526
29 642
29 347
29 464
29 830
29 112
30 98
30 327
30 1049
30 813
30 311
31 344
31 558
31 499
31 389
32 856
32 880
32 947
32 492
33 1007
33 519
33 973
33 832
33 38
33 887
33 369
33 463
33 1020
34 1040
34 841
34 175
34 323
34 472
34 162
35 63
35 212
35 57
35 874
35 469
35 354
35 640
35 153
35 562
35 1104
35 76
35 75
35 440
35 434
35 790
35 256
35 1004
35 173
36 69
37 330
37 425
38 887
38 738
38 1063
38 872
38 530
38 994
38 445
38 215
38 544
38 959
38 1079
38 878
38 1026
38 426
38 469
38 346
38 454
38 512
38 267
38 937
38 1045
38 1027
38 755
38 399
38 504
38 389
38 924
38 591
38 710
38 853
38 664
38 1122
38 660
38 33
38 670
38 1124
38 846
38 26
39 471
39 1120
39 894
39 1080
39 715
39 1033
39 280
40 407
40 206
41 123
41 540
41 62
41 946
41 471
41 249
41 415
42 1029
42 1086
42 744
42 117
42 74
42 172
43 159
44 802
44 205
44 841
44 184
44 706
44 634
44 951
44 162
44 1089
45 73
45 1049
45 1042
45 638
45 447
45 190
46 469
46 303
46 347
46 22
46 354
46 937
46 435
46 76
46 212
47 652
48 987
48 1048
48 1070
48 449
48 899
48 293
48 1125
48 412
48 121
48 1041
48 130
49 135
50 685
50 427
50 350
50 558
50 101
50 10
51 57
51 146
51 1053
51 744
51 378
51 113
51 1046
51 852
51 958
51 483
51 104
51 328
51 327
51 431
51 858
51 861
51 872
51 458
51 363
51 1045
51 994
51 605
51 1029
51 301
51 1118
51 118
51 331
52 440
52 564
52 430
52 1004
52 410
52 669
52 920
52 1120
52 453
52 371
52 605
52 941
53 921
53 915
53 365
53 312
53 853
53 186
54 356
54 719
54 542
54 1093
54 213
55 934
55 640
55 212
55 1127
55 562
55 728
55 920
55 328
55 1120
55 430
55 1116
55 76
55 1004
56 446
56 350
57 444
57 914
57 328
57 35
57 194
57 778
57 334
57 773
57 1079
57 51
57 580
57 819
57 104
57 1128
58 570
58 232
58 695
58 573
58 6
59 914
59 807
59 860
59 778
59 334
60 1047
60 151
60 606
60 439
60 1007
60 611
60 67
60 573
60 232
60 220
60 887
60 756
60 695
60 1099
60 245
60 1094
60 72
60 658
60 486
60 823
60 770
60 254
60 501
60 741
60 926
60 933
61 108
61 717
61 342
61 842
62 166
62 41
62 118
62 1124
62 909
62 718
62 396
62 929
62 536
62 597
62 430
62 107
63 929
63 35
63 256
63 75
63 696
63 440
63 1123
63 1004
63 1104
63 173
63 533
63 989
63 686
64 376
64 1028
64 27
64 653
64 224
65 692
65 213
65 623
66 197
66 792
66 997
66 104
66 1062
66 74
66 147
66 83
66 863
66 465
66 880
66 335
66 364
66 338
66 1080
66 905
67 245
67 758
67 869
67 1034
67 501
67 254
67 576
67 296
67 388
67 494
67 1093
67 119
67 844
67 60
67 177
67 370
67 271
67 439
67 523
67 871
67 767
68 460
68 508
68 350
68 683
68 378
68 760
68 23
68 211
68 253
69 162
69 779
69 378
69 1017
69 985
69 1078
69 77
69 559
69 442
69 794
69 965
69 175
69 810
69 323
69 233
69 744
69 182
69 152
69 483
69 36
70 585
70 643
70 115
70 1023
70 172
70 575
71 172
71 808
71 1029
71 585
71 953
71 27
71 345
71 1077
72 60
72 272
72 1079
72 855
72 787
72 606
72 988
72 177
72 254
72 770
72 234
73 638
73 1049
73 653
73 45
73 1042
73 118
73 1119
73 190
73 1113
74 152
74 524
74 85
74 815
74 1029
74 871
74 808
74 768
74 127
74 66
74 1086
74 581
74 42
74 402
74 567
75 35
75 1004
75 63
75 336
75 1127
75 620
75 106
75 929
75 256
75 173
75 954
75 790
75 411
75 440
76 1103
76 562
76 1120
76 955
76 1127
76 173
76 1076
76 212
76 580
76 879
76 410
76 1062
76 998
76 762
76 1029
76 35
76 795
76 55
76 640
76 752
76 354
76 108
76 430
76 971
76 46
77 281
77 1047
77 604
77 1040
77 69
77 609
77 378
77 919
77 162
77 779
77 370
77 369
77 386
77 323
77 182
77 374
78 887
78 969
78 1024
78 591
78 1041
78 948
79 620
79 960
79 417
79 686
79 1103
79 1115
79 842
79 1008
79 1127
79 914
79 212
79 108
80 20
80 453
81 807
81 905
81 778
81 551
81 373
81 669
82 182
82 782
82 799
82 1054
82 422
82 374
82 555
82 985
82 241
83 104
83 66
84 936
84 186
85 871
85 145
85 1045
85 74
85 1085
85 240
85 127
85 372
85 760
85 579
85 1082
86 749
86 812
86 697
87 906
87 858
87 333
87 816
88 649
88 357
88 1132
88 790
88 1117
89 233
89 779
90 642
90 9
90 749
90 547
90 678
91 145
91 1058
91 925
91 1102
92 334
92 720
93 697
93 547
94 415
94 639
94 1026
95 727
96 630
97 568
97 317
97 227
97 621
97 303
97 208
97 212
98 574
98 124
98 950
98 892
98 151
98 638
98 987
98 665
98 903
98 367
98 831
98 1125
98 118
98 662
98 327
98 30
98 447
98 902
98 121
98 537
98 202
98 222
98 709
98 978
98 798
98 737
98 1048
98 640
98 302
98 995
99 864
99 609
99 630
99 633
99 803
99 376
99 288
99 585
99 27
99 1113
99 107
99 521
99 856
99 370
100 995
100 805
101 50
101 1
101 816
101 1093
101 143
101 662
101 389
101 823
101 886
101 10
102 457
102 958
102 1
102 858
103 523
103 913
103 546
103 1113
103 602
103 107
104 1035
104 969
104 465
104 539
104 197
104 828
104 1036
104 57
104 66
104 83
104 1033
104 881
104 715
104 192
104 1080
104 147
104 577
104 643
104 392
104 687
104 474
104 1050
104 1114
104 477
104 51
105 671
106 914
106 1120
106 649
106 987
106 620
106 1132
106 212
106 1104
106 480
106 879
106 954
106 411
106 899
106 75
106 22
106 432
106 1106
106 1127
106 173
106 108
107 328
107 358
107 283
107 1083
107 305
107 997
107 1128
107 1
107 778
107 805
107 135
107 99
107 554
107 62
107 643
107 954
107 103
107 370
108 1120
108 106
108 1127
108 61
108 995
108 620
108 214
108 76
108 212
108 1103
108 79
108 1033
108 987
108 752
108 562
108 1004
108 842
109 858
109 1
109 427
109 571
110 750
110 112
110 157
110 1080
110 147
110 856
110 1066
110 521
110 468
110 930
110 908
110 331
110 338
110 1093
110 775
110 183
110 639
110 415
110 394
110 817
110 656
110 199
110 307
110 409
110 368
110 643
110 358
110 599
110 1041
110 797
111 1064
112 656
112 110
112 29
112 338
112 722
112 1026
112 368
112 468
112 877
112 490
112 755
112 531
112 895
112 264
112 775
112 199
113 374
113 331
113 565
113 806
113 121
113 388
113 1045
113 1041
113 550
113 18
113 765
113 637
113 1031
113 703
113 51
113 166
114 1084
114 352
114 443
114 697
114 519
114 617
115 575
115 521
115 471
115 585
115 70
116 1045
116 177
116 712
116 426
116 427
116 550
116 576
116 215
116 887
116 748
116 738
116 492
116 147
116 394
116 864
116 959
116 770
116 469
116 846
116 346
116 669
116 977
116 1033
116 1063
116 544
116 755
117 1029
117 42
118 638
118 62
118 496
118 259
118 124
118 51
118 1113
118 1042
118 73
118 899
118 903
118 98
118 860
118 412
118 969
119 577
119 523
119 67
119 716
119 308
119 300
119 967
119 1128
119 664
119 887
119 1007
120 871
121 863
121 834
121 98
121 113
121 327
121 223
121 1049
121 48
121 444
122 576
123 316
123 41
123 244
123 589
123 789
123 216
123 461
124 327
124 334
124 151
124 1101
124 558
124 1025
124 320
124 188
124 257
124 961
124 412
124 670
124 638
124 417
124 1026
124 1049
124 917
124 640
124 118
124 739
124 1086
124 661
124 990
124 1
124 665
124 173
124 819
124 662
124 899
124 574
124 196
124 98
124 223
124 847
124 355
125 908
125 1113
125 332
125 1119
125 969
125 903
125 798
125 948
126 207
126 149
126 862
126 248
126 595
126 195
127 1020
127 1105
127 85
127 152
127 607
127 463
127 172
127 1086
127 760
127 74
127 240
128 1110
128 836
129 532
130 1043
130 800
130 228
130 911
130 813
130 883
130 296
130 48
130 142
130 465
130 1040
130 18
130 982
130 9
130 950
130 578
130 893
130 899
130 1024
130 557
130 662
131 742
131 11
131 212
132 846
132 185
132 670
132 755
132 1031
132 964
132 1024
132 151
132 658
132 502
133 201
133 865
133 541
133 384
134 946
134 208
134 394
134 317
134 621
135 283
135 185
135 1055
135 732
135 748
135 49
135 778
135 107
135 954
135 155
135 788
135 1121
136 801
136 938
136 1031
136 267
136 813
136 851
136 921
136 585
136 610
136 652
137 6
138 908
138 668
138 481
138 1066
139 521
139 1040
140 308
140 772
140 1093
141 166
141 926
141 883
141 254
141 497
141 151
142 130
142 926
143 653
143 578
143 1045
143 1056
143 1118
143 557
143 234
143 749
143 691
143 778
143 542
143 1040
143 1114
143 287
143 909
143 703
143 807
143 365
143 101
143 1064
143 805
143 283
143 897
143 333
143 959
143 240
143 1080
143 962
143 710
143 451
144 250
144 654
144 523
144 433
144 423
144 510
145 91
145 1029
145 152
145 1005
145 443
145 402
145 272
145 406
145 1086
145 900
145 617
145 420
145 871
145 744
145 363
145 794
145 85
145 944
145 431
146 978
146 51
147 477
147 856
147 947
147 350
147 878
147 1030
147 338
147 823
147 801
147 465
147 542
147 468
147 204
147 66
147 1080
147 882
147 22
147 643
147 1049
147 448
147 110
147 515
147 116
147 534
147 199
147 150
147 375
147 1093
147 592
147 887
147 539
147 1126
147 104
148 1
148 842
149 126
149 708
149 862
149 1035
149 195
149 687
149 595
149 392
149 248
149 207
150 721
150 792
150 918
150 682
150 473
150 945
150 1126
150 349
150 147
150 595
150 544
150 364
150 1033
150 1060
150 755
151 60
151 531
151 878
151 1113
151 846
151 617
151 159
151 132
151 171
151 177
151 1026
151 124
151 814
151 640
151 217
151 98
151 755
151 570
151 869
151 141
151 188
152 619
152 1128
152 1017
152 871
152 483
152 145
152 127
152 74
152 69
153 963
153 674
153 838
153 564
153 954
153 1025
153 648
153 819
153 562
153 411
153 410
153 1127
153 334
153 1128
153 874
153 247
153 920
153 790
153 610
153 303
153 1101
153 1079
153 35
153 469
153 640
153 475
153 529
153 261
153 1106
153 11
153 752
153 554
153 891
154 232
154 573
154 939
154 485
154 647
155 750
155 278
155 312
155 882
155 492
155 432
155 10
155 700
155 20
155 589
155 1076
155 1019
155 453
155 858
155 469
155 135
155 405
155 385
155 427
155 226
155 908
155 461
155 875
155 997
155 616
155 428
155 334
155 1035
155 1122
156 878
156 466
156 358
156 307
156 1084
157 643
157 607
157 775
157 744
157 378
157 1051
157 872
157 1118
157 1045
157 1053
157 368
157 426
157 247
157 887
157 240
157 1119
157 458
157 331
157 110
157 605
157 595
157 1066
158 519
158 376
158 1052
158 224
158 27
158 370
158 1029
159 400
159 43
159 151
159 841
160 827
161 882
161 515
161 780
161 997
161 563
161 582
161 1044
161 894
161 612
162 370
162 513
162 175
162 34
162 604
162 706
162 1032
162 372
162 1077
162 77
162 910
162 683
162 1040
162 456
162 630
162 521
162 935
162 323
162 799
162 1113
162 1089
162 182
162 69
162 1094
162 418
162 500
162 951
162 253
162 242
162 919
162 936
162 283
162 44
163 532
163 544
163 18
164 451
165 394
165 540
166 10
166 753
166 959
166 141
166 113
166 919
166 62
166 568
166 882
166 553
166 1103
166 999
166 293
166 365
166 542
166 256
166 228
167 444
167 616
167 1061
168 749
169 770
169 636
169 521
170 558
170 1063
170 499
170 990
171 151
171 882
171 894
172 70
172 71
172 42
172 871
172 1071
172 607
172 1029
172 127
173 411
173 562
173 22
173 981
173 778
173 929
173 106
173 75
173 76
173 739
173 620
173 35
173 256
173 124
173 1004
173 752
173 63
174 697
174 749
174 783
174 1108
174 993
174 352
175 1041
175 162
175 472
175 841
175 378
175 34
175 418
175 972
175 69
175 1040
176 303
177 1089
177 660
177 67
177 755
177 937
177 72
177 116
177 633
177 692
177 1033
177 519
177 544
177 502
177 591
177 427
177 209
177 521
177 481
177 1003
177 684
177 925
177 801
177 783
177 513
177 669
177 215
177 151
177 183
177 290
178 298
179 665
179 851
180 1095
180 406
181 1128
181 927
182 77
182 241
182 283
182 799
182 849
182 82
182 1054
182 719
182 500
182 542
182 418
182 69
182 422
182 162
183 1029
183 177
183 110
183 633
183 376
183 1092
184 44
184 719
184 22
184 951
184 841
184 634
185 235
185 135
185 1024
185 132
185 1026
186 26
186 84
186 921
186 883
186 924
186 853
186 53
186 1022
187 736
187 261
188 1024
188 755
188 640
188 574
188 1031
188 337
188 846
188 617
188 1026
188 658
188 502
188 124
188 928
188 679
188 670
188 665
188 151
188 1053
188 412
189 1056
189 1057
190 412
190 496
190 327
190 73
190 45
191 293
192 392
192 643
192 918
192 856
192 349
192 104
192 595
192 465
192 1030
192 1035
193 1111
193 244
193 516
193 864
193 589
194 303
194 1106
194 914
194 22
194 57
194 469
194 660
195 481
195 1126
195 149
195 248
195 427
195 126
196 124
196 662
197 66
197 715
197 539
197 682
197 474
197 1036
197 104
197 938
198 510
198 492
198 244
198 245
198 1033
198 494
198 22
198 817
198 609
198 427
198 973
198 628
198 1124
198 325
198 677
199 576
199 110
199 656
199 1113
199 307
199 908
199 112
199 147
199 531
199 264
200 839
200 240
200 537
200 1040
201 836
201 677
201 823
201 988
201 414
201 133
201 1022
201 14
201 550
201 541
202 302
202 293
202 98
202 709
203 1128
203 855
203 331
204 531
204 856
204 809
204 425
204 880
204 527
204 682
204 947
204 780
204 147
205 471
205 44
205 963
205 732
205 1003
205 609
205 215
205 864
205 550
205 734
205 658
206 40
207 794
207 707
207 1103
207 126
207 535
207 597
207 1127
207 693
207 1124
207 1085
207 595
207 149
207 909
207 536
208 419
208 317
208 635
208 789
208 97
208 568
208 134
208 946
209 177
210 948
210 1113
210 969
210 856
210 903
210 591
211 68
211 427
211 513
211 508
211 253
212 1127
212 131
212 640
212 1120
212 108
212 35
212 410
212 97
212 752
212 411
212 76
212 891
212 46
212 1067
212 79
212 954
212 762
212 1103
212 562
212 286
212 874
212 1076
212 55
212 1004
212 106
213 1033
213 413
213 444
213 554
213 65
213 469
213 995
213 54
213 1079
213 868
214 382
214 1104
214 553
214 108
215 937
215 494
215 881
215 609
215 116
215 755
215 38
215 897
215 658
215 576
215 783
215 177
215 205
215 471
215 738
215 550
215 1033
215 10
215 864
215 544
215 521
215 963
216 1111
216 589
216 123
217 151
217 1024
217 519
217 623
217 461
217 1070
217 1026
217 1113
218 1040
219 17
220 1039
220 433
220 933
220 701
220 501
220 60
220 1077
220 628
221 887
221 869
221 573
221 16
222 662
222 620
222 98
223 124
223 383
223 831
223 737
223 624
223 121
223 412
223 1048
223 978
223 961
224 376
224 64
224 249
224 158
224 406
225 918
225 882
226 155
226 1072
226 249
226 946
226 1047
227 639
227 97
228 509
228 130
228 267
228 308
228 339
228 857
228 231
228 1128
228 451
228 445
228 166
228 712
229 775
230 858
230 371
231 945
231 881
231 228
231 878
232 254
232 695
232 58
232 573
232 154
232 927
232 973
232 60
233 779
233 1013
233 69
233 253
233 604
233 378
233 323
233 89
233 569
233 1040
234 855
234 72
234 143
234 982
235 665
235 503
235 185
235 617
235 1026
235 855
235 325
235 662
235 755
235 1128
235 1024
236 264
236 307
236 338
236 468
237 800
237 749
238 544
238 494
238 1064
238 887
239 668
239 29
240 127
240 200
240 1045
240 1128
240 1053
240 872
240 607
240 157
240 85
240 143
240 458
241 378
241 182
241 604
241 1013
241 283
241 799
241 753
241 609
241 82
241 794
242 469
242 333
242 553
242 909
242 684
242 542
242 1124
242 392
242 1043
242 660
242 521
242 260
242 692
242 775
242 801
242 162
242 1047
242 271
242 1093
242 788
243 684
243 647
244 811
244 123
244 589
244 193
244 198
244 1111
244 864
244 789
245 60
245 331
245 912
245 890
245 198
245 905
245 815
245 67
245 510
246 958
246 23
246 1
247 852
247 358
247 428
247 1051
247 819
247 153
247 710
247 351
247 157
247 908
247 1066
247 1038
247 9
248 126
248 595
248 540
248 195
248 1035
248 392
248 149
248 979
248 1077
249 1072
249 224
249 633
249 1045
249 1029
249 540
249 419
249 406
249 226
249 41
250 904
250 734
250 654
250 994
250 576
250 550
250 144
250 423
251 532
251 697
251 487
251 443
251 1084
251 749
252 417
252 1
253 323
253 513
253 233
253 604
253 68
253 211
253 162
254 633
254 523
254 141
254 423
254 6
254 60
254 770
254 904
254 576
254 602
254 331
254 67
254 994
254 232
254 756
254 494
254 606
254 501
254 72
254 758
254 591
255 1007
256 173
256 438
256 739
256 75
256 640
256 686
256 750
256 929
256 35
256 166
256 63
256 979
257 534
257 917
257 124
257 855
257 662
257 851
258 839
259 118
260 274
260 521
260 522
260 562
260 1025
260 801
260 911
260 242
260 994
261 521
261 542
261 738
261 801
261 469
261 550
261 293
261 660
261 1093
261 911
261 580
261 878
261 187
261 153
261 790
262 924
262 537
263 602
263 9
263 758
263 927
263 1041
264 199
264 409
264 576
264 468
264 112
264 236
264 656
265 633
266 1000
266 15
267 643
267 338
267 880
267 639
267 885
267 882
267 927
267 923
267 656
267 709
267 813
267 1128
267 228
267 136
267 38
267 823
267 375
267 429
267 448
267 800
267 470
268 430
269 906
270 990
270 663
271 242
271 609
271 67
271 758
272 872
272 363
272 605
272 900
272 72
272 619
272 145
272 794
272 965
273 5
274 260
274 1122
274 1115
275 924
276 469
276 870
276 678
276 955
276 598
276 791
277 826
277 487
277 889
277 711
278 532
278 155
278 621
278 317
279 453
280 39
280 723
280 681
280 818
280 718
280 856
280 947
280 514
281 374
281 975
281 77
282 358
282 595
282 295
282 351
282 775
282 1119
283 500
283 1047
283 1032
283 823
283 936
283 143
283 135
283 513
283 1040
283 241
283 107
283 626
283 182
283 162
283 753
283 799
283 615
283 683
284 993
284 995
284 986
284 1119
284 903
284 883
284 350
284 725
284 783
284 328
285 1040
286 452
286 212
287 1040
287 143
288 99
288 727
289 352
289 697
289 719
289 591
290 839
290 1058
290 177
290 1095
290 1012
290 1034
290 385
291 375
292 357
292 381
292 720
293 790
293 758
293 5
293 261
293 166
293 9
293 496
293 1048
293 191
293 10
293 662
293 48
293 952
293 638
293 669
293 325
293 1049
293 202
293 427
294 297
295 595
295 282
296 510
296 815
296 610
296 130
296 67
296 1007
296 544
296 308
297 294
297 805
298 608
298 585
298 1031
298 178
299 695
299 1118
299 921
299 749
300 855
300 641
300 550
300 609
300 396
300 119
300 501
300 584
301 51
302 444
302 709
302 202
302 98
302 902
302 471
303 194
303 97
303 328
303 874
303 46
303 549
303 548
303 537
303 347
303 824
303 812
303 1114
303 774
303 334
303 640
303 469
303 22
303 176
303 153
304 350
304 352
304 18
304 617
305 107
306 10
307 156
307 639
307 769
307 199
307 375
307 908
307 934
307 656
307 351
307 895
307 1066
307 775
307 466
307 321
307 817
307 236
307 487
307 461
307 110
307 877
307 468
308 418
308 800
308 1024
308 846
308 1031
308 119
308 813
308 1026
308 502
308 885
308 689
308 577
308 296
308 228
308 805
308 755
308 140
309 374
310 731
310 433
310 479
311 30
311 483
311 605
312 915
312 1071
312 53
312 155
312 394
312 385
313 993
313 532
313 352
313 697
314 807
315 823
315 885
315 712
316 123
316 589
317 540
317 208
317 1077
317 97
317 635
317 621
317 568
317 134
317 278
318 853
319 833
319 748
320 124
320 412
321 307
322 469
323 793
323 69
323 985
323 253
323 779
323 369
323 77
323 162
323 233
323 1040
323 21
323 34
324 613
324 937
324 564
324 517
324 522
324 651
324 914
324 617
324 387
324 911
324 1114
324 878
325 198
325 293
325 905
325 816
325 327
325 813
325 447
325 235
325 17
326 396
327 1125
327 412
327 190
327 98
327 709
327 30
327 51
327 427
327 471
327 1049
327 325
327 1006
327 17
327 124
327 121
328 696
328 819
328 303
328 1063
328 778
328 444
328 334
328 710
328 911
328 284
328 1004
328 57
328 1127
328 640
328 51
328 868
328 616
328 107
328 1079
328 55
328 877
329 733
329 1115
330 1065
330 489
330 809
330 984
330 335
330 37
330 12
330 880
330 837
330 723
330 1031
331 1086
331 1118
331 967
331 423
331 980
331 1053
331 684
331 694
331 907
331 245
331 581
331 582
331 51
331 113
331 254
331 157
331 872
331 543
331 524
331 1029
331 110
331 856
331 431
331 944
331 767
331 1105
331 1045
331 744
331 203
332 1008
332 125
332 969
332 1113
332 948
333 242
333 1093
333 412
333 558
333 87
333 512
333 719
333 356
333 1
333 843
333 542
333 427
333 143
334 971
334 911
334 616
334 57
334 812
334 1127
334 774
334 59
334 124
334 873
334 562
334 1079
334 1004
334 808
334 554
334 1104
334 469
334 949
334 155
334 577
334 1106
334 153
334 5
334 484
334 303
334 92
334 328
334 850
334 391
334 778
335 448
335 66
335 492
335 735
335 984
335 880
335 330
335 947
335 527
335 425
336 480
336 1122
336 75
336 914
336 444
336 440
336 554
336 954
336 870
336 807
337 188
338 147
338 918
338 112
338 1050
338 236
338 637
338 682
338 66
338 544
338 863
338 1060
338 1062
338 956
338 656
338 465
338 880
338 970
338 110
338 639
338 429
338 1080
338 643
338 856
338 780
338 267
338 448
339 811
339 415
339 864
339 350
339 857
339 228
339 1093
340 1106
341 1049
342 734
342 717
342 584
342 61
343 412
343 640
344 31
344 10
344 558
344 427
345 71
345 1007
346 38
346 887
346 26
346 738
346 959
346 116
346 1045
346 1003
347 303
347 46
347 954
347 29
347 1119
347 22
347 874
347 994
347 877
347 521
348 458
348 501
348 840
348 543
348 758
348 770
349 918
349 192
349 448
349 392
349 1080
349 780
349 1060
349 388
349 1030
349 473
349 552
349 150
350 869
350 10
350 68
350 459
350 954
350 668
350 700
350 550
350 284
350 147
350 583
350 585
350 1030
350 887
350 385
350 304
350 1071
350 496
350 56
350 1041
350 916
350 675
350 20
350 532
350 921
350 669
350 339
350 544
350 649
350 1057
350 50
351 775
351 817
351 656
351 1051
351 595
351 247
351 282
351 576
351 895
351 887
351 307
351 481
352 697
352 174
352 304
352 114
352 289
352 969
352 313
352 993
353 1031
354 35
354 76
354 46
354 580
354 971
354 696
355 990
355 644
355 665
355 124
355 663
355 1026
355 401
356 54
356 1114
356 333
357 623
357 807
357 852
357 720
357 88
357 893
357 480
357 381
357 292
358 156
358 282
358 107
358 247
358 110
358 908
358 656
358 576
359 631
360 1095
361 1041
361 532
361 749
362 369
363 872
363 272
363 51
363 1128
363 458
363 744
363 544
363 977
363 145
363 1045
363 991
363 378
363 402
363 605
364 392
364 66
364 687
364 821
364 1035
364 1033
364 150
364 1126
364 465
365 166
365 965
365 764
365 53
365 1091
365 1007
365 143
366 822
366 703
366 550
367 620
367 98
368 639
368 775
368 110
368 732
368 112
368 576
368 656
368 157
368 1077
368 908
368 969
368 907
368 609
368 895
368 607
368 468
368 1113
369 420
369 573
369 77
369 323
369 1020
369 362
369 869
369 1041
369 33
369 1001
370 643
370 99
370 967
370 67
370 1094
370 158
370 898
370 952
370 849
370 107
370 1083
370 162
370 523
370 77
370 805
370 630
370 1125
371 564
371 410
371 230
371 440
371 52
372 910
372 936
372 85
372 975
372 374
372 162
372 21
373 1063
373 81
373 427
374 422
374 77
374 281
374 113
374 309
374 1032
374 372
374 82
374 760
374 910
374 521
375 609
375 1030
375 823
375 267
375 307
375 643
375 1128
375 778
375 147
375 658
375 806
375 963
375 291
375 429
375 1118
375 433
375 448
375 437
375 11
375 501
375 856
376 1029
376 224
376 653
376 158
376 633
376 864
376 27
376 64
376 183
376 99
377 887
378 1118
378 760
378 431
378 629
378 456
378 1045
378 683
378 157
378 233
378 77
378 500
378 363
378 69
378 458
378 51
378 241
378 1029
378 744
378 175
378 68
378 779
378 793
378 872
378 900
379 433
380 651
381 357
381 807
381 778
381 909
381 292
381 648
382 214
383 709
383 624
383 223
383 417
383 1049
384 677
384 1077
384 133
385 18
385 521
385 1037
385 700
385 290
385 350
385 511
385 550
385 155
385 436
385 312
385 1095
386 1040
386 77
387 324
388 1041
388 9
388 349
388 554
388 968
388 113
388 67
389 521
389 1
389 544
389 453
389 858
389 1128
389 31
389 427
389 893
389 38
389 101
389 10
389 672
390 993
390 1060
390 715
391 1090
391 1120
391 334
391 527
391 745
391 696
391 821
392 364
392 242
392 104
392 1033
392 792
392 969
392 24
392 192
392 687
392 979
392 1077
392 1093
392 248
392 595
392 149
392 465
392 349
392 821
392 542
392 464
392 1035
392 521
393 954
394 468
394 585
394 27
394 116
394 110
394 700
394 312
394 165
394 788
394 13
394 732
394 1071
394 1067
394 463
394 537
394 610
394 134
395 958
395 751
396 300
396 967
396 62
396 326
397 1102
397 1095
397 1084
397 18
398 839
398 695
398 407
399 38
400 159
401 355
402 1029
402 900
402 74
402 567
402 145
402 944
402 578
402 794
402 1105
402 363
402 1045
402 1118
402 744
403 1077
403 1050
404 511
404 1027
404 808
405 155
406 224
406 1095
406 145
406 436
406 621
406 180
406 249
406 622
407 40
407 398
407 1095
408 840
409 877
409 1066
409 110
409 264
409 1085
410 954
410 920
410 371
410 52
410 153
410 909
410 686
410 941
410 616
410 640
410 76
410 1120
410 430
410 212
410 868
410 891
410 1004
411 1070
411 899
411 173
411 212
411 688
411 640
411 75
411 106
411 1104
411 520
411 153
411 1125
412 971
412 870
412 1049
412 432
412 333
412 640
412 223
412 327
412 496
412 1021
412 480
412 1042
412 638
412 48
412 1026
412 990
412 118
412 343
412 190
412 320
412 917
412 188
412 778
412 670
412 124
413 469
413 593
413 778
413 537
413 213
413 747
413 424
414 201
414 421
414 970
415 540
415 339
415 491
415 811
415 41
415 94
415 1093
415 1085
415 110
416 962
417 1008
417 620
417 842
417 987
417 921
417 383
417 252
417 79
417 124
417 709
418 182
418 887
418 426
418 1130
418 175
418 308
418 951
418 1040
418 823
418 604
418 714
418 162
418 1128
418 800
418 1032
419 540
419 946
419 249
419 208
419 568
420 145
420 369
420 900
421 883
421 815
421 759
421 414
421 548
421 1031
421 897
421 910
421 469
421 887
421 641
421 616
421 734
421 822
421 604
421 664
421 576
421 755
422 518
422 374
422 182
422 888
422 82
422 500
423 250
423 254
423 144
423 725
423 853
423 770
423 664
423 494
423 331
423 501
423 887
424 413
424 995
425 37
425 204
425 448
425 335
425 531
425 880
425 1065
425 984
425 521
425 856
426 418
426 817
426 733
426 786
426 748
426 1026
426 1080
426 669
426 846
426 1035
426 38
426 116
426 1043
426 1
426 561
426 1056
426 502
426 544
426 157
427 498
427 177
427 663
427 816
427 906
427 1093
427 887
427 940
427 858
427 389
427 994
427 468
427 9
427 333
427 109
427 860
427 293
427 155
427 471
427 558
427 50
427 195
427 958
427 481
427 17
427 327
427 1033
427 492
427 678
427 198
427 211
427 25
427 116
427 344
427 785
427 373
428 521
428 155
428 1126
428 1033
428 983
428 553
428 713
428 247
428 492
429 375
429 880
429 267
429 338
429 1024
430 879
430 76
430 1025
430 268
430 55
430 410
430 1062
430 920
430 580
430 62
430 1036
430 1120
430 52
431 51
431 872
431 145
431 458
431 331
431 1045
431 378
432 554
432 1120
432 155
432 412
432 842
432 106
432 562
432 1103
433 379
433 933
433 610
433 144
433 731
433 587
433 220
433 628
433 1039
433 310
433 701
433 823
433 375
433 963
433 507
433 20
433 726
433 543
433 1087
433 609
434 1062
434 35
435 1122
435 46
435 994
436 385
436 1095
436 631
436 839
436 1073
436 406
437 375
438 256
439 501
439 67
439 60
440 52
440 929
440 564
440 920
440 954
440 63
440 35
440 371
440 790
440 75
440 336
441 1115
441 1132
442 69
443 749
443 251
443 114
443 1077
443 969
443 145
444 616
444 213
444 480
444 302
444 551
444 57
444 1025
444 336
444 1035
444 121
444 328
444 1048
444 1104
444 560
444 167
444 674
444 523
444 1079
445 38
445 228
446 56
447 1049
447 325
447 98
447 45
448 375
448 267
448 735
448 335
448 1114
448 1050
448 492
448 425
448 681
448 880
448 531
448 338
448 349
448 984
448 947
448 465
448 468
448 147
448 1062
448 464
449 937
449 10
449 48
450 9
450 697
450 749
451 143
451 228
451 164
452 286
453 471
453 279
453 808
453 52
453 966
453 835
453 80
453 389
453 155
453 17
453 815
453 1000
454 38
455 715
455 687
455 464
455 465
455 979
455 1035
455 595
455 821
456 378
456 162
457 102
457 842
458 363
458 431
458 240
458 758
458 51
458 157
458 1053
458 348
458 1045
458 378
458 1029
459 1102
459 1095
459 18
459 350
460 68
460 1077
460 508
460 1128
460 493
461 307
461 877
461 576
461 123
461 1066
461 1111
461 830
461 769
461 217
461 155
462 27
463 127
463 923
463 537
463 394
463 33
464 29
464 821
464 24
464 455
464 1035
464 392
464 687
464 1033
464 448
464 1126
465 979
465 338
465 682
465 192
465 521
465 1126
465 671
465 1035
465 455
465 130
465 997
465 147
465 1033
465 687
465 104
465 66
465 364
465 969
465 392
465 448
466 307
466 156
466 29
467 958
467 842
467 663
468 110
468 643
468 877
468 394
468 639
468 264
468 147
468 236
468 576
468 112
468 427
468 947
468 368
468 448
468 732
468 1077
468 307
469 586
469 11
469 911
469 649
469 421
469 850
469 640
469 261
469 670
469 945
469 774
469 807
469 994
469 660
469 35
469 213
469 1122
469 669
469 116
469 242
469 322
469 1038
469 1077
469 1051
469 692
469 194
469 666
469 334
469 616
469 1025
469 1114
469 710
469 719
469 778
469 413
469 955
469 1123
469 650
469 868
469 937
469 1113
469 914
469 610
469 969
469 1079
469 580
469 1106
469 1033
469 954
469 276
469 995
469 38
469 46
469 303
469 153
469 533
469 791
469 750
469 949
469 562
469 870
469 1127
469 155
469 598
470 267
470 1128
471 302
471 882
471 1012
471 453
471 427
471 327
471 39
471 492
471 41
471 215
471 955
471 115
471 732
471 521
471 1000
471 905
471 864
471 205
472 34
472 841
472 706
472 175
473 1085
473 1062
473 909
473 792
473 535
473 150
473 586
473 349
473 970
474 1035
474 104
474 828
474 197
474 539
474 715
474 1036
474 680
475 732
475 533
475 153
475 640
476 828
477 1035
477 104
477 643
477 147
478 711
479 310
480 1061
480 357
480 4
480 640
480 444
480 665
480 914
480 891
480 1026
480 336
480 955
480 737
480 720
480 670
480 106
480 412
480 911
480 551
480 752
481 427
481 177
481 775
481 908
481 1119
481 195
481 351
481 138
481 595
482 802
483 311
483 960
483 1017
483 703
483 152
483 1078
483 619
483 605
483 51
483 69
484 334
484 644
484 954
485 154
485 872
486 60
486 602
487 251
487 307
487 277
487 656
488 701
489 947
489 330
489 880
490 112
490 609
491 415
492 531
492 335
492 448
492 116
492 918
492 576
492 592
492 735
492 471
492 32
492 155
492 1057
492 945
492 428
492 632
492 1033
492 1012
492 198
492 1062
492 527
492 947
492 880
492 542
492 997
492 808
492 427
492 792
492 515
492 1129
493 460
493 537
494 198
494 905
494 1047
494 16
494 628
494 511
494 215
494 576
494 669
494 1041
494 254
494 884
494 1094
494 423
494 67
494 238
494 787
494 887
495 1079
495 577
496 118
496 1049
496 412
496 1113
496 190
496 1119
496 350
496 1002
496 813
496 798
496 593
496 1042
496 293
497 883
497 9
497 141
497 921
498 427
499 170
499 31
499 558
500 1041
500 162
500 378
500 756
500 683
500 283
500 422
500 860
500 782
500 518
500 794
500 182
500 921
500 555
501 375
501 680
501 756
501 609
501 963
501 550
501 254
501 67
501 60
501 926
501 543
501 844
501 220
501 423
501 770
501 855
501 300
501 348
501 439
502 593
502 788
502 658
502 921
502 132
502 308
502 426
502 188
502 1041
502 537
502 177
502 800
502 846
502 1026
502 823
502 1053
503 683
503 235
503 682
504 911
504 38
504 650
504 915
505 1040
506 1077
506 532
506 926
506 969
506 890
507 726
507 9
507 433
507 20
507 731
508 799
508 68
508 683
508 211
508 460
509 627
509 228
509 857
510 523
510 198
510 144
510 887
510 974
510 296
510 245
510 1031
510 1077
510 678
511 708
511 757
511 1095
511 1005
511 801
511 1027
511 887
511 1037
511 631
511 404
511 629
511 839
511 494
511 385
511 576
512 333
512 807
512 959
512 585
512 38
512 1063
512 553
513 177
513 162
513 253
513 604
513 283
513 519
513 211
513 1032
514 280
514 947
514 856
515 563
515 1119
515 600
515 742
515 1080
515 780
515 682
515 997
515 894
515 552
515 856
515 147
515 612
515 610
515 754
515 863
515 947
515 657
515 582
515 492
515 962
515 1030
515 1044
515 161
516 931
516 1029
516 1111
516 193
517 324
518 782
518 1054
518 1020
518 555
518 422
518 860
518 500
518 985
518 1041
519 692
519 177
519 1095
519 593
519 765
519 158
519 513
519 682
519 653
519 33
519 610
519 704
519 217
519 114
519 542
519 604
520 411
521 162
521 215
521 347
521 385
521 918
521 389
521 392
521 1050
521 591
521 428
521 741
521 1111
521 955
521 1033
521 260
521 808
521 242
521 660
521 261
521 177
521 110
521 598
521 649
521 425
521 1093
521 882
521 374
521 963
521 471
521 954
521 801
521 99
521 1070
521 542
521 937
521 115
521 465
521 692
521 719
521 169
521 550
521 905
521 858
521 139
522 324
522 260
523 546
523 1034
523 510
523 370
523 444
523 144
523 630
523 103
523 254
523 119
523 67
523 18
523 664
523 822
523 532
523 1094
524 331
524 881
524 74
525 610
525 970
526 668
526 29
527 856
527 735
527 1065
527 492
527 335
527 391
527 984
527 837
527 204
528 597
529 153
530 38
530 887
531 151
531 448
531 984
531 880
531 425
531 112
531 492
531 856
531 1065
531 199
531 735
531 204
532 251
532 1034
532 691
532 1084
532 626
532 628
532 129
532 163
532 350
532 876
532 361
532 506
532 313
532 933
532 523
532 757
532 18
532 711
532 1073
532 278
533 63
533 934
533 469
533 475
533 1120
533 955
533 1076
534 147
534 755
534 1045
534 10
534 257
535 473
535 693
535 1085
535 207
535 1030
536 1081
536 742
536 597
536 1085
536 1124
536 207
536 643
536 681
536 582
536 62
537 888
537 1002
537 463
537 413
537 98
537 839
537 262
537 303
537 394
537 502
537 200
537 493
537 676
538 10
539 474
539 147
539 1036
539 828
539 104
539 197
540 419
540 248
540 41
540 317
540 946
540 249
540 415
540 165
541 133
541 201
542 182
542 143
542 492
542 392
542 166
542 261
542 521
542 242
542 1114
542 553
542 147
542 1111
542 1093
542 692
542 918
542 333
542 930
542 519
542 634
542 54
543 587
543 348
543 433
543 1094
543 701
543 550
543 933
543 501
543 331
544 177
544 1045
544 38
544 846
544 819
544 669
544 995
544 150
544 954
544 163
544 1031
544 1026
544 1051
544 763
544 338
544 363
544 1106
544 765
544 977
544 883
544 1018
544 426
544 215
544 935
544 1050
544 885
544 591
544 748
544 238
544 785
544 1114
544 116
544 1033
544 662
544 903
544 389
544 350
544 1041
544 755
544 893
544 838
544 296
545 1030
545 956
545 707
545 1085
546 103
546 523
547 93
547 1084
547 993
547 9
547 1014
547 90
547 1108
547 866
547 783
548 421
548 994
548 303
549 303
550 609
550 350
550 250
550 1124
550 778
550 656
550 883
550 662
550 300
550 919
550 116
550 1045
550 205
550 385
550 755
550 501
550 201
550 543
550 734
550 940
550 113
550 261
550 215
550 633
550 1007
550 758
550 1
550 749
550 593
550 521
550 1027
550 10
550 682
550 366
550 1040
550 878
551 911
551 81
551 554
551 686
551 480
551 444
551 778
551 914
551 807
552 1080
552 780
552 1062
552 997
552 674
552 577
552 882
552 349
552 1000
552 582
552 1114
552 515
553 1093
553 512
553 713
553 566
553 542
553 214
553 428
553 166
553 242
554 778
554 1104
554 954
554 750
554 1079
554 819
554 995
554 22
554 640
554 334
554 388
554 153
554 859
554 213
554 887
554 432
554 551
554 1101
554 336
554 107
555 500
555 985
555 782
555 910
555 849
555 82
555 1054
555 1043
555 518
556 868
556 914
557 143
557 963
557 130
557 712
558 958
558 499
558 427
558 124
558 344
558 170
558 50
558 31
558 333
558 17
559 69
560 444
561 1053
561 900
561 426
562 1104
562 334
562 1103
562 1106
562 11
562 76
562 212
562 616
562 173
562 1127
562 432
562 752
562 1120
562 989
562 260
562 955
562 35
562 920
562 153
562 469
562 55
562 1025
562 850
562 1115
562 762
562 108
562 1004
563 515
563 582
563 997
563 1080
563 600
563 894
563 754
563 161
563 780
564 920
564 153
564 440
564 1127
564 52
564 371
564 324
564 941
564 617
565 664
565 113
565 855
566 994
566 649
566 553
566 887
566 755
567 788
567 678
567 74
567 1053
567 808
567 827
567 744
567 976
567 900
567 402
568 419
568 946
568 1077
568 621
568 208
568 97
568 166
568 317
569 1047
569 233
570 573
570 151
570 1012
570 1069
570 695
570 603
570 750
570 1020
570 6
570 596
570 58
570 969
571 109
572 939
572 969
572 588
573 232
573 730
573 1007
573 610
573 988
573 570
573 60
573 58
573 221
573 154
573 369
574 665
574 1049
574 831
574 98
574 640
574 188
574 903
574 124
575 115
575 70
575 940
576 994
576 199
576 264
576 492
576 734
576 775
576 591
576 656
576 887
576 1119
576 358
576 797
576 1047
576 468
576 664
576 368
576 215
576 461
576 1045
576 421
576 904
576 254
576 690
576 116
576 250
576 758
576 738
576 122
576 67
576 897
576 1003
576 494
576 1033
576 511
576 351
576 908
577 9
577 855
577 308
577 552
577 774
577 119
577 937
577 1128
577 334
577 674
577 495
577 778
577 104
578 823
578 130
578 143
578 402
579 85
580 1103
580 911
580 57
580 909
580 430
580 469
580 710
580 354
580 76
580 261
581 331
581 74
582 1062
582 552
582 918
582 1080
582 1114
582 1093
582 882
582 515
582 331
582 563
582 856
582 780
582 894
582 161
582 997
582 536
583 1033
583 350
584 1047
584 690
584 300
584 734
584 342
585 70
585 883
585 350
585 115
585 953
585 394
585 1128
585 71
585 512
585 823
585 136
585 805
585 99
585 298
586 598
586 955
586 469
586 473
587 903
587 543
587 731
587 1094
587 933
587 433
587 1077
587 1039
587 840
587 20
587 756
588 572
588 939
589 244
589 316
589 789
589 216
589 123
589 1111
589 155
589 193
589 864
590 839
591 755
591 610
591 1093
591 544
591 16
591 969
591 210
591 576
591 78
591 289
591 1059
591 994
591 254
591 177
591 1113
591 521
591 783
591 20
591 38
591 1119
591 914
591 758
591 992
591 993
591 801
591 887
592 492
592 147
592 940
593 616
593 413
593 1041
593 519
593 496
593 888
593 550
593 982
593 502
593 22
594 1063
595 862
595 295
595 24
595 248
595 1113
595 671
595 150
595 157
595 192
595 207
595 149
595 126
595 1077
595 351
595 754
595 282
595 1035
595 682
595 969
595 455
595 687
595 481
595 392
595 1066
596 610
596 570
596 603
596 6
597 536
597 1124
597 881
597 528
597 62
597 742
597 207
598 616
598 521
598 276
598 955
598 791
598 719
598 586
598 870
598 469
598 949
599 110
600 894
600 780
600 979
600 563
600 515
600 1044
600 754
600 882
600 612
600 1080
601 1032
602 787
602 486
602 606
602 263
602 103
602 766
602 254
603 695
603 596
603 570
604 849
604 418
604 753
604 233
604 519
604 935
604 241
604 77
604 253
604 513
604 421
604 793
604 1032
604 162
605 157
605 483
605 51
605 739
605 1053
605 771
605 746
605 52
605 363
605 272
605 960
605 311
606 924
606 986
606 1077
606 72
606 60
606 1081
606 602
606 254
607 368
607 157
607 760
607 127
607 1053
607 172
607 871
607 240
608 298
609 375
609 215
609 18
609 77
609 658
609 368
609 271
609 241
609 490
609 758
609 775
609 801
609 198
609 1031
609 433
609 914
609 501
609 205
609 300
609 734
609 550
609 938
609 662
609 99
609 883
609 1045
610 765
610 591
610 1128
610 525
610 916
610 153
610 20
610 2
610 1033
610 1104
610 515
610 877
610 573
610 938
610 296
610 926
610 1095
610 869
610 905
610 433
610 136
610 770
610 469
610 596
610 758
610 394
610 695
610 519
610 1012
610 691
610 682
610 669
611 60
612 600
612 1044
612 515
612 754
612 997
612 894
612 161
612 882
612 1080
613 324
614 1029
615 283
615 1047
615 626
616 167
616 1076
616 819
616 1079
616 469
616 954
616 920
616 444
616 784
616 421
616 852
616 971
616 1025
616 155
616 562
616 598
616 410
616 328
616 593
616 334
616 1106
616 1104
617 853
617 151
617 903
617 697
617 670
617 1113
617 235
617 1073
617 324
617 564
617 18
617 1024
617 1018
617 800
617 114
617 711
617 304
617 145
617 188
618 680
618 829
619 872
619 483
619 152
619 1017
619 272
620 108
620 75
620 1127
620 842
620 173
620 222
620 1104
620 79
620 417
620 106
620 987
620 367
620 899
620 995
621 568
621 278
621 134
621 317
621 631
621 97
621 622
621 406
622 406
622 621
623 217
623 65
623 640
623 954
623 357
623 639
624 383
624 1049
624 662
624 1048
624 223
624 709
625 794
625 1075
626 615
626 3
626 283
626 532
627 509
627 653
628 433
628 840
628 701
628 220
628 198
628 494
628 532
629 712
629 662
629 16
629 1031
629 18
629 378
629 511
630 812
630 858
630 1047
630 96
630 1031
630 99
630 370
630 967
630 523
630 1125
630 914
630 162
631 708
631 1102
631 621
631 1005
631 511
631 1107
631 1095
631 436
631 359
632 880
632 492
633 994
633 376
633 183
633 1072
633 254
633 869
633 1029
633 249
633 99
633 823
633 550
633 734
633 177
633 265
634 951
634 44
634 542
634 184
635 208
635 946
635 1077
635 317
636 169
636 756
637 113
637 338
638 73
638 98
638 124
638 662
638 1042
638 412
638 118
638 293
638 45
639 94
639 110
639 227
639 267
639 338
639 969
639 797
639 623
639 656
639 368
639 856
639 908
639 468
639 871
639 307
639 724
640 670
640 480
640 790
640 151
640 870
640 650
640 153
640 1026
640 475
640 1127
640 469
640 955
640 954
640 929
640 755
640 1076
640 874
640 55
640 665
640 852
640 212
640 554
640 574
640 28
640 411
640 35
640 410
640 1004
640 188
640 623
640 917
640 256
640 710
640 124
640 688
640 76
640 1024
640 11
640 412
640 303
640 971
640 343
640 98
640 328
640 911
640 752
640 1051
641 300
641 421
642 1095
642 29
642 90
643 375
643 338
643 267
643 536
643 468
643 110
643 1036
643 882
643 1126
643 147
643 477
643 856
643 70
643 780
643 107
643 997
643 370
643 1080
643 192
643 828
643 157
643 104
644 484
644 355
644 867
645 816
646 1
647 154
647 243
648 381
648 153
648 1103
649 778
649 790
649 350
649 1033
649 814
649 469
649 732
649 106
649 566
649 88
649 521
649 911
649 801
650 911
650 640
650 1003
650 504
650 22
650 915
650 660
650 469
650 710
650 807
650 1057
650 824
651 324
651 788
651 380
652 136
652 47
653 73
653 627
653 64
653 519
653 376
653 143
654 770
654 250
654 1094
654 144
655 716
655 732
655 1059
656 112
656 1130
656 338
656 877
656 908
656 895
656 307
656 1119
656 358
656 199
656 576
656 110
656 267
656 368
656 264
656 487
656 639
656 758
656 351
656 550
656 775
656 722
657 515
658 887
658 205
658 188
658 215
658 375
658 609
658 60
658 755
658 1001
658 827
658 800
658 1128
658 502
658 132
658 963
659 893
660 261
660 194
660 801
660 469
660 692
660 242
660 521
660 650
660 22
660 38
660 177
661 124
661 819
662 1063
662 978
662 609
662 550
662 899
662 638
662 544
662 98
662 823
662 665
662 101
662 257
662 1
662 196
662 222
662 1049
662 235
662 624
662 629
662 813
662 293
662 130
662 1098
662 778
662 982
662 743
662 124
662 9
663 751
663 958
663 852
663 467
663 270
663 355
663 990
663 427
664 423
664 758
664 38
664 1094
664 1007
664 421
664 576
664 565
664 1096
664 119
664 684
664 523
665 98
665 640
665 755
665 480
665 903
665 355
665 188
665 124
665 1122
665 179
665 917
665 235
665 1024
665 574
665 784
665 662
666 800
666 469
667 774
668 138
668 239
668 526
668 350
668 908
669 846
669 469
669 833
669 81
669 1077
669 350
669 177
669 918
669 116
669 1041
669 544
669 293
669 52
669 610
669 494
669 426
670 469
670 124
670 480
670 887
670 132
670 617
670 188
670 26
670 412
670 1026
670 38
670 755
670 640
670 1063
671 687
671 856
671 681
671 1035
671 465
671 595
671 979
671 105
671 821
671 871
672 1
672 389
673 792
674 552
674 774
674 577
674 864
674 914
674 997
674 153
674 444
674 1062
675 350
675 1029
675 1077
676 537
677 198
677 988
677 201
677 986
677 384
678 1094
678 567
678 510
678 90
678 427
678 276
678 808
678 906
678 11
678 827
678 716
678 788
679 188
680 501
680 474
680 618
681 448
681 1050
681 671
681 732
681 280
681 1033
681 1000
681 536
682 515
682 519
682 997
682 918
682 550
682 503
682 204
682 338
682 962
682 880
682 1050
682 150
682 947
682 610
682 595
682 465
682 197
683 162
683 508
683 503
683 68
683 283
683 500
683 378
683 799
684 177
684 331
684 664
684 242
684 1094
684 243
685 1038
685 50
686 551
686 914
686 410
686 256
686 1004
686 790
686 63
686 994
686 79
686 891
687 979
687 455
687 364
687 464
687 465
687 392
687 780
687 821
687 149
687 671
687 1035
687 595
687 1033
687 104
688 1104
688 640
688 411
688 899
689 691
689 749
689 703
689 308
690 1047
690 1068
690 584
690 576
691 1024
691 143
691 1128
691 749
691 18
691 689
691 610
691 532
692 519
692 542
692 469
692 177
692 65
692 660
692 242
692 1114
692 937
692 823
692 521
692 1093
693 535
693 207
694 331
694 755
695 603
695 60
695 897
695 610
695 6
695 398
695 58
695 232
695 299
695 570
696 1127
696 954
696 328
696 920
696 1106
696 63
696 850
696 354
696 971
696 391
697 1115
697 313
697 617
697 826
697 289
697 251
697 174
697 86
697 783
697 903
697 1132
697 450
697 1084
697 957
697 993
697 352
697 749
697 114
697 93
698 1051
699 1062
699 955
699 1123
700 155
700 350
700 925
700 394
700 385
700 1033
700 1095
701 628
701 433
701 1113
701 1031
701 20
701 543
701 1094
701 488
701 220
701 933
701 726
701 890
702 734
703 1007
703 143
703 689
703 483
703 113
703 366
703 765
704 519
705 9
705 18
706 935
706 44
706 162
706 779
706 472
706 951
706 1040
706 910
706 1054
706 1089
707 1085
707 545
707 207
707 956
708 1005
708 1107
708 149
708 511
708 631
709 978
709 98
709 302
709 417
709 624
709 1048
709 267
709 202
709 383
709 1049
709 327
710 823
710 819
710 580
710 954
710 328
710 1106
710 143
710 886
710 650
710 1079
710 38
710 469
710 640
710 22
710 843
710 247
711 532
711 277
711 617
711 478
711 826
712 629
712 991
712 315
712 1117
712 557
712 977
712 228
712 885
712 881
712 800
712 1128
712 116
712 1112
713 553
713 428
714 849
714 418
715 828
715 39
715 390
715 197
715 1036
715 952
715 474
715 956
715 455
715 15
715 104
716 678
716 655
716 119
716 1059
717 61
717 741
717 1131
717 342
718 280
718 62
719 333
719 184
719 521
719 54
719 11
719 182
719 289
719 1047
719 469
719 598
719 1019
719 817
720 1132
720 781
720 292
720 357
720 92
720 480
721 150
721 970
722 656
722 112
723 280
723 871
723 330
723 12
724 639
725 423
725 995
725 284
726 890
726 433
726 701
726 507
727 963
727 95
727 897
727 288
728 55
729 1113
730 573
731 587
731 310
731 507
731 1039
731 20
731 2
731 433
732 135
732 1033
732 394
732 812
732 655
732 882
732 468
732 368
732 681
732 908
732 475
732 649
732 471
732 205
733 329
733 426
734 633
734 801
734 973
734 576
734 550
734 741
734 609
734 205
734 9
734 342
734 584
734 421
734 702
734 1047
734 250
735 448
735 947
735 1065
735 335
735 989
735 880
735 984
735 531
735 527
735 492
736 187
736 790
737 480
737 98
737 978
737 223
737 1049
737 827
738 215
738 959
738 261
738 1033
738 576
738 1124
738 887
738 346
738 801
738 38
738 116
739 124
739 256
739 605
739 173
740 765
741 717
741 776
741 60
741 1074
741 734
741 521
742 597
742 885
742 1081
742 536
742 515
742 1124
742 131
742 909
742 881
743 662
744 794
744 1045
744 51
744 378
744 363
744 872
744 69
744 944
744 1029
744 331
744 157
744 145
744 402
744 567
744 1053
744 42
745 391
746 605
747 1047
747 413
748 838
748 135
748 544
748 774
748 426
748 1114
748 116
748 319
749 691
749 697
749 450
749 361
749 237
749 251
749 689
749 443
749 174
749 993
749 783
749 1077
749 1084
749 299
749 889
749 823
749 143
749 86
749 550
749 1095
749 990
749 963
749 90
749 168
750 554
750 155
750 256
750 469
750 110
750 989
750 570
751 28
751 395
751 23
751 858
751 663
751 10
751 990
752 981
752 1004
752 108
752 640
752 562
752 480
752 173
752 212
752 76
752 153
752 1103
753 241
753 166
753 283
753 604
754 600
754 595
754 780
754 563
754 882
754 894
754 612
754 879
754 1044
754 997
754 856
754 1080
754 515
754 1113
755 112
755 846
755 1026
755 800
755 694
755 308
755 658
755 1024
755 670
755 665
755 640
755 38
755 591
755 22
755 116
755 150
755 177
755 1045
755 215
755 421
755 534
755 544
755 914
755 550
755 132
755 566
755 235
755 151
755 188
756 1041
756 938
756 500
756 254
756 501
756 860
756 636
756 60
756 587
757 511
757 532
758 1113
758 770
758 263
758 271
758 67
758 254
758 768
758 293
758 1047
758 783
758 844
758 576
758 458
758 656
758 591
758 610
758 550
758 854
758 958
758 664
758 348
758 926
758 609
759 1041
759 421
760 378
760 374
760 68
760 85
760 607
760 127
760 841
760 794
761 821
762 850
762 1076
762 212
762 76
762 562
763 544
763 1047
764 365
765 1031
765 1003
765 113
765 943
765 938
765 544
765 740
765 887
765 610
765 519
765 1015
765 703
765 849
765 845
766 602
766 9
767 825
767 331
767 67
768 1039
768 758
768 74
768 812
768 1077
768 1113
768 871
768 1094
769 461
769 1066
769 908
769 307
769 797
769 930
770 758
770 348
770 887
770 116
770 501
770 254
770 60
770 610
770 72
770 654
770 423
770 169
771 605
772 140
773 57
774 303
774 667
774 334
774 577
774 469
774 748
774 674
775 481
775 905
775 908
775 229
775 368
775 282
775 609
775 656
775 157
775 1119
775 351
775 307
775 242
775 1066
775 110
775 112
775 576
776 741
777 1066
778 914
778 5
778 911
778 57
778 550
778 59
778 649
778 1106
778 662
778 81
778 107
778 143
778 1122
778 577
778 11
778 554
778 135
778 807
778 551
778 22
778 1101
778 1063
778 381
778 413
778 954
778 412
778 823
778 1035
778 375
778 328
778 173
778 334
778 469
779 233
779 69
779 802
779 89
779 1089
779 1040
779 706
779 1013
779 841
779 77
779 378
779 323
779 951
779 888
780 582
780 563
780 894
780 552
780 1044
780 600
780 882
780 754
780 338
780 969
780 1062
780 643
780 687
780 161
780 997
780 349
780 515
780 918
780 204
781 720
782 82
782 985
782 555
782 518
782 500
783 547
783 215
783 969
783 284
783 591
783 993
783 887
783 177
783 749
783 903
783 174
783 758
783 697
784 616
784 1103
784 665
784 1076
785 958
785 544
785 427
786 426
786 1026
786 846
787 602
787 72
787 494
787 1047
788 394
788 678
788 1121
788 135
788 651
788 242
788 502
788 996
788 937
788 567
788 827
789 1067
789 123
789 208
789 244
789 589
790 911
790 75
790 261
790 153
790 736
790 686
790 814
790 35
790 954
790 1132
790 1004
790 440
790 88
790 649
790 293
790 640
791 469
791 276
791 955
791 598
792 673
792 1060
792 66
792 150
792 392
792 492
792 918
792 473
792 997
793 1043
793 799
793 604
793 323
793 378
794 900
794 744
794 241
794 951
794 944
794 760
794 272
794 1105
794 207
794 402
794 625
794 1053
794 500
794 69
794 145
795 1103
795 76
796 1095
797 639
797 769
797 110
797 576
798 125
798 1049
798 995
798 1070
798 98
798 496
798 969
799 1054
799 241
799 935
799 82
799 182
799 162
799 508
799 283
799 793
799 683
799 985
799 849
800 813
800 982
800 823
800 846
800 1049
800 805
800 885
800 887
800 1026
800 1031
800 0
800 617
800 712
800 658
800 418
800 308
800 502
800 267
800 9
800 755
800 666
800 237
800 130
801 937
801 511
801 660
801 738
801 649
801 260
801 521
801 177
801 591
801 147
801 261
801 242
801 1026
801 1093
801 136
801 878
801 734
801 897
801 609
801 1047
802 44
802 779
802 1037
802 482
803 99
804 1129
805 585
805 297
805 945
805 1084
805 1113
805 100
805 800
805 903
805 308
805 143
805 107
805 370
806 375
806 113
807 314
807 551
807 381
807 336
807 778
807 512
807 19
807 650
807 886
807 357
807 823
807 143
807 81
807 469
807 59
807 914
808 20
808 567
808 22
808 453
808 521
808 492
808 1106
808 10
808 827
808 334
808 678
808 71
808 74
808 404
809 330
809 204
810 69
810 815
811 415
811 339
811 244
811 931
812 1094
812 1121
812 630
812 334
812 1027
812 303
812 768
812 732
812 921
812 86
813 1009
813 958
813 308
813 1053
813 30
813 325
813 917
813 991
813 267
813 662
813 136
813 496
813 831
813 800
813 1100
813 130
814 649
814 151
814 790
815 871
815 1034
815 890
815 245
815 453
815 421
815 296
815 1087
815 810
815 74
816 645
816 427
816 325
816 87
816 28
816 893
816 101
817 719
817 426
817 1066
817 945
817 110
817 843
817 198
817 908
817 351
817 307
818 280
818 947
819 554
819 153
819 328
819 710
819 247
819 124
819 57
819 1051
819 544
819 616
819 1063
819 954
819 661
820 1093
820 990
821 1033
821 687
821 1106
821 464
821 1035
821 671
821 979
821 761
821 391
821 862
821 455
821 392
821 1126
821 364
822 421
822 915
822 1057
822 366
822 1041
822 523
823 283
823 101
823 662
823 147
823 375
823 502
823 585
823 18
823 710
823 633
823 578
823 807
823 692
823 883
823 433
823 418
823 60
823 778
823 938
823 1128
823 267
823 749
823 1095
823 800
823 881
823 201
823 315
823 926
823 885
824 911
824 22
824 303
824 650
825 767
826 277
826 697
826 711
827 658
827 160
827 808
827 678
827 567
827 788
827 737
828 104
828 474
828 539
828 643
828 1036
828 715
828 476
829 618
830 29
830 461
830 1066
830 908
831 98
831 813
831 574
831 1049
831 1042
831 223
832 33
833 669
833 319
834 121
835 453
836 128
836 965
836 921
836 1003
836 201
836 883
836 988
837 527
837 947
837 12
837 880
837 1065
837 330
838 544
838 153
838 748
839 1107
839 537
839 1095
839 511
839 986
839 200
839 1037
839 1109
839 436
839 924
839 258
839 398
839 853
839 590
839 290
840 587
840 628
840 348
840 408
841 159
841 44
841 184
841 1016
841 1013
841 175
841 472
841 951
841 34
841 760
841 779
841 1055
841 1040
842 61
842 432
842 987
842 108
842 467
842 457
842 79
842 417
842 148
842 620
843 817
843 333
843 10
843 710
843 962
844 758
844 501
844 67
845 765
846 669
846 544
846 188
846 151
846 1031
846 755
846 132
846 116
846 800
846 38
846 1024
846 426
846 308
846 502
846 786
847 124
848 969
848 1014
849 604
849 1128
849 182
849 370
849 555
849 799
849 888
849 765
849 714
850 696
850 762
850 469
850 334
850 1076
850 971
850 562
850 920
851 257
851 855
851 1009
851 179
851 136
852 1124
852 616
852 51
852 663
852 909
852 640
852 1112
852 357
852 247
853 865
853 186
853 1128
853 53
853 883
853 839
853 318
853 617
853 423
853 38
853 924
854 758
855 1047
855 203
855 235
855 1007
855 234
855 577
855 72
855 300
855 967
855 1083
855 851
855 501
855 565
855 257
856 425
856 99
856 671
856 582
856 375
856 338
856 32
856 894
856 331
856 110
856 947
856 531
856 527
856 204
856 280
856 882
856 514
856 210
856 754
856 192
856 643
856 918
856 515
856 147
856 1107
856 639
856 1113
857 509
857 228
857 339
858 427
858 51
858 109
858 389
858 630
858 102
858 1
858 521
858 10
858 230
858 155
858 28
858 751
858 958
858 87
859 554
859 954
860 518
860 1048
860 118
860 59
860 500
860 954
860 756
860 427
860 938
861 51
862 149
862 821
862 126
862 595
862 979
863 18
863 515
863 9
863 1128
863 66
863 338
863 121
864 244
864 376
864 1111
864 193
864 1125
864 589
864 99
864 205
864 471
864 1007
864 215
864 116
864 339
864 1041
864 674
864 1033
865 133
865 885
865 853
866 547
867 644
868 1079
868 978
868 410
868 328
868 556
868 994
868 995
868 914
868 911
868 954
868 213
868 469
869 633
869 67
869 610
869 221
869 938
869 1041
869 963
869 350
869 16
869 151
869 369
869 9
869 1057
869 921
870 598
870 276
870 469
870 955
870 336
870 412
870 640
871 639
871 607
871 768
871 960
871 815
871 152
871 120
871 74
871 145
871 67
871 85
871 671
871 172
871 723
872 939
872 1045
872 331
872 240
872 363
872 431
872 924
872 1053
872 157
872 272
872 38
872 51
872 485
872 1029
872 378
872 744
872 619
873 334
874 153
874 1103
874 1127
874 1132
874 347
874 1104
874 22
874 303
874 1010
874 954
874 640
874 212
874 35
875 941
875 10
875 934
875 155
876 532
877 307
877 347
877 328
877 461
877 908
877 468
877 610
877 409
877 112
877 656
878 147
878 261
878 151
878 1033
878 324
878 994
878 231
878 38
878 156
878 801
878 550
879 430
879 106
879 76
879 1062
879 1120
879 754
880 425
880 492
880 429
880 894
880 1056
880 335
880 531
880 1065
880 66
880 632
880 489
880 735
880 448
880 947
880 338
880 1080
880 330
880 204
880 682
880 1128
880 32
880 837
880 267
881 104
881 712
881 909
881 597
881 742
881 524
881 1056
881 885
881 823
881 215
881 991
881 231
882 171
882 643
882 780
882 918
882 997
882 1065
882 225
882 552
882 147
882 907
882 962
882 521
882 600
882 856
882 1044
882 471
882 1080
882 612
882 1114
882 155
882 894
882 947
882 940
882 732
882 267
882 161
882 945
882 582
882 754
882 166
883 1027
883 823
883 550
883 853
883 914
883 284
883 186
883 130
883 9
883 609
883 585
883 924
883 995
883 975
883 497
883 421
883 544
883 836
883 141
883 954
884 494
885 315
885 1056
885 800
885 909
885 977
885 308
885 544
885 742
885 881
885 1128
885 712
885 865
885 823
885 267
886 895
886 101
886 710
886 962
886 807
887 1064
887 576
887 566
887 421
887 591
887 1045
887 418
887 147
887 554
887 905
887 1095
887 157
887 783
887 670
887 423
887 658
887 770
887 377
887 511
887 60
887 959
887 119
887 494
887 238
887 26
887 346
887 427
887 18
887 510
887 1058
887 530
887 221
887 1118
887 350
887 116
887 765
887 800
887 78
887 38
887 33
887 351
887 738
888 1
888 1032
888 1113
888 593
888 779
888 422
888 537
888 1047
888 849
889 749
889 277
890 1100
890 701
890 506
890 726
890 245
890 815
891 153
891 914
891 212
891 686
891 410
891 480
892 98
893 544
893 816
893 357
893 659
893 389
893 130
894 880
894 997
894 161
894 882
894 780
894 754
894 909
894 856
894 1080
894 1044
894 582
894 1030
894 563
894 612
894 515
894 600
894 39
894 171
895 1119
895 886
895 307
895 1066
895 656
895 908
895 351
895 368
895 112
896 1
897 421
897 727
897 1027
897 143
897 695
897 801
897 215
897 1041
897 1121
897 576
897 1084
898 370
899 1049
899 688
899 995
899 1070
899 130
899 1127
899 662
899 118
899 124
899 620
899 1104
899 48
899 1125
899 411
899 106
899 954
899 987
900 378
900 561
900 944
900 402
900 794
900 272
900 420
900 145
900 567
900 1086
901 995
902 98
902 302
903 993
903 118
903 98
903 587
903 284
903 1119
903 805
903 125
903 1048
903 783
903 544
903 574
903 617
903 1026
903 210
903 969
903 665
903 697
904 6
904 250
904 1119
904 254
904 576
904 10
905 81
905 471
905 610
905 494
905 20
905 1034
905 1033
905 887
905 66
905 325
905 245
905 521
905 1041
905 775
906 269
906 678
906 87
906 427
907 1086
907 882
907 331
907 368
907 1060
908 199
908 769
908 110
908 1066
908 775
908 639
908 138
908 247
908 656
908 1051
908 125
908 668
908 895
908 155
908 307
908 481
908 368
908 358
908 1119
908 576
908 817
908 830
908 877
908 732
909 410
909 1127
909 11
909 742
909 473
909 143
909 852
909 242
909 381
909 885
909 962
909 207
909 62
909 894
909 1124
909 881
909 580
910 706
910 555
910 372
910 162
910 374
910 421
911 469
911 551
911 324
911 1128
911 790
911 1122
911 914
911 328
911 1106
911 580
911 650
911 649
911 480
911 824
911 22
911 868
911 130
911 504
911 778
911 334
911 1025
911 640
911 954
911 261
911 260
912 245
913 103
913 1094
914 609
914 1035
914 1122
914 1113
914 22
914 1104
914 59
914 480
914 755
914 883
914 324
914 336
914 630
914 778
914 1119
914 469
914 57
914 1117
914 1106
914 686
914 868
914 591
914 79
914 194
914 807
914 891
914 106
914 551
914 911
914 556
914 994
914 674
915 53
915 504
915 822
915 650
915 938
915 312
915 1031
916 610
916 350
917 665
917 257
917 412
917 640
917 124
917 813
917 1049
918 780
918 682
918 1044
918 669
918 150
918 542
918 338
918 882
918 792
918 1080
918 521
918 1060
918 492
918 192
918 856
918 1030
918 225
918 349
918 582
919 77
919 550
919 166
919 162
920 616
920 430
920 562
920 971
920 440
920 153
920 564
920 1004
920 696
920 941
920 1106
920 1120
920 410
920 1127
920 55
920 52
920 850
921 812
921 502
921 186
921 299
921 982
921 136
921 836
921 497
921 500
921 53
921 417
921 938
921 1040
921 350
921 18
921 869
921 1041
921 999
922 1070
923 267
923 1128
923 973
923 463
924 872
924 965
924 853
924 986
924 275
924 974
924 883
924 839
924 262
924 988
924 38
924 606
924 186
925 177
925 700
925 1095
925 91
926 758
926 506
926 501
926 142
926 610
926 60
926 141
926 823
927 267
927 232
927 263
927 181
928 188
929 1123
929 640
929 75
929 440
929 63
929 173
929 1004
929 11
929 62
929 256
930 769
930 110
930 542
931 1111
931 516
931 811
931 1067
932 1099
933 1094
933 20
933 1034
933 1087
933 1039
933 433
933 220
933 701
933 60
933 587
933 543
933 532
934 1119
934 533
934 307
934 941
934 55
934 875
935 706
935 799
935 162
935 604
935 544
936 162
936 84
936 372
936 975
936 283
936 21
937 38
937 46
937 577
937 1027
937 955
937 177
937 449
937 788
937 324
937 469
937 1122
937 521
937 215
937 692
937 801
937 1101
938 136
938 1022
938 765
938 1041
938 1064
938 860
938 1027
938 610
938 609
938 921
938 1128
938 823
938 869
938 915
938 756
938 963
938 197
939 572
939 588
939 872
939 154
939 1022
939 965
940 1033
940 882
940 592
940 575
940 1023
940 550
940 427
941 920
941 410
941 1062
941 875
941 564
941 52
941 934
942 1059
943 765
944 145
944 900
944 794
944 402
944 331
944 744
945 469
945 1045
945 231
945 817
945 805
945 1050
945 492
945 1101
945 150
945 882
946 568
946 540
946 41
946 419
946 635
946 226
946 208
946 134
947 880
947 448
947 147
947 984
947 280
947 856
947 515
947 468
947 837
947 32
947 335
947 489
947 204
947 969
947 492
947 682
947 882
947 818
947 514
947 735
948 332
948 210
948 78
948 969
948 125
948 1113
949 1079
949 955
949 598
949 1127
949 334
949 469
950 98
950 130
951 779
951 634
951 1040
951 841
951 794
951 184
951 44
951 1089
951 418
951 162
951 706
952 715
952 293
952 370
953 994
953 969
953 27
953 71
953 585
954 336
954 9
954 410
954 981
954 347
954 350
954 393
954 790
954 987
954 778
954 440
954 819
954 1010
954 623
954 153
954 859
954 135
954 899
954 710
954 868
954 1106
954 874
954 521
954 860
954 640
954 616
954 1104
954 469
954 1063
954 883
954 106
954 544
954 107
954 1079
954 554
954 911
954 484
954 75
954 212
954 696
955 521
955 640
955 699
955 598
955 562
955 533
955 791
955 1044
955 276
955 1114
955 937
955 76
955 870
955 586
955 469
955 949
955 471
955 480
955 1123
956 715
956 970
956 707
956 338
956 545
957 697
958 785
958 663
958 246
958 858
958 102
958 51
958 758
958 395
958 813
958 427
958 23
958 558
958 467
959 512
959 38
959 346
959 116
959 143
959 166
959 10
959 887
959 738
960 1115
960 483
960 79
960 605
960 871
961 124
961 223
961 1049
962 843
962 143
962 1056
962 1126
962 416
962 682
962 909
962 997
962 515
962 886
962 1080
962 882
963 215
963 869
963 1057
963 1040
963 205
963 1041
963 1024
963 658
963 938
963 1045
963 501
963 375
963 749
963 557
963 433
963 153
963 727
963 18
963 521
964 132
965 939
965 272
965 69
965 924
965 836
965 365
965 1091
966 453
967 119
967 855
967 396
967 630
967 370
967 331
968 388
969 10
969 368
969 993
969 591
969 570
969 572
969 104
969 783
969 352
969 903
969 210
969 78
969 1113
969 595
969 443
969 332
969 469
969 1119
969 506
969 27
969 125
969 392
969 948
969 118
969 465
969 953
969 947
969 1083
969 848
969 798
969 1070
969 639
969 780
969 1022
970 721
970 956
970 473
970 338
970 414
970 525
971 354
971 1123
971 76
971 850
971 412
971 1106
971 640
971 616
971 920
971 1076
971 696
971 334
972 175
973 6
973 33
973 232
973 734
973 198
973 923
974 510
974 924
975 21
975 372
975 281
975 936
975 883
976 567
977 1045
977 712
977 885
977 116
977 363
977 544
978 662
978 737
978 223
978 709
978 868
978 98
978 1048
978 146
978 1049
979 465
979 600
979 687
979 671
979 256
979 248
979 455
979 392
979 862
979 1036
979 821
980 331
981 173
981 1104
981 954
981 752
982 130
982 800
982 662
982 234
982 593
982 921
982 1095
983 428
983 17
983 28
984 330
984 527
984 1065
984 425
984 947
984 448
984 335
984 735
984 531
985 323
985 69
985 82
985 799
985 555
985 782
985 518
986 924
986 1129
986 839
986 1003
986 677
986 606
986 284
986 1113
987 48
987 1070
987 106
987 108
987 98
987 417
987 842
987 620
987 1127
987 899
987 954
988 677
988 201
988 1022
988 836
988 924
988 573
988 1003
988 72
988 1007
989 735
989 1101
989 63
989 1123
989 750
989 562
989 999
990 355
990 124
990 412
990 749
990 663
990 170
990 751
990 10
990 820
990 270
991 1117
991 813
991 1029
991 363
991 881
991 712
992 591
993 1113
993 1077
993 352
993 591
993 174
993 903
993 749
993 783
993 1014
993 547
993 390
993 969
993 284
993 697
993 313
994 953
994 260
994 878
994 591
994 22
994 347
994 427
994 254
994 51
994 633
994 566
994 1101
994 1122
994 435
994 1051
994 868
994 469
994 250
994 38
994 914
994 686
994 548
994 576
994 1045
994 1033
994 10
995 1106
995 1055
995 1120
995 1049
995 899
995 100
995 98
995 798
995 424
995 213
995 1024
995 868
995 883
995 1077
995 620
995 108
995 469
995 544
995 554
995 901
995 725
995 284
995 1113
996 788
997 492
997 582
997 754
997 155
997 792
997 1062
997 161
997 894
997 66
997 612
997 1080
997 674
997 780
997 552
997 465
997 682
997 563
997 882
997 1060
997 962
997 107
997 643
997 515
998 76
999 989
999 921
999 166
1000 1050
1000 453
1000 552
1000 471
1000 681
1000 266
1001 369
1001 3
1001 1077
1001 658
1002 496
1002 537
1003 576
1003 836
1003 177
1003 205
1003 1045
1003 16
1003 1033
1003 1129
1003 650
1003 765
1003 346
1003 986
1003 988
1004 55
1004 334
1004 1120
1004 108
1004 752
1004 1127
1004 52
1004 35
1004 562
1004 328
1004 63
1004 173
1004 929
1004 686
1004 920
1004 212
1004 790
1004 1103
1004 75
1004 640
1004 410
1005 1095
1005 145
1005 631
1005 708
1005 511
1005 1107
1006 327
1007 573
1007 864
1007 703
1007 1084
1007 855
1007 60
1007 296
1007 33
1007 988
1007 255
1007 550
1007 345
1007 365
1007 119
1007 664
1008 332
1008 417
1008 79
1008 1064
1009 813
1009 851
1010 954
1010 874
1011 1082
1012 570
1012 1102
1012 610
1012 492
1012 471
1012 290
1013 779
1013 1040
1013 233
1013 241
1013 841
1014 848
1014 993
1014 547
1015 765
1016 841
1017 152
1017 69
1017 483
1017 619
1018 617
1018 544
1019 1095
1019 155
1019 719
1019 1033
1020 127
1020 518
1020 33
1020 570
1020 369
1021 412
1022 201
1022 939
1022 186
1022 988
1022 969
1022 938
1023 940
1023 70
1024 188
1024 1026
1024 846
1024 78
1024 217
1024 691
1024 185
1024 235
1024 665
1024 308
1024 132
1024 617
1024 995
1024 429
1024 1120
1024 130
1024 755
1024 640
1024 963
1025 153
1025 616
1025 444
1025 124
1025 430
1025 562
1025 1120
1025 1062
1025 469
1025 260
1025 911
1026 355
1026 185
1026 903
1026 235
1026 412
1026 1024
1026 151
1026 544
1026 480
1026 1053
1026 38
1026 217
1026 801
1026 670
1026 800
1026 502
1026 755
1026 188
1026 124
1026 426
1026 308
1026 94
1026 786
1026 640
1026 112
1027 937
1027 404
1027 38
1027 938
1027 883
1027 16
1027 550
1027 511
1027 1041
1027 812
1027 897
1028 64
1029 675
1029 458
1029 249
1029 331
1029 145
1029 183
1029 74
1029 991
1029 71
1029 744
1029 1045
1029 172
1029 51
1029 76
1029 158
1029 378
1029 117
1029 42
1029 1078
1029 376
1029 633
1029 402
1029 1053
1029 614
1029 516
1029 872
1030 350
1030 515
1030 535
1030 918
1030 1080
1030 1045
1030 192
1030 147
1030 349
1030 375
1030 894
1030 545
1031 630
1031 544
1031 629
1031 510
1031 701
1031 765
1031 16
1031 132
1031 915
1031 136
1031 308
1031 609
1031 298
1031 846
1031 353
1031 330
1031 9
1031 421
1031 800
1031 188
1031 113
1032 283
1032 374
1032 162
1032 601
1032 604
1032 888
1032 418
1032 513
1033 213
1033 687
1033 521
1033 610
1033 1104
1033 681
1033 1035
1033 215
1033 878
1033 700
1033 1126
1033 994
1033 465
1033 198
1033 544
1033 116
1033 821
1033 576
1033 905
1033 864
1033 104
1033 177
1033 492
1033 1019
1033 649
1033 469
1033 392
1033 39
1033 738
1033 464
1033 6
1033 732
1033 583
1033 940
1033 427
1033 150
1033 428
1033 108
1033 1003
1033 364
1034 905
1034 933
1034 532
1034 815
1034 290
1034 67
1034 1102
1034 523
1035 155
1035 671
1035 474
1035 248
1035 364
1035 1036
1035 149
1035 1126
1035 477
1035 104
1035 444
1035 465
1035 914
1035 1033
1035 426
1035 778
1035 687
1035 192
1035 595
1035 821
1035 392
1035 455
1035 464
1036 643
1036 104
1036 828
1036 197
1036 1035
1036 539
1036 430
1036 715
1036 979
1036 474
1037 839
1037 802
1037 511
1037 385
1038 247
1038 469
1038 685
1039 933
1039 433
1039 587
1039 20
1039 768
1039 731
1039 220
1040 143
1040 139
1040 1089
1040 550
1040 386
1040 130
1040 77
1040 218
1040 200
1040 162
1040 175
1040 233
1040 287
1040 418
1040 841
1040 285
1040 951
1040 779
1040 34
1040 706
1040 505
1040 963
1040 323
1040 921
1040 283
1040 1013
1041 669
1041 759
1041 110
1041 1057
1041 963
1041 593
1041 113
1041 938
1041 78
1041 822
1041 494
1041 905
1041 263
1041 518
1041 502
1041 544
1041 869
1041 361
1041 48
1041 175
1041 369
1041 756
1041 388
1041 864
1041 500
1041 897
1041 1027
1041 1064
1041 350
1041 921
1042 496
1042 118
1042 412
1042 638
1042 45
1042 831
1042 73
1042 1113
1043 793
1043 426
1043 555
1043 130
1043 242
1044 955
1044 1080
1044 894
1044 754
1044 161
1044 612
1044 515
1044 780
1044 918
1044 882
1044 600
1045 331
1045 402
1045 744
1045 346
1045 550
1045 1030
1045 458
1045 157
1045 38
1045 576
1045 963
1045 1053
1045 1029
1045 143
1045 534
1045 544
1045 1118
1045 240
1045 755
1045 1130
1045 116
1045 977
1045 945
1045 378
1045 431
1045 249
1045 51
1045 85
1045 609
1045 113
1045 887
1045 994
1045 1003
1045 872
1045 363
1046 51
1047 690
1047 801
1047 787
1047 569
1047 747
1047 615
1047 77
1047 226
1047 734
1047 283
1047 60
1047 758
1047 630
1047 242
1047 719
1047 584
1047 763
1047 494
1047 855
1047 576
1047 888
1048 903
1048 1049
1048 978
1048 624
1048 444
1048 223
1048 48
1048 860
1048 293
1048 709
1048 98
1048 9
1049 961
1049 30
1049 624
1049 147
1049 899
1049 737
1049 45
1049 327
1049 1070
1049 121
1049 341
1049 800
1049 412
1049 1125
1049 798
1049 447
1049 574
1049 383
1049 995
1049 124
1049 73
1049 1048
1049 917
1049 709
1049 496
1049 1128
1049 831
1049 978
1049 293
1049 662
1050 403
1050 521
1050 681
1050 945
1050 1000
1050 1080
1050 104
1050 544
1050 15
1050 682
1050 338
1050 448
1051 157
1051 469
1051 819
1051 908
1051 640
1051 351
1051 698
1051 247
1051 994
1051 544
1052 158
1053 157
1053 188
1053 872
1053 331
1053 1045
1053 813
1053 605
1053 458
1053 1029
1053 51
1053 502
1053 1026
1053 794
1053 607
1053 561
1053 567
1053 240
1053 744
1054 555
1054 799
1054 21
1054 706
1054 182
1054 518
1054 82
1055 995
1055 841
1055 135
1056 426
1056 881
1056 189
1056 962
1056 885
1056 143
1056 880
1057 869
1057 189
1057 650
1057 350
1057 1121
1057 1041
1057 492
1057 963
1057 822
1058 91
1058 887
1058 1102
1058 6
1058 290
1058 8
1059 1113
1059 942
1059 655
1059 716
1059 591
1060 338
1060 150
1060 390
1060 918
1060 907
1060 997
1060 349
1060 792
1061 167
1061 480
1062 699
1062 338
1062 941
1062 780
1062 1104
1062 492
1062 674
1062 1080
1062 430
1062 879
1062 1114
1062 552
1062 76
1062 473
1062 1025
1062 66
1062 582
1062 434
1062 448
1062 997
1063 328
1063 373
1063 594
1063 954
1063 116
1063 170
1063 38
1063 819
1063 670
1063 778
1063 11
1063 662
1063 512
1064 1041
1064 1008
1064 887
1064 238
1064 143
1064 111
1064 938
1064 1088
1065 531
1065 880
1065 527
1065 984
1065 425
1065 882
1065 735
1065 330
1065 837
1066 595
1066 830
1066 409
1066 307
1066 777
1066 775
1066 138
1066 461
1066 769
1066 1119
1066 110
1066 895
1066 157
1066 908
1066 247
1066 817
1066 1113
1067 212
1067 1071
1067 931
1067 27
1067 789
1067 394
1068 690
1069 570
1070 922
1070 1049
1070 969
1070 48
1070 987
1070 217
1070 798
1070 899
1070 521
1070 411
1071 350
1071 172
1071 312
1071 1067
1071 394
1072 633
1072 249
1072 226
1073 532
1073 617
1073 436
1074 741
1075 625
1076 1106
1076 616
1076 784
1076 762
1076 76
1076 850
1076 640
1076 155
1076 212
1076 533
1076 971
1077 317
1077 71
1077 162
1077 469
1077 384
1077 1084
1077 595
1077 248
1077 510
1077 17
1077 220
1077 587
1077 768
1077 403
1077 568
1077 995
1077 460
1077 1001
1077 392
1077 606
1077 1097
1077 675
1077 1119
1077 749
1077 368
1077 443
1077 669
1077 635
1077 993
1077 468
1077 506
1078 69
1078 483
1078 1029
1079 72
1079 213
1079 1103
1079 153
1079 57
1079 1106
1079 334
1079 444
1079 954
1079 328
1079 38
1079 616
1079 22
1079 554
1079 469
1079 495
1079 868
1079 710
1079 1128
1079 949
1080 563
1080 1050
1080 643
1080 894
1080 110
1080 612
1080 552
1080 1044
1080 918
1080 66
1080 1030
1080 997
1080 349
1080 426
1080 39
1080 962
1080 754
1080 104
1080 515
1080 338
1080 880
1080 582
1080 147
1080 600
1080 882
1080 143
1080 1062
1081 536
1081 606
1081 742
1081 1124
1082 85
1082 1011
1083 855
1083 370
1083 969
1083 27
1083 107
1083 16
1084 805
1084 1077
1084 397
1084 532
1084 251
1084 547
1084 1007
1084 156
1084 897
1084 749
1084 114
1084 697
1085 473
1085 207
1085 535
1085 536
1085 707
1085 409
1085 545
1085 85
1085 415
1086 124
1086 900
1086 907
1086 331
1086 145
1086 127
1086 74
1086 42
1087 933
1087 433
1087 1094
1087 815
1088 1064
1089 779
1089 1040
1089 706
1089 162
1089 177
1089 44
1089 951
1090 391
1091 365
1091 965
1092 183
1093 392
1093 101
1093 67
1093 591
1093 521
1093 553
1093 147
1093 242
1093 692
1093 140
1093 54
1093 415
1093 1114
1093 801
1093 542
1093 427
1093 820
1093 261
1093 1119
1093 582
1093 339
1093 110
1093 333
1094 678
1094 913
1094 543
1094 664
1094 1099
1094 684
1094 523
1094 1087
1094 1128
1094 162
1094 768
1094 587
1094 494
1094 812
1094 933
1094 370
1094 60
1094 20
1094 701
1094 654
1095 511
1095 1005
1095 385
1095 436
1095 18
1095 749
1095 610
1095 823
1095 925
1095 459
1095 360
1095 290
1095 700
1095 839
1095 1019
1095 519
1095 1102
1095 180
1095 407
1095 982
1095 406
1095 796
1095 642
1095 887
1095 397
1095 631
1096 664
1097 1077
1098 662
1099 60
1099 932
1099 1094
1100 890
1100 813
1101 22
1101 124
1101 937
1101 989
1101 778
1101 945
1101 994
1101 153
1101 554
1102 1095
1102 91
1102 1034
1102 631
1102 1012
1102 1058
1102 397
1102 459
1103 1079
1103 166
1103 1127
1103 207
1103 432
1103 108
1103 580
1103 784
1103 76
1103 874
1103 562
1103 795
1103 79
1103 212
1103 1004
1103 752
1103 648
1104 106
1104 1033
1104 981
1104 63
1104 554
1104 562
1104 1062
1104 954
1104 334
1104 610
1104 411
1104 35
1104 444
1104 899
1104 214
1104 616
1104 874
1104 1106
1104 688
1104 914
1104 22
1104 620
1105 402
1105 331
1105 794
1105 127
1106 334
1106 616
1106 821
1106 995
1106 106
1106 954
1106 562
1106 469
1106 340
1106 710
1106 153
1106 1076
1106 1079
1106 544
1106 971
1106 778
1106 914
1106 920
1106 911
1106 1104
1106 194
1106 696
1106 808
1107 708
1107 631
1107 839
1107 856
1107 1005
1108 547
1108 174
1109 839
1110 1110
1110 128
1111 864
1111 542
1111 244
1111 516
1111 521
1111 193
1111 589
1111 931
1111 461
1111 216
1112 852
1112 712
1113 888
1113 73
1113 729
1113 914
1113 758
1113 1128
1113 1066
1113 754
1113 125
1113 199
1113 1059
1113 151
1113 948
1113 856
1113 1042
1113 210
1113 332
1113 118
1113 986
1113 162
1113 368
1113 1119
1113 993
1113 217
1113 768
1113 469
1113 995
1113 20
1113 99
1113 591
1113 701
1113 969
1113 617
1113 103
1113 496
1113 595
1113 805
1114 324
1114 552
1114 542
1114 544
1114 748
1114 1062
1114 1093
1114 882
1114 955
1114 104
1114 448
1114 469
1114 356
1114 303
1114 143
1114 692
1114 582
1115 441
1115 697
1115 562
1115 274
1115 329
1115 1132
1115 960
1115 79
1116 55
1117 88
1117 712
1117 914
1117 991
1118 887
1118 157
1118 378
1118 402
1118 1045
1118 331
1118 299
1118 51
1118 143
1118 375
1119 908
1119 515
1119 903
1119 157
1119 775
1119 1077
1119 591
1119 576
1119 895
1119 904
1119 1093
1119 282
1119 1113
1119 914
1119 481
1119 284
1119 73
1119 1066
1119 347
1119 125
1119 934
1119 656
1119 496
1119 969
1120 108
1120 533
1120 52
1120 562
1120 55
1120 410
1120 76
1120 106
1120 879
1120 1025
1120 39
1120 1004
1120 212
1120 1024
1120 995
1120 391
1120 430
1120 432
1120 920
1121 897
1121 812
1121 1057
1121 135
1121 788
1122 937
1122 274
1122 38
1122 336
1122 665
1122 22
1122 435
1122 469
1122 914
1122 994
1122 911
1122 155
1122 778
1123 469
1123 955
1123 971
1123 63
1123 699
1123 989
1123 1127
1123 929
1124 242
1124 852
1124 62
1124 550
1124 909
1124 207
1124 1081
1124 738
1124 742
1124 198
1124 38
1124 597
1124 536
1125 48
1125 630
1125 327
1125 98
1125 864
1125 411
1125 1049
1125 370
1125 899
1126 195
1126 643
1126 147
1126 150
1126 962
1126 821
1126 1033
1126 428
1126 465
1126 464
1126 364
1126 1035
1127 79
1127 212
1127 909
1127 1123
1127 106
1127 76
1127 899
1127 108
1127 640
1127 153
1127 874
1127 987
1127 620
1127 562
1127 564
1127 207
1127 75
1127 1004
1127 334
1127 328
1127 949
1127 469
1127 1103
1127 55
1127 920
1127 1132
1127 696
1128 938
1128 228
1128 853
1128 418
1128 18
1128 585
1128 107
1128 470
1128 375
1128 363
1128 389
1128 153
1128 1079
1128 911
1128 577
1128 460
1128 152
1128 1113
1128 823
1128 1049
1128 57
1128 880
1128 240
1128 203
1128 610
1128 235
1128 691
1128 1094
1128 923
1128 849
1128 658
1128 863
1128 119
1128 181
1128 267
1128 712
1128 885
1129 986
1129 1003
1129 804
1129 492
1130 418
1130 656
1130 1045
1131 717
1132 874
1132 1115
1132 720
1132 106
1132 790
1132 88
1132 697
1132 441
1132 1127
