0 374
1 923
2 965
3 1123
4 215
5 642
6 911
7 795
8 166
9 1132
10 1019
11 992
12 204
13 951
14 672
15 1040
16 1095
17 279
18 910
19 139
20 253
21 750
22 302
23 683
24 991
25 150
26 272
27 445
28 685
29 1071
30 899
31 92
32 321
33 5
34 922
35 703
36 960
37 83
38 744
39 1074
40 375
41 807
42 1045
43 845
44 222
45 552
46 972
47 461
48 571
49 645
50 39
51 291
52 203
53 406
54 889
55 1059
56 4
57 580
58 1013
59 324
60 1031
61 357
62 735
63 186
64 955
65 548
66 47
67 815
68 932
69 231
70 170
71 467
72 842
73 632
74 664
75 463
76 710
77 903
78 1091
79 1086
80 53
81 767
82 742
83 19
84 348
85 601
86 498
87 1110
88 97
89 382
90 364
91 814
92 920
93 681
94 802
95 51
96 557
97 227
98 495
99 1128
100 1021
101 311
102 658
103 779
104 1097
105 9
106 973
107 330
108 630
109 606
110 934
111 267
112 57
113 901
114 829
115 116
116 792
117 329
118 427
119 957
120 40
121 713
122 146
123 277
124 418
125 363
126 352
127 1055
128 865
129 945
130 246
131 2
132 898
133 1004
134 875
135 510
136 525
137 659
138 456
139 726
140 908
141 441
142 524
143 474
144 736
145 1072
146 340
147 526
148 1124
149 1016
150 1068
151 545
152 471
153 273
154 90
155 925
156 939
157 395
158 728
159 497
160 459
161 867
162 640
163 255
164 464
165 435
166 1051
167 161
168 790
169 101
170 565
171 950
172 398
173 289
174 763
175 874
176 582
177 804
178 234
179 351
180 1020
181 32
182 660
183 985
184 34
185 963
186 928
187 1114
188 504
189 138
190 109
191 1118
192 813
193 1033
194 737
195 926
196 624
197 1102
198 885
199 1012
200 916
201 1015
202 637
203 704
204 294
205 977
206 403
207 14
208 6
209 716
210 343
211 284
212 48
213 420
214 801
215 103
216 62
217 426
218 740
219 980
220 187
221 597
222 733
223 450
224 417
225 791
226 847
227 1007
228 746
229 558
230 846
231 167
232 974
233 42
234 1125
235 711
236 28
237 269
238 425
239 307
240 730
241 697
242 261
243 654
244 80
245 981
246 738
247 987
248 41
249 783
250 10
251 266
252 249
253 695
254 828
255 508
256 133
257 943
258 1096
259 11
260 788
261 373
262 600
263 531
264 367
265 797
266 699
267 1053
268 578
269 935
270 87
271 250
272 975
273 948
274 722
275 869
276 242
277 674
278 1034
279 94
280 661
281 546
282 108
283 1067
284 881
285 305
286 906
287 1082
288 626
289 585
290 833
291 556
292 397
293 644
294 541
295 915
296 834
297 350
298 860
299 268
300 416
301 207
302 193
303 359
304 355
305 527
306 1108
307 1024
308 50
309 402
310 429
311 628
312 933
313 1037
314 827
315 586
316 696
317 648
318 667
319 52
320 516
321 77
322 625
323 868
324 89
325 612
326 1085
327 631
328 239
329 924
330 832
331 148
332 762
333 33
334 480
335 12
336 353
337 609
338 856
339 488
340 967
341 337
342 64
343 1029
344 1049
345 549
346 1073
347 218
348 178
349 180
350 605
351 679
352 831
353 1092
354 822
355 388
356 153
357 507
358 185
359 95
360 322
361 442
362 333
363 336
364 81
365 877
366 452
367 113
368 181
369 478
370 447
371 521
372 755
373 956
374 687
375 184
376 223
377 996
378 287
379 45
380 712
381 358
382 300
383 244
384 913
385 1104
386 949
387 301
388 550
389 331
390 466
391 151
392 128
393 208
394 477
395 376
396 102
397 604
398 590
399 617
400 694
401 361
402 760
403 646
404 262
405 290
406 995
407 715
408 91
409 401
410 588
411 1129
412 36
413 593
414 561
415 238
416 431
417 371
418 82
419 621
420 1115
421 914
422 647
423 1006
424 383
425 614
426 23
427 29
428 942
429 319
430 310
431 808
432 432
433 271
434 952
435 954
436 1011
437 228
438 691
439 472
440 72
441 947
442 356
443 623
444 424
445 74
446 487
447 764
448 670
449 366
450 115
451 22
452 1050
453 126
454 780
455 320
456 608
457 405
458 1018
459 775
460 570
461 195
462 460
463 739
464 407
465 131
466 1090
467 638
468 1126
469 1060
470 296
471 152
472 794
473 1076
474 1041
475 706
476 1030
477 927
478 342
479 206
480 784
481 941
482 99
483 559
484 542
485 191
486 236
487 539
488 457
489 118
490 210
491 44
492 481
493 982
494 354
495 971
496 304
497 415
498 515
499 476
500 633
501 230
502 990
503 489
504 770
505 202
506 611
507 475
508 462
509 893
510 689
511 554
512 135
513 411
514 519
515 396
516 970
517 544
518 237
519 598
520 165
521 288
522 274
523 857
524 473
525 902
526 530
527 465
528 312
529 818
530 106
531 506
532 1100
533 183
534 796
535 686
536 428
537 1131
538 1113
539 599
540 313
541 731
542 607
543 998
544 837
545 129
546 409
547 1088
548 1047
549 385
550 390
551 766
552 30
553 669
554 17
555 27
556 209
557 958
558 194
559 174
560 175
561 622
562 668
563 18
564 482
565 534
566 619
567 490
568 114
569 892
570 587
571 421
572 680
573 555
574 121
575 594
576 254
577 449
578 327
579 820
580 961
581 1103
582 1052
583 523
584 725
585 295
586 854
587 414
588 747
589 1028
590 275
591 199
592 214
593 243
594 816
595 365
596 334
597 158
598 520
599 665
600 86
601 141
602 809
603 853
604 347
605 122
606 221
607 698
608 641
609 104
610 650
611 870
612 999
613 782
614 100
615 58
616 276
617 603
618 451
619 876
620 281
621 251
622 155
623 213
624 1061
625 1120
626 256
627 503
628 68
629 454
630 384
631 69
632 752
633 754
634 657
635 176
636 864
637 172
638 866
639 70
640 1017
641 177
642 422
643 130
644 93
645 1062
646 125
647 458
648 76
649 201
650 897
651 592
652 785
653 976
654 729
655 538
656 1081
657 379
658 615
659 1121
660 370
661 768
662 163
663 850
664 514
665 653
666 71
667 878
668 346
669 1117
670 285
671 1022
672 564
673 909
674 453
675 455
676 298
677 748
678 245
679 773
680 1112
681 535
682 1066
683 1111
684 212
685 1116
686 49
687 826
688 677
689 727
690 811
691 509
692 205
693 568
694 56
695 930
696 757
697 419
698 323
699 936
700 533
701 134
702 380
703 326
704 849
705 328
706 721
707 577
708 443
709 673
710 3
711 882
712 666
713 20
714 596
715 591
716 159
717 825
718 529
719 24
720 887
721 984
722 929
723 1083
724 31
725 132
726 1119
727 883
728 500
729 362
730 765
731 714
732 293
733 344
734 969
735 408
736 821
737 378
738 46
739 1046
740 257
741 1000
742 723
743 332
744 635
745 819
746 78
747 60
748 124
749 912
750 953
751 339
752 858
753 315
754 264
755 772
756 252
757 1078
758 968
759 117
760 799
761 345
762 377
763 171
764 839
765 732
766 862
767 192
768 562
769 494
770 662
771 440
772 684
773 394
774 918
775 437
776 651
777 774
778 576
779 25
780 369
781 263
782 734
783 978
784 717
785 551
786 282
787 368
788 140
789 639
790 817
791 769
792 399
793 259
794 896
795 112
796 75
797 610
798 581
799 1003
800 270
801 502
802 219
803 861
804 309
805 652
806 560
807 863
808 1077
809 572
810 743
811 1036
812 430
813 787
814 1010
815 718
816 719
817 900
818 676
819 317
820 308
821 470
822 145
823 756
824 620
825 566
826 1107
827 410
828 216
829 164
830 26
831 413
832 855
833 65
834 569
835 741
836 211
837 110
838 871
839 1008
840 1106
841 574
842 258
843 468
844 1127
845 838
846 0
847 179
848 781
849 162
850 98
851 412
852 197
853 63
854 400
855 1075
856 16
857 511
858 240
859 771
860 120
861 528
862 173
863 724
864 848
865 944
866 55
867 220
868 316
869 880
870 1069
871 486
872 655
873 873
874 709
875 579
876 79
877 810
878 806
879 235
880 386
881 688
882 917
883 1064
884 1023
885 156
886 232
887 59
888 137
889 1093
890 690
891 745
892 805
893 107
894 720
895 636
896 1026
897 190
898 536
899 1122
900 341
901 830
902 85
903 518
904 168
905 962
906 436
907 7
908 484
909 105
910 335
911 387
912 434
913 966
914 895
915 888
916 196
917 127
918 226
919 602
920 1084
921 959
922 708
923 1039
924 96
925 759
926 851
927 479
928 1089
929 786
930 88
931 682
932 884
933 292
934 1044
935 1130
936 886
937 904
938 144
939 573
940 693
941 840
942 404
943 492
944 997
945 656
946 1025
947 517
948 589
949 777
950 142
951 616
952 595
953 937
954 522
955 675
956 907
957 793
958 964
959 278
960 189
961 338
962 1042
963 946
964 318
965 843
966 448
967 993
968 1098
969 217
970 824
971 749
972 73
973 381
974 663
975 149
976 1063
977 119
978 286
979 303
980 499
981 501
982 188
983 643
984 1043
985 446
986 8
987 1014
988 532
989 61
990 38
991 1035
992 444
993 1094
994 701
995 940
996 1058
997 225
998 872
999 707
1000 280
1001 567
1002 66
1003 803
1004 241
1005 1038
1006 761
1007 423
1008 921
1009 314
1010 540
1011 229
1012 700
1013 1001
1014 84
1015 306
1016 483
1017 143
1018 1105
1019 392
1020 894
1021 248
1022 283
1023 35
1024 835
1025 613
1026 1048
1027 627
1028 575
1029 389
1030 438
1031 753
1032 1109
1033 798
1034 988
1035 182
1036 15
1037 111
1038 705
1039 671
1040 512
1041 776
1042 360
1043 1027
1044 758
1045 1056
1046 859
1047 493
1048 1
1049 844
1050 994
1051 678
1052 979
1053 136
1054 198
1055 1065
1056 583
1057 1054
1058 439
1059 1079
1060 21
1061 1032
1062 224
1063 634
1064 372
1065 841
1066 233
1067 812
1068 265
1069 905
1070 491
1071 543
1072 349
1073 986
1074 160
1075 692
1076 836
1077 1009
1078 157
1079 37
1080 200
1081 247
1082 469
1083 13
1084 299
1085 852
1086 563
1087 325
1088 789
1089 879
1090 393
1091 823
1092 496
1093 547
1094 989
1095 800
1096 433
1097 629
1098 584
1099 505
1100 513
1101 1101
1102 537
1103 938
1104 983
1105 751
1106 931
1107 147
1108 485
1109 1057
1110 553
1111 919
1112 260
1113 618
1114 297
1115 1087
1116 1070
1117 1005
1118 43
1119 1080
1120 54
1121 154
1122 169
1123 778
1124 1002
1125 67
1126 391
1127 649
1128 1099
1129 890
1130 123
1131 891
1132 702
