0 45
1 87
2 237
3 739
4 619
5 802
6 823
7 1116
8 605
9 484
10 1056
11 260
12 925
13 49
14 95
15 676
16 188
17 1102
18 926
19 422
20 973
21 109
22 967
23 168
24 370
25 819
26 952
27 429
28 511
29 942
30 863
31 461
32 485
33 202
34 987
35 719
36 887
37 175
38 808
39 443
40 937
41 735
42 650
43 16
44 871
45 20
46 590
47 503
48 763
49 1086
50 606
51 575
52 2
53 124
54 532
55 812
56 236
57 442
58 659
59 329
60 90
61 261
62 963
63 134
64 800
65 200
66 555
67 654
68 35
69 630
70 762
71 149
72 754
73 38
74 317
75 305
76 492
77 970
78 835
79 775
80 14
81 966
82 691
83 646
84 837
85 194
86 844
87 380
88 711
89 131
90 145
91 661
92 673
93 827
94 359
95 530
96 557
97 209
98 78
99 15
100 853
101 760
102 592
103 164
104 898
105 769
106 554
107 56
108 180
109 872
110 778
111 903
112 873
113 529
114 249
115 675
116 1062
117 791
118 820
119 663
120 543
121 922
122 315
123 434
124 297
125 159
126 1040
127 637
128 972
129 227
130 789
131 1057
132 1048
133 282
134 75
135 782
136 449
137 843
138 10
139 366
140 369
141 644
142 525
143 746
144 515
145 708
146 904
147 1074
148 97
149 65
150 354
151 588
152 196
153 36
154 682
155 505
156 214
157 1101
158 334
159 714
160 113
161 641
162 324
163 779
164 292
165 999
166 959
167 93
168 688
169 749
170 221
171 356
172 1016
173 212
174 384
175 704
176 108
177 1121
178 172
179 500
180 724
181 275
182 1109
183 736
184 950
185 513
186 915
187 37
188 193
189 258
190 199
191 1079
192 858
193 322
194 203
195 1099
196 703
197 916
198 1098
199 745
200 1064
201 99
202 1114
203 771
204 670
205 1118
206 949
207 146
208 908
209 435
210 767
211 830
212 962
213 176
214 680
215 376
216 206
217 583
218 774
219 428
220 107
221 1058
222 139
223 125
224 1072
225 620
226 1029
227 187
228 785
229 969
230 1103
231 57
232 1077
233 811
234 1013
235 102
236 674
237 331
238 398
239 1067
240 836
241 211
242 643
243 498
244 432
245 764
246 363
247 1055
248 274
249 701
250 115
251 1010
252 104
253 412
254 563
255 536
256 560
257 1001
258 861
259 156
260 685
261 204
262 46
263 355
264 856
265 1083
266 226
267 238
268 510
269 832
270 910
271 314
272 21
273 301
274 1033
275 84
276 381
277 463
278 278
279 671
280 602
281 312
282 933
283 756
284 501
285 12
286 980
287 1117
288 235
289 447
290 695
291 342
292 192
293 450
294 117
295 364
296 854
297 797
298 522
299 732
300 377
301 667
302 495
303 158
304 572
305 979
306 1030
307 413
308 859
309 352
310 533
311 150
312 1095
313 98
314 229
315 713
316 468
317 647
318 780
319 133
320 795
321 997
322 1027
323 247
324 1065
325 228
326 707
327 793
328 167
329 464
330 562
331 421
332 284
333 944
334 368
335 1054
336 119
337 821
338 490
339 308
340 548
341 1122
342 23
343 401
344 553
345 1039
346 770
347 604
348 259
349 382
350 995
351 427
352 155
353 690
354 154
355 914
356 1004
357 748
358 31
359 961
360 179
361 441
362 750
363 761
364 92
365 417
366 416
367 566
368 482
369 218
370 565
371 215
372 899
373 68
374 1
375 633
376 287
377 444
378 353
379 524
380 338
381 725
382 632
383 727
384 32
385 105
386 1068
387 47
388 542
389 347
390 351
391 640
392 538
393 653
394 627
395 210
396 310
397 320
398 623
399 1019
400 0
401 909
402 1020
403 783
404 578
405 768
406 311
407 136
408 61
409 638
410 17
411 426
412 1017
413 954
414 1131
415 1090
416 570
417 1075
418 262
419 213
420 424
421 806
422 1007
423 747
424 127
425 744
426 101
427 433
428 614
429 927
430 6
431 54
432 976
433 264
434 243
435 923
436 582
437 198
438 726
439 523
440 73
441 815
442 361
443 336
444 803
445 281
446 374
447 466
448 286
449 743
450 755
451 629
452 918
453 709
454 710
455 1071
456 30
457 1060
458 801
459 875
460 410
461 625
462 930
463 257
464 86
465 917
466 122
467 9
468 327
469 594
470 323
471 223
472 881
473 618
474 148
475 184
476 628
477 1022
478 419
479 947
480 445
481 313
482 573
483 1126
484 173
485 521
486 1091
487 64
488 280
489 729
490 642
491 29
492 1008
493 508
494 574
495 595
496 1000
497 985
498 120
499 784
500 541
501 22
502 343
503 986
504 580
505 83
506 140
507 974
508 788
509 160
510 586
511 26
512 907
513 100
514 790
515 318
516 34
517 941
518 591
519 921
520 288
521 1107
522 589
523 13
524 1047
525 77
526 328
527 240
528 66
529 456
530 874
531 163
532 222
533 195
534 702
535 531
536 477
537 833
538 470
539 42
540 905
541 350
542 43
543 984
544 169
545 94
546 348
547 665
548 998
549 890
550 720
551 1119
552 170
553 51
554 1111
555 81
556 271
557 1129
558 152
559 265
560 365
561 912
562 840
563 1041
564 1106
565 52
566 884
567 137
568 279
569 41
570 902
571 1044
572 457
573 224
574 897
575 425
576 792
577 321
578 362
579 558
580 757
581 599
582 1110
583 669
584 440
585 161
586 239
587 208
588 1037
589 765
590 118
591 62
592 157
593 1069
594 431
595 686
596 621
597 360
598 603
599 948
600 420
601 183
602 357
603 512
604 253
605 507
606 126
607 988
608 799
609 1025
610 1105
611 304
612 842
613 809
614 622
615 24
616 1080
617 1132
618 906
619 816
620 452
621 346
622 773
623 266
624 742
625 5
626 143
627 106
628 895
629 1097
630 635
631 960
632 860
633 516
634 559
635 547
636 241
637 616
638 1130
639 1128
640 965
641 494
642 189
643 1015
644 245
645 864
646 996
647 59
648 581
649 393
650 956
651 293
652 82
653 1053
654 805
655 535
656 781
657 723
658 303
659 847
660 981
661 694
662 379
663 1087
664 693
665 391
666 230
667 886
668 841
669 577
670 128
671 660
672 153
673 567
674 28
675 697
676 624
677 233
678 197
679 295
680 415
681 639
682 813
683 407
684 877
685 111
686 502
687 607
688 50
689 1028
690 378
691 940
692 341
693 1043
694 818
695 475
696 609
697 1070
698 272
699 919
700 246
701 33
702 251
703 298
704 25
705 1108
706 1011
707 668
708 852
709 1003
710 953
711 1082
712 121
713 751
714 1125
715 358
716 67
717 772
718 597
719 687
720 465
721 514
722 868
723 983
724 576
725 1061
726 596
727 496
728 1045
729 299
730 458
731 162
732 254
733 758
734 455
735 518
736 1023
737 1042
738 741
739 722
740 506
741 80
742 509
743 392
744 804
745 71
746 1081
747 460
748 645
749 291
750 276
751 1006
752 337
753 692
754 845
755 826
756 1046
757 138
758 520
759 8
760 389
761 232
762 975
763 462
764 924
765 1012
766 70
767 480
768 652
769 178
770 569
771 174
772 268
773 489
774 476
775 716
776 936
777 487
778 91
779 483
780 408
781 478
782 737
783 706
784 4
785 190
786 564
787 759
788 27
789 1005
790 810
791 829
792 814
793 151
794 935
795 326
796 285
797 677
798 993
799 556
800 217
801 862
802 306
803 1034
804 132
805 76
806 418
807 994
808 267
809 383
810 89
811 683
812 181
813 527
814 404
815 234
816 400
817 344
818 388
819 270
820 849
821 277
822 869
823 1024
824 678
825 439
826 263
827 971
828 786
829 838
830 932
831 332
832 11
833 220
834 371
835 123
836 504
837 817
838 453
839 367
840 787
841 1127
842 294
843 395
844 171
845 302
846 472
847 730
848 831
849 794
850 717
851 290
852 1002
853 44
854 885
855 934
856 777
857 867
858 528
859 957
860 414
861 1093
862 72
863 893
864 1014
865 911
866 1088
867 546
868 585
869 88
870 390
871 824
872 166
873 1078
874 610
875 955
876 130
877 1085
878 658
879 473
880 696
881 958
882 423
883 225
884 116
885 309
886 894
887 103
888 497
889 672
890 876
891 409
892 945
893 469
894 828
895 636
896 982
897 110
898 568
899 888
900 446
901 1051
902 474
903 1124
904 851
905 738
906 493
907 141
908 1036
909 403
910 430
911 252
912 544
913 19
914 1059
915 244
916 1050
917 587
918 913
919 7
920 1112
921 144
922 712
923 698
924 147
925 112
926 1120
927 550
928 79
929 931
930 990
931 448
932 53
933 467
934 387
935 882
936 608
937 177
938 333
939 1035
940 372
941 471
942 349
943 822
944 1084
945 728
946 386
947 545
948 648
949 411
950 316
951 207
952 551
953 733
954 901
955 989
956 1115
957 839
958 598
959 615
960 491
961 339
962 968
963 807
964 634
965 454
966 584
967 855
968 796
969 681
970 191
971 1073
972 549
973 1076
974 978
975 399
976 766
977 269
978 866
979 834
980 85
981 69
982 1038
983 479
984 865
985 1089
986 891
987 216
988 39
989 63
990 848
991 964
992 55
993 870
994 534
995 718
996 715
997 396
998 992
999 289
1000 129
1001 626
1002 689
1003 406
1004 1066
1005 561
1006 929
1007 1096
1008 655
1009 283
1010 617
1011 679
1012 205
1013 1123
1014 649
1015 345
1016 657
1017 3
1018 385
1019 135
1020 182
1021 734
1022 938
1023 920
1024 186
1025 255
1026 58
1027 74
1028 991
1029 664
1030 977
1031 611
1032 48
1033 248
1034 1063
1035 18
1036 540
1037 451
1038 1049
1039 593
1040 684
1041 96
1042 878
1043 142
1044 375
1045 394
1046 825
1047 740
1048 699
1049 486
1050 1104
1051 776
1052 537
1053 60
1054 517
1055 273
1056 752
1057 896
1058 946
1059 939
1060 579
1061 340
1062 256
1063 662
1064 1094
1065 1021
1066 1100
1067 753
1068 40
1069 219
1070 499
1071 1009
1072 879
1073 114
1074 1092
1075 656
1076 436
1077 185
1078 201
1079 889
1080 721
1081 488
1082 438
1083 539
1084 798
1085 943
1086 373
1087 250
1088 402
1089 405
1090 880
1091 951
1092 397
1093 319
1094 296
1095 231
1096 1018
1097 165
1098 1032
1099 1052
1100 850
1101 631
1102 612
1103 651
1104 437
1105 892
1106 900
1107 552
1108 600
1109 1113
1110 307
1111 519
1112 571
1113 459
1114 1031
1115 335
1116 846
1117 601
1118 242
1119 705
1120 731
1121 481
1122 700
1123 666
1124 1026
1125 883
1126 613
1127 325
1128 928
1129 857
1130 300
1131 526
1132 330
