0 222
1 921
2 1119
3 420
4 191
5 125
6 544
7 205
8 237
9 113
10 1102
11 937
12 823
13 92
14 824
15 1028
16 710
17 352
18 385
19 29
20 659
21 717
22 845
23 834
24 622
25 254
26 601
27 404
28 124
29 216
30 1073
31 911
32 99
33 494
34 440
35 426
36 25
37 186
38 992
39 231
40 864
41 182
42 970
43 906
44 36
45 15
46 974
47 582
48 511
49 718
50 22
51 746
52 1091
53 314
54 446
55 310
56 976
57 448
58 482
59 691
60 602
61 832
62 1123
63 259
64 598
65 11
66 308
67 388
68 291
69 399
70 749
71 759
72 126
73 312
74 748
75 214
76 543
77 723
78 645
79 1100
80 326
81 589
82 159
83 707
84 441
85 100
86 90
87 797
88 206
89 376
90 853
91 1079
92 13
93 428
94 85
95 811
96 419
97 964
98 121
99 651
100 514
101 647
102 637
103 372
104 1029
105 323
106 143
107 763
108 656
109 842
110 263
111 157
112 1129
113 70
114 553
115 695
116 876
117 95
118 504
119 136
120 880
121 107
122 1078
123 83
124 140
125 332
126 345
127 128
128 51
129 1042
130 135
131 912
132 770
133 920
134 1002
135 518
136 1043
137 84
138 638
139 406
140 1047
141 555
142 721
143 246
144 443
145 108
146 1062
147 830
148 401
149 537
150 209
151 738
152 381
153 1014
154 416
155 101
156 478
157 1105
158 777
159 54
160 931
161 1001
162 665
163 677
164 59
165 563
166 562
167 923
168 283
169 1108
170 633
171 935
172 148
173 1090
174 48
175 120
176 1099
177 855
178 745
179 327
180 26
181 5
182 1093
183 752
184 669
185 996
186 699
187 628
188 596
189 250
190 579
191 330
192 881
193 350
194 134
195 687
196 701
197 111
198 789
199 309
200 586
201 139
202 495
203 408
204 56
205 916
206 682
207 12
208 439
209 33
210 954
211 690
212 317
213 138
214 456
215 936
216 321
217 195
218 694
219 984
220 98
221 118
222 885
223 1017
224 624
225 742
226 351
227 361
228 1059
229 948
230 1048
231 730
232 370
233 19
234 280
235 671
236 960
237 989
238 110
239 987
240 131
241 905
242 683
243 398
244 447
245 741
246 869
247 151
248 692
249 895
250 1109
251 708
252 982
253 956
254 870
255 285
256 821
257 162
258 517
259 67
260 1021
261 475
262 819
263 342
264 879
265 739
266 386
267 260
268 127
269 316
270 735
271 147
272 298
273 365
274 953
275 559
276 676
277 648
278 967
279 210
280 660
281 890
282 64
283 42
284 1018
285 496
286 451
287 729
288 221
289 358
290 331
291 270
292 1088
293 40
294 629
295 430
296 979
297 630
298 109
299 117
300 524
301 7
302 716
303 862
304 606
305 679
306 827
307 785
308 868
309 320
310 37
311 1020
312 266
313 784
314 725
315 45
316 712
317 594
318 899
319 429
320 860
321 567
322 17
323 801
324 393
325 411
326 893
327 146
328 174
329 455
330 1025
331 362
332 413
333 1008
334 525
335 641
336 1070
337 170
338 737
339 302
340 1010
341 1089
342 933
343 119
344 297
345 402
346 689
347 473
348 122
349 904
350 1032
351 1086
352 354
353 369
354 397
355 661
356 415
357 269
358 966
359 1038
360 175
361 999
362 588
363 897
364 753
365 940
366 774
367 887
368 779
369 360
370 377
371 154
372 802
373 915
374 836
375 971
376 423
377 972
378 1074
379 61
380 460
381 866
382 1098
383 213
384 87
385 202
386 728
387 133
388 941
389 306
390 188
391 123
392 163
393 199
394 27
395 1110
396 225
397 903
398 366
399 872
400 874
401 536
402 1005
403 240
404 985
405 863
406 3
407 839
408 654
409 1132
410 427
411 1080
412 681
413 481
414 1103
415 289
416 91
417 1036
418 1034
419 809
420 1058
421 603
422 1004
423 265
424 574
425 1106
426 279
427 1022
428 1026
429 32
430 235
431 97
432 337
433 720
434 849
435 613
436 234
437 826
438 356
439 340
440 650
441 106
442 888
443 1107
444 501
445 145
446 609
447 817
448 983
449 854
450 634
451 1126
452 557
453 573
454 149
455 403
456 994
457 818
458 644
459 908
460 1115
461 678
462 1065
463 486
464 592
465 1084
466 780
467 783
468 766
469 959
470 181
471 799
472 565
473 373
474 463
475 722
476 945
477 750
478 726
479 333
480 957
481 46
482 161
483 773
484 322
485 93
486 535
487 31
488 806
489 635
490 458
491 910
492 791
493 325
494 49
495 542
496 884
497 380
498 549
499 282
500 1007
501 988
502 43
503 142
504 273
505 485
506 425
507 1131
508 492
509 882
510 788
511 215
512 144
513 798
514 457
515 196
516 1027
517 68
518 38
519 454
520 667
521 950
522 449
523 208
524 547
525 852
526 747
527 991
528 480
529 363
530 334
531 418
532 632
533 663
534 104
535 530
536 233
537 646
538 238
539 736
540 816
541 498
542 211
543 820
544 833
545 63
546 584
547 709
548 873
549 241
550 18
551 94
552 790
553 258
554 619
555 275
556 1101
557 58
558 1096
559 858
560 930
561 466
562 389
563 926
564 583
565 364
566 618
567 1104
568 8
569 200
570 590
571 1055
572 1035
573 400
574 980
575 461
576 169
577 1033
578 1053
579 223
580 359
581 353
582 433
583 207
584 436
585 272
586 171
587 1061
588 768
589 781
590 610
591 843
592 251
593 60
594 180
595 810
596 902
597 21
598 636
599 1003
600 1024
601 493
602 295
603 394
604 541
605 193
606 239
607 577
608 347
609 538
610 1054
611 156
612 311
613 621
614 172
615 445
616 497
617 840
618 599
619 1085
620 1112
621 264
622 189
623 509
624 367
625 755
626 217
627 484
628 318
629 697
630 696
631 672
632 1113
633 510
634 344
635 686
636 1114
637 184
638 1068
639 891
640 474
641 177
642 968
643 166
644 1092
645 1051
646 713
647 390
648 277
649 281
650 371
651 521
652 229
653 925
654 230
655 769
656 850
657 6
658 771
659 268
660 951
661 512
662 16
663 357
664 271
665 608
666 856
667 226
668 812
669 719
670 319
671 969
672 581
673 1082
674 197
675 479
676 53
677 981
678 995
679 706
680 1052
681 865
682 724
683 228
684 444
685 698
686 62
687 301
688 338
689 800
690 114
691 1006
692 155
693 507
694 639
695 767
696 886
697 1077
698 851
699 1118
700 75
701 468
702 192
703 24
704 76
705 607
706 688
707 86
708 625
709 528
710 927
711 796
712 1097
713 218
714 395
715 919
716 20
717 502
718 751
719 896
720 383
721 640
722 71
723 307
724 28
725 844
726 387
727 993
728 434
729 662
730 55
731 242
732 527
733 450
734 961
735 477
736 256
737 407
738 792
739 437
740 227
741 733
742 1081
743 548
744 700
745 943
746 105
747 705
748 958
749 396
750 534
751 274
752 776
753 814
754 378
755 432
756 1012
757 88
758 431
759 913
760 89
761 545
762 949
763 883
764 794
765 422
766 652
767 932
768 185
769 165
770 673
771 532
772 1117
773 612
774 990
775 410
776 66
777 533
778 655
779 405
780 900
781 540
782 244
783 329
784 1072
785 375
786 973
787 744
788 384
789 727
790 290
791 1050
792 23
793 568
794 889
795 470
796 546
797 201
798 176
799 952
800 438
801 934
802 417
803 488
804 1127
805 1083
806 248
807 0
808 328
809 467
810 813
811 703
812 1076
813 938
814 212
815 531
816 78
817 382
818 1013
819 313
820 795
821 112
822 379
823 1019
824 374
825 204
826 335
827 704
828 778
829 267
830 34
831 339
832 516
833 803
834 1095
835 815
836 462
837 487
838 520
839 593
840 453
841 236
842 649
843 1046
844 1044
845 336
846 575
847 41
848 664
849 597
850 914
851 666
852 515
853 503
854 787
855 668
856 627
857 499
858 35
859 9
860 489
861 1128
862 1125
863 591
864 898
865 1111
866 626
867 30
868 761
869 179
870 929
871 2
872 614
873 508
874 224
875 292
876 975
877 116
878 623
879 615
880 942
881 1064
882 643
883 158
884 917
885 539
886 861
887 141
888 253
889 808
890 560
891 1015
892 558
893 620
894 464
895 578
896 293
897 472
898 249
899 1041
900 617
901 576
902 303
903 684
904 391
905 1087
906 1116
907 412
908 129
909 168
910 831
911 81
912 115
913 859
914 183
915 782
916 232
917 1130
918 600
919 47
920 944
921 807
922 564
923 756
924 341
925 715
926 587
927 160
928 758
929 79
930 324
931 997
932 838
933 368
934 757
935 595
936 1045
937 52
938 82
939 878
940 847
941 918
942 825
943 286
944 740
945 848
946 476
947 526
948 822
949 346
950 670
951 102
952 152
953 257
954 150
955 247
956 220
957 554
958 657
959 459
960 77
961 680
962 284
963 50
964 513
965 288
966 894
967 875
968 867
969 877
970 132
971 760
972 1071
973 435
974 616
975 519
976 631
977 561
978 299
979 805
980 978
981 765
982 569
983 857
984 1030
985 1011
986 998
987 72
988 685
989 80
990 506
991 743
992 4
993 986
994 734
995 130
996 190
997 1057
998 556
999 653
1000 103
1001 1000
1002 414
1003 939
1004 355
1005 490
1006 693
1007 245
1008 483
1009 775
1010 585
1011 947
1012 278
1013 1122
1014 571
1015 841
1016 762
1017 198
1018 252
1019 296
1020 137
1021 552
1022 846
1023 300
1024 901
1025 262
1026 343
1027 491
1028 57
1029 955
1030 65
1031 732
1032 194
1033 804
1034 731
1035 604
1036 837
1037 946
1038 287
1039 754
1040 243
1041 14
1042 835
1043 580
1044 922
1045 1
1046 1039
1047 551
1048 348
1049 1009
1050 1075
1051 1060
1052 69
1053 1069
1054 164
1055 276
1056 924
1057 96
1058 1056
1059 1023
1060 442
1061 505
1062 173
1063 828
1064 1066
1065 550
1066 469
1067 1040
1068 642
1069 523
1070 500
1071 711
1072 909
1073 566
1074 219
1075 73
1076 522
1077 674
1078 1121
1079 1037
1080 349
1081 764
1082 167
1083 605
1084 1120
1085 1016
1086 74
1087 962
1088 1124
1089 305
1090 392
1091 928
1092 1094
1093 829
1094 10
1095 261
1096 409
1097 1049
1098 44
1099 793
1100 421
1101 786
1102 465
1103 702
1104 452
1105 471
1106 1031
1107 153
1108 714
1109 772
1110 963
1111 187
1112 255
1113 1067
1114 907
1115 892
1116 424
1117 572
1118 203
1119 304
1120 675
1121 1063
1122 611
1123 965
1124 315
1125 39
1126 570
1127 294
1128 658
1129 178
1130 871
1131 977
1132 529
