17 3
17 22
17 15
17 39
17 6
17 27
17 19
17 2
17 41
17 7
17 8
17 47
17 0
17 24
17 25
17 4
17 37
17 45
17 30
17 29
17 11
17 46
17 31
17 32
17 21
17 14
17 44
17 13
17 36
17 9
17 49
17 40
17 33
17 10
17 18
17 1
17 35
17 12
17 16
17 43
17 38
17 23
17 48
17 5
17 20
17 26
17 34
3 22
3 15
3 6
3 2
3 41
3 8
3 47
3 0
3 24
3 25
3 4
3 37
3 45
3 30
3 29
3 11
3 28
3 46
3 31
3 32
3 21
3 14
3 44
3 13
3 36
3 49
3 40
3 33
3 10
3 1
3 35
3 12
3 16
3 43
3 42
3 23
3 48
3 5
3 20
3 34
22 39
22 27
22 19
22 2
22 41
22 7
22 8
22 47
22 0
22 24
22 4
22 37
22 45
22 30
22 29
22 11
22 28
22 46
22 31
22 32
22 21
22 14
22 44
22 13
22 36
22 9
22 49
22 33
22 10
22 18
22 1
22 35
22 12
22 43
22 38
22 23
22 48
22 26
15 39
15 6
15 27
15 19
15 2
15 41
15 7
15 8
15 47
15 24
15 4
15 37
15 45
15 30
15 29
15 11
15 46
15 31
15 32
15 21
15 14
15 44
15 13
15 36
15 9
15 49
15 40
15 33
15 10
15 18
15 1
15 12
15 16
15 43
15 38
15 23
15 48
15 5
15 26
15 34
39 6
39 27
39 19
39 2
39 41
39 7
39 8
39 0
39 24
39 25
39 4
39 37
39 45
39 30
39 29
39 11
39 28
39 46
39 31
39 32
39 21
39 14
39 44
39 36
39 9
39 40
39 33
39 10
39 18
39 1
39 35
39 43
39 38
39 5
39 26
39 34
6 27
6 19
6 2
6 41
6 7
6 47
6 0
6 24
6 25
6 4
6 37
6 45
6 30
6 29
6 11
6 28
6 46
6 31
6 32
6 21
6 14
6 44
6 13
6 9
6 49
6 40
6 33
6 1
6 35
6 12
6 43
6 42
6 23
6 48
6 5
6 20
6 26
6 34
27 19
27 2
27 8
27 47
27 0
27 24
27 4
27 45
27 30
27 11
27 28
27 31
27 21
27 44
27 13
27 36
27 9
27 49
27 40
27 18
27 1
27 12
27 16
27 43
27 38
27 42
27 23
27 48
27 5
27 20
27 26
27 34
19 2
19 41
19 7
19 8
19 24
19 25
19 4
19 37
19 45
19 30
19 29
19 11
19 28
19 46
19 31
19 32
19 21
19 14
19 44
19 13
19 36
19 9
19 49
19 40
19 18
19 1
19 35
19 12
19 16
19 43
19 38
19 42
19 23
19 48
19 20
19 26
2 41
2 7
2 8
2 47
2 0
2 24
2 4
2 37
2 45
2 30
2 29
2 11
2 28
2 46
2 31
2 32
2 21
2 44
2 13
2 36
2 9
2 49
2 40
2 33
2 18
2 1
2 35
2 12
2 16
2 42
2 23
2 48
2 5
2 20
2 26
2 34
41 7
41 8
41 47
41 24
41 25
41 4
41 37
41 45
41 30
41 29
41 11
41 28
41 46
41 31
41 32
41 21
41 14
41 44
41 13
41 9
41 49
41 40
41 33
41 18
41 1
41 35
41 16
41 43
41 38
41 42
41 23
41 48
41 5
41 20
41 26
41 34
7 47
7 0
7 24
7 25
7 4
7 37
7 45
7 30
7 29
7 11
7 28
7 46
7 32
7 14
7 44
7 36
7 9
7 49
7 33
7 10
7 18
7 1
7 35
7 12
7 16
7 43
7 38
7 42
7 23
7 48
7 5
7 20
7 26
7 34
8 47
8 24
8 25
8 4
8 37
8 45
8 30
8 29
8 11
8 28
8 46
8 31
8 32
8 21
8 14
8 44
8 13
8 36
8 9
8 49
8 10
8 18
8 1
8 12
8 16
8 43
8 38
8 42
8 23
8 48
8 20
8 26
8 34
47 0
47 24
47 25
47 4
47 37
47 45
47 30
47 29
47 11
47 28
47 46
47 31
47 21
47 14
47 44
47 13
47 36
47 9
47 49
47 40
47 10
47 18
47 1
47 35
47 12
47 16
47 43
47 38
47 23
47 48
47 5
47 26
47 34
0 24
0 25
0 4
0 37
0 45
0 30
0 29
0 11
0 28
0 46
0 31
0 32
0 21
0 14
0 13
0 9
0 49
0 40
0 33
0 10
0 18
0 1
0 35
0 12
0 16
0 43
0 38
0 42
0 23
0 48
0 5
0 20
0 26
0 34
24 25
24 37
24 45
24 30
24 11
24 28
24 46
24 31
24 32
24 21
24 14
24 44
24 13
24 9
24 40
24 33
24 10
24 18
24 35
24 12
24 16
24 43
24 42
24 23
24 5
24 20
24 26
24 34
25 4
25 37
25 30
25 29
25 11
25 46
25 31
25 32
25 21
25 14
25 44
25 13
25 9
25 49
25 33
25 10
25 18
25 1
25 35
25 16
25 43
25 38
25 42
25 23
25 48
25 5
25 20
25 34
4 37
4 45
4 11
4 28
4 46
4 31
4 32
4 21
4 14
4 44
4 13
4 36
4 9
4 49
4 40
4 33
4 10
4 1
4 35
4 12
4 16
4 43
4 38
4 42
4 48
4 20
4 26
37 45
37 30
37 29
37 11
37 28
37 31
37 32
37 21
37 14
37 44
37 13
37 36
37 9
37 49
37 40
37 33
37 10
37 18
37 1
37 35
37 16
37 43
37 38
37 42
37 23
37 48
37 5
37 20
37 34
45 29
45 11
45 28
45 46
45 32
45 21
45 14
45 44
45 13
45 36
45 9
45 40
45 33
45 10
45 18
45 1
45 35
45 43
45 38
45 42
45 23
45 48
45 5
45 26
30 11
30 28
30 31
30 32
30 21
30 14
30 44
30 13
30 36
30 9
30 49
30 40
30 33
30 18
30 1
30 35
30 43
30 38
30 42
30 23
30 48
30 5
30 20
30 26
30 34
29 11
29 28
29 46
29 31
29 32
29 21
29 14
29 44
29 13
29 36
29 49
29 40
29 33
29 10
29 18
29 1
29 35
29 12
29 16
29 43
29 38
29 23
29 48
29 5
29 20
29 26
29 34
11 28
11 46
11 31
11 32
11 21
11 14
11 44
11 13
11 36
11 9
11 49
11 10
11 18
11 1
11 35
11 12
11 16
11 43
11 38
11 42
11 23
11 48
11 5
11 20
11 26
11 34
28 46
28 31
28 32
28 21
28 44
28 13
28 36
28 9
28 49
28 40
28 33
28 10
28 18
28 1
28 35
28 12
28 16
28 43
28 38
28 42
28 23
28 48
28 5
28 20
28 26
28 34
46 31
46 32
46 21
46 14
46 44
46 36
46 9
46 49
46 40
46 10
46 18
46 1
46 35
46 12
46 43
46 38
46 42
46 23
46 48
46 5
46 20
46 26
31 32
31 21
31 14
31 44
31 9
31 49
31 40
31 33
31 10
31 18
31 1
31 12
31 16
31 43
31 38
31 42
31 23
31 48
31 5
31 26
32 21
32 14
32 44
32 13
32 36
32 9
32 49
32 40
32 33
32 10
32 18
32 1
32 35
32 12
32 16
32 43
32 38
32 42
32 23
32 48
32 5
32 20
32 34
21 14
21 44
21 13
21 36
21 9
21 49
21 40
21 33
21 10
21 1
21 35
21 16
21 43
21 38
21 42
21 48
21 5
21 26
21 34
14 44
14 13
14 36
14 9
14 49
14 40
14 33
14 10
14 18
14 35
14 16
14 43
14 38
14 42
14 48
14 5
14 26
44 13
44 36
44 9
44 49
44 40
44 33
44 18
44 1
44 16
44 43
44 38
44 42
44 23
44 48
44 5
44 26
13 36
13 9
13 49
13 40
13 33
13 10
13 18
13 1
13 35
13 12
13 16
13 43
13 38
13 42
13 23
13 48
13 5
36 9
36 49
36 33
36 10
36 18
36 1
36 35
36 12
36 16
36 43
36 38
36 42
36 23
36 48
36 5
36 20
36 26
36 34
9 49
9 40
9 33
9 10
9 18
9 1
9 35
9 12
9 38
9 42
9 23
9 5
9 26
9 34
49 40
49 33
49 10
49 18
49 35
49 43
49 38
49 42
49 23
49 48
49 5
49 26
49 34
40 33
40 10
40 18
40 12
40 16
40 43
40 23
40 48
40 5
40 20
40 34
33 10
33 1
33 35
33 12
33 16
33 43
33 38
33 42
33 20
33 26
33 34
10 18
10 1
10 35
10 12
10 16
10 43
10 38
10 42
10 23
10 48
10 5
10 20
10 26
10 34
18 1
18 35
18 12
18 16
18 43
18 38
18 42
18 48
18 5
18 20
18 26
18 34
1 35
1 12
1 16
1 38
1 42
1 23
1 48
1 5
1 26
1 34
35 12
35 16
35 42
35 23
35 5
35 26
35 34
12 16
12 43
12 38
12 42
12 23
12 48
12 5
12 26
12 34
16 43
16 38
16 42
16 23
16 5
16 20
16 26
16 34
43 38
43 42
43 23
43 48
43 5
43 20
43 26
43 34
38 42
38 48
38 20
38 26
38 34
42 23
42 48
42 5
42 20
23 48
23 5
23 20
23 26
23 34
48 20
48 26
48 34
5 20
5 26
5 34
20 26
20 34
26 34
