26 20
26 7
26 14
26 28
26 24
26 15
26 25
26 27
26 42
26 49
26 16
26 12
26 1
26 5
26 3
26 47
26 46
26 19
26 0
26 39
26 13
26 41
26 6
26 36
26 33
26 30
26 2
26 32
26 43
26 22
26 23
26 11
26 44
26 4
26 40
26 31
26 38
26 48
26 18
26 9
26 34
26 10
26 35
26 45
20 7
20 14
20 28
20 24
20 25
20 29
20 27
20 42
20 16
20 12
20 1
20 5
20 3
20 47
20 19
20 0
20 39
20 13
20 41
20 6
20 36
20 8
20 33
20 2
20 32
20 43
20 22
20 23
20 11
20 44
20 4
20 40
20 31
20 38
20 48
20 18
20 9
20 34
20 10
20 35
20 45
7 14
7 24
7 15
7 25
7 29
7 27
7 42
7 49
7 16
7 12
7 1
7 5
7 3
7 47
7 46
7 21
7 19
7 0
7 39
7 13
7 41
7 6
7 17
7 8
7 30
7 2
7 32
7 43
7 22
7 37
7 23
7 11
7 44
7 4
7 40
7 31
7 48
7 18
7 9
7 34
7 10
7 35
7 45
14 24
14 15
14 25
14 29
14 27
14 42
14 49
14 16
14 12
14 1
14 3
14 47
14 46
14 21
14 19
14 0
14 39
14 13
14 41
14 6
14 36
14 17
14 8
14 33
14 30
14 2
14 32
14 43
14 22
14 37
14 11
14 4
14 40
14 31
14 48
14 18
14 9
14 34
14 10
14 35
14 45
28 24
28 15
28 25
28 29
28 27
28 16
28 12
28 1
28 5
28 3
28 47
28 21
28 19
28 0
28 39
28 13
28 41
28 6
28 36
28 17
28 8
28 33
28 30
28 2
28 32
28 43
28 22
28 37
28 23
28 11
28 4
28 40
28 31
28 38
28 48
28 18
28 9
28 34
28 10
28 35
28 45
24 15
24 25
24 29
24 27
24 42
24 49
24 16
24 12
24 1
24 5
24 3
24 47
24 46
24 21
24 19
24 0
24 39
24 13
24 41
24 6
24 36
24 17
24 8
24 33
24 30
24 2
24 32
24 43
24 22
24 37
24 23
24 44
24 4
24 40
24 31
24 38
24 48
24 9
24 34
24 10
24 35
24 45
15 25
15 27
15 42
15 49
15 16
15 12
15 1
15 5
15 3
15 47
15 46
15 21
15 19
15 0
15 39
15 13
15 6
15 36
15 17
15 8
15 33
15 30
15 2
15 32
15 43
15 22
15 37
15 23
15 11
15 44
15 4
15 40
15 31
15 18
15 34
15 35
15 45
25 29
25 42
25 49
25 16
25 12
25 1
25 5
25 3
25 47
25 46
25 21
25 19
25 0
25 39
25 13
25 41
25 6
25 36
25 17
25 8
25 33
25 30
25 2
25 43
25 22
25 37
25 23
25 44
25 4
25 40
25 31
25 38
25 18
25 34
25 10
25 35
25 45
29 42
29 49
29 16
29 12
29 5
29 47
29 46
29 21
29 19
29 0
29 39
29 13
29 41
29 6
29 36
29 17
29 8
29 33
29 30
29 2
29 32
29 43
29 22
29 37
29 23
29 11
29 44
29 4
29 40
29 31
29 48
29 18
29 9
29 34
29 10
29 35
29 45
27 42
27 49
27 16
27 12
27 1
27 5
27 47
27 46
27 21
27 19
27 0
27 39
27 13
27 41
27 6
27 17
27 8
27 30
27 2
27 32
27 43
27 22
27 37
27 23
27 11
27 44
27 4
27 40
27 31
27 38
27 48
27 18
27 9
27 34
27 10
27 35
27 45
42 49
42 16
42 12
42 5
42 3
42 47
42 46
42 19
42 0
42 39
42 41
42 6
42 36
42 17
42 8
42 33
42 2
42 32
42 43
42 22
42 37
42 23
42 11
42 44
42 4
42 40
42 31
42 38
42 48
42 18
42 9
42 34
42 10
42 35
42 45
49 16
49 12
49 1
49 5
49 3
49 47
49 46
49 21
49 19
49 0
49 39
49 13
49 41
49 6
49 36
49 17
49 33
49 30
49 2
49 32
49 43
49 22
49 37
49 23
49 11
49 4
49 31
49 38
49 48
49 18
49 9
49 34
49 10
49 35
49 45
16 12
16 1
16 5
16 3
16 46
16 21
16 19
16 0
16 39
16 13
16 6
16 17
16 8
16 30
16 22
16 23
16 11
16 44
16 4
16 40
16 38
16 48
16 18
16 9
16 34
16 10
16 35
16 45
12 1
12 5
12 3
12 47
12 46
12 21
12 19
12 0
12 39
12 13
12 41
12 6
12 36
12 17
12 8
12 33
12 30
12 2
12 32
12 37
12 23
12 44
12 4
12 40
12 31
12 38
12 48
12 18
12 9
12 35
12 45
1 5
1 3
1 47
1 46
1 21
1 19
1 0
1 39
1 13
1 41
1 6
1 17
1 8
1 33
1 30
1 2
1 32
1 43
1 22
1 37
1 23
1 11
1 44
1 4
1 40
1 31
1 38
1 48
1 18
1 9
1 34
1 10
1 35
1 45
5 3
5 47
5 46
5 21
5 19
5 0
5 39
5 13
5 41
5 6
5 36
5 17
5 33
5 30
5 2
5 32
5 43
5 22
5 37
5 23
5 11
5 44
5 4
5 40
5 38
5 18
5 9
5 34
5 10
5 35
5 45
3 47
3 46
3 21
3 19
3 0
3 39
3 13
3 41
3 6
3 17
3 8
3 33
3 30
3 2
3 32
3 43
3 22
3 37
3 23
3 11
3 44
3 4
3 40
3 31
3 38
3 48
3 18
3 9
3 10
3 35
3 45
47 46
47 21
47 19
47 0
47 39
47 13
47 41
47 6
47 36
47 8
47 33
47 30
47 2
47 32
47 43
47 22
47 37
47 23
47 11
47 44
47 4
47 40
47 31
47 38
47 48
47 18
47 9
47 34
47 10
47 35
47 45
46 21
46 19
46 13
46 41
46 6
46 36
46 17
46 8
46 33
46 30
46 2
46 32
46 43
46 37
46 23
46 11
46 44
46 4
46 40
46 31
46 38
46 48
46 18
46 9
46 34
46 10
46 35
21 19
21 0
21 39
21 13
21 41
21 6
21 36
21 8
21 33
21 30
21 2
21 32
21 43
21 22
21 44
21 4
21 31
21 38
21 9
21 34
21 10
21 35
21 45
19 0
19 39
19 13
19 41
19 36
19 17
19 8
19 33
19 2
19 32
19 43
19 22
19 23
19 11
19 44
19 4
19 40
19 31
19 38
19 48
19 18
19 9
19 34
19 10
19 45
0 13
0 6
0 36
0 17
0 33
0 30
0 2
0 32
0 43
0 22
0 37
0 23
0 11
0 44
0 4
0 40
0 31
0 38
0 48
0 18
0 9
0 34
0 10
0 45
39 13
39 41
39 6
39 36
39 17
39 8
39 33
39 30
39 2
39 32
39 43
39 22
39 37
39 23
39 11
39 4
39 40
39 31
39 38
39 48
39 18
39 34
39 10
39 35
13 41
13 17
13 8
13 33
13 30
13 2
13 32
13 43
13 22
13 37
13 23
13 11
13 44
13 4
13 40
13 31
13 38
13 18
13 34
13 10
13 35
13 45
41 36
41 17
41 8
41 33
41 30
41 32
41 43
41 22
41 37
41 23
41 44
41 40
41 31
41 38
41 48
41 18
41 9
41 34
41 10
41 35
41 45
6 36
6 8
6 33
6 30
6 2
6 32
6 43
6 22
6 37
6 23
6 11
6 44
6 4
6 40
6 31
6 38
6 48
6 18
6 34
6 10
6 35
6 45
36 17
36 8
36 33
36 30
36 2
36 32
36 43
36 22
36 37
36 23
36 11
36 44
36 4
36 40
36 31
36 38
36 48
36 18
36 9
36 34
36 10
36 35
36 45
17 8
17 30
17 2
17 32
17 43
17 22
17 37
17 23
17 11
17 44
17 4
17 40
17 31
17 38
17 48
17 9
17 34
17 10
8 33
8 30
8 2
8 32
8 43
8 22
8 37
8 23
8 11
8 44
8 4
8 40
8 31
8 38
8 48
8 18
8 9
8 34
8 10
8 35
8 45
33 30
33 2
33 32
33 43
33 22
33 37
33 23
33 11
33 44
33 40
33 38
33 48
33 18
33 9
33 34
33 10
33 35
33 45
30 32
30 43
30 22
30 37
30 23
30 11
30 44
30 4
30 40
30 38
30 48
30 18
30 9
30 34
30 10
30 35
30 45
2 32
2 43
2 22
2 23
2 11
2 44
2 4
2 40
2 31
2 38
2 48
2 18
2 9
2 34
2 10
2 35
2 45
32 43
32 22
32 37
32 11
32 44
32 4
32 40
32 31
32 38
32 48
32 18
32 9
32 34
32 10
32 35
32 45
43 22
43 37
43 23
43 11
43 44
43 4
43 40
43 31
43 38
43 48
43 9
43 34
43 10
43 35
43 45
22 37
22 23
22 44
22 4
22 40
22 31
22 38
22 48
22 18
22 9
22 34
22 10
22 35
37 11
37 44
37 40
37 31
37 48
37 18
37 9
37 34
37 10
37 35
23 11
23 44
23 4
23 40
23 38
23 48
23 18
23 9
23 35
23 45
11 4
11 40
11 31
11 38
11 48
11 18
11 9
11 34
11 10
11 35
11 45
44 4
44 40
44 31
44 38
44 48
44 18
44 9
44 34
44 10
44 35
44 45
4 40
4 31
4 38
4 48
4 18
4 9
4 10
4 35
4 45
40 31
40 48
40 18
40 9
40 34
40 10
40 35
40 45
31 38
31 48
31 9
31 34
31 10
31 35
31 45
38 48
38 18
38 9
38 34
38 10
38 35
38 45
48 18
48 9
48 34
48 10
48 35
48 45
18 9
18 34
18 35
18 45
9 34
9 10
9 35
9 45
34 10
34 35
34 45
10 35
10 45
35 45
