29 48
29 17
29 13
29 24
29 49
29 7
29 8
29 47
29 38
29 2
29 36
29 1
29 6
29 41
29 27
29 14
29 9
29 46
29 42
29 44
29 21
29 5
29 12
29 10
29 26
29 39
29 23
29 4
29 19
29 11
29 37
29 45
29 0
29 32
29 20
29 43
29 15
29 40
29 28
29 18
29 22
29 25
29 3
29 34
29 16
29 30
29 33
48 17
48 13
48 24
48 49
48 8
48 47
48 2
48 36
48 1
48 6
48 41
48 27
48 14
48 9
48 42
48 35
48 21
48 5
48 12
48 10
48 26
48 39
48 23
48 4
48 19
48 11
48 37
48 45
48 0
48 32
48 20
48 43
48 15
48 40
48 28
48 18
48 22
48 25
48 34
48 30
48 33
17 13
17 24
17 49
17 7
17 8
17 47
17 38
17 2
17 36
17 1
17 6
17 41
17 27
17 14
17 9
17 46
17 42
17 44
17 35
17 21
17 31
17 5
17 12
17 10
17 26
17 39
17 23
17 4
17 19
17 11
17 37
17 45
17 0
17 32
17 20
17 43
17 15
17 40
17 28
17 18
17 22
17 25
17 3
17 34
17 16
17 30
17 33
13 24
13 7
13 8
13 38
13 2
13 36
13 6
13 41
13 27
13 14
13 9
13 42
13 35
13 21
13 5
13 12
13 10
13 26
13 39
13 23
13 4
13 19
13 11
13 37
13 0
13 32
13 20
13 15
13 40
13 28
13 22
13 25
13 3
13 34
13 16
13 30
13 33
24 49
24 7
24 8
24 47
24 38
24 2
24 36
24 1
24 6
24 41
24 27
24 14
24 9
24 46
24 42
24 44
24 35
24 21
24 5
24 12
24 10
24 26
24 39
24 23
24 4
24 11
24 37
24 45
24 0
24 20
24 43
24 40
24 28
24 18
24 22
24 25
24 3
24 34
24 33
49 7
49 8
49 47
49 38
49 2
49 36
49 1
49 6
49 41
49 27
49 14
49 9
49 46
49 42
49 44
49 35
49 21
49 31
49 12
49 10
49 26
49 39
49 23
49 4
49 19
49 11
49 37
49 45
49 0
49 32
49 20
49 43
49 15
49 40
49 22
49 25
49 34
49 30
49 33
7 8
7 47
7 38
7 2
7 36
7 1
7 6
7 41
7 27
7 14
7 9
7 46
7 42
7 44
7 35
7 21
7 31
7 12
7 10
7 26
7 39
7 23
7 4
7 19
7 37
7 45
7 0
7 32
7 20
7 15
7 40
7 28
7 18
7 22
7 34
7 16
7 30
7 33
8 47
8 38
8 2
8 36
8 1
8 6
8 41
8 27
8 14
8 9
8 46
8 42
8 44
8 35
8 21
8 31
8 5
8 12
8 10
8 26
8 39
8 23
8 4
8 19
8 11
8 37
8 45
8 0
8 20
8 43
8 15
8 40
8 28
8 22
8 25
8 3
8 34
8 16
8 30
8 33
47 38
47 36
47 1
47 6
47 41
47 27
47 9
47 46
47 42
47 44
47 35
47 21
47 5
47 12
47 26
47 39
47 23
47 19
47 11
47 37
47 45
47 0
47 32
47 20
47 43
47 15
47 40
47 28
47 18
47 22
47 25
47 34
47 16
47 30
47 33
38 2
38 36
38 1
38 6
38 41
38 14
38 9
38 46
38 42
38 35
38 21
38 5
38 12
38 10
38 26
38 39
38 23
38 4
38 11
38 37
38 45
38 0
38 20
38 43
38 15
38 40
38 28
38 18
38 22
38 25
38 34
38 16
38 30
38 33
2 36
2 6
2 41
2 27
2 14
2 9
2 42
2 44
2 35
2 21
2 31
2 5
2 26
2 39
2 23
2 4
2 37
2 45
2 0
2 32
2 43
2 15
2 40
2 18
2 25
2 3
2 34
2 16
2 30
2 33
36 1
36 6
36 27
36 14
36 9
36 46
36 42
36 44
36 35
36 31
36 5
36 10
36 26
36 23
36 19
36 11
36 37
36 0
36 32
36 20
36 15
36 40
36 28
36 18
36 22
36 3
36 34
36 16
36 30
1 6
1 41
1 27
1 14
1 46
1 42
1 44
1 35
1 21
1 31
1 5
1 12
1 10
1 26
1 39
1 23
1 4
1 19
1 11
1 37
1 45
1 0
1 32
1 20
1 43
1 15
1 40
1 28
1 18
1 22
1 25
1 3
1 34
1 16
1 33
6 41
6 27
6 9
6 46
6 42
6 44
6 35
6 21
6 31
6 5
6 12
6 10
6 26
6 39
6 23
6 4
6 19
6 37
6 45
6 0
6 32
6 20
6 43
6 15
6 40
6 22
6 25
6 3
6 34
6 30
41 27
41 14
41 9
41 46
41 42
41 44
41 21
41 31
41 5
41 12
41 10
41 39
41 23
41 4
41 19
41 11
41 37
41 0
41 32
41 20
41 43
41 15
41 28
41 22
41 3
41 34
41 16
41 30
41 33
27 14
27 9
27 46
27 42
27 44
27 35
27 21
27 31
27 12
27 10
27 26
27 39
27 4
27 19
27 11
27 45
27 0
27 32
27 20
27 43
27 15
27 40
27 28
27 18
27 25
27 3
27 34
27 16
27 33
14 9
14 46
14 42
14 44
14 35
14 31
14 5
14 12
14 10
14 26
14 39
14 23
14 4
14 19
14 37
14 45
14 32
14 20
14 43
14 40
14 28
14 18
14 22
14 25
14 3
14 34
14 16
9 46
9 42
9 44
9 35
9 21
9 5
9 12
9 10
9 26
9 39
9 23
9 19
9 11
9 37
9 45
9 0
9 32
9 20
9 43
9 15
9 40
9 28
9 18
9 22
9 25
9 3
9 34
9 16
9 30
46 42
46 44
46 21
46 31
46 5
46 12
46 10
46 26
46 39
46 23
46 4
46 19
46 11
46 45
46 0
46 32
46 20
46 43
46 15
46 40
46 28
46 18
46 22
46 25
46 3
46 34
46 16
46 33
42 44
42 35
42 21
42 31
42 5
42 12
42 10
42 26
42 39
42 23
42 4
42 19
42 11
42 37
42 45
42 0
42 32
42 20
42 43
42 28
42 18
42 25
42 3
42 34
42 30
42 33
44 21
44 31
44 5
44 12
44 10
44 26
44 39
44 23
44 4
44 19
44 11
44 37
44 45
44 0
44 32
44 20
44 43
44 15
44 28
44 18
44 22
44 25
44 34
44 16
44 30
44 33
35 21
35 31
35 5
35 12
35 10
35 26
35 39
35 23
35 4
35 19
35 11
35 37
35 45
35 0
35 32
35 20
35 43
35 40
35 28
35 18
35 25
35 3
35 34
35 16
35 33
21 5
21 12
21 10
21 26
21 39
21 23
21 4
21 19
21 11
21 37
21 45
21 32
21 20
21 43
21 15
21 40
21 28
21 22
21 25
21 3
21 34
21 16
21 30
21 33
31 5
31 12
31 39
31 4
31 19
31 11
31 37
31 45
31 0
31 32
31 20
31 43
31 15
31 18
31 25
31 3
31 34
31 16
31 30
31 33
5 10
5 26
5 39
5 23
5 4
5 19
5 11
5 37
5 45
5 0
5 32
5 20
5 43
5 15
5 28
5 18
5 22
5 34
5 16
5 33
12 10
12 26
12 23
12 4
12 19
12 11
12 37
12 45
12 32
12 20
12 43
12 15
12 40
12 28
12 18
12 3
12 34
12 16
12 30
12 33
10 26
10 39
10 23
10 4
10 19
10 11
10 37
10 45
10 0
10 32
10 20
10 43
10 15
10 40
10 28
10 18
10 22
10 25
10 34
10 16
10 30
26 39
26 23
26 4
26 19
26 11
26 37
26 45
26 0
26 32
26 20
26 43
26 15
26 40
26 28
26 18
26 22
26 3
26 16
26 30
26 33
39 23
39 4
39 19
39 11
39 37
39 45
39 32
39 20
39 28
39 22
39 25
39 3
39 34
39 16
39 30
23 4
23 19
23 37
23 0
23 32
23 20
23 43
23 40
23 28
23 18
23 22
23 3
23 34
23 30
23 33
4 19
4 11
4 37
4 45
4 0
4 32
4 43
4 15
4 40
4 28
4 18
4 22
4 25
4 3
4 34
4 16
4 33
19 11
19 37
19 45
19 0
19 32
19 20
19 43
19 15
19 40
19 28
19 18
19 22
19 25
19 3
19 34
19 16
19 30
19 33
11 37
11 45
11 32
11 20
11 40
11 28
11 18
11 22
11 25
11 3
11 34
11 16
11 30
11 33
37 45
37 0
37 32
37 20
37 43
37 15
37 40
37 28
37 18
37 25
37 3
37 34
37 16
37 30
37 33
45 0
45 20
45 43
45 15
45 40
45 28
45 18
45 22
45 25
45 3
45 34
45 16
45 30
45 33
0 32
0 20
0 43
0 15
0 40
0 18
0 22
0 25
0 3
0 34
0 16
0 30
0 33
32 20
32 43
32 15
32 40
32 28
32 18
32 22
32 25
32 34
32 16
32 30
32 33
20 43
20 15
20 40
20 28
20 18
20 22
20 25
20 3
20 34
20 16
20 30
20 33
43 15
43 28
43 18
43 22
43 25
43 3
43 34
43 16
43 30
43 33
15 40
15 28
15 18
15 22
15 25
15 3
15 34
15 16
15 30
15 33
40 28
40 22
40 25
40 3
40 16
40 30
40 33
28 22
28 25
28 3
28 34
28 16
28 33
18 22
18 25
18 3
18 34
18 16
18 30
18 33
22 25
22 3
22 34
22 16
22 30
22 33
25 34
25 16
25 33
3 30
3 33
34 16
34 30
34 33
16 30
16 33
