24 12
24 4
24 43
24 34
24 22
24 8
24 30
24 2
24 35
24 29
24 39
24 41
24 5
24 3
24 31
24 46
24 47
24 10
24 38
24 13
24 9
24 17
24 45
24 14
24 26
24 0
24 27
24 18
24 11
24 28
24 20
24 21
24 33
24 42
24 1
24 19
24 16
24 25
24 44
24 6
24 37
24 36
24 49
24 15
24 32
24 7
12 4
12 43
12 34
12 22
12 30
12 2
12 29
12 39
12 41
12 5
12 3
12 31
12 48
12 46
12 47
12 10
12 13
12 9
12 17
12 45
12 14
12 23
12 26
12 0
12 27
12 18
12 11
12 28
12 20
12 21
12 33
12 42
12 1
12 19
12 16
12 25
12 44
12 6
12 37
12 49
12 32
12 7
4 43
4 34
4 22
4 8
4 30
4 2
4 35
4 29
4 39
4 41
4 5
4 3
4 31
4 48
4 46
4 47
4 10
4 38
4 13
4 9
4 40
4 17
4 45
4 14
4 23
4 26
4 0
4 27
4 18
4 11
4 28
4 20
4 21
4 33
4 42
4 1
4 19
4 16
4 25
4 44
4 6
4 37
4 36
4 49
4 15
4 32
4 7
43 34
43 8
43 30
43 35
43 29
43 39
43 5
43 3
43 31
43 48
43 46
43 10
43 13
43 9
43 17
43 45
43 14
43 23
43 26
43 0
43 27
43 11
43 28
43 21
43 33
43 42
43 1
43 19
43 16
43 25
43 6
43 37
43 36
43 49
43 15
43 32
43 7
34 22
34 8
34 30
34 2
34 35
34 29
34 39
34 41
34 5
34 3
34 31
34 48
34 46
34 47
34 10
34 38
34 13
34 9
34 17
34 45
34 14
34 23
34 26
34 0
34 27
34 11
34 28
34 20
34 21
34 33
34 42
34 1
34 16
34 25
34 44
34 6
34 37
34 36
34 49
34 15
34 7
22 8
22 30
22 2
22 35
22 29
22 39
22 41
22 5
22 3
22 31
22 48
22 46
22 47
22 10
22 38
22 13
22 9
22 40
22 45
22 14
22 23
22 26
22 0
22 27
22 18
22 11
22 28
22 20
22 21
22 33
22 42
22 1
22 19
22 16
22 6
22 37
22 36
22 49
22 32
22 7
8 30
8 2
8 35
8 29
8 39
8 41
8 5
8 3
8 31
8 48
8 46
8 47
8 10
8 38
8 13
8 9
8 40
8 45
8 14
8 23
8 26
8 0
8 27
8 18
8 28
8 20
8 21
8 33
8 42
8 19
8 16
8 25
8 44
8 6
8 36
8 49
8 15
8 32
8 7
30 2
30 35
30 29
30 39
30 41
30 5
30 3
30 31
30 48
30 46
30 47
30 10
30 38
30 13
30 9
30 40
30 17
30 45
30 14
30 23
30 26
30 0
30 27
30 18
30 11
30 28
30 20
30 21
30 42
30 1
30 19
30 16
30 25
30 6
30 37
30 36
30 49
30 15
30 32
30 7
2 35
2 29
2 39
2 41
2 5
2 3
2 31
2 46
2 47
2 10
2 38
2 13
2 9
2 17
2 45
2 14
2 23
2 26
2 0
2 27
2 18
2 11
2 28
2 20
2 21
2 33
2 42
2 1
2 19
2 16
2 25
2 44
2 6
2 37
2 36
2 49
2 15
2 32
2 7
35 29
35 39
35 41
35 5
35 3
35 48
35 46
35 47
35 10
35 13
35 9
35 17
35 45
35 14
35 23
35 26
35 0
35 27
35 11
35 28
35 20
35 21
35 42
35 1
35 19
35 16
35 25
35 44
35 6
35 37
35 36
35 49
35 15
35 32
35 7
29 39
29 5
29 3
29 31
29 48
29 46
29 10
29 38
29 13
29 9
29 40
29 17
29 23
29 26
29 0
29 27
29 28
29 20
29 21
29 33
29 42
29 1
29 19
29 16
29 25
29 44
29 37
29 36
29 49
29 15
29 32
29 7
39 41
39 5
39 31
39 48
39 46
39 47
39 10
39 38
39 13
39 40
39 17
39 14
39 23
39 0
39 18
39 28
39 21
39 33
39 42
39 19
39 16
39 25
39 44
39 6
39 36
39 49
39 15
39 32
41 5
41 3
41 31
41 48
41 47
41 10
41 38
41 13
41 9
41 40
41 17
41 45
41 14
41 23
41 26
41 0
41 27
41 18
41 11
41 28
41 20
41 21
41 33
41 42
41 1
41 19
41 16
41 25
41 44
41 6
41 37
41 36
41 49
41 15
41 7
5 3
5 31
5 46
5 47
5 10
5 38
5 13
5 9
5 40
5 17
5 45
5 14
5 23
5 26
5 0
5 27
5 18
5 28
5 20
5 21
5 33
5 42
5 1
5 19
5 16
5 6
5 37
5 36
5 49
5 32
3 31
3 48
3 46
3 47
3 10
3 38
3 9
3 40
3 17
3 45
3 14
3 26
3 0
3 27
3 18
3 11
3 28
3 21
3 33
3 42
3 1
3 19
3 25
3 44
3 6
3 36
3 49
3 15
3 32
3 7
31 48
31 46
31 47
31 10
31 38
31 13
31 9
31 40
31 45
31 14
31 23
31 26
31 0
31 27
31 18
31 11
31 20
31 21
31 33
31 42
31 1
31 19
31 16
31 44
31 6
31 37
31 36
31 49
31 15
31 32
31 7
48 46
48 47
48 10
48 38
48 13
48 40
48 17
48 45
48 14
48 23
48 26
48 0
48 27
48 18
48 28
48 20
48 33
48 42
48 1
48 16
48 25
48 44
48 6
48 37
48 36
48 49
48 15
46 47
46 10
46 38
46 13
46 9
46 17
46 45
46 14
46 23
46 26
46 0
46 18
46 11
46 28
46 20
46 21
46 33
46 42
46 1
46 19
46 16
46 25
46 44
46 6
46 37
46 36
46 49
46 15
46 32
47 10
47 38
47 9
47 40
47 17
47 45
47 14
47 23
47 26
47 0
47 27
47 18
47 11
47 20
47 21
47 33
47 42
47 1
47 19
47 16
47 25
47 44
47 6
47 37
47 36
47 49
47 15
47 7
10 38
10 13
10 9
10 40
10 17
10 45
10 14
10 23
10 26
10 0
10 27
10 18
10 11
10 28
10 20
10 21
10 33
10 42
10 1
10 19
10 25
10 44
10 6
10 37
10 36
10 49
10 32
10 7
38 9
38 40
38 17
38 45
38 14
38 23
38 26
38 0
38 27
38 18
38 11
38 28
38 20
38 21
38 33
38 42
38 1
38 19
38 25
38 44
38 6
38 37
38 49
38 15
38 32
38 7
13 9
13 40
13 17
13 45
13 14
13 23
13 26
13 0
13 27
13 18
13 11
13 28
13 20
13 21
13 33
13 42
13 1
13 16
13 25
13 44
13 37
13 36
13 49
13 15
13 7
9 17
9 45
9 14
9 23
9 26
9 0
9 27
9 18
9 11
9 28
9 20
9 33
9 42
9 1
9 19
9 16
9 25
9 6
9 37
9 36
9 49
9 15
9 32
9 7
40 17
40 45
40 26
40 0
40 18
40 11
40 28
40 20
40 21
40 33
40 42
40 1
40 19
40 25
40 44
40 37
40 36
40 49
40 15
40 32
40 7
17 14
17 23
17 26
17 0
17 27
17 18
17 11
17 28
17 20
17 21
17 33
17 42
17 1
17 19
17 25
17 44
17 6
17 49
17 15
17 7
45 14
45 23
45 26
45 0
45 27
45 18
45 11
45 28
45 20
45 33
45 42
45 1
45 19
45 16
45 25
45 44
45 36
45 49
45 15
45 32
45 7
14 23
14 26
14 0
14 27
14 18
14 11
14 28
14 20
14 21
14 33
14 42
14 1
14 19
14 16
14 25
14 44
14 6
14 37
14 49
14 15
14 32
23 26
23 0
23 27
23 18
23 11
23 28
23 20
23 21
23 33
23 42
23 1
23 19
23 16
23 25
23 44
23 6
23 36
23 15
23 32
23 7
26 0
26 27
26 18
26 11
26 28
26 20
26 33
26 42
26 1
26 25
26 6
26 37
26 36
26 49
26 15
26 32
0 27
0 18
0 28
0 21
0 33
0 42
0 1
0 16
0 25
0 44
0 6
0 36
0 49
0 32
0 7
27 18
27 11
27 28
27 20
27 21
27 33
27 1
27 19
27 16
27 25
27 44
27 6
27 37
27 36
27 49
27 15
27 7
18 11
18 28
18 20
18 21
18 33
18 42
18 1
18 19
18 16
18 25
18 44
18 6
18 37
18 36
18 49
18 15
18 32
18 7
11 28
11 20
11 33
11 42
11 1
11 16
11 25
11 44
11 6
11 37
11 36
11 49
11 15
11 32
11 7
28 21
28 33
28 42
28 1
28 19
28 16
28 25
28 44
28 37
28 36
28 49
28 15
28 32
28 7
20 21
20 42
20 1
20 19
20 16
20 25
20 44
20 6
20 37
20 36
20 49
20 15
20 32
20 7
21 33
21 42
21 1
21 19
21 16
21 44
21 6
21 37
21 36
21 49
21 15
21 32
21 7
33 42
33 1
33 19
33 16
33 25
33 44
33 6
33 37
33 49
33 15
33 32
33 7
42 1
42 19
42 16
42 25
42 44
42 6
42 37
42 36
42 49
42 15
42 32
42 7
1 19
1 25
1 44
1 6
1 37
1 36
1 49
1 15
1 32
1 7
19 16
19 25
19 44
19 6
19 37
19 36
19 49
19 15
19 32
19 7
16 25
16 6
16 37
16 36
16 15
16 32
16 7
25 6
25 37
25 36
25 49
25 15
25 7
44 6
44 37
44 36
44 49
44 15
44 32
44 7
6 37
6 36
6 49
6 15
6 32
6 7
37 49
37 15
37 7
36 32
36 7
49 15
49 7
15 32
15 7
