43 7
43 24
43 41
43 16
43 2
43 37
43 47
43 30
43 4
43 11
43 25
43 26
43 45
43 10
43 29
43 36
43 32
43 49
43 17
43 6
43 9
43 27
43 13
43 20
43 23
43 12
43 31
43 21
43 22
43 28
43 48
43 0
43 38
43 5
43 8
43 3
43 18
43 44
43 33
43 46
43 34
43 1
43 39
43 35
43 42
43 40
7 24
7 41
7 16
7 2
7 47
7 30
7 11
7 25
7 26
7 45
7 10
7 29
7 36
7 32
7 49
7 17
7 9
7 27
7 13
7 20
7 23
7 14
7 12
7 31
7 21
7 22
7 28
7 48
7 0
7 15
7 5
7 8
7 3
7 18
7 44
7 33
7 46
7 34
7 39
7 42
7 40
24 41
24 16
24 2
24 37
24 47
24 30
24 4
24 25
24 26
24 45
24 10
24 29
24 36
24 32
24 49
24 17
24 6
24 9
24 19
24 13
24 20
24 23
24 14
24 12
24 31
24 21
24 22
24 28
24 48
24 0
24 15
24 38
24 5
24 8
24 3
24 18
24 44
24 33
24 46
24 34
24 1
24 39
24 35
24 42
24 40
41 16
41 37
41 47
41 4
41 11
41 25
41 45
41 10
41 29
41 36
41 17
41 9
41 27
41 13
41 20
41 23
41 14
41 12
41 31
41 21
41 22
41 28
41 48
41 15
41 38
41 5
41 8
41 3
41 18
41 44
41 46
41 34
41 1
41 39
41 35
41 42
41 40
16 2
16 47
16 30
16 4
16 11
16 25
16 26
16 45
16 10
16 29
16 36
16 32
16 49
16 17
16 6
16 9
16 27
16 13
16 20
16 23
16 14
16 12
16 31
16 21
16 28
16 48
16 0
16 15
16 38
16 8
16 18
16 44
16 33
16 46
16 34
16 1
16 39
16 40
2 37
2 47
2 30
2 4
2 11
2 25
2 26
2 45
2 10
2 29
2 36
2 32
2 49
2 17
2 6
2 9
2 27
2 19
2 20
2 23
2 14
2 12
2 31
2 21
2 22
2 28
2 0
2 15
2 38
2 5
2 8
2 3
2 18
2 46
2 34
2 1
2 39
2 42
2 40
37 47
37 30
37 4
37 11
37 25
37 26
37 45
37 10
37 29
37 36
37 32
37 49
37 17
37 6
37 9
37 27
37 19
37 20
37 23
37 14
37 12
37 31
37 21
37 22
37 48
37 0
37 15
37 38
37 5
37 3
37 18
37 44
37 33
37 46
37 1
37 39
37 42
37 40
47 30
47 4
47 11
47 25
47 26
47 45
47 10
47 29
47 36
47 49
47 17
47 6
47 27
47 19
47 13
47 20
47 23
47 14
47 12
47 31
47 21
47 22
47 28
47 48
47 0
47 15
47 3
47 18
47 44
47 46
47 34
47 1
47 35
47 42
47 40
30 4
30 11
30 25
30 26
30 45
30 10
30 29
30 32
30 49
30 17
30 6
30 9
30 27
30 13
30 20
30 23
30 14
30 12
30 31
30 21
30 22
30 28
30 48
30 0
30 15
30 38
30 5
30 8
30 3
30 18
30 44
30 33
30 46
30 34
30 1
30 39
30 35
30 40
4 25
4 26
4 45
4 10
4 36
4 32
4 49
4 17
4 9
4 27
4 13
4 20
4 23
4 14
4 12
4 31
4 21
4 28
4 48
4 0
4 15
4 5
4 8
4 18
4 44
4 33
4 46
4 34
4 1
4 39
4 35
4 42
4 40
11 25
11 45
11 10
11 29
11 36
11 32
11 17
11 9
11 27
11 19
11 13
11 14
11 12
11 31
11 21
11 48
11 0
11 15
11 38
11 5
11 8
11 3
11 18
11 44
11 33
11 34
11 1
11 39
11 35
11 42
11 40
25 26
25 29
25 32
25 49
25 17
25 6
25 9
25 19
25 13
25 23
25 14
25 31
25 22
25 28
25 48
25 15
25 38
25 5
25 3
25 18
25 44
25 33
25 46
25 1
25 39
25 42
26 45
26 10
26 29
26 36
26 49
26 17
26 6
26 9
26 27
26 13
26 20
26 14
26 12
26 31
26 21
26 22
26 28
26 48
26 0
26 15
26 38
26 8
26 3
26 18
26 44
26 33
26 46
26 34
26 1
26 39
26 35
26 40
45 10
45 29
45 32
45 49
45 17
45 6
45 9
45 27
45 19
45 13
45 20
45 23
45 14
45 31
45 21
45 22
45 48
45 0
45 15
45 38
45 5
45 8
45 3
45 18
45 46
45 34
45 1
45 39
45 42
10 29
10 36
10 32
10 49
10 17
10 6
10 27
10 19
10 13
10 20
10 23
10 12
10 31
10 21
10 28
10 48
10 15
10 38
10 5
10 8
10 3
10 44
10 33
10 46
10 1
10 39
10 35
10 42
29 36
29 32
29 49
29 17
29 6
29 9
29 27
29 19
29 20
29 23
29 14
29 12
29 31
29 21
29 22
29 28
29 0
29 15
29 38
29 5
29 8
29 3
29 18
29 44
29 33
29 46
29 34
29 1
29 39
29 42
29 40
36 32
36 49
36 17
36 6
36 9
36 19
36 13
36 20
36 23
36 14
36 12
36 31
36 21
36 22
36 48
36 0
36 38
36 5
36 8
36 18
36 44
36 33
36 46
36 34
36 1
36 39
36 35
32 49
32 17
32 6
32 9
32 27
32 13
32 20
32 23
32 12
32 31
32 22
32 28
32 48
32 0
32 15
32 38
32 5
32 8
32 3
32 18
32 44
32 33
32 46
32 34
32 1
32 39
32 35
32 42
49 17
49 6
49 27
49 19
49 13
49 20
49 23
49 14
49 12
49 31
49 21
49 28
49 0
49 15
49 5
49 8
49 3
49 18
49 44
49 33
49 46
49 34
49 1
49 39
49 35
49 40
17 6
17 9
17 27
17 13
17 20
17 23
17 14
17 12
17 31
17 21
17 22
17 28
17 48
17 0
17 15
17 38
17 5
17 3
17 44
17 33
17 46
17 34
17 1
17 39
17 42
17 40
6 27
6 19
6 13
6 20
6 23
6 14
6 12
6 31
6 21
6 22
6 28
6 48
6 0
6 15
6 38
6 5
6 8
6 3
6 44
6 33
6 46
6 34
6 1
6 39
6 35
6 42
6 40
9 27
9 19
9 13
9 20
9 23
9 14
9 12
9 31
9 21
9 22
9 28
9 48
9 0
9 15
9 5
9 8
9 18
9 44
9 34
9 1
9 39
9 35
9 40
27 13
27 20
27 23
27 14
27 12
27 31
27 21
27 22
27 28
27 48
27 0
27 38
27 5
27 8
27 3
27 18
27 46
27 34
27 1
27 39
27 35
27 42
27 40
19 13
19 20
19 12
19 31
19 21
19 22
19 28
19 48
19 0
19 15
19 38
19 5
19 8
19 3
19 44
19 33
19 34
19 1
19 39
19 35
19 42
19 40
13 23
13 14
13 31
13 21
13 22
13 28
13 48
13 0
13 15
13 38
13 5
13 8
13 3
13 44
13 33
13 46
13 39
13 35
13 40
20 23
20 14
20 12
20 21
20 22
20 28
20 48
20 0
20 38
20 5
20 8
20 18
20 44
20 33
20 1
20 39
20 35
20 42
20 40
23 12
23 31
23 21
23 22
23 28
23 48
23 0
23 15
23 38
23 5
23 8
23 3
23 18
23 44
23 33
23 46
23 34
23 39
23 35
23 42
14 12
14 31
14 21
14 22
14 28
14 48
14 0
14 15
14 38
14 5
14 8
14 3
14 18
14 44
14 33
14 46
14 1
14 35
14 42
12 31
12 21
12 22
12 28
12 48
12 0
12 38
12 5
12 8
12 44
12 46
12 34
12 1
12 39
12 35
12 42
31 21
31 22
31 48
31 15
31 38
31 8
31 18
31 44
31 33
31 46
31 1
31 39
31 42
31 40
21 22
21 28
21 48
21 0
21 15
21 38
21 8
21 3
21 18
21 44
21 33
21 46
21 34
21 1
21 39
21 35
21 40
22 28
22 48
22 0
22 38
22 5
22 8
22 3
22 18
22 44
22 33
22 46
22 34
22 1
22 35
22 42
22 40
28 48
28 0
28 38
28 8
28 18
28 44
28 33
28 46
28 34
28 1
28 39
28 35
28 42
28 40
48 0
48 15
48 38
48 5
48 8
48 3
48 18
48 44
48 33
48 1
48 39
48 35
48 42
48 40
0 15
0 5
0 8
0 3
0 18
0 44
0 33
0 46
0 34
0 1
0 39
0 42
0 40
15 38
15 5
15 8
15 3
15 18
15 33
15 46
15 34
15 1
15 39
15 35
15 42
15 40
38 5
38 8
38 3
38 18
38 44
38 33
38 46
38 34
38 39
38 35
38 42
38 40
5 8
5 3
5 18
5 44
5 33
5 46
5 34
5 1
5 39
5 35
5 42
5 40
8 3
8 44
8 33
8 46
8 34
8 1
8 39
8 35
8 42
8 40
3 18
3 44
3 33
3 46
3 34
3 1
3 39
3 35
3 42
3 40
18 44
18 46
18 34
18 1
18 35
18 42
44 46
44 34
44 1
44 39
44 35
44 40
33 46
33 34
33 1
33 35
33 42
33 40
46 34
46 1
46 39
46 35
46 42
46 40
34 39
34 40
1 42
1 40
39 35
39 42
39 40
35 42
35 40
