35 43
35 34
35 28
35 56
35 48
35 69
35 63
35 29
35 9
35 74
35 49
35 54
35 55
35 4
35 67
35 51
35 10
35 33
61 43
61 34
61 28
61 39
61 30
61 58
61 8
61 19
61 68
61 62
61 29
61 12
61 37
61 1
61 70
61 41
61 57
61 45
61 3
61 50
43 8
43 69
43 15
43 23
43 37
43 42
43 32
43 73
43 18
43 49
43 44
43 4
43 11
43 38
34 39
34 56
34 30
34 58
34 48
34 6
34 68
34 22
34 7
34 62
34 14
34 70
34 46
34 26
34 36
34 65
34 67
28 13
39 19
39 15
58 40
58 42
8 32
8 27
8 5
8 52
19 40
48 6
48 0
48 46
48 53
69 60
69 52
69 31
6 25
6 63
6 73
6 72
6 17
68 20
68 12
22 16
22 20
22 25
22 21
22 36
16 0
20 21
20 47
20 33
25 71
25 44
25 24
25 66
62 14
15 26
63 71
63 72
29 9
29 55
9 1
9 2
9 65
37 13
37 18
37 53
37 59
14 60
14 27
1 41
13 11
71 24
70 74
46 45
41 3
41 50
26 59
49 54
49 2
49 66
72 17
60 64
27 5
27 10
24 57
24 47
4 38
67 51
3 64
