31 58
31 0
31 56
31 43
31 55
31 73
31 65
31 69
31 20
31 9
31 59
31 39
31 6
31 17
31 34
31 2
31 5
31 14
31 64
31 60
31 66
31 27
31 4
31 36
31 62
31 25
31 70
31 74
31 50
31 21
31 1
15 58
15 0
15 46
15 61
58 55
58 73
58 69
58 22
58 52
0 56
0 43
0 51
0 46
0 49
0 59
0 33
0 44
0 53
0 38
0 23
0 7
0 68
56 10
56 53
56 4
43 28
43 17
43 3
43 42
43 44
43 54
43 12
43 26
43 18
43 32
55 40
55 67
55 60
55 68
55 52
73 65
73 20
73 40
73 22
73 39
73 30
73 67
65 9
65 8
65 47
65 5
65 48
65 36
69 10
69 35
69 63
69 13
69 26
69 16
69 29
20 49
20 3
40 41
40 11
10 35
10 2
10 45
22 66
9 51
9 37
51 62
46 30
46 38
49 37
49 63
28 57
28 18
28 71
28 45
59 34
59 24
39 64
63 61
63 13
63 33
63 54
63 14
30 47
6 42
6 48
6 74
34 57
34 23
34 24
61 8
61 11
61 19
61 25
61 70
8 50
13 16
42 71
54 12
16 72
14 7
14 29
67 41
67 1
60 27
4 72
36 32
68 21
