12 54
12 21
12 63
12 50
12 58
12 68
12 74
12 46
12 24
12 47
12 2
12 49
12 55
12 19
12 8
12 28
12 31
12 67
12 3
12 45
12 41
12 15
12 44
12 20
12 42
12 10
12 5
12 11
12 17
12 69
12 25
33 54
33 21
33 14
33 57
54 58
54 68
54 46
54 36
54 23
21 63
21 34
21 14
21 65
21 62
21 2
21 64
21 72
21 35
21 73
21 48
21 0
21 53
63 1
63 35
63 44
50 62
50 19
50 43
50 59
50 72
50 71
50 70
50 13
50 56
50 40
58 9
58 30
58 45
58 53
58 23
68 74
68 24
68 9
68 36
68 49
68 22
68 30
74 47
74 55
74 26
74 7
74 31
74 61
74 20
46 1
46 38
46 6
46 16
46 13
46 39
46 37
24 65
24 43
9 66
9 27
1 38
1 28
1 18
36 41
47 34
47 52
34 42
14 22
14 73
65 52
65 6
62 51
62 56
62 60
62 18
2 8
2 32
49 3
6 57
6 16
6 64
6 71
6 67
22 7
55 59
55 61
55 11
8 51
8 48
8 4
8 32
57 26
57 27
57 4
57 10
57 5
26 17
16 39
59 60
71 70
39 29
67 0
67 37
30 66
30 25
45 15
44 29
20 40
53 69
