0 2
0 3
0 4
0 5
0 6
0 7
0 8
0 9
0 10
0 14
0 20
0 22
0 25
0 26
0 28
0 38
0 40
0 45
0 46
0 48
0 49
0 50
0 51
0 55
0 58
0 63
0 66
0 67
0 68
0 70
0 71
1 2
1 3
1 16
1 29
2 6
2 7
2 9
2 13
2 73
3 4
3 5
3 15
3 16
3 17
3 18
3 20
3 33
3 35
3 37
3 39
3 54
3 61
3 62
4 12
4 37
4 51
5 18
5 26
5 27
5 32
5 35
5 36
5 41
5 42
5 56
5 57
6 11
6 47
6 48
6 62
6 73
7 8
7 10
7 11
7 13
7 22
7 24
7 47
8 14
8 25
8 30
8 34
8 40
8 44
8 55
9 12
9 21
9 23
9 31
9 42
9 43
9 69
10 17
10 27
11 53
11 59
12 21
12 38
12 74
13 49
14 15
14 19
15 58
16 24
16 39
17 19
17 23
18 52
18 56
18 65
18 74
20 28
20 64
22 46
23 29
23 31
23 33
23 36
23 45
24 34
25 32
25 44
25 67
28 52
28 54
28 60
28 64
29 30
29 59
29 60
29 63
29 66
30 68
31 43
32 65
36 41
43 72
45 61
45 69
47 53
47 71
48 50
51 72
55 57
62 70
