0 712
0 869
0 631
0 1115
0 158
1 749
1 803
1 982
2 234
2 153
2 28
3 350
3 903
3 16
3 984
3 1086
3 336
3 489
3 1090
3 158
3 300
4 754
4 144
5 156
6 300
6 1131
6 141
6 938
6 113
6 819
6 486
6 41
6 805
6 635
6 556
6 506
6 59
7 36
7 826
7 664
7 144
7 566
8 674
8 457
8 887
8 924
8 731
8 717
8 639
8 785
8 534
9 487
9 319
9 73
9 394
9 392
9 130
9 960
9 273
9 1060
9 436
9 99
9 1058
9 259
9 1089
9 121
9 823
9 638
9 468
9 177
9 461
9 170
9 1091
10 1032
10 690
11 437
11 818
11 406
12 498
12 571
12 885
12 870
13 382
13 981
13 1088
13 637
13 336
13 181
13 1091
13 381
13 524
13 1008
13 115
13 40
13 316
13 645
13 695
13 107
13 984
14 949
14 45
14 93
15 343
16 984
16 121
16 813
16 668
16 170
16 1085
16 1077
16 949
16 191
16 876
16 294
16 1125
16 934
16 774
16 783
16 692
16 3
16 644
16 300
16 443
16 309
16 785
16 201
16 398
16 215
16 430
16 1016
16 259
16 795
16 133
16 839
16 970
16 312
16 637
16 237
16 638
16 152
16 216
16 805
16 87
16 1008
17 718
17 573
17 653
18 959
19 595
19 581
19 213
19 465
19 300
19 864
20 919
20 94
21 448
21 294
21 966
21 682
22 165
22 496
22 878
23 1015
23 516
23 336
23 629
23 667
23 713
23 511
23 158
23 155
24 100
24 860
24 396
24 318
24 1008
25 538
26 366
26 538
26 716
26 298
26 795
26 866
26 314
26 860
26 755
27 749
27 413
28 135
28 1049
28 345
28 815
28 511
28 615
28 1042
28 741
28 173
28 2
28 163
28 1030
28 98
28 330
28 1128
28 429
28 303
28 410
28 941
29 920
29 838
29 652
29 357
29 958
29 414
30 330
30 579
30 303
30 694
30 220
31 525
31 105
31 1108
31 49
31 137
31 612
31 934
31 1006
32 1071
32 144
32 36
32 431
32 826
32 690
32 754
32 107
32 746
32 626
32 931
33 647
34 795
34 1010
35 984
35 1014
35 1112
35 106
35 319
35 805
35 625
35 182
35 965
35 329
35 603
35 268
35 785
35 1063
35 56
35 1119
35 992
35 437
35 996
35 649
35 883
35 493
35 231
36 488
36 192
36 32
36 754
36 431
36 690
36 1071
36 7
36 626
37 889
38 750
38 446
38 297
38 104
38 719
38 179
38 732
38 90
39 1085
40 13
40 1042
40 818
40 1048
40 828
40 504
40 81
40 325
40 645
41 803
41 506
41 6
41 515
41 543
41 867
41 233
41 113
41 593
41 1090
42 231
42 887
42 1084
42 374
42 670
42 56
42 493
42 1104
42 182
42 443
42 319
42 404
42 198
42 1063
42 984
42 259
43 804
43 1008
43 487
43 996
43 533
43 725
43 121
44 1015
44 771
45 798
45 637
45 233
45 705
45 1038
45 700
45 587
45 1085
45 561
45 1065
45 399
45 270
45 538
45 639
45 681
45 601
45 66
45 483
45 83
45 14
45 430
45 357
45 70
45 101
46 358
47 769
47 1029
47 873
47 169
47 210
47 1049
47 410
47 335
47 1066
48 155
49 825
49 860
49 911
49 978
49 82
49 208
49 933
49 248
49 481
49 79
49 761
49 613
49 525
49 608
49 579
49 574
49 31
50 414
50 897
50 476
50 259
50 851
50 749
50 99
50 786
50 103
50 1068
50 803
50 88
50 1009
50 834
50 592
51 426
51 807
52 763
53 181
53 1038
53 504
53 300
53 746
53 1020
53 1032
53 533
53 207
53 216
53 1040
53 1106
53 1088
53 141
53 943
53 520
53 864
53 83
53 1090
53 267
53 1039
53 805
53 866
53 637
53 345
53 1072
53 786
53 107
53 478
53 581
53 344
53 158
53 412
53 788
53 496
53 493
53 647
53 317
54 481
54 317
55 389
55 1125
55 281
55 795
55 154
56 909
56 688
56 215
56 782
56 84
56 323
56 42
56 733
56 35
56 461
56 179
56 191
56 609
56 679
56 839
56 589
56 856
56 420
56 300
56 932
57 130
57 102
57 736
57 933
57 485
57 411
57 795
57 912
57 911
57 1079
57 481
57 471
57 987
57 860
57 665
57 963
57 529
57 495
58 158
59 6
59 400
60 155
60 145
61 330
61 371
61 653
61 521
61 677
62 357
62 112
62 648
62 437
63 690
63 228
63 969
63 1064
63 265
63 384
63 594
63 287
63 403
63 1018
63 501
63 276
64 305
64 816
64 146
64 132
64 585
64 526
64 324
65 1079
65 960
65 699
66 1048
66 730
66 805
66 348
66 155
66 1052
66 174
66 135
66 656
66 410
66 472
66 336
66 681
66 225
66 741
66 500
66 220
66 275
66 173
66 403
66 1022
66 874
66 1042
66 1080
66 539
66 45
67 232
68 631
69 758
69 149
69 139
69 703
70 345
70 1042
70 45
70 1088
71 687
71 852
72 110
72 666
73 547
73 284
73 952
73 128
73 946
73 79
73 1077
73 121
73 879
73 608
73 487
73 785
73 525
73 9
73 136
73 1005
73 196
73 423
73 1023
73 625
73 1027
73 159
73 677
73 469
73 231
74 1039
74 730
74 981
74 174
74 173
74 726
74 156
74 439
74 590
74 345
74 119
74 98
74 371
74 277
74 428
74 993
75 414
76 165
77 581
78 373
78 563
79 625
79 579
79 94
79 49
79 615
79 1076
79 73
79 125
79 692
79 136
80 496
81 233
81 545
81 256
81 955
81 1005
81 915
81 437
81 40
81 818
81 112
82 49
82 202
82 360
83 483
83 1038
83 916
83 1035
83 350
83 324
83 637
83 472
83 587
83 45
83 1131
83 158
83 53
83 357
83 1065
83 478
83 910
83 705
83 286
83 385
83 681
83 400
83 1114
83 404
84 951
84 56
84 646
84 932
85 868
85 1060
85 428
85 232
85 1051
85 249
85 1126
85 538
85 238
86 754
86 826
87 16
87 563
87 875
87 805
87 397
87 300
87 1090
87 415
87 576
87 893
87 469
87 155
87 374
87 216
88 520
88 103
88 886
88 476
88 412
88 1009
88 259
88 247
88 1122
88 343
88 50
88 1050
89 994
89 422
89 442
89 866
89 428
89 283
89 426
89 807
90 104
90 1033
90 38
90 297
90 719
91 336
91 170
91 876
91 637
91 158
91 154
92 764
92 105
93 1084
93 526
93 866
93 14
93 1008
93 432
93 949
93 1010
93 747
93 184
93 745
93 306
93 762
93 680
93 385
93 422
93 561
94 79
94 556
94 20
94 579
94 946
94 515
95 127
95 1062
95 407
96 1084
96 769
97 478
97 1051
97 306
97 982
97 238
97 867
97 253
97 620
97 868
97 428
97 287
97 357
97 538
97 232
97 449
98 28
98 286
98 193
98 290
98 74
98 113
98 155
98 303
98 896
98 730
98 981
99 306
99 1128
99 598
99 1049
99 50
99 1060
99 958
99 343
99 9
99 1058
99 256
99 903
99 1097
99 599
99 262
99 259
99 239
99 886
99 580
99 615
99 987
99 1090
100 24
101 487
101 45
102 1089
102 1091
102 920
102 813
102 57
103 357
103 425
103 259
103 262
103 282
103 50
103 753
103 947
103 88
104 90
104 436
104 852
104 1003
104 446
104 38
104 267
104 771
104 750
105 255
105 92
105 210
105 493
105 31
105 905
105 544
106 35
107 276
107 642
107 53
107 32
107 13
107 265
107 611
108 1014
109 222
109 344
110 72
110 613
110 1085
110 437
110 981
111 708
112 62
112 233
112 535
112 806
112 698
112 81
112 684
113 593
113 962
113 946
113 963
113 967
113 861
113 680
113 410
113 951
113 125
113 843
113 556
113 543
113 527
113 232
113 364
113 98
113 1131
113 6
113 925
113 896
113 909
113 705
113 215
113 803
113 520
113 143
113 819
113 347
113 472
113 41
113 712
113 1072
114 1042
114 722
115 13
115 645
116 173
116 1037
116 275
116 741
116 1080
116 174
116 998
116 590
116 727
116 948
116 815
116 227
117 611
117 276
117 1085
117 683
117 473
117 672
117 1015
118 684
118 829
118 202
118 233
118 648
118 1056
118 267
118 915
118 593
118 594
118 902
118 734
119 74
119 156
120 867
120 277
121 43
121 339
121 854
121 9
121 984
121 510
121 437
121 783
121 300
121 731
121 259
121 674
121 862
121 1021
121 525
121 136
121 170
121 639
121 73
121 16
121 946
122 603
122 565
122 1063
122 1014
122 198
123 1046
123 228
123 340
123 501
123 499
124 660
124 623
124 382
124 220
125 1116
125 886
125 807
125 113
125 79
125 665
126 1049
126 913
126 645
127 95
127 698
127 909
127 231
127 296
128 952
128 608
128 73
128 785
128 1023
128 136
128 159
128 625
128 196
128 359
128 363
129 233
129 331
129 371
129 752
129 1015
129 893
130 305
130 795
130 57
130 716
130 324
130 9
130 1087
130 711
130 362
130 283
130 748
131 672
131 861
131 621
131 252
132 708
132 1098
132 577
132 64
132 471
132 818
133 406
133 639
133 1063
133 887
133 404
133 16
133 984
133 443
134 838
135 730
135 28
135 66
136 215
136 952
136 497
136 825
136 606
136 423
136 1023
136 73
136 128
136 363
136 670
136 1027
136 359
136 487
136 121
136 443
136 196
136 764
136 785
136 79
136 1126
136 854
137 1016
137 194
137 764
137 170
137 887
137 547
137 31
137 359
137 625
137 934
137 162
137 834
137 884
138 270
138 863
138 653
138 722
138 455
138 507
139 703
139 749
139 913
139 840
139 69
139 557
140 293
140 363
140 236
140 259
140 606
140 460
140 383
141 637
141 6
141 53
141 267
141 593
141 300
141 472
141 1088
142 209
142 826
142 579
143 527
143 511
143 360
143 403
143 1075
143 805
143 558
143 1029
143 922
143 1111
143 228
143 1115
143 410
143 113
143 1128
143 287
143 215
144 499
144 7
144 826
144 474
144 1123
144 969
144 4
144 1046
144 209
144 32
144 772
144 754
145 417
145 909
145 266
145 256
145 60
145 233
146 392
146 878
146 64
147 184
148 968
148 148
149 220
149 69
149 1098
149 622
149 902
149 758
149 267
149 593
150 998
150 741
151 719
151 297
151 750
151 1079
151 687
151 310
151 477
152 638
152 692
152 961
152 1016
152 993
152 887
152 763
152 16
152 844
152 1077
153 444
153 867
153 805
153 834
153 439
153 815
153 2
154 613
154 170
154 55
154 304
154 91
155 1044
155 60
155 87
155 913
155 98
155 504
155 330
155 48
155 66
155 1049
155 335
155 981
155 23
156 119
156 660
156 677
156 74
156 403
156 5
157 925
157 1063
157 267
158 681
158 527
158 351
158 773
158 838
158 419
158 981
158 300
158 226
158 949
158 1008
158 336
158 727
158 758
158 1012
158 631
158 285
158 903
158 637
158 654
158 963
158 430
158 520
158 0
158 83
158 1090
158 53
158 1102
158 58
158 1106
158 91
158 1078
158 3
158 23
159 73
159 608
159 196
159 952
159 128
159 1027
159 625
159 487
159 359
159 284
160 394
161 893
162 423
162 533
162 137
162 984
162 452
163 761
163 929
163 190
163 193
163 28
163 303
164 644
164 723
164 205
164 274
164 591
164 675
164 632
164 255
164 309
165 513
165 22
165 399
165 426
165 712
165 76
165 508
165 430
165 1020
165 669
165 1073
165 654
166 777
166 890
166 1075
167 737
167 411
167 866
167 1125
168 885
169 968
169 335
169 47
169 360
169 622
170 1119
170 154
170 530
170 91
170 350
170 692
170 531
170 137
170 121
170 16
170 9
171 867
171 660
172 304
172 813
172 799
172 597
172 223
173 741
173 28
173 116
173 948
173 1084
173 66
173 998
173 74
174 741
174 382
174 1075
174 74
174 242
174 981
174 319
174 66
174 275
174 429
174 874
174 116
174 371
174 998
174 569
174 590
174 1129
175 282
175 1009
176 532
177 9
177 892
177 208
177 597
177 1084
177 528
178 749
179 56
179 38
180 403
181 426
181 582
181 1080
181 799
181 270
181 53
181 563
181 1085
181 218
181 850
181 777
181 13
181 336
181 865
181 890
181 361
181 876
181 345
181 215
181 606
181 613
181 637
181 350
181 984
181 521
182 1014
182 35
182 372
182 1063
182 215
182 960
182 993
182 404
182 42
183 273
183 702
183 417
184 737
184 319
184 147
184 396
184 966
184 762
184 987
184 736
184 811
184 442
184 93
184 243
184 1010
184 612
185 286
186 697
186 708
187 649
188 1111
188 289
188 455
188 471
189 671
189 527
189 256
190 163
191 856
191 993
191 56
191 768
191 16
191 892
192 826
192 754
192 925
192 36
192 1071
192 1119
192 626
193 98
193 330
193 1129
193 437
193 163
194 1016
194 137
194 231
194 638
194 764
194 363
195 357
195 561
195 478
195 920
195 1026
195 232
195 910
195 538
196 359
196 73
196 128
196 284
196 136
196 1027
196 159
196 487
196 608
196 625
197 329
198 1014
198 42
198 122
199 1098
200 930
200 579
200 819
201 348
201 16
201 487
201 280
201 259
201 296
202 969
202 749
202 267
202 82
202 336
202 1112
202 118
202 437
202 579
203 708
203 818
204 374
204 1063
204 404
205 164
205 452
205 533
206 363
206 1025
206 638
206 497
206 844
206 966
206 294
206 818
207 805
207 720
207 1008
207 1038
207 300
207 382
207 1084
207 640
207 581
207 1085
207 215
207 993
207 1059
207 53
208 177
208 577
208 912
208 1074
208 49
209 142
209 826
209 144
209 1119
210 105
210 47
211 1040
212 286
212 913
212 399
212 890
213 19
213 720
214 606
214 361
214 1012
214 344
214 478
215 656
215 16
215 1045
215 1042
215 905
215 330
215 336
215 136
215 890
215 1008
215 339
215 892
215 113
215 741
215 182
215 1015
215 562
215 496
215 500
215 504
215 789
215 207
215 1080
215 879
215 398
215 815
215 834
215 558
215 550
215 143
215 56
215 181
215 459
215 700
215 1125
216 398
216 53
216 1119
216 783
216 16
216 259
216 446
216 868
216 595
216 839
216 87
216 875
216 318
216 234
216 487
216 1062
217 1061
218 290
218 929
218 270
218 368
218 181
219 347
220 335
220 963
220 149
220 66
220 124
220 345
220 30
220 815
220 330
220 1085
221 598
222 382
222 336
222 437
222 345
222 451
222 815
222 109
222 439
223 1020
223 172
223 947
224 250
224 376
224 399
224 724
225 66
226 903
226 819
226 807
226 909
226 158
227 116
227 741
227 586
227 1080
227 459
227 275
227 454
228 123
228 143
228 805
228 287
228 492
228 1018
228 63
228 403
228 265
228 713
228 501
229 234
230 399
230 852
230 856
230 355
230 244
230 817
231 1102
231 785
231 970
231 487
231 127
231 1077
231 194
231 765
231 880
231 347
231 42
231 692
231 371
231 993
231 237
231 443
231 591
231 625
231 1112
231 35
231 574
231 73
231 670
232 344
232 253
232 357
232 67
232 1051
232 306
232 314
232 620
232 113
232 298
232 289
232 567
232 443
232 662
232 868
232 954
232 463
232 413
232 387
232 479
232 691
232 263
232 1131
232 982
232 85
232 1032
232 97
232 324
232 1026
232 195
233 972
233 41
233 771
233 893
233 969
233 749
233 535
233 1114
233 437
233 112
233 840
233 81
233 267
233 684
233 563
233 698
233 576
233 758
233 997
233 118
233 649
233 45
233 648
233 145
233 129
233 853
233 417
234 640
234 256
234 2
234 881
234 753
234 990
234 216
234 520
234 229
235 813
235 836
235 878
235 712
235 607
235 426
235 932
235 1065
235 1008
235 1074
235 428
236 404
236 1082
236 406
236 606
236 140
236 1063
236 460
236 398
236 329
236 984
236 613
236 1128
236 867
236 1112
236 268
236 1014
237 723
237 765
237 515
237 443
237 231
237 653
237 625
237 680
237 16
237 1016
237 638
237 880
237 896
237 749
237 363
237 1020
238 324
238 770
238 954
238 253
238 982
238 357
238 314
238 97
238 1026
238 620
238 85
239 345
239 984
239 99
239 774
239 606
239 451
240 1101
241 981
242 815
242 174
242 451
242 382
242 439
243 736
243 442
243 737
243 661
243 1010
243 518
243 422
243 1132
243 396
243 184
244 230
244 1094
244 583
244 536
244 892
244 433
244 671
244 375
244 687
245 910
246 855
246 426
246 795
247 88
248 1069
248 49
248 825
248 933
248 574
248 489
249 85
250 224
251 437
251 360
252 1046
252 621
252 993
252 131
252 861
252 897
252 343
252 473
252 969
253 232
253 289
253 868
253 97
253 538
253 238
253 449
253 954
253 770
253 620
253 570
254 934
254 525
255 105
255 544
255 493
255 164
256 318
256 145
256 393
256 569
256 234
256 1119
256 1002
256 189
256 99
256 1080
256 782
256 81
256 915
257 356
257 759
257 998
257 1048
257 1047
258 870
259 414
259 569
259 876
259 216
259 867
259 50
259 783
259 672
259 121
259 336
259 16
259 1009
259 262
259 786
259 287
259 306
259 803
259 88
259 99
259 1060
259 140
259 9
259 647
259 643
259 947
259 42
259 753
259 520
259 425
259 1109
259 799
259 851
259 868
259 1085
259 201
259 103
260 772
261 1008
261 950
261 380
262 259
262 99
262 103
262 886
262 380
263 845
263 868
263 387
263 232
263 538
264 583
264 648
264 768
264 540
265 107
265 746
265 501
265 967
265 1028
265 228
265 1057
265 63
266 909
266 653
266 733
266 145
266 876
267 1128
267 104
267 997
267 637
267 579
267 1114
267 1112
267 300
267 984
267 336
267 758
267 141
267 1106
267 708
267 764
267 729
267 876
267 157
267 202
267 962
267 511
267 593
267 233
267 390
267 149
267 53
267 118
267 437
268 984
268 1063
268 35
268 944
268 996
268 270
268 236
268 839
268 329
268 606
268 603
268 950
268 1004
268 1014
268 1040
268 1121
268 374
268 406
269 890
269 498
269 777
270 998
270 138
270 181
270 620
270 374
270 301
270 546
270 606
270 785
270 691
270 478
270 329
270 1008
270 218
270 959
270 790
270 1092
270 1065
270 455
270 406
270 834
270 722
270 1088
270 653
270 563
270 268
270 426
270 45
270 507
271 866
271 1002
271 485
272 514
272 670
272 717
272 887
272 924
272 946
272 639
272 1132
272 674
273 960
273 304
273 9
273 417
273 468
273 183
273 415
274 299
274 638
274 973
274 765
274 164
274 922
274 591
274 723
275 66
275 1039
275 306
275 590
275 325
275 1037
275 1080
275 741
275 885
275 227
275 174
275 116
276 117
276 940
276 107
276 340
276 1064
276 532
276 595
276 677
276 474
276 611
276 1017
276 810
276 779
276 410
276 623
276 826
276 690
276 63
276 642
276 579
277 336
277 885
277 1124
277 74
277 889
277 399
277 1126
277 120
277 550
277 913
277 360
277 511
277 867
277 943
277 486
277 892
277 522
277 858
277 953
277 856
277 1128
278 581
278 848
278 340
278 613
279 504
279 382
280 201
280 443
280 732
281 55
282 425
282 175
282 520
282 103
283 130
283 855
283 385
283 394
283 866
283 317
283 89
283 1002
283 963
283 561
283 562
283 884
283 804
283 676
283 344
283 813
283 680
283 677
284 1020
284 574
284 612
284 608
284 625
284 159
284 785
284 854
284 437
284 487
284 196
284 73
285 158
285 336
285 871
285 440
285 1106
286 637
286 483
286 301
286 587
286 98
286 212
286 504
286 819
286 925
286 185
286 400
286 1072
286 896
286 1038
286 83
287 403
287 63
287 805
287 143
287 866
287 959
287 660
287 780
287 228
287 259
287 97
287 459
288 496
288 779
289 877
289 360
289 770
289 471
289 232
289 253
289 716
289 188
290 569
290 929
290 218
290 98
291 903
291 867
291 360
292 1032
293 448
293 692
293 140
293 363
293 349
293 682
294 309
294 1077
294 206
294 16
294 363
294 638
294 432
294 966
294 512
294 692
294 1084
294 970
294 21
294 689
295 385
295 978
295 676
295 426
295 762
295 362
295 1079
296 127
296 201
296 1062
297 1084
297 1033
297 687
297 979
297 589
297 701
297 151
297 90
297 38
297 750
298 344
298 1125
298 26
298 479
298 1032
298 755
298 860
298 366
298 1051
298 889
298 748
298 357
298 538
298 389
298 232
298 866
299 409
299 274
300 903
300 56
300 1106
300 637
300 19
300 443
300 581
300 141
300 87
300 207
300 158
300 815
300 3
300 121
300 267
300 6
300 1008
300 351
300 1049
300 16
300 1085
300 1038
300 53
300 984
301 440
301 1131
301 578
301 478
301 909
301 677
301 286
301 464
301 641
301 395
301 270
301 371
302 456
302 519
302 860
302 1091
302 518
302 422
302 736
302 894
302 305
302 978
302 624
302 1073
302 995
302 432
302 789
302 640
303 1049
303 163
303 28
303 695
303 30
303 330
303 751
303 1128
303 98
304 947
304 1064
304 443
304 1015
304 613
304 854
304 154
304 1016
304 1119
304 1020
304 1086
304 467
304 172
304 987
304 799
304 579
304 273
305 1091
305 614
305 362
305 394
305 1079
305 795
305 485
305 737
305 1008
305 736
305 318
305 963
305 1125
305 561
305 1010
305 789
305 1089
305 456
305 130
305 936
305 432
305 1132
305 411
305 64
305 665
305 302
306 1092
306 232
306 554
306 570
306 987
306 259
306 1050
306 834
306 1067
306 1032
306 275
306 93
306 97
306 803
306 1051
306 99
306 640
306 490
307 890
308 543
308 556
308 769
309 16
309 1077
309 363
309 966
309 844
309 638
309 164
309 294
310 562
310 1002
310 553
310 1020
310 891
310 151
310 1075
310 561
310 932
310 394
310 372
310 485
310 465
310 426
310 836
310 1008
310 524
310 1087
310 811
310 1012
310 495
311 606
311 661
311 456
311 1014
311 894
312 16
312 574
312 785
312 320
312 839
312 533
313 957
314 238
314 662
314 1065
314 1051
314 479
314 653
314 26
314 232
314 365
315 465
316 984
316 350
316 579
316 527
316 805
316 373
316 1090
316 500
316 13
317 1091
317 54
317 1040
317 1012
317 357
317 53
317 351
317 680
317 950
317 1116
317 562
317 283
318 1008
318 24
318 1119
318 1020
318 351
318 385
318 523
318 256
318 661
318 1027
318 654
318 216
318 332
318 467
318 597
318 665
318 994
318 305
318 808
319 42
319 1132
319 174
319 9
319 35
319 675
319 624
319 184
320 483
320 946
320 493
320 347
320 1102
320 312
321 769
322 351
323 993
323 698
323 461
323 56
323 420
324 83
324 1051
324 232
324 994
324 238
324 463
324 64
324 394
324 399
324 868
324 959
324 346
324 624
324 958
324 845
324 385
324 130
324 650
324 391
324 910
324 947
324 357
324 803
324 920
325 741
325 586
325 40
325 275
325 1037
326 1111
327 598
327 520
328 373
329 849
329 383
329 950
329 268
329 603
329 1121
329 363
329 960
329 236
329 270
329 883
329 1004
329 1014
329 197
329 35
329 996
330 1052
330 220
330 28
330 30
330 815
330 193
330 896
330 705
330 364
330 155
330 215
330 920
330 907
330 511
330 928
330 61
330 303
330 623
330 835
331 852
331 867
331 733
331 709
331 129
331 893
332 523
332 860
332 808
332 318
332 963
332 736
332 1010
333 682
333 361
334 1085
334 613
334 410
334 1015
334 1008
334 508
334 969
334 654
334 1020
334 1086
334 799
335 1070
335 510
335 1029
335 47
335 220
335 727
335 155
335 169
336 472
336 729
336 1106
336 892
336 66
336 277
336 158
336 91
336 984
336 398
336 3
336 267
336 259
336 963
336 1111
336 1131
336 181
336 222
336 540
336 993
336 215
336 13
336 419
336 671
336 1130
336 865
336 285
336 815
336 443
336 202
336 637
336 1090
336 23
336 726
336 863
336 382
337 896
337 394
337 963
338 393
339 121
339 215
339 798
339 822
339 815
339 583
340 690
340 278
340 848
340 532
340 1028
340 123
340 276
340 967
340 1057
341 851
342 753
343 1122
343 897
343 414
343 15
343 99
343 1060
343 88
343 958
343 252
344 813
344 607
344 232
344 1008
344 483
344 662
344 214
344 394
344 1084
344 855
344 641
344 830
344 53
344 432
344 1088
344 438
344 298
344 283
344 362
344 109
345 403
345 876
345 984
345 70
345 220
345 382
345 730
345 239
345 28
345 660
345 53
345 774
345 1022
345 381
345 451
345 181
345 222
345 74
345 437
345 815
345 834
346 324
346 561
347 443
347 887
347 486
347 472
347 113
347 1074
347 1126
347 410
347 1014
347 406
347 511
347 764
347 231
347 480
347 219
347 638
347 320
347 1128
348 500
348 201
348 792
348 651
348 66
348 656
348 516
349 363
349 293
349 448
349 966
349 682
349 638
349 1084
349 1016
350 3
350 170
350 949
350 623
350 181
350 654
350 1119
350 316
350 671
350 878
350 799
350 83
350 613
350 443
350 1085
350 869
351 318
351 1012
351 1074
351 322
351 1032
351 775
351 317
351 300
351 681
351 538
351 866
351 158
351 904
352 775
352 1079
352 825
353 655
353 500
353 355
354 862
355 441
355 655
355 634
355 445
355 852
355 671
355 822
355 230
355 375
355 353
355 1100
355 546
355 892
355 932
355 543
356 257
357 83
357 693
357 954
357 958
357 598
357 97
357 1007
357 920
357 790
357 62
357 298
357 232
357 868
357 238
357 749
357 45
357 317
357 928
357 910
357 195
357 29
357 959
357 538
357 811
357 103
357 803
357 324
357 804
357 570
357 385
357 561
357 463
358 577
358 46
358 872
358 385
358 636
358 526
359 854
359 608
359 887
359 136
359 423
359 137
359 625
359 653
359 128
359 196
359 487
359 844
359 612
359 493
359 534
359 159
359 1023
360 871
360 410
360 826
360 400
360 82
360 251
360 657
360 663
360 289
360 169
360 558
360 291
360 1029
360 694
360 143
360 277
361 777
361 214
361 653
361 181
361 953
361 675
361 1084
361 333
361 498
361 890
361 870
361 478
362 295
362 860
362 640
362 978
362 1001
362 344
362 512
362 305
362 644
362 456
362 130
362 483
362 1079
362 665
362 614
362 736
363 349
363 1112
363 460
363 293
363 372
363 934
363 1084
363 237
363 128
363 638
363 933
363 206
363 329
363 584
363 1000
363 136
363 448
363 140
363 309
363 879
363 1016
363 844
363 294
363 1108
363 194
364 113
364 330
364 437
365 314
366 716
366 673
366 1125
366 471
366 1120
366 442
366 662
366 26
366 860
366 298
366 748
366 956
366 737
366 795
367 976
368 218
369 826
370 624
370 665
370 553
371 1080
371 479
371 569
371 61
371 1054
371 74
371 733
371 174
371 838
371 129
371 301
371 690
371 967
371 231
371 632
371 1123
372 310
372 876
372 1119
372 1002
372 763
372 553
372 363
372 485
372 182
373 316
373 328
373 511
373 78
374 785
374 653
374 268
374 984
374 1063
374 477
374 458
374 404
374 679
374 204
374 818
374 1102
374 87
374 42
374 406
374 270
375 1094
375 785
375 244
375 433
375 355
376 1013
376 224
377 601
378 609
379 1008
380 261
380 262
381 1128
381 1049
381 451
381 767
381 345
381 1052
381 13
381 875
381 867
381 993
381 623
381 771
381 516
381 1036
381 984
382 174
382 345
382 997
382 242
382 207
382 336
382 222
382 13
382 783
382 984
382 788
382 834
382 279
382 948
382 730
382 805
382 124
382 1090
383 329
383 1004
383 140
384 899
384 805
384 826
384 690
384 63
384 1046
384 1093
384 931
384 925
385 1059
385 748
385 93
385 411
385 283
385 318
385 872
385 681
385 295
385 324
385 358
385 676
385 712
385 567
385 83
385 357
385 866
385 484
385 561
385 807
385 945
386 563
387 232
387 263
387 845
387 691
387 1067
388 677
389 55
389 755
389 1125
389 866
389 298
390 749
390 758
390 648
390 593
390 997
390 267
390 437
390 969
391 324
392 426
392 654
392 1002
392 876
392 712
392 1074
392 9
392 920
392 146
392 637
392 505
393 338
393 569
393 256
393 567
393 472
393 782
393 915
394 963
394 305
394 1012
394 432
394 310
394 624
394 9
394 160
394 1129
394 426
394 1088
394 1125
394 860
394 789
394 1083
394 1091
394 712
394 562
394 283
394 324
394 737
394 896
394 736
394 344
394 1116
394 1074
394 337
394 1008
395 565
395 1084
395 890
395 858
395 777
395 832
395 870
395 1099
395 301
395 648
396 761
396 1010
396 422
396 442
396 24
396 737
396 762
396 775
396 184
396 243
396 561
397 732
397 702
397 799
397 819
397 993
397 87
398 216
398 1050
398 1039
398 336
398 1080
398 1119
398 215
398 236
398 1059
398 1005
398 805
398 16
398 1048
399 483
399 1073
399 1099
399 543
399 224
399 324
399 681
399 277
399 587
399 910
399 637
399 478
399 648
399 45
399 212
399 230
399 870
399 165
399 705
399 898
399 817
399 1131
400 932
400 410
400 782
400 1085
400 1131
400 360
400 587
400 910
400 1015
400 805
400 472
400 581
400 993
400 637
400 836
400 1038
400 59
400 83
400 286
401 407
402 449
402 538
403 805
403 156
403 66
403 287
403 180
403 143
403 1037
403 345
403 228
403 63
404 406
404 637
404 763
404 374
404 1104
404 1014
404 1063
404 918
404 236
404 42
404 204
404 83
404 493
404 639
404 133
404 182
405 1052
405 1118
406 133
406 268
406 374
406 653
406 1014
406 404
406 603
406 236
406 806
406 347
406 839
406 270
406 1063
406 1084
406 1112
406 1128
406 11
407 401
407 95
408 623
408 932
409 299
409 549
410 47
410 28
410 143
410 829
410 1088
410 515
410 879
410 807
410 1102
410 1074
410 909
410 443
410 334
410 1032
410 925
410 360
410 276
410 400
410 1042
410 556
410 1116
410 66
410 347
410 113
410 886
411 167
411 1079
411 385
411 737
411 665
411 795
411 305
411 936
411 561
411 57
411 490
412 53
412 88
412 889
412 888
412 872
413 538
413 27
413 232
413 803
413 868
414 50
414 673
414 75
414 29
414 343
414 259
414 958
415 575
415 87
415 702
415 576
415 468
415 783
415 273
416 910
417 145
417 183
417 233
417 273
418 754
419 336
419 158
420 461
420 56
420 323
420 575
420 733
420 1079
421 578
422 866
422 93
422 442
422 1073
422 1010
422 995
422 302
422 396
422 243
422 89
422 978
423 73
423 493
423 1020
423 162
423 359
423 469
423 136
423 487
423 896
423 612
423 625
424 925
425 520
425 103
425 259
425 282
426 1002
426 235
426 432
426 780
426 270
426 1125
426 748
426 869
426 1128
426 1088
426 676
426 89
426 606
426 246
426 1008
426 51
426 855
426 165
426 1087
426 680
426 310
426 181
426 638
426 712
426 295
426 506
426 392
426 1012
426 469
426 637
426 762
426 471
426 1129
426 394
427 744
427 892
428 963
428 676
428 89
428 837
428 509
428 638
428 807
428 1091
428 97
428 813
428 878
428 235
428 85
428 74
428 1012
428 469
428 614
428 1125
429 28
429 1049
429 437
429 174
429 741
429 941
429 998
430 1086
430 158
430 1119
430 1049
430 165
430 725
430 16
430 876
430 435
430 1106
430 45
431 36
431 626
431 32
431 597
431 754
431 1002
432 866
432 963
432 712
432 1116
432 680
432 1074
432 344
432 738
432 93
432 1125
432 394
432 1091
432 562
432 426
432 302
432 624
432 305
432 1008
432 294
433 375
433 682
433 1094
433 244
433 671
434 705
434 879
434 621
435 885
435 551
435 430
436 623
436 104
436 750
436 9
436 1003
437 222
437 623
437 997
437 390
437 726
437 233
437 749
437 284
437 429
437 81
437 35
437 251
437 902
437 545
437 818
437 684
437 110
437 364
437 345
437 121
437 475
437 785
437 1112
437 202
437 779
437 11
437 193
437 62
437 969
437 267
437 955
437 734
438 344
438 595
438 754
439 451
439 153
439 222
439 74
439 242
440 285
440 301
441 355
442 184
442 736
442 422
442 748
442 866
442 243
442 366
442 1010
442 89
442 755
442 396
442 860
443 692
443 880
443 591
443 410
443 729
443 133
443 670
443 136
443 1040
443 350
443 347
443 534
443 1077
443 231
443 934
443 993
443 300
443 42
443 232
443 887
443 785
443 336
443 237
443 280
443 304
443 487
443 525
443 1063
443 16
443 764
443 493
443 799
444 153
444 1102
444 843
445 355
446 732
446 104
446 216
446 38
446 537
446 750
447 834
448 638
448 293
448 349
448 21
448 682
448 363
449 97
449 538
449 402
449 570
449 253
450 776
450 819
451 984
451 239
451 381
451 345
451 242
451 222
451 439
452 205
452 162
453 726
454 227
454 741
454 1081
455 653
455 507
455 138
455 188
455 270
456 971
456 665
456 1079
456 362
456 736
456 860
456 311
456 1012
456 561
456 491
456 519
456 978
456 305
456 302
457 785
457 8
458 872
458 866
458 508
458 374
458 1002
458 1065
459 215
459 287
459 227
460 1014
460 1040
460 984
460 996
460 603
460 236
460 606
460 363
460 950
460 140
460 1063
461 9
461 323
461 1115
461 679
461 657
461 420
461 856
461 56
462 642
462 1088
462 871
463 561
463 928
463 920
463 803
463 324
463 232
463 357
464 782
464 919
464 1075
464 301
464 595
464 563
465 780
465 315
465 1008
465 896
465 19
465 310
466 803
467 503
467 782
467 318
467 304
468 273
468 560
468 576
468 794
468 575
468 415
468 9
469 87
469 562
469 712
469 612
469 73
469 569
469 426
469 896
469 423
469 428
470 741
471 57
471 762
471 716
471 188
471 860
471 289
471 366
471 673
471 132
471 795
471 1079
471 426
472 66
472 113
472 336
472 875
472 1090
472 511
472 400
472 1128
472 83
472 141
472 393
472 587
472 637
472 347
473 683
473 690
473 772
473 499
473 672
473 884
473 252
473 117
474 1018
474 276
474 967
474 144
474 623
474 598
474 836
475 991
475 437
476 88
476 647
476 947
476 50
477 151
477 374
478 214
478 301
478 507
478 538
478 83
478 195
478 920
478 606
478 97
478 722
478 653
478 870
478 1037
478 361
478 53
478 959
478 399
478 270
479 755
479 232
479 868
479 1051
479 371
479 298
479 538
479 314
480 347
481 1091
481 57
481 561
481 950
481 749
481 1012
481 54
481 872
481 489
481 49
482 543
483 916
483 399
483 511
483 286
483 83
483 863
483 320
483 637
483 889
483 550
483 344
483 561
483 1065
483 45
483 362
483 910
484 385
485 562
485 748
485 305
485 310
485 1125
485 372
485 57
485 860
485 271
485 1074
485 1079
485 1010
486 277
486 527
486 969
486 671
486 347
486 1131
486 6
486 1074
486 1072
486 1032
487 73
487 101
487 136
487 1023
487 952
487 359
487 785
487 43
487 216
487 9
487 201
487 231
487 196
487 443
487 1102
487 729
487 1027
487 854
487 630
487 1119
487 1020
487 608
487 423
487 987
487 717
487 159
487 625
487 284
488 757
488 36
489 825
489 783
489 481
489 515
489 659
489 761
489 613
489 933
489 248
489 1049
489 3
490 1074
490 411
490 306
490 900
491 456
492 228
493 53
493 946
493 887
493 35
493 1102
493 443
493 359
493 320
493 255
493 785
493 854
493 547
493 1063
493 612
493 105
493 42
493 404
493 1077
493 423
493 625
494 533
494 1084
495 57
495 310
496 802
496 53
496 1011
496 779
496 22
496 1105
496 967
496 215
496 1015
496 80
496 913
496 288
496 510
496 1072
497 206
497 136
498 870
498 865
498 12
498 269
498 890
498 361
499 144
499 826
499 572
499 672
499 667
499 1046
499 473
499 1093
499 1123
499 123
499 772
500 316
500 353
500 348
500 588
500 215
500 1096
500 792
500 798
500 774
500 66
501 228
501 63
501 265
501 1028
501 123
501 1057
502 932
503 467
504 1072
504 726
504 279
504 889
504 215
504 53
504 730
504 286
504 155
504 40
505 1002
505 392
505 876
505 553
505 855
506 41
506 426
506 983
506 6
507 478
507 270
507 138
507 455
507 653
507 662
507 606
508 1119
508 813
508 165
508 334
508 458
509 1091
509 945
509 428
510 496
510 1106
510 335
510 121
510 984
510 521
510 862
510 875
510 1085
510 869
511 805
511 919
511 28
511 277
511 143
511 1049
511 562
511 267
511 1119
511 890
511 741
511 373
511 483
511 347
511 1090
511 826
511 700
511 1128
511 330
511 23
511 472
511 875
512 633
512 362
512 518
512 294
513 165
514 272
514 534
514 924
514 785
515 410
515 237
515 556
515 825
515 41
515 725
515 955
515 1090
515 94
515 489
516 381
516 23
516 774
516 951
516 783
516 348
517 1102
518 1091
518 1012
518 789
518 243
518 866
518 302
518 512
518 860
518 624
519 591
519 841
519 911
519 978
519 612
519 748
519 456
519 665
519 640
519 761
519 302
520 425
520 1122
520 598
520 886
520 749
520 53
520 282
520 958
520 158
520 88
520 113
520 234
520 1060
520 259
520 327
521 827
521 598
521 181
521 700
521 61
521 510
521 667
521 527
522 550
522 277
523 994
523 332
523 1008
523 1006
523 318
523 1091
524 310
524 609
524 13
525 49
525 1016
525 854
525 254
525 443
525 31
525 988
525 121
525 544
525 547
525 1005
525 73
526 860
526 93
526 358
526 983
526 585
526 64
526 870
527 1075
527 486
527 189
527 316
527 143
527 677
527 113
527 521
527 805
527 654
527 1049
527 158
527 671
527 1072
528 892
528 655
528 177
529 57
530 170
530 1122
530 753
531 170
532 1128
532 836
532 176
532 1046
532 340
532 969
532 594
532 1064
532 276
532 1057
532 683
533 162
533 879
533 494
533 1119
533 625
533 43
533 608
533 887
533 53
533 205
533 312
534 8
534 359
534 785
534 514
534 443
534 934
534 879
535 233
535 112
536 892
536 244
537 560
537 575
537 446
537 794
538 402
538 478
538 195
538 982
538 1120
538 479
538 1032
538 449
538 45
538 570
538 770
538 868
538 351
538 561
538 85
538 959
538 662
538 263
538 25
538 920
538 932
538 357
538 97
538 956
538 954
538 26
538 298
538 253
538 413
539 929
539 66
540 822
540 743
540 336
540 583
540 264
541 1004
541 763
542 854
542 1000
543 871
543 308
543 727
543 399
543 482
543 113
543 41
543 1088
543 355
544 1108
544 525
544 105
544 255
544 933
545 437
545 81
546 862
546 1070
546 270
546 727
546 355
546 1022
547 525
547 73
547 934
547 493
547 854
547 137
548 758
548 651
549 409
550 1131
550 579
550 890
550 483
550 885
550 215
550 522
550 277
551 1014
551 435
551 960
551 606
552 665
553 1079
553 665
553 505
553 654
553 370
553 1002
553 372
553 310
553 1008
553 866
554 306
555 797
556 113
556 6
556 515
556 1131
556 94
556 410
556 308
556 825
557 139
558 896
558 610
558 1072
558 1102
558 803
558 143
558 215
558 827
558 907
558 360
558 909
559 826
559 754
560 537
560 468
561 963
561 736
561 562
561 93
561 712
561 1010
561 483
561 396
561 357
561 1002
561 869
561 681
561 978
561 538
561 310
561 1079
561 1040
561 346
561 910
561 920
561 305
561 481
561 385
561 665
561 45
561 411
561 195
561 283
561 456
561 994
561 866
561 747
561 755
561 1116
561 860
561 463
562 860
562 485
562 511
562 215
562 310
562 1008
562 864
562 747
562 999
562 1116
562 1010
562 804
562 866
562 469
562 432
562 631
562 283
562 755
562 912
562 1073
562 561
562 614
562 1086
562 855
562 394
562 950
562 317
562 963
563 78
563 771
563 464
563 181
563 386
563 233
563 1119
563 270
563 785
563 1129
563 733
563 722
563 1128
563 87
564 653
564 722
565 122
565 870
565 395
565 890
565 885
566 7
567 385
567 393
567 232
568 611
569 256
569 782
569 956
569 469
569 371
569 647
569 259
569 949
569 915
569 290
569 174
569 775
569 393
570 868
570 1092
570 867
570 306
570 449
570 253
570 357
570 538
571 12
571 1099
571 870
571 953
571 850
572 499
572 642
572 832
572 931
573 17
574 933
574 284
574 761
574 248
574 659
574 312
574 49
574 231
575 420
575 468
575 415
575 537
576 468
576 87
576 233
576 794
576 415
577 807
577 872
577 208
577 358
577 132
578 421
578 301
579 30
579 550
579 142
579 304
579 807
579 202
579 79
579 49
579 1020
579 619
579 903
579 267
579 829
579 1111
579 1074
579 94
579 610
579 826
579 316
579 892
579 890
579 276
579 200
579 625
579 814
579 886
579 962
579 938
580 598
580 99
580 716
581 19
581 1103
581 1038
581 678
581 400
581 53
581 598
581 996
581 207
581 1112
581 1035
581 278
581 300
581 625
581 77
582 181
583 858
583 540
583 1124
583 892
583 339
583 244
583 264
583 1039
584 910
584 587
584 363
585 64
585 526
586 227
586 1080
586 948
586 325
586 704
586 867
586 741
587 83
587 637
587 584
587 916
587 45
587 399
587 681
587 1038
587 286
587 400
587 910
587 472
588 500
588 774
589 750
589 56
589 687
589 1033
589 719
589 297
590 116
590 818
590 275
590 834
590 74
590 1075
590 1037
590 1084
590 174
590 998
591 231
591 723
591 164
591 443
591 274
591 519
591 922
591 765
591 966
591 638
592 50
592 598
592 897
593 836
593 113
593 969
593 1056
593 149
593 1098
593 141
593 648
593 684
593 594
593 749
593 708
593 41
593 997
593 267
593 390
593 118
593 902
594 63
594 1114
594 772
594 824
594 1056
594 969
594 933
594 118
594 793
594 593
594 648
594 902
594 1046
594 734
594 532
595 866
595 839
595 216
595 782
595 658
595 19
595 464
595 276
595 916
595 677
595 438
596 852
596 892
597 1015
597 992
597 172
597 947
597 1064
597 623
597 1119
597 850
597 775
597 318
597 431
597 996
597 177
597 993
598 221
598 677
598 99
598 1032
598 947
598 1060
598 958
598 357
598 474
598 520
598 592
598 581
598 327
598 914
598 886
598 580
598 521
598 897
599 99
600 717
601 754
601 1019
601 45
601 377
602 709
603 1014
603 460
603 406
603 268
603 1063
603 122
603 35
603 606
603 992
603 329
604 915
605 920
605 907
606 1000
606 653
606 996
606 662
606 140
606 460
606 691
606 268
606 984
606 1014
606 236
606 239
606 426
606 270
606 311
606 136
606 613
606 478
606 1092
606 551
606 507
606 214
606 181
606 603
607 235
607 344
608 196
608 764
608 487
608 49
608 284
608 952
608 73
608 1023
608 128
608 644
608 533
608 946
608 785
608 1005
608 159
608 359
608 1027
609 1117
609 1072
609 56
609 378
609 524
610 812
610 579
610 558
611 685
611 690
611 683
611 810
611 925
611 568
611 276
611 117
611 957
611 107
612 493
612 894
612 1020
612 284
612 665
612 423
612 887
612 1005
612 184
612 31
612 1125
612 625
612 469
612 1001
612 614
612 519
612 359
613 334
613 1016
613 181
613 947
613 799
613 489
613 631
613 49
613 110
613 278
613 1127
613 154
613 350
613 304
613 1119
613 623
613 606
613 1008
613 236
614 831
614 428
614 305
614 1040
614 878
614 1008
614 362
614 712
614 1091
614 612
614 562
615 79
615 28
615 99
615 996
615 947
616 1111
617 637
618 1108
618 1055
618 764
618 933
619 691
619 704
619 579
620 97
620 238
620 770
620 270
620 232
620 253
621 434
621 969
621 672
621 131
621 252
622 814
622 895
622 758
622 1046
622 149
622 169
622 718
623 751
623 1123
623 1061
623 330
623 597
623 743
623 124
623 1017
623 984
623 437
623 381
623 986
623 613
623 1129
623 276
623 474
623 408
623 834
623 350
623 436
624 394
624 370
624 302
624 1089
624 432
624 518
624 319
624 324
625 581
625 579
625 359
625 284
625 946
625 764
625 237
625 79
625 487
625 231
625 834
625 1005
625 423
625 533
625 128
625 612
625 159
625 196
625 493
625 970
625 1027
625 137
625 35
625 73
625 952
626 36
626 192
626 431
626 32
627 826
628 980
628 670
629 23
630 487
630 854
631 562
631 68
631 0
631 1002
631 1087
631 1008
631 613
631 869
631 1119
631 1085
631 158
632 371
632 164
633 512
634 932
634 962
634 754
634 826
634 355
635 6
636 358
637 16
637 876
637 91
637 404
637 286
637 300
637 1114
637 1038
637 1085
637 83
637 1002
637 392
637 472
637 483
637 934
637 910
637 399
637 1131
637 729
637 336
637 587
637 617
637 53
637 181
637 45
637 158
637 13
637 1049
637 400
637 705
637 141
637 426
637 920
637 267
638 237
638 448
638 680
638 206
638 347
638 349
638 294
638 274
638 152
638 309
638 1074
638 428
638 682
638 16
638 1016
638 9
638 426
638 1077
638 591
638 194
638 363
638 880
639 8
639 785
639 272
639 946
639 121
639 887
639 1021
639 404
639 717
639 924
639 45
639 133
640 1073
640 894
640 302
640 207
640 519
640 978
640 362
640 736
640 995
640 1098
640 306
640 234
641 301
641 344
642 276
642 107
642 572
642 1046
642 810
642 832
642 462
643 259
644 608
644 989
644 16
644 164
644 362
645 919
645 40
645 1115
645 13
645 126
645 1111
645 115
645 741
645 700
645 805
646 708
646 962
646 698
646 84
646 703
646 734
646 713
646 824
647 569
647 33
647 476
647 53
647 259
648 593
648 233
648 390
648 785
648 399
648 1094
648 1124
648 62
648 852
648 395
648 708
648 703
648 1056
648 684
648 118
648 902
648 264
648 594
649 771
649 233
649 834
649 1072
649 1085
649 187
649 35
650 324
651 666
651 348
651 656
651 548
651 718
652 29
653 361
653 359
653 374
653 1008
653 314
653 662
653 17
653 266
653 959
653 138
653 606
653 722
653 863
653 455
653 270
653 406
653 507
653 237
653 61
653 478
653 1029
653 882
653 670
653 564
653 865
654 804
654 350
654 1085
654 158
654 1073
654 527
654 1090
654 318
654 165
654 392
654 782
654 711
654 1008
654 896
654 334
654 904
654 1119
654 553
655 742
655 353
655 528
655 355
656 66
656 348
656 667
656 651
656 827
656 215
657 461
657 360
657 1115
657 1084
657 814
658 595
659 1022
659 825
659 574
659 489
660 124
660 1022
660 287
660 345
660 156
660 171
661 1008
661 311
661 1089
661 318
661 747
661 243
662 653
662 232
662 314
662 606
662 507
662 366
662 344
662 538
663 360
663 987
663 1132
664 832
664 7
664 856
664 671
665 57
665 795
665 411
665 737
665 936
665 456
665 612
665 370
665 978
665 305
665 736
665 553
665 912
665 125
665 519
665 561
665 552
665 1073
665 911
665 318
665 362
665 1089
665 1001
666 651
666 72
667 700
667 805
667 23
667 656
667 893
667 728
667 791
667 521
667 1123
667 1085
667 499
667 713
668 993
668 16
669 165
670 710
670 778
670 674
670 980
670 231
670 443
670 785
670 887
670 937
670 653
670 946
670 272
670 879
670 42
670 924
670 628
670 136
671 336
671 244
671 350
671 527
671 1094
671 856
671 892
671 664
671 433
671 760
671 355
671 486
671 189
672 690
672 117
672 259
672 131
672 499
672 861
672 621
672 473
673 366
673 471
673 414
673 716
674 887
674 1005
674 670
674 924
674 121
674 272
674 731
674 8
675 319
675 164
675 361
676 295
676 807
676 428
676 1059
676 283
676 712
676 426
676 385
677 598
677 388
677 73
677 866
677 1065
677 944
677 276
677 283
677 1012
677 595
677 527
677 301
677 61
677 761
677 156
678 861
678 932
678 581
679 374
679 56
679 834
679 461
679 702
680 638
680 93
680 911
680 1074
680 963
680 866
680 749
680 237
680 283
680 317
680 964
680 113
680 1012
680 426
680 432
681 351
681 587
681 45
681 561
681 66
681 1008
681 385
681 158
681 949
681 83
681 910
681 399
682 448
682 638
682 433
682 1016
682 933
682 293
682 844
682 21
682 333
682 349
683 1015
683 473
683 117
683 611
683 848
683 925
683 532
683 690
683 746
683 772
684 233
684 118
684 112
684 593
684 915
684 969
684 749
684 648
684 1046
684 1112
684 437
684 902
684 1114
685 772
685 611
686 799
686 958
687 852
687 244
687 71
687 151
687 589
687 701
687 297
688 56
689 294
690 384
690 810
690 276
690 1046
690 715
690 746
690 683
690 36
690 1119
690 1123
690 1110
690 473
690 1064
690 1093
690 1071
690 32
690 672
690 611
690 1129
690 63
690 340
690 371
690 1084
690 10
691 619
691 606
691 790
691 1092
691 845
691 1067
691 387
691 270
691 232
692 152
692 170
692 934
692 16
692 294
692 293
692 231
692 79
692 443
693 1032
693 357
694 360
694 1032
694 836
694 889
694 892
694 30
695 303
695 13
696 728
696 940
697 186
698 646
698 127
698 112
698 708
698 323
698 233
699 65
700 521
700 511
700 45
700 1129
700 805
700 993
700 645
700 919
700 867
700 827
700 215
700 667
700 771
701 297
701 687
701 885
702 183
702 397
702 679
702 415
703 818
703 139
703 646
703 805
703 648
703 69
703 1046
704 776
704 586
704 619
705 434
705 1050
705 399
705 83
705 330
705 113
705 1032
705 637
705 45
705 920
705 916
706 1046
707 1068
707 716
708 132
708 593
708 186
708 962
708 818
708 698
708 111
708 824
708 203
708 648
708 1108
708 646
708 267
708 810
709 893
709 602
709 331
709 733
710 670
710 785
710 980
711 130
711 654
711 963
712 561
712 426
712 1002
712 866
712 0
712 235
712 614
712 392
712 855
712 911
712 1008
712 878
712 165
712 394
712 385
712 804
712 113
712 1074
712 469
712 891
712 432
712 676
712 949
713 646
713 667
713 23
713 798
713 228
714 874
715 969
715 690
716 289
716 673
716 707
716 130
716 1095
716 580
716 366
716 471
716 26
717 600
717 487
717 731
717 924
717 926
717 639
717 272
717 946
717 8
718 1029
718 651
718 17
718 758
718 622
719 750
719 979
719 1084
719 589
719 1033
719 151
719 38
719 90
720 213
720 207
721 798
722 785
722 653
722 114
722 563
722 478
722 138
722 270
722 564
723 237
723 922
723 274
723 765
723 164
723 1005
723 591
723 787
724 870
724 224
725 430
725 43
725 515
725 819
726 1048
726 437
726 74
726 504
726 453
726 1084
726 336
726 783
727 1088
727 873
727 1107
727 116
727 758
727 546
727 1022
727 871
727 335
727 158
727 543
728 696
728 1084
728 667
729 267
729 336
729 443
729 637
729 487
730 1127
730 1129
730 984
730 1128
730 1048
730 66
730 818
730 135
730 98
730 1030
730 1085
730 1039
730 884
730 345
730 382
730 834
730 74
730 1042
730 504
731 674
731 846
731 924
731 8
731 1072
731 946
731 717
731 121
731 926
732 38
732 800
732 446
732 799
732 397
732 280
732 1108
733 563
733 420
733 331
733 56
733 266
733 709
733 371
733 842
733 893
734 646
734 118
734 594
734 437
734 962
735 1084
736 243
736 305
736 442
736 1079
736 57
736 860
736 747
736 737
736 456
736 640
736 561
736 1012
736 302
736 362
736 1010
736 332
736 184
736 665
736 394
737 396
737 1002
737 665
737 795
737 1074
737 1010
737 243
737 394
737 755
737 366
737 305
737 736
737 167
737 184
737 411
738 432
739 749
740 867
740 890
740 744
740 870
740 777
741 215
741 645
741 1047
741 1080
741 470
741 227
741 150
741 948
741 1037
741 454
741 325
741 275
741 1128
741 173
741 174
741 998
741 429
741 116
741 28
741 586
741 889
741 1088
741 66
741 987
741 511
742 655
743 916
743 540
743 623
744 777
744 740
744 890
744 427
744 867
745 921
745 93
746 32
746 690
746 53
746 265
746 683
747 562
747 661
747 93
747 736
747 561
747 839
748 1002
748 1001
748 519
748 442
748 949
748 385
748 1125
748 130
748 795
748 755
748 485
748 366
748 1012
748 298
748 866
748 426
749 202
749 593
749 233
749 959
749 997
749 357
749 520
749 684
749 1098
749 1060
749 437
749 50
749 178
749 680
749 481
749 758
749 1012
749 390
749 237
749 139
749 1113
749 868
749 27
749 1114
749 811
749 969
749 739
749 1
750 979
750 589
750 104
750 436
750 719
750 151
750 297
750 1033
750 446
750 38
751 623
751 767
751 303
752 129
752 1038
753 1084
753 868
753 1050
753 259
753 342
753 530
753 234
753 103
754 144
754 36
754 418
754 431
754 86
754 1093
754 559
754 931
754 438
754 826
754 634
754 824
754 601
754 32
754 192
754 4
755 561
755 737
755 748
755 298
755 562
755 389
755 479
755 1079
755 26
755 1034
755 442
755 866
756 807
757 488
757 1123
757 826
758 69
758 962
758 1112
758 749
758 149
758 233
758 718
758 548
758 997
758 969
758 1114
758 267
758 622
758 727
758 158
758 390
759 1084
759 993
759 257
760 671
760 885
761 489
761 906
761 959
761 987
761 49
761 396
761 677
761 519
761 574
761 163
762 876
762 471
762 184
762 295
762 396
762 93
762 426
762 807
762 978
763 152
763 372
763 52
763 541
763 404
764 267
764 625
764 137
764 443
764 136
764 854
764 618
764 92
764 347
764 608
764 194
765 723
765 231
765 591
765 274
765 237
766 892
767 1101
767 1052
767 751
767 381
767 1095
768 892
768 264
768 191
769 308
769 96
769 47
769 321
770 253
770 620
770 238
770 538
770 289
771 893
771 649
771 563
771 381
771 1049
771 700
771 1063
771 1003
771 1085
771 104
771 876
771 233
771 44
772 594
772 826
772 685
772 683
772 260
772 969
772 144
772 473
772 499
773 158
773 819
774 500
774 516
774 588
774 239
774 345
774 792
774 16
774 1045
775 351
775 804
775 396
775 1074
775 1008
775 352
775 569
775 597
776 909
776 704
776 450
776 819
777 890
777 181
777 865
777 740
777 361
777 1099
777 744
777 867
777 1053
777 269
777 847
777 395
777 166
778 670
778 946
778 926
779 437
779 957
779 288
779 857
779 276
779 835
779 884
779 987
779 1049
779 496
779 1072
779 913
780 287
780 807
780 426
780 465
781 866
782 393
782 400
782 56
782 915
782 831
782 654
782 464
782 595
782 256
782 569
782 467
783 948
783 726
783 259
783 216
783 1002
783 516
783 382
783 1070
783 1048
783 415
783 121
783 996
783 489
783 16
784 814
785 648
785 534
785 8
785 639
785 231
785 16
785 457
785 35
785 284
785 443
785 270
785 312
785 437
785 493
785 73
785 563
785 846
785 608
785 854
785 128
785 487
785 1021
785 670
785 375
785 374
785 136
785 514
785 710
785 722
786 53
786 50
786 259
787 723
788 53
788 382
788 1111
789 302
789 305
789 518
789 1008
789 215
789 394
789 1089
790 1026
790 1067
790 1092
790 357
790 959
790 691
790 270
791 667
791 1056
792 500
792 774
792 348
793 594
793 975
794 468
794 537
794 576
795 130
795 366
795 748
795 978
795 16
795 55
795 305
795 665
795 471
795 411
795 860
795 737
795 57
795 1079
795 34
795 246
795 26
796 910
797 555
797 799
798 339
798 500
798 713
798 45
798 1096
798 721
799 397
799 443
799 334
799 686
799 613
799 797
799 1086
799 886
799 181
799 259
799 172
799 1020
799 304
799 350
799 732
800 732
801 1098
802 496
803 50
803 558
803 324
803 1102
803 1092
803 41
803 113
803 920
803 1026
803 1114
803 889
803 413
803 357
803 1
803 466
803 463
803 259
803 306
804 1002
804 562
804 775
804 283
804 712
804 1116
804 654
804 1132
804 357
804 1074
804 43
805 974
805 703
805 228
805 1051
805 398
805 700
805 527
805 143
805 153
805 207
805 1064
805 87
805 993
805 511
805 667
805 35
805 316
805 919
805 382
805 16
805 384
805 863
805 884
805 287
805 836
805 6
805 403
805 66
805 645
805 400
805 53
805 1111
806 112
806 406
806 1112
806 824
806 962
806 818
807 89
807 579
807 51
807 428
807 1059
807 410
807 676
807 1074
807 577
807 125
807 869
807 872
807 780
807 385
807 226
807 756
807 762
808 1008
808 332
808 318
808 809
809 808
809 1008
810 690
810 276
810 611
810 957
810 832
810 642
810 708
810 848
811 310
811 1098
811 749
811 357
811 184
812 610
813 102
813 963
813 1012
813 235
813 16
813 172
813 283
813 1008
813 428
813 855
813 508
813 344
814 622
814 579
814 784
814 657
814 987
815 215
815 941
815 300
815 220
815 834
815 336
815 1044
815 339
815 222
815 116
815 345
815 242
815 28
815 153
815 330
816 64
817 399
817 230
817 885
818 206
818 40
818 374
818 11
818 203
818 132
818 437
818 806
818 590
818 703
818 81
818 708
818 730
819 286
819 725
819 397
819 6
819 200
819 226
819 1102
819 113
819 773
819 889
819 776
819 450
819 987
820 1129
821 1046
822 540
822 1039
822 339
822 1085
822 856
822 355
822 892
823 9
824 969
824 1112
824 957
824 646
824 806
824 708
824 754
824 594
825 49
825 352
825 136
825 515
825 556
825 248
825 489
825 659
826 192
826 925
826 7
826 499
826 889
826 627
826 634
826 369
826 772
826 1071
826 511
826 757
826 754
826 142
826 384
826 86
826 276
826 1093
826 360
826 559
826 579
826 144
826 209
826 32
826 1123
827 558
827 521
827 656
827 700
828 40
829 410
829 896
829 579
829 118
830 344
831 782
831 1015
831 614
832 395
832 664
832 1088
832 572
832 810
832 642
833 1008
834 984
834 345
834 679
834 941
834 625
834 137
834 981
834 865
834 623
834 1042
834 1030
834 153
834 270
834 1049
834 382
834 815
834 447
834 1128
834 215
834 867
834 306
834 50
834 649
834 730
834 590
835 330
835 779
835 981
836 235
836 1092
836 474
836 532
836 1091
836 805
836 694
836 1049
836 1015
836 310
836 593
836 400
837 428
838 29
838 1083
838 134
838 158
838 371
839 312
839 949
839 56
839 929
839 16
839 268
839 216
839 747
839 406
839 595
840 233
840 139
841 519
842 733
843 444
843 113
844 152
844 1016
844 206
844 309
844 363
844 1077
844 970
844 966
844 359
844 682
845 868
845 324
845 691
845 263
845 387
845 1092
846 785
846 731
847 870
847 777
848 969
848 278
848 810
848 683
848 340
849 329
849 960
850 597
850 571
850 870
850 181
851 341
851 259
851 50
852 331
852 596
852 648
852 230
852 355
852 687
852 71
852 104
852 892
853 233
853 993
854 785
854 630
854 359
854 1119
854 934
854 1027
854 284
854 542
854 121
854 136
854 304
854 764
854 525
854 547
854 487
854 493
855 978
855 1008
855 1012
855 283
855 562
855 866
855 246
855 982
855 876
855 426
855 813
855 344
855 505
855 712
855 963
856 230
856 1049
856 1119
856 664
856 191
856 56
856 671
856 822
856 277
856 461
857 779
858 583
858 892
858 395
858 277
859 946
860 366
860 332
860 57
860 485
860 49
860 302
860 933
860 298
860 562
860 456
860 518
860 26
860 1012
860 471
860 1008
860 526
860 561
860 362
860 1073
860 736
860 795
860 24
860 1132
860 442
860 394
861 113
861 131
861 678
861 1084
861 672
861 252
862 121
862 546
862 510
862 354
863 483
863 336
863 653
863 138
863 805
864 562
864 19
864 53
865 834
865 890
865 498
865 181
865 653
865 777
865 870
865 1090
865 1085
865 336
866 1008
866 283
866 562
866 351
866 855
866 167
866 1119
866 422
866 712
866 781
866 1091
866 1002
866 53
866 748
866 93
866 963
866 1125
866 271
866 978
866 89
866 518
866 595
866 287
866 755
866 1083
866 985
866 680
866 298
866 993
866 677
866 432
866 553
866 867
866 1088
866 561
866 458
866 1074
866 26
866 389
866 442
866 385
866 1116
867 884
867 41
867 236
867 153
867 834
867 700
867 120
867 1072
867 744
867 586
867 777
867 97
867 171
867 277
867 896
867 866
867 331
867 259
867 1088
867 381
867 1131
867 1126
867 291
867 570
867 889
867 950
867 740
868 753
868 570
868 479
868 232
868 749
868 259
868 413
868 97
868 538
868 357
868 917
868 263
868 845
868 1050
868 216
868 85
868 253
868 1119
868 324
869 1008
869 561
869 891
869 1115
869 807
869 1116
869 1086
869 350
869 426
869 0
869 1002
869 510
869 631
870 478
870 258
870 740
870 361
870 399
870 565
870 724
870 847
870 526
870 890
870 1099
870 395
870 865
870 12
870 850
870 498
870 571
871 543
871 1029
871 462
871 727
871 1088
871 285
871 360
872 1040
872 481
872 358
872 458
872 577
872 385
872 807
872 412
872 983
873 47
873 727
874 174
874 66
874 714
875 1128
875 1090
875 1038
875 511
875 1049
875 510
875 381
875 472
875 216
875 87
876 878
876 259
876 345
876 91
876 855
876 181
876 1008
876 771
876 505
876 762
876 637
876 372
876 16
876 430
876 266
876 392
876 984
876 267
876 1002
877 289
878 428
878 712
878 146
878 235
878 350
878 614
878 22
878 1108
878 876
879 410
879 73
879 1015
879 1077
879 434
879 670
879 1049
879 363
879 533
879 922
879 534
879 946
879 215
880 443
880 638
880 237
880 231
881 234
882 890
882 1084
882 653
883 329
883 1108
883 35
884 730
884 867
884 137
884 805
884 473
884 779
884 283
885 550
885 948
885 12
885 974
885 890
885 760
885 1039
885 817
885 701
885 435
885 940
885 277
885 168
885 275
885 943
885 565
886 579
886 125
886 88
886 410
886 520
886 598
886 1032
886 799
886 262
886 99
887 272
887 670
887 133
887 674
887 639
887 533
887 946
887 347
887 612
887 1102
887 8
887 493
887 42
887 152
887 359
887 137
887 443
887 1077
887 924
888 412
889 412
889 741
889 819
889 298
889 504
889 277
889 1077
889 938
889 37
889 867
889 694
889 483
889 826
889 1131
889 1088
889 803
890 1084
890 215
890 958
890 882
890 212
890 498
890 550
890 777
890 395
890 870
890 892
890 307
890 181
890 565
890 166
890 269
890 579
890 361
890 865
890 740
890 1049
890 744
890 885
890 511
890 1013
890 1031
890 1099
891 712
891 1002
891 869
891 310
892 1124
892 191
892 852
892 277
892 336
892 694
892 977
892 355
892 768
892 766
892 596
892 177
892 427
892 528
892 579
892 858
892 671
892 215
892 536
892 1094
892 583
892 822
892 890
892 1015
892 244
893 733
893 129
893 709
893 667
893 87
893 233
893 331
893 161
893 771
894 612
894 302
894 311
894 640
894 1073
895 622
896 558
896 654
896 330
896 469
896 423
896 867
896 394
896 113
896 237
896 829
896 98
896 337
896 286
896 465
897 598
897 252
897 592
897 343
897 50
898 399
899 384
900 490
901 984
902 684
902 149
902 118
902 594
902 437
902 593
902 648
902 1056
903 226
903 291
903 3
903 1106
903 300
903 987
903 99
903 158
903 579
904 1059
904 654
904 351
905 215
905 105
906 761
906 980
907 605
907 928
907 330
907 558
908 993
909 1088
909 226
909 1062
909 127
909 56
909 301
909 145
909 410
909 776
909 266
909 558
909 113
909 993
910 416
910 1114
910 637
910 796
910 245
910 1038
910 916
910 399
910 1131
910 584
910 83
910 483
910 1072
910 324
910 195
910 681
910 400
910 561
910 357
910 587
911 680
911 1008
911 1086
911 49
911 1116
911 519
911 712
911 665
911 57
912 208
912 665
912 562
912 57
913 126
913 155
913 212
913 139
913 277
913 779
913 496
914 598
915 569
915 604
915 81
915 393
915 684
915 782
915 256
915 1114
915 118
916 743
916 587
916 83
916 483
916 705
916 595
916 910
917 868
918 404
919 511
919 993
919 805
919 464
919 20
919 645
919 700
920 330
920 324
920 463
920 29
920 705
920 637
920 102
920 605
920 561
920 478
920 538
920 357
920 195
920 392
920 803
921 745
921 1086
922 143
922 274
922 879
922 591
922 723
923 957
923 1123
924 272
924 670
924 514
924 887
924 8
924 639
924 717
924 674
924 731
925 192
925 113
925 1110
925 157
925 683
925 611
925 424
925 286
925 410
925 826
925 384
925 1098
926 946
926 731
926 778
926 937
926 717
927 1014
928 357
928 463
928 330
928 1032
928 907
929 163
929 218
929 290
929 839
929 539
930 200
931 1093
931 754
931 32
931 572
931 384
932 84
932 235
932 942
932 634
932 678
932 538
932 1107
932 408
932 502
932 310
932 400
932 56
932 355
933 618
933 248
933 363
933 860
933 682
933 57
933 594
933 489
933 544
933 574
933 49
933 1055
934 854
934 31
934 1049
934 993
934 443
934 637
934 137
934 363
934 970
934 534
934 692
934 547
934 254
934 16
935 1119
936 1079
936 1089
936 411
936 305
936 665
937 926
937 989
937 670
938 579
938 6
938 889
939 1016
940 885
940 276
940 1017
940 696
941 834
941 429
941 976
941 997
941 815
941 28
942 1092
942 932
943 53
943 885
943 277
944 950
944 1063
944 1112
944 984
944 1000
944 268
944 677
945 385
945 509
946 639
946 887
946 272
946 113
946 717
946 121
946 1102
946 778
946 859
946 320
946 1021
946 493
946 608
946 926
946 670
946 879
946 625
946 94
946 731
946 73
947 987
947 304
947 223
947 598
947 476
947 324
947 259
947 613
947 103
947 615
947 597
948 741
948 783
948 976
948 116
948 382
948 885
948 586
948 173
948 998
949 158
949 350
949 569
949 93
949 712
949 983
949 1008
949 839
949 1119
949 681
949 16
949 993
949 14
949 748
950 261
950 268
950 329
950 1008
950 317
950 1116
950 562
950 481
950 1112
950 944
950 867
950 1040
950 460
951 113
951 84
951 516
951 1096
952 608
952 487
952 128
952 1027
952 159
952 136
952 625
952 73
953 993
953 361
953 571
953 277
954 232
954 238
954 253
954 357
954 538
955 437
955 515
955 81
956 366
956 569
956 538
957 1123
957 1018
957 824
957 313
957 810
957 1057
957 923
957 779
957 611
958 324
958 343
958 686
958 99
958 414
958 357
958 1009
958 520
958 598
958 890
958 29
959 1051
959 749
959 761
959 478
959 18
959 1067
959 270
959 357
959 324
959 653
959 287
959 538
959 790
959 1092
960 182
960 1014
960 849
960 9
960 1121
960 1065
960 65
960 551
960 273
960 329
960 984
961 1016
961 152
962 646
962 734
962 758
962 634
962 267
962 579
962 997
962 1112
962 806
962 708
962 113
963 394
963 220
963 680
963 866
963 1002
963 855
963 1116
963 432
963 561
963 57
963 337
963 711
963 158
963 305
963 1012
963 332
963 113
963 428
963 1008
963 283
963 562
963 813
963 336
964 680
965 1121
965 35
965 984
966 294
966 591
966 844
966 184
966 21
966 309
966 1077
966 206
966 1023
966 349
967 265
967 474
967 113
967 371
967 340
967 1064
967 496
968 169
968 148
969 749
969 997
969 390
969 621
969 1114
969 1046
969 532
969 594
969 593
969 824
969 772
969 437
969 715
969 684
969 63
969 233
969 758
969 144
969 848
969 334
969 202
969 252
969 1123
969 486
969 1112
970 294
970 16
970 625
970 1016
970 1077
970 934
970 231
970 1005
970 844
971 456
972 233
973 274
973 1005
974 805
974 885
975 793
976 941
976 367
976 948
976 1037
977 892
978 866
978 49
978 995
978 519
978 1079
978 762
978 456
978 561
978 295
978 1073
978 1091
978 795
978 302
978 665
978 362
978 855
978 422
978 640
979 750
979 719
979 1033
979 1084
979 297
980 628
980 670
980 989
980 906
980 710
981 98
981 158
981 155
981 13
981 241
981 835
981 74
981 110
981 174
981 834
982 1
982 855
982 538
982 232
982 238
982 97
983 949
983 506
983 872
983 526
984 1104
984 623
984 16
984 239
984 834
984 316
984 121
984 3
984 300
984 606
984 1090
984 730
984 345
984 876
984 510
984 133
984 944
984 42
984 1063
984 236
984 1061
984 181
984 336
984 381
984 965
984 960
984 382
984 374
984 268
984 35
984 460
984 451
984 162
984 13
984 267
984 901
985 866
986 623
987 903
987 761
987 57
987 814
987 741
987 304
987 1110
987 779
987 947
987 306
987 663
987 184
987 819
987 99
987 487
988 525
989 644
989 937
989 980
990 234
991 475
992 597
992 35
992 1004
992 603
993 152
993 866
993 336
993 700
993 381
993 759
993 207
993 805
993 191
993 934
993 909
993 400
993 231
993 949
993 443
993 1080
993 853
993 597
993 182
993 74
993 252
993 323
993 953
993 1092
993 908
993 1004
993 397
993 1124
993 668
993 1049
993 919
994 561
994 318
994 1008
994 89
994 324
994 523
995 1041
995 640
995 302
995 978
995 422
996 783
996 606
996 43
996 615
996 597
996 35
996 460
996 581
996 268
996 329
996 1014
997 593
997 267
997 233
997 390
997 1112
997 382
997 969
997 749
997 437
997 1114
997 962
997 941
997 758
998 429
998 150
998 116
998 948
998 590
998 741
998 1072
998 173
998 270
998 174
998 1080
998 257
998 1047
999 562
1000 944
1000 542
1000 606
1000 363
1001 665
1001 612
1001 362
1001 748
1002 256
1002 505
1002 869
1002 737
1002 712
1002 431
1002 748
1002 637
1002 1074
1002 561
1002 392
1002 310
1002 283
1002 458
1002 891
1002 372
1002 1125
1002 876
1002 1116
1002 963
1002 631
1002 783
1002 866
1002 271
1002 1008
1002 804
1002 553
1002 426
1003 104
1003 436
1003 771
1004 329
1004 993
1004 268
1004 383
1004 992
1004 541
1005 525
1005 625
1005 81
1005 973
1005 398
1005 73
1005 723
1005 970
1005 612
1005 674
1005 608
1005 1077
1006 523
1006 1008
1006 31
1007 357
1008 334
1008 775
1008 1091
1008 809
1008 1074
1008 808
1008 24
1008 654
1008 1116
1008 866
1008 1040
1008 379
1008 631
1008 158
1008 869
1008 712
1008 661
1008 465
1008 876
1008 789
1008 855
1008 43
1008 562
1008 394
1008 426
1008 344
1008 1012
1008 614
1008 1010
1008 207
1008 1020
1008 860
1008 261
1008 93
1008 613
1008 270
1008 911
1008 833
1008 813
1008 300
1008 318
1008 523
1008 235
1008 994
1008 949
1008 1002
1008 215
1008 1125
1008 310
1008 950
1008 305
1008 1086
1008 553
1008 1087
1008 13
1008 432
1008 963
1008 681
1008 653
1008 16
1008 1006
1009 175
1009 50
1009 958
1009 259
1009 88
1010 561
1010 736
1010 562
1010 485
1010 305
1010 422
1010 184
1010 1008
1010 442
1010 243
1010 332
1010 34
1010 1079
1010 1125
1010 737
1010 93
1010 396
1011 496
1012 518
1012 481
1012 748
1012 351
1012 214
1012 963
1012 1074
1012 310
1012 158
1012 394
1012 860
1012 456
1012 677
1012 1008
1012 813
1012 749
1012 317
1012 855
1012 680
1012 1091
1012 428
1012 1040
1012 426
1012 736
1013 890
1013 376
1014 927
1014 960
1014 108
1014 551
1014 606
1014 996
1014 603
1014 35
1014 1082
1014 406
1014 460
1014 1104
1014 404
1014 236
1014 182
1014 347
1014 311
1014 268
1014 329
1014 198
1014 1121
1014 122
1015 23
1015 879
1015 304
1015 44
1015 892
1015 129
1015 597
1015 117
1015 683
1015 1065
1015 334
1015 400
1015 496
1015 215
1015 1099
1015 1044
1015 831
1015 836
1016 1084
1016 194
1016 844
1016 939
1016 237
1016 613
1016 152
1016 349
1016 1119
1016 16
1016 304
1016 682
1016 363
1016 525
1016 638
1016 970
1016 1077
1016 137
1016 961
1017 623
1017 940
1017 276
1018 957
1018 228
1018 63
1018 1057
1018 474
1018 1064
1019 601
1020 579
1020 237
1020 612
1020 165
1020 423
1020 318
1020 223
1020 310
1020 1008
1020 53
1020 334
1020 799
1020 304
1020 284
1020 487
1021 785
1021 639
1021 121
1021 946
1022 659
1022 727
1022 66
1022 345
1022 660
1022 546
1022 1084
1023 487
1023 128
1023 1027
1023 966
1023 608
1023 359
1023 136
1023 73
1024 1048
1025 206
1026 790
1026 238
1026 803
1026 195
1026 232
1027 1023
1027 608
1027 487
1027 136
1027 196
1027 952
1027 854
1027 625
1027 318
1027 159
1027 73
1028 501
1028 265
1028 1057
1028 1064
1028 340
1029 143
1029 360
1029 653
1029 47
1029 871
1029 335
1029 718
1030 28
1030 834
1030 730
1031 1131
1031 890
1032 705
1032 53
1032 351
1032 1049
1032 306
1032 886
1032 232
1032 928
1032 10
1032 486
1032 693
1032 298
1032 538
1032 694
1032 410
1032 292
1032 598
1033 979
1033 90
1033 750
1033 719
1033 297
1033 589
1034 755
1035 581
1035 1038
1035 83
1036 381
1037 590
1037 741
1037 116
1037 275
1037 325
1037 1084
1037 976
1037 403
1037 478
1038 910
1038 53
1038 637
1038 207
1038 752
1038 45
1038 400
1038 1035
1038 300
1038 875
1038 581
1038 286
1038 1131
1038 83
1038 1072
1038 587
1039 53
1039 74
1039 583
1039 822
1039 730
1039 275
1039 398
1039 885
1040 268
1040 561
1040 1012
1040 460
1040 211
1040 872
1040 443
1040 317
1040 614
1040 950
1040 1112
1040 1008
1040 53
1041 995
1041 1060
1042 70
1042 834
1042 66
1042 730
1042 28
1042 215
1042 410
1042 40
1042 114
1043 1072
1044 155
1044 815
1044 1015
1045 215
1045 774
1046 690
1046 594
1046 252
1046 622
1046 1064
1046 1123
1046 684
1046 499
1046 969
1046 1057
1046 532
1046 821
1046 706
1046 123
1046 642
1046 384
1046 144
1046 703
1047 1080
1047 741
1047 998
1047 257
1048 726
1048 40
1048 783
1048 398
1048 66
1048 1024
1048 257
1048 730
1049 381
1049 28
1049 126
1049 879
1049 1110
1049 1063
1049 875
1049 890
1049 47
1049 856
1049 511
1049 1032
1049 155
1049 934
1049 527
1049 1128
1049 300
1049 303
1049 1074
1049 834
1049 836
1049 99
1049 637
1049 430
1049 1088
1049 779
1049 771
1049 993
1049 489
1049 1090
1049 429
1050 705
1050 753
1050 88
1050 868
1050 398
1050 306
1051 324
1051 298
1051 97
1051 959
1051 232
1051 306
1051 479
1051 314
1051 85
1051 805
1052 66
1052 330
1052 381
1052 1095
1052 767
1052 405
1053 777
1054 371
1055 933
1055 618
1056 593
1056 118
1056 902
1056 648
1056 1103
1056 594
1056 1098
1056 791
1057 340
1057 1018
1057 501
1057 265
1057 532
1057 957
1057 1046
1057 1028
1058 99
1058 9
1059 385
1059 398
1059 807
1059 207
1059 676
1059 904
1060 99
1060 1119
1060 343
1060 1041
1060 259
1060 85
1060 749
1060 9
1060 598
1060 1129
1060 520
1060 1122
1061 623
1061 984
1061 217
1062 95
1062 216
1062 909
1062 296
1063 268
1063 157
1063 182
1063 404
1063 771
1063 984
1063 406
1063 236
1063 603
1063 493
1063 133
1063 443
1063 35
1063 1104
1063 460
1063 204
1063 1049
1063 374
1063 944
1063 1102
1063 122
1063 42
1064 967
1064 690
1064 597
1064 1046
1064 276
1064 63
1064 532
1064 304
1064 1018
1064 1028
1064 805
1065 458
1065 270
1065 235
1065 483
1065 83
1065 45
1065 314
1065 1015
1065 677
1065 960
1066 47
1067 959
1067 1092
1067 387
1067 790
1067 306
1067 691
1068 707
1068 50
1069 248
1070 335
1070 546
1070 783
1071 192
1071 690
1071 32
1071 826
1071 36
1071 1085
1072 867
1072 1043
1072 998
1072 496
1072 113
1072 1038
1072 504
1072 1128
1072 286
1072 1115
1072 1131
1072 779
1072 609
1072 731
1072 486
1072 1129
1072 527
1072 649
1072 910
1072 558
1072 53
1073 654
1073 978
1073 165
1073 422
1073 640
1073 665
1073 562
1073 894
1073 399
1073 860
1073 302
1074 410
1074 680
1074 712
1074 432
1074 392
1074 1049
1074 1012
1074 866
1074 351
1074 1002
1074 347
1074 579
1074 485
1074 394
1074 486
1074 775
1074 807
1074 737
1074 235
1074 208
1074 1008
1074 490
1074 638
1074 804
1075 527
1075 166
1075 143
1075 590
1075 1129
1075 464
1075 174
1075 310
1076 79
1077 1005
1077 443
1077 294
1077 309
1077 879
1077 970
1077 73
1077 887
1077 1016
1077 889
1077 16
1077 844
1077 1119
1077 152
1077 493
1077 966
1077 638
1077 231
1078 158
1079 456
1079 362
1079 65
1079 755
1079 352
1079 295
1079 936
1079 485
1079 795
1079 411
1079 1089
1079 57
1079 471
1079 736
1079 305
1079 561
1079 420
1079 978
1079 1010
1079 553
1079 151
1080 993
1080 398
1080 1047
1080 586
1080 275
1080 256
1080 215
1080 371
1080 998
1080 741
1080 227
1080 66
1080 116
1080 181
1081 454
1082 1014
1082 236
1083 838
1083 866
1083 394
1084 1037
1084 979
1084 759
1084 363
1084 726
1084 719
1084 207
1084 861
1084 96
1084 657
1084 494
1084 93
1084 1022
1084 406
1084 42
1084 344
1084 294
1084 177
1084 890
1084 728
1084 735
1084 590
1084 1016
1084 690
1084 173
1084 361
1084 882
1084 395
1084 753
1084 349
1084 297
1085 654
1085 350
1085 220
1085 771
1085 117
1085 730
1085 400
1085 865
1085 649
1085 259
1085 45
1085 1071
1085 631
1085 39
1085 667
1085 16
1085 510
1085 1090
1085 207
1085 334
1085 822
1085 637
1085 300
1085 181
1085 110
1085 1119
1086 562
1086 334
1086 1119
1086 1008
1086 869
1086 430
1086 911
1086 3
1086 799
1086 304
1086 921
1087 1008
1087 310
1087 426
1087 631
1087 130
1088 543
1088 462
1088 871
1088 270
1088 394
1088 13
1088 727
1088 1128
1088 53
1088 410
1088 70
1088 344
1088 426
1088 867
1088 889
1088 1049
1088 909
1088 866
1088 741
1088 141
1088 832
1089 665
1089 789
1089 624
1089 9
1089 936
1089 305
1089 1079
1089 102
1089 661
1090 1085
1090 515
1090 1049
1090 53
1090 41
1090 3
1090 158
1090 865
1090 472
1090 654
1090 99
1090 382
1090 984
1090 511
1090 336
1090 875
1090 1119
1090 316
1090 87
1091 481
1091 394
1091 428
1091 518
1091 9
1091 614
1091 523
1091 509
1091 432
1091 978
1091 305
1091 317
1091 1125
1091 1008
1091 836
1091 102
1091 866
1091 1012
1091 302
1091 13
1092 836
1092 270
1092 959
1092 942
1092 691
1092 790
1092 993
1092 306
1092 803
1092 570
1092 1067
1092 606
1092 845
1093 826
1093 384
1093 931
1093 499
1093 690
1093 754
1094 648
1094 375
1094 433
1094 244
1094 892
1094 671
1095 1101
1095 767
1095 1052
1095 716
1096 500
1096 798
1096 951
1097 99
1098 801
1098 199
1098 640
1098 149
1098 1114
1098 1056
1098 925
1098 811
1098 749
1098 1112
1098 132
1098 593
1099 399
1099 395
1099 777
1099 890
1099 571
1099 1015
1099 870
1100 355
1101 1095
1101 240
1101 767
1102 374
1102 444
1102 803
1102 558
1102 158
1102 887
1102 231
1102 487
1102 819
1102 946
1102 410
1102 320
1102 493
1102 517
1102 1063
1103 1056
1103 1114
1103 581
1104 984
1104 42
1104 404
1104 1063
1104 1014
1105 496
1106 903
1106 300
1106 430
1106 53
1106 336
1106 510
1106 267
1106 158
1106 285
1107 727
1107 932
1108 363
1108 31
1108 544
1108 732
1108 878
1108 708
1108 618
1108 883
1109 259
1110 925
1110 987
1110 1123
1110 1049
1110 690
1111 645
1111 788
1111 188
1111 616
1111 143
1111 805
1111 579
1111 326
1111 336
1112 950
1112 202
1112 684
1112 406
1112 806
1112 236
1112 363
1112 35
1112 997
1112 231
1112 962
1112 824
1112 969
1112 944
1112 581
1112 758
1112 1040
1112 267
1112 1098
1112 437
1113 749
1114 969
1114 910
1114 83
1114 803
1114 267
1114 684
1114 1103
1114 1098
1114 594
1114 758
1114 915
1114 749
1114 233
1114 997
1114 637
1115 1072
1115 657
1115 143
1115 869
1115 461
1115 0
1115 645
1116 410
1116 804
1116 963
1116 562
1116 432
1116 950
1116 561
1116 394
1116 1002
1116 866
1116 1008
1116 125
1116 869
1116 911
1116 317
1117 609
1118 405
1119 1090
1119 856
1119 868
1119 216
1119 935
1119 854
1119 1125
1119 613
1119 487
1119 597
1119 430
1119 209
1119 563
1119 1016
1119 398
1119 949
1119 511
1119 35
1119 372
1119 690
1119 654
1119 631
1119 533
1119 1086
1119 256
1119 1085
1119 866
1119 170
1119 304
1119 508
1119 318
1119 1077
1119 192
1119 1060
1119 350
1120 366
1120 538
1121 268
1121 960
1121 1014
1121 329
1121 965
1122 530
1122 88
1122 520
1122 1060
1122 343
1123 969
1123 826
1123 499
1123 144
1123 757
1123 1110
1123 371
1123 1128
1123 667
1123 957
1123 923
1123 1046
1123 623
1123 690
1124 993
1124 892
1124 277
1124 583
1124 648
1125 215
1125 1002
1125 428
1125 305
1125 866
1125 612
1125 1010
1125 748
1125 426
1125 55
1125 167
1125 389
1125 366
1125 1119
1125 394
1125 1091
1125 16
1125 432
1125 485
1125 1008
1125 298
1126 277
1126 347
1126 867
1126 85
1126 136
1127 730
1127 613
1128 99
1128 236
1128 532
1128 267
1128 406
1128 143
1128 303
1128 730
1128 1088
1128 472
1128 347
1128 875
1128 1049
1128 381
1128 834
1128 28
1128 511
1128 1123
1128 277
1128 426
1128 563
1128 741
1128 1072
1129 1075
1129 820
1129 730
1129 426
1129 563
1129 1060
1129 690
1129 623
1129 193
1129 394
1129 700
1129 174
1129 1072
1130 336
1131 6
1131 1038
1131 637
1131 1031
1131 556
1131 113
1131 232
1131 550
1131 1072
1131 83
1131 400
1131 910
1131 301
1131 486
1131 336
1131 889
1131 867
1131 399
1132 272
1132 243
1132 663
1132 804
1132 860
1132 319
1132 305
