0 423
1 298
2 589
3 276
4 610
5 1030
6 28
7 348
8 655
9 758
10 34
11 1023
12 907
13 511
14 850
15 50
16 233
17 49
18 1126
19 462
20 1032
21 195
22 61
23 165
24 45
25 1053
26 651
27 659
28 1123
29 563
30 854
31 876
32 337
33 500
34 780
35 335
36 603
37 752
38 292
39 1034
40 994
41 358
42 611
43 1119
44 733
45 102
46 258
47 1065
48 880
49 435
50 391
51 985
52 524
53 740
54 829
55 505
56 860
57 294
58 847
59 487
60 132
61 24
62 785
63 406
64 442
65 86
66 975
67 705
68 367
69 476
70 558
71 438
72 211
73 821
74 529
75 202
76 1062
77 478
78 265
79 454
80 89
81 941
82 910
83 640
84 1047
85 818
86 220
87 270
88 330
89 541
90 248
91 630
92 1098
93 938
94 633
95 669
96 227
97 42
98 918
99 639
100 19
101 971
102 728
103 675
104 333
105 683
106 856
107 631
108 1089
109 607
110 104
111 900
112 1045
113 926
114 667
115 711
116 127
117 782
118 819
119 848
120 131
121 64
122 528
123 647
124 133
125 794
126 69
127 194
128 924
129 299
130 474
131 501
132 316
133 1003
134 693
135 685
136 486
137 26
138 1051
139 990
140 650
141 863
142 230
143 306
144 896
145 215
146 564
147 1060
148 565
149 666
150 575
151 1081
152 303
153 1073
154 397
155 157
156 677
157 831
158 293
159 184
160 534
161 400
162 621
163 844
164 1050
165 403
166 1059
167 268
168 21
169 686
170 98
171 295
172 681
173 94
174 146
175 1057
176 466
177 781
178 6
179 1094
180 952
181 410
182 723
183 710
184 224
185 82
186 960
187 878
188 619
189 595
190 905
191 851
192 85
193 954
194 730
195 514
196 872
197 763
198 1108
199 141
200 539
201 214
202 43
203 739
204 1056
205 834
206 949
207 340
208 1026
209 452
210 717
211 1097
212 180
213 865
214 766
215 891
216 253
217 168
218 81
219 861
220 319
221 191
222 420
223 684
224 901
225 1006
226 612
227 570
228 150
229 815
230 746
231 261
232 5
233 627
234 309
235 162
236 972
237 803
238 192
239 350
240 360
241 548
242 167
243 349
244 193
245 974
246 443
247 113
248 636
249 393
250 993
251 281
252 177
253 997
254 586
255 1035
256 887
257 1116
258 470
259 517
260 577
261 475
262 108
263 668
264 832
265 32
266 622
267 623
268 181
269 477
270 4
271 527
272 885
273 713
274 155
275 305
276 467
277 961
278 826
279 816
280 817
281 709
282 845
283 616
284 183
285 753
286 695
287 1063
288 18
289 802
290 672
291 101
292 869
293 837
294 662
295 660
296 121
297 762
298 373
299 522
300 814
301 602
302 370
303 494
304 1014
305 116
306 504
307 749
308 56
309 909
310 968
311 460
312 609
313 953
314 1128
315 778
316 964
317 249
318 727
319 228
320 699
321 304
322 1093
323 430
324 790
325 789
326 877
327 67
328 1054
329 9
330 615
331 557
332 71
333 808
334 72
335 354
336 596
337 66
338 638
339 226
340 957
341 823
342 355
343 604
344 1076
345 14
346 811
347 356
348 1124
349 904
350 792
351 571
352 555
353 947
354 23
355 827
356 390
357 572
358 318
359 608
360 841
361 222
362 473
363 372
364 824
365 754
366 1049
367 937
368 173
369 657
370 401
371 553
372 46
373 492
374 687
375 810
376 774
377 982
378 692
379 1008
380 52
381 599
382 447
383 978
384 519
385 767
386 217
387 1110
388 921
389 1127
390 965
391 594
392 469
393 560
394 970
395 240
396 282
397 302
398 712
399 170
400 314
401 93
402 489
403 902
404 456
405 532
406 583
407 203
408 506
409 521
410 879
411 449
412 598
413 15
414 495
415 1077
416 164
417 491
418 1070
419 676
420 927
421 378
422 862
423 275
424 256
425 1029
426 416
427 981
428 280
429 999
430 287
431 263
432 704
433 273
434 536
435 1083
436 479
437 761
438 433
439 967
440 124
441 825
442 917
443 407
444 691
445 244
446 906
447 128
448 389
449 70
450 510
451 637
452 870
453 664
454 1112
455 988
456 738
457 266
458 251
459 1121
460 78
461 317
462 804
463 40
464 1033
465 344
466 327
467 213
468 254
469 551
470 914
471 1052
472 197
473 744
474 895
475 530
476 812
477 351
478 697
479 342
480 259
481 343
482 894
483 448
484 1000
485 1069
486 1004
487 540
488 29
489 658
490 237
491 966
492 80
493 68
494 339
495 932
496 656
497 255
498 959
499 875
500 182
501 842
502 979
503 913
504 278
505 779
506 461
507 223
508 271
509 567
510 431
511 159
512 786
513 708
514 383
515 929
516 807
517 726
518 451
519 1101
520 665
521 368
522 136
523 218
524 983
525 995
526 626
527 1111
528 1036
529 409
530 735
531 346
532 525
533 366
534 652
535 1038
536 57
537 481
538 395
539 140
540 1125
541 1058
542 216
543 152
544 624
545 235
546 297
547 1016
548 234
549 588
550 285
551 940
552 513
553 54
554 120
555 418
556 1080
557 747
558 386
559 582
560 701
561 90
562 911
563 1067
564 145
565 231
566 805
567 498
568 209
569 698
570 1079
571 1024
572 493
573 535
574 1100
575 559
576 1048
577 942
578 334
579 206
580 1087
581 1099
582 798
583 1013
584 643
585 928
586 890
587 1129
588 741
589 95
590 172
591 336
592 646
593 547
594 1012
595 1084
596 359
597 908
598 283
599 1025
600 414
601 62
602 793
603 187
604 853
605 161
606 757
607 482
608 743
609 322
610 286
611 796
612 143
613 453
614 1085
615 1078
616 833
617 777
618 117
619 1114
620 1102
621 328
622 893
623 1020
624 142
625 210
626 345
627 377
628 175
629 569
630 1017
631 465
632 402
633 7
634 503
635 156
636 925
637 425
638 958
639 632
640 800
641 485
642 581
643 427
644 951
645 1086
646 585
647 886
648 678
649 326
650 17
651 51
652 634
653 1061
654 31
655 580
656 262
657 1010
658 137
659 813
660 1015
661 332
662 508
663 122
664 382
665 587
666 13
667 1028
668 130
669 969
670 724
671 849
672 898
673 488
674 39
675 139
676 1071
677 441
678 196
679 866
680 1039
681 189
682 923
683 329
684 1118
685 574
686 83
687 1088
688 625
689 352
690 756
691 520
692 313
693 629
694 471
695 783
696 171
697 208
698 600
699 112
700 242
701 702
702 123
703 1018
704 455
705 138
706 1011
707 562
708 440
709 1107
710 74
711 591
712 264
713 99
714 613
715 1115
716 843
717 828
718 8
719 986
720 1031
721 154
722 91
723 84
724 1042
725 830
726 840
727 1
728 428
729 174
730 291
731 764
732 109
733 331
734 809
735 751
736 720
737 105
738 537
739 103
740 436
741 538
742 552
743 212
744 1009
745 472
746 673
747 247
748 388
749 620
750 806
751 1130
752 944
753 47
754 980
755 690
756 605
757 795
758 129
759 1074
760 674
761 97
762 977
763 1046
764 48
765 38
766 27
767 943
768 1132
769 554
770 1027
771 745
772 992
773 36
774 776
775 153
776 696
777 257
778 736
779 65
780 593
781 269
782 73
783 1090
784 201
785 179
786 550
787 1082
788 748
789 644
790 688
791 0
792 1002
793 381
794 791
795 922
796 284
797 229
798 771
799 955
800 987
801 916
802 889
803 573
804 948
805 22
806 205
807 375
808 1113
809 417
810 516
811 737
812 775
813 838
814 839
815 935
816 35
817 238
818 836
819 732
820 450
821 308
822 1075
823 315
824 1095
825 614
826 387
827 502
828 243
829 888
830 115
831 37
832 533
833 1092
834 100
835 1117
836 671
837 301
838 1106
839 3
840 371
841 429
842 722
843 190
844 1120
845 648
846 484
847 385
848 260
849 579
850 107
851 365
852 398
853 719
854 106
855 939
856 399
857 689
858 288
859 518
860 801
861 694
862 55
863 1091
864 715
865 16
866 41
867 58
868 246
869 125
870 661
871 188
872 405
873 33
874 320
875 787
876 769
877 272
878 178
879 725
880 135
881 897
882 760
883 931
884 873
885 10
886 820
887 859
888 645
889 77
890 404
891 384
892 353
893 867
894 60
895 379
896 2
897 118
898 915
899 773
900 380
901 1044
902 169
903 991
904 361
905 1103
906 592
907 750
908 855
909 635
910 1021
911 241
912 44
913 204
914 601
915 53
916 799
917 884
918 1041
919 411
920 618
921 765
922 731
923 531
924 325
925 920
926 881
927 59
928 1005
929 148
930 239
931 457
932 25
933 936
934 1022
935 363
936 490
937 219
938 63
939 956
940 432
941 934
942 1066
943 590
944 770
945 628
946 30
947 561
948 364
949 578
950 617
951 734
952 111
953 933
954 729
955 126
956 446
957 1131
958 663
959 1055
960 584
961 512
962 1007
963 392
964 523
965 413
966 544
967 166
968 1040
969 464
970 546
971 542
972 396
973 1043
974 496
975 768
976 963
977 147
978 679
979 75
980 509
981 415
982 338
983 250
984 788
985 160
986 225
987 408
988 458
989 185
990 347
991 267
992 424
993 310
994 903
995 703
996 507
997 12
998 989
999 312
1000 434
1001 119
1002 1109
1003 653
1004 221
1005 680
1006 864
1007 568
1008 324
1009 846
1010 419
1011 984
1012 279
1013 307
1014 483
1015 422
1016 300
1017 714
1018 158
1019 566
1020 200
1021 576
1022 772
1023 1122
1024 1104
1025 654
1026 946
1027 852
1028 700
1029 499
1030 134
1031 252
1032 96
1033 176
1034 998
1035 468
1036 11
1037 480
1038 357
1039 426
1040 186
1041 369
1042 463
1043 721
1044 114
1045 642
1046 323
1047 439
1048 290
1049 144
1050 996
1051 973
1052 1072
1053 868
1054 874
1055 341
1056 87
1057 149
1058 497
1059 232
1060 919
1061 207
1062 151
1063 1068
1064 421
1065 822
1066 543
1067 1105
1068 835
1069 88
1070 755
1071 289
1072 374
1073 199
1074 1019
1075 899
1076 321
1077 759
1078 245
1079 274
1080 707
1081 444
1082 892
1083 784
1084 556
1085 1096
1086 797
1087 682
1088 110
1089 362
1090 79
1091 883
1092 742
1093 950
1094 311
1095 277
1096 163
1097 597
1098 641
1099 20
1100 718
1101 296
1102 515
1103 394
1104 871
1105 858
1106 649
1107 930
1108 976
1109 445
1110 437
1111 1037
1112 606
1113 545
1114 412
1115 92
1116 962
1117 236
1118 706
1119 459
1120 1001
1121 526
1122 198
1123 549
1124 716
1125 670
1126 76
1127 376
1128 1064
1129 912
1130 857
1131 945
1132 882
