0 433
1 983
2 171
3 480
4 845
5 794
6 45
7 621
8 886
9 942
10 444
11 955
12 626
13 1041
14 650
15 896
16 677
17 15
18 100
19 531
20 281
21 829
22 1111
23 7
24 340
25 503
26 1062
27 618
28 138
29 688
30 944
31 6
32 350
33 110
34 400
35 139
36 132
37 250
38 527
39 887
40 583
41 816
42 409
43 614
44 13
45 140
46 467
47 830
48 316
49 875
50 31
51 725
52 59
53 693
54 686
55 421
56 558
57 73
58 990
59 108
60 635
61 417
62 969
63 536
64 552
65 679
66 257
67 727
68 93
69 924
70 370
71 680
72 755
73 198
74 328
75 535
76 215
77 844
78 375
79 91
80 1127
81 442
82 513
83 272
84 641
85 362
86 788
87 878
88 832
89 21
90 1038
91 381
92 9
93 158
94 658
95 653
96 1032
97 117
98 1115
99 46
100 455
101 975
102 320
103 327
104 214
105 1064
106 1050
107 296
108 343
109 798
110 1031
111 351
112 591
113 1097
114 452
115 284
116 518
117 406
118 1129
119 1117
120 324
121 1042
122 418
123 1029
124 394
125 283
126 523
127 265
128 1018
129 707
130 441
131 1011
132 72
133 181
134 1078
135 63
136 1065
137 943
138 461
139 390
140 329
141 764
142 457
143 678
144 897
145 710
146 747
147 885
148 671
149 569
150 1088
151 868
152 472
153 890
154 447
155 301
156 312
157 274
158 1075
159 644
160 1110
161 1089
162 280
163 649
164 237
165 240
166 256
167 731
168 947
169 475
170 479
171 1002
172 970
173 790
174 230
175 23
176 879
177 344
178 856
179 458
180 709
181 75
182 192
183 94
184 317
185 1080
186 66
187 290
188 803
189 478
190 126
191 840
192 800
193 184
194 210
195 616
196 306
197 692
198 19
199 721
200 962
201 462
202 1059
203 873
204 1015
205 659
206 908
207 596
208 912
209 130
210 500
211 471
212 932
213 491
214 345
215 176
216 377
217 333
218 127
219 496
220 571
221 604
222 1113
223 25
224 557
225 746
226 672
227 1010
228 287
229 424
230 494
231 760
232 11
233 1021
234 322
235 631
236 622
237 404
238 1020
239 994
240 517
241 485
242 895
243 901
244 114
245 47
246 561
247 917
248 16
249 311
250 748
251 793
252 819
253 182
254 430
255 530
256 1091
257 60
258 1073
259 388
260 1023
261 1034
262 1122
263 118
264 501
265 804
266 464
267 711
268 291
269 267
270 925
271 57
272 862
273 37
274 789
275 918
276 648
277 380
278 780
279 173
280 958
281 486
282 422
283 64
284 805
285 209
286 456
287 44
288 499
289 810
290 730
291 392
292 363
293 366
294 217
295 129
296 84
297 817
298 233
299 1102
300 450
301 600
302 694
303 818
304 1101
305 701
306 466
307 338
308 889
309 119
310 24
311 223
312 778
313 156
314 654
315 757
316 553
317 407
318 741
319 729
320 310
321 307
322 602
323 996
324 1040
325 799
326 1004
327 302
328 297
329 18
330 188
331 415
332 979
333 555
334 952
335 295
336 231
337 1033
338 617
339 916
340 143
341 786
342 902
343 41
344 825
345 564
346 490
347 205
348 410
349 988
350 652
351 584
352 249
353 860
354 953
355 724
356 578
357 97
358 1118
359 961
360 425
361 1047
362 752
363 1085
364 982
365 1119
366 463
367 690
368 102
369 638
370 646
371 554
372 834
373 305
374 131
375 556
376 529
377 963
378 691
379 891
380 822
381 934
382 53
383 528
384 384
385 33
386 1100
387 936
388 977
389 999
390 1098
391 193
392 781
393 909
394 664
395 524
396 762
397 549
398 504
399 1084
400 744
401 1044
402 121
403 950
404 111
405 866
406 954
407 77
408 882
409 149
410 915
411 625
412 761
413 107
414 576
415 443
416 374
417 8
418 412
419 195
420 699
421 927
422 1052
423 484
424 836
425 298
426 774
427 847
428 662
429 1005
430 163
431 971
432 619
433 1105
434 684
435 1006
436 474
437 567
438 61
439 159
440 574
441 538
442 383
443 2
444 152
445 88
446 323
447 382
448 470
449 1003
450 308
451 416
452 325
453 169
454 739
455 993
456 1022
457 260
458 275
459 605
460 468
461 1086
462 850
463 1058
464 1116
465 247
466 125
467 197
468 203
469 610
470 1066
471 434
472 228
473 598
474 698
475 279
476 269
477 276
478 122
479 661
480 436
481 483
482 811
483 150
484 740
485 766
486 566
487 784
488 841
489 271
490 976
491 802
492 525
493 229
494 797
495 258
496 459
497 224
498 613
499 354
500 401
501 134
502 639
503 627
504 749
505 451
506 676
507 30
508 597
509 559
510 815
511 682
512 668
513 1069
514 599
515 941
516 775
517 920
518 27
519 162
520 928
521 861
522 101
523 871
524 519
525 1125
526 703
527 440
528 318
529 1039
530 743
531 251
532 1026
533 777
534 482
535 174
536 445
537 883
538 537
539 967
540 3
541 1036
542 906
543 187
544 989
545 379
546 420
547 1072
548 48
549 937
550 782
551 1076
552 216
553 733
554 488
555 831
556 277
557 854
558 1126
559 411
560 588
561 160
562 141
563 1090
564 477
565 987
566 892
567 246
568 1
569 76
570 453
571 642
572 991
573 179
574 1000
575 511
576 716
577 931
578 49
579 273
580 1092
581 1016
582 607
583 651
584 1030
585 629
586 655
587 534
588 148
589 899
590 697
591 666
592 1083
593 855
594 87
595 40
596 331
597 981
598 376
599 353
600 50
601 1067
602 1093
603 683
604 387
605 966
606 201
607 547
608 369
609 509
610 175
611 742
612 155
613 178
614 172
615 767
616 984
617 795
618 299
619 153
620 1107
621 1027
622 667
623 86
624 393
625 510
626 1054
627 313
628 1087
629 78
630 550
631 69
632 439
633 336
634 5
635 577
636 1055
637 572
638 204
639 717
640 81
641 903
642 262
643 372
644 750
645 985
646 874
647 974
648 82
649 992
650 386
651 722
652 259
653 930
654 292
655 505
656 1132
657 776
658 1103
659 785
660 194
661 718
662 1014
663 1017
664 85
665 28
666 423
667 632
668 719
669 347
670 514
671 1121
672 769
673 99
674 348
675 448
676 408
677 402
678 22
679 243
680 166
681 90
682 112
683 116
684 736
685 940
686 720
687 14
688 213
689 516
690 945
691 68
692 835
693 103
694 809
695 612
696 357
697 39
698 870
699 1070
700 89
701 419
702 859
703 254
704 42
705 586
706 154
707 29
708 202
709 545
710 1095
711 590
712 1028
713 842
714 164
715 319
716 157
717 592
718 465
719 522
720 1096
721 1074
722 533
723 1099
724 633
725 469
726 1077
727 1019
728 968
729 147
730 252
731 926
732 929
733 570
734 773
735 95
736 136
737 880
738 232
739 753
740 521
741 904
742 253
743 541
744 211
745 579
746 502
747 702
748 894
749 595
750 1009
751 365
752 562
753 801
754 1068
755 92
756 869
757 768
758 218
759 704
760 582
761 106
762 183
763 745
764 772
765 812
766 737
767 551
768 304
769 839
770 585
771 669
772 378
773 715
774 884
775 360
776 806
777 888
778 663
779 1053
780 611
781 791
782 867
783 824
784 673
785 96
786 330
787 120
788 581
789 843
790 405
791 221
792 997
793 756
794 876
795 972
796 356
797 239
798 342
799 948
800 771
801 933
802 264
803 637
804 238
805 957
806 656
807 144
808 546
809 960
810 497
811 364
812 1109
813 949
814 779
815 560
816 606
817 34
818 314
819 255
820 244
821 303
822 206
823 133
824 1114
825 54
826 910
827 151
828 498
829 1007
830 846
831 403
832 636
833 332
834 38
835 568
836 355
837 665
838 55
839 833
840 544
841 853
842 1061
843 580
844 1130
845 820
846 227
847 986
848 413
849 919
850 438
851 266
852 339
853 282
854 601
855 838
856 998
857 660
858 849
859 792
860 70
861 565
862 200
863 852
864 349
865 980
866 913
867 315
868 142
869 732
870 923
871 17
872 190
873 242
874 1108
875 956
876 1013
877 12
878 98
879 1043
880 628
881 56
882 827
883 115
884 36
885 526
886 914
887 964
888 630
889 674
890 300
891 185
892 705
893 414
894 4
895 321
896 170
897 293
898 429
899 105
900 495
901 335
902 900
903 978
904 35
905 492
906 1024
907 62
908 758
909 373
910 341
911 431
912 337
913 389
914 813
915 199
916 165
917 763
918 608
919 1056
920 454
921 225
922 946
923 1037
924 723
925 1106
926 938
927 79
928 634
929 236
930 858
931 864
932 857
933 770
934 261
935 367
936 449
937 754
938 689
939 713
940 512
941 396
942 863
943 270
944 615
945 647
946 123
947 1046
948 738
949 532
950 278
951 263
952 428
953 1063
954 959
955 196
956 935
957 398
958 783
959 58
960 446
961 681
962 437
963 624
964 1131
965 460
966 759
967 212
968 540
969 309
970 226
971 563
972 670
973 515
974 675
975 696
976 734
977 180
978 219
979 109
980 248
981 352
982 1082
983 473
984 371
985 26
986 881
987 506
988 893
989 543
990 391
991 951
992 222
993 74
994 594
995 241
996 826
997 286
998 814
999 481
1000 609
1001 168
1002 189
1003 43
1004 823
1005 1094
1006 71
1007 289
1008 1124
1009 493
1010 1104
1011 911
1012 603
1013 1123
1014 587
1015 620
1016 361
1017 807
1018 765
1019 65
1020 167
1021 828
1022 1035
1023 687
1024 128
1025 685
1026 1025
1027 137
1028 695
1029 573
1030 208
1031 113
1032 186
1033 726
1034 487
1035 285
1036 294
1037 191
1038 104
1039 877
1040 1049
1041 288
1042 548
1043 851
1044 848
1045 714
1046 1128
1047 207
1048 1120
1049 67
1050 907
1051 20
1052 83
1053 220
1054 0
1055 520
1056 872
1057 1051
1058 1079
1059 51
1060 346
1061 426
1062 385
1063 435
1064 234
1065 787
1066 808
1067 898
1068 32
1069 751
1070 1008
1071 399
1072 476
1073 973
1074 939
1075 921
1076 796
1077 1001
1078 334
1079 700
1080 177
1081 80
1082 922
1083 1057
1084 965
1085 507
1086 589
1087 1048
1088 623
1089 145
1090 706
1091 161
1092 508
1093 542
1094 432
1095 395
1096 427
1097 539
1098 593
1099 1071
1100 135
1101 640
1102 712
1103 1012
1104 865
1105 52
1106 235
1107 735
1108 995
1109 728
1110 10
1111 821
1112 397
1113 657
1114 124
1115 1060
1116 146
1117 489
1118 575
1119 358
1120 368
1121 326
1122 268
1123 905
1124 1112
1125 1045
1126 837
1127 645
1128 1081
1129 708
1130 245
1131 359
1132 643
