0 263
1 437
2 684
3 1012
4 721
5 617
6 743
7 67
8 1122
9 290
10 563
11 1018
12 1023
13 642
14 800
15 139
16 865
17 361
18 644
19 496
20 776
21 227
22 802
23 1066
24 493
25 423
26 530
27 270
28 812
29 758
30 913
31 1037
32 71
33 749
34 1109
35 736
36 49
37 146
38 11
39 1074
40 312
41 518
42 418
43 634
44 364
45 611
46 692
47 455
48 41
49 689
50 723
51 650
52 1003
53 980
54 660
55 73
56 1063
57 1088
58 204
59 556
60 683
61 337
62 592
63 1005
64 754
65 1083
66 38
67 212
68 141
69 163
70 770
71 977
72 438
73 580
74 965
75 532
76 489
77 1084
78 76
79 848
80 524
81 851
82 667
83 388
84 796
85 506
86 1123
87 946
88 126
89 859
90 222
91 987
92 9
93 606
94 1115
95 836
96 466
97 525
98 485
99 283
100 845
101 768
102 44
103 1
104 695
105 774
106 690
107 1081
108 236
109 1112
110 490
111 892
112 499
113 425
114 198
115 766
116 187
117 336
118 395
119 109
120 947
121 640
122 16
123 613
124 243
125 755
126 694
127 15
128 1094
129 550
130 686
131 110
132 657
133 872
134 150
135 879
136 443
137 1080
138 85
139 173
140 781
141 734
142 894
143 543
144 791
145 122
146 58
147 975
148 370
149 509
150 673
151 379
152 703
153 70
154 603
155 960
156 775
157 130
158 594
159 581
160 568
161 164
162 884
163 449
164 182
165 688
166 327
167 804
168 661
169 1099
170 1065
171 963
172 585
173 272
174 408
175 675
176 1042
177 1061
178 682
179 780
180 22
181 363
182 88
183 778
184 223
185 1077
186 576
187 428
188 381
189 968
190 764
191 188
192 74
193 1016
194 670
195 391
196 666
197 225
198 599
199 907
200 933
201 1102
202 189
203 244
204 481
205 855
206 839
207 447
208 860
209 919
210 877
211 943
212 891
213 32
214 220
215 893
216 196
217 704
218 221
219 197
220 1103
221 964
222 693
223 738
224 507
225 740
226 847
227 870
228 1043
229 934
230 170
231 439
232 701
233 134
234 616
235 287
236 722
237 105
238 945
239 261
240 918
241 926
242 1089
243 785
244 929
245 1022
246 118
247 329
248 744
249 769
250 733
251 522
252 637
253 1015
254 148
255 431
256 142
257 782
258 904
259 403
260 309
261 372
262 685
263 999
264 434
265 1038
266 820
267 1106
268 811
269 773
270 633
271 1091
272 646
273 213
274 882
275 1001
276 809
277 739
278 254
279 281
280 1010
281 562
282 1108
283 7
284 841
285 1119
286 1105
287 33
288 56
289 315
290 942
291 318
292 278
293 567
294 520
295 497
296 608
297 153
298 835
299 767
300 582
301 241
302 832
303 407
304 168
305 954
306 345
307 575
308 184
309 998
310 396
311 463
312 1098
313 322
314 846
315 214
316 571
317 108
318 787
319 505
320 411
321 267
322 183
323 799
324 949
325 54
326 922
327 271
328 570
329 996
330 208
331 1092
332 457
333 1107
334 541
335 789
336 1035
337 1087
338 720
339 80
340 103
341 399
342 559
343 91
344 969
345 60
346 479
347 620
348 765
349 535
350 760
351 453
352 878
353 1055
354 715
355 8
356 962
357 393
358 386
359 28
360 502
361 120
362 413
363 229
364 824
365 424
366 6
367 850
368 792
369 772
370 397
371 112
372 169
373 863
374 210
375 294
376 825
377 374
378 750
379 711
380 871
381 982
382 102
383 1085
384 201
385 1002
386 175
387 959
388 602
389 273
390 486
391 909
392 420
393 790
394 248
395 158
396 915
397 1051
398 818
399 653
400 861
401 993
402 1044
403 1036
404 843
405 140
406 179
407 624
408 472
409 793
410 136
411 371
412 519
413 549
414 1096
415 771
416 654
417 664
418 1054
419 171
420 916
421 1126
422 43
423 219
424 903
425 665
426 679
427 742
428 853
429 180
430 1120
431 718
432 652
433 269
434 368
435 540
436 342
437 99
438 292
439 833
440 635
441 190
442 69
443 1045
444 1046
445 144
446 127
447 1113
448 1017
449 194
450 215
451 591
452 813
453 979
454 383
455 1034
456 956
457 1129
458 566
459 101
460 546
461 669
462 359
463 649
464 19
465 2
466 849
467 487
468 745
469 551
470 527
471 725
472 304
473 762
474 34
475 4
476 305
477 50
478 128
479 797
480 1009
481 392
482 137
483 874
484 801
485 1125
486 59
487 862
488 435
489 302
490 83
491 339
492 552
493 717
494 488
495 783
496 113
497 468
498 1124
499 185
500 911
501 648
502 316
503 1060
504 328
505 898
506 333
507 997
508 729
509 565
510 376
511 577
512 65
513 680
514 517
515 579
516 66
517 708
518 317
519 454
520 308
521 798
522 589
523 854
524 1004
525 288
526 165
527 788
528 875
529 751
530 619
531 325
532 356
533 1039
534 994
535 777
536 461
537 539
538 5
539 826
540 558
541 819
542 985
543 837
544 446
545 346
546 293
547 905
548 578
549 873
550 1025
551 129
552 1031
553 298
554 125
555 433
556 614
557 324
558 601
559 147
560 360
561 868
562 301
563 96
564 483
565 1040
566 1020
567 207
568 938
569 1079
570 1075
571 1110
572 343
573 900
574 402
575 78
576 352
577 473
578 373
579 983
580 444
581 404
582 612
583 262
584 415
585 542
586 239
587 151
588 276
589 1093
590 410
591 295
592 1030
593 944
594 810
595 145
596 584
597 224
598 514
599 1007
600 357
601 494
602 986
603 471
604 246
605 0
606 385
607 63
608 355
609 39
610 1029
611 255
612 155
613 593
614 838
615 417
616 377
617 335
618 817
619 369
620 380
621 940
622 231
623 72
624 259
625 17
626 1132
627 521
628 1097
629 303
630 93
631 727
632 807
633 937
634 167
635 1100
636 366
637 713
638 251
639 265
640 217
641 1104
642 516
643 330
644 887
645 625
646 362
647 561
648 1118
649 406
650 752
651 191
652 741
653 866
654 162
655 274
656 628
657 544
658 427
659 1090
660 422
661 710
662 895
663 1068
664 674
665 161
666 899
667 178
668 808
669 277
670 1095
671 1052
672 526
673 37
674 840
675 1013
676 972
677 445
678 626
679 709
680 474
681 989
682 910
683 228
684 852
685 338
686 311
687 512
688 842
689 216
690 387
691 174
692 1062
693 936
694 921
695 452
696 888
697 830
698 605
699 572
700 1130
701 482
702 587
703 36
704 450
705 10
706 536
707 651
708 154
709 332
710 1121
711 84
712 656
713 890
714 554
715 547
716 991
717 515
718 923
719 914
720 347
721 242
722 253
723 1050
724 353
725 927
726 89
727 200
728 350
729 218
730 961
731 195
732 82
733 950
734 948
735 574
736 398
737 706
738 641
739 235
740 152
741 560
742 230
743 829
744 459
745 814
746 538
747 451
748 597
749 1064
750 280
751 250
752 1053
753 20
754 1072
755 930
756 247
757 64
758 90
759 440
760 924
761 714
762 186
763 135
764 166
765 639
766 81
767 806
768 906
769 232
770 981
771 880
772 495
773 400
774 990
775 629
776 600
777 436
778 354
779 23
780 460
781 618
782 662
783 1048
784 121
785 864
786 971
787 300
788 632
789 172
790 1057
791 252
792 881
793 132
794 465
795 21
796 323
797 1011
798 1059
799 1033
800 663
801 68
802 62
803 753
804 478
805 1008
806 876
807 510
808 143
809 319
810 700
811 823
812 1076
813 537
814 627
815 638
816 676
817 513
818 604
819 256
820 27
821 1032
822 511
823 621
824 896
825 757
826 192
827 1000
828 731
829 795
830 321
831 45
832 748
833 313
834 659
835 291
836 115
837 310
838 1067
839 857
840 988
841 931
842 1111
843 138
844 834
845 86
846 555
847 13
848 31
849 279
850 234
851 441
852 299
853 1021
854 133
855 26
856 258
857 284
858 794
859 237
860 390
861 869
862 815
863 238
864 992
865 901
866 609
867 976
868 805
869 1006
870 202
871 282
872 955
873 476
874 698
875 209
876 1078
877 245
878 297
879 421
880 523
881 636
882 18
883 504
884 470
885 728
886 480
887 590
888 970
889 233
890 296
891 726
892 912
893 92
894 268
895 14
896 1131
897 973
898 57
899 588
900 928
901 456
902 598
903 53
904 55
905 1049
906 553
907 786
908 1086
909 784
910 737
911 615
912 953
913 307
914 432
915 306
916 672
917 548
918 678
919 193
920 534
921 1014
922 394
923 156
924 732
925 348
926 668
927 416
928 908
929 747
930 735
931 491
932 285
933 266
934 199
935 1070
936 501
937 897
938 677
939 35
940 116
941 681
942 583
943 389
944 586
945 816
946 358
947 995
948 858
949 889
950 545
951 48
952 351
953 29
954 952
955 124
956 98
957 469
958 844
959 885
960 941
961 1128
962 492
963 275
964 30
965 419
966 1024
967 645
968 3
969 557
970 131
971 240
972 939
973 1058
974 111
975 429
976 822
977 205
978 564
979 349
980 206
981 724
982 920
983 569
984 503
985 696
986 883
987 331
988 160
989 12
990 77
991 707
992 61
993 935
994 1047
995 100
996 94
997 264
998 705
999 763
1000 119
1001 917
1002 631
1003 759
1004 925
1005 475
1006 697
1007 106
1008 1116
1009 596
1010 226
1011 42
1012 458
1013 573
1014 157
1015 477
1016 622
1017 1082
1018 508
1019 365
1020 314
1021 623
1022 1041
1023 378
1024 448
1025 367
1026 1117
1027 344
1028 159
1029 442
1030 1127
1031 712
1032 1056
1033 531
1034 761
1035 1071
1036 341
1037 1073
1038 412
1039 51
1040 966
1041 746
1042 630
1043 149
1044 47
1045 260
1046 464
1047 104
1048 932
1049 430
1050 1026
1051 827
1052 607
1053 24
1054 203
1055 886
1056 957
1057 498
1058 462
1059 181
1060 107
1061 467
1062 320
1063 97
1064 974
1065 529
1066 123
1067 655
1068 951
1069 25
1070 984
1071 610
1072 257
1073 249
1074 500
1075 1019
1076 334
1077 595
1078 375
1079 87
1080 978
1081 967
1082 702
1083 1069
1084 902
1085 40
1086 756
1087 1114
1088 286
1089 958
1090 176
1091 647
1092 177
1093 405
1094 211
1095 687
1096 803
1097 117
1098 533
1099 401
1100 856
1101 1028
1102 46
1103 528
1104 340
1105 828
1106 79
1107 691
1108 719
1109 699
1110 671
1111 484
1112 75
1113 779
1114 643
1115 114
1116 1027
1117 409
1118 289
1119 326
1120 414
1121 821
1122 730
1123 95
1124 867
1125 1101
1126 382
1127 384
1128 52
1129 831
1130 716
1131 426
1132 658
