0 1039
1 522
2 138
3 895
4 770
5 574
6 149
7 1054
8 1028
9 573
10 1069
11 1071
12 1113
13 920
14 758
15 297
16 462
17 843
18 436
19 277
20 262
21 1064
22 998
23 128
24 633
25 396
26 109
27 721
28 614
29 636
30 299
31 581
32 599
33 76
34 331
35 991
36 475
37 957
38 932
39 846
40 774
41 950
42 669
43 904
44 517
45 150
46 689
47 320
48 958
49 295
50 954
51 143
52 8
53 941
54 215
55 1024
56 82
57 163
58 157
59 503
60 1009
61 625
62 1098
63 868
64 886
65 261
66 59
67 211
68 425
69 218
70 930
71 442
72 185
73 173
74 905
75 1013
76 990
77 67
78 811
79 1118
80 469
81 206
82 822
83 158
84 785
85 422
86 168
87 1020
88 95
89 291
90 989
91 237
92 417
93 367
94 1059
95 1031
96 108
97 515
98 571
99 244
100 535
101 1018
102 167
103 1124
104 665
105 457
106 5
107 1041
108 967
109 835
110 881
111 1007
112 1014
113 217
114 156
115 538
116 410
117 816
118 594
119 972
120 593
121 782
122 862
123 373
124 824
125 352
126 120
127 190
128 195
129 596
130 402
131 37
132 326
133 840
134 9
135 668
136 33
137 324
138 355
139 107
140 1099
141 632
142 916
143 778
144 619
145 834
146 131
147 47
148 296
149 294
150 43
151 287
152 929
153 68
154 86
155 183
156 988
157 936
158 754
159 52
160 93
161 110
162 104
163 1109
164 282
165 435
166 63
167 1003
168 694
169 654
170 817
171 159
172 450
173 968
174 493
175 992
176 285
177 826
178 1083
179 275
180 773
181 750
182 791
183 479
184 470
185 290
186 213
187 613
188 875
189 557
190 880
191 800
192 576
193 96
194 661
195 617
196 434
197 584
198 647
199 1085
200 511
201 346
202 676
203 71
204 502
205 933
206 473
207 546
208 31
209 1005
210 853
211 986
212 692
213 1116
214 752
215 208
216 198
217 1079
218 21
219 980
220 176
221 459
222 64
223 117
224 485
225 607
226 681
227 1027
228 361
229 602
230 66
231 348
232 471
233 89
234 431
235 821
236 362
237 744
238 419
239 922
240 993
241 921
242 712
243 964
244 292
245 580
246 783
247 725
248 756
249 901
250 147
251 768
252 405
253 743
254 682
255 477
256 315
257 205
258 41
259 152
260 447
261 175
262 221
263 1088
264 49
265 268
266 717
267 1117
268 224
269 371
270 1078
271 171
272 87
273 810
274 476
275 311
276 1029
277 219
278 46
279 745
280 751
281 141
282 670
283 953
284 349
285 1132
286 313
287 643
288 500
289 925
290 1000
291 507
292 898
293 848
294 889
295 1100
296 616
297 424
298 637
299 1095
300 75
301 738
302 106
303 974
304 497
305 696
306 900
307 567
308 949
309 521
310 769
311 62
312 384
313 223
314 981
315 620
316 763
317 903
318 166
319 2
320 17
321 504
322 1074
323 151
324 731
325 448
326 707
327 609
328 380
329 831
330 6
331 1129
332 379
333 844
334 186
335 250
336 343
337 748
338 680
339 445
340 766
341 663
342 408
343 474
344 40
345 35
346 420
347 1103
348 267
349 480
350 276
351 1123
352 569
353 1001
354 492
355 710
356 856
357 337
358 115
359 874
360 912
361 859
362 962
363 378
364 776
365 851
366 280
367 329
368 605
369 813
370 375
371 397
372 135
373 1068
374 587
375 357
376 456
377 577
378 641
379 648
380 365
381 53
382 909
383 327
384 38
385 58
386 906
387 1077
388 513
389 1097
390 979
391 418
392 536
393 1043
394 890
395 937
396 376
397 858
398 100
399 790
400 300
401 88
402 233
403 1119
404 699
405 956
406 608
407 1091
408 802
409 468
410 187
411 81
412 638
413 154
414 857
415 72
416 667
417 553
418 30
419 391
420 713
421 1092
422 737
423 133
424 612
425 255
426 842
427 307
428 438
429 659
430 603
431 939
432 194
433 239
434 1070
435 1034
436 54
437 316
438 832
439 354
440 1017
441 304
442 1022
443 516
444 847
445 579
446 454
447 551
448 241
449 540
450 45
451 734
452 42
453 204
454 99
455 762
456 994
457 724
458 57
459 675
460 246
461 452
462 838
463 565
464 597
465 360
466 899
467 784
468 501
469 288
470 317
471 443
472 923
473 165
474 222
475 254
476 1108
477 461
478 441
479 761
480 872
481 572
482 1107
483 153
484 795
485 869
486 1049
487 1052
488 578
489 491
490 729
491 825
492 25
493 1057
494 1090
495 915
496 997
497 818
498 303
499 684
500 381
501 733
502 705
503 651
504 210
505 677
506 1002
507 429
508 977
509 544
510 658
511 129
512 270
513 482
514 726
515 498
516 467
517 409
518 301
519 458
520 411
521 798
522 1106
523 10
524 1050
525 807
526 404
527 1048
528 655
529 487
530 85
531 805
532 704
533 987
534 927
535 234
536 664
537 124
538 1076
539 863
540 51
541 377
542 27
543 386
544 139
545 1051
546 545
547 556
548 393
549 1012
550 910
551 298
552 548
553 328
554 966
555 716
556 56
557 888
558 512
559 432
560 719
561 238
562 672
563 350
564 123
565 506
566 526
567 414
568 709
569 236
570 1036
571 533
572 952
573 228
574 1061
575 188
576 628
577 561
578 356
579 823
580 924
581 590
582 245
583 1066
584 455
585 740
586 866
587 570
588 314
589 209
590 839
591 555
592 193
593 399
594 583
595 50
596 1072
597 978
598 631
599 615
600 887
601 777
602 1110
603 32
604 1128
605 160
606 902
607 1004
608 374
609 650
610 145
611 48
612 407
613 279
614 1008
615 537
616 284
617 1127
618 703
619 1011
620 1087
621 401
622 541
623 90
624 896
625 629
626 94
627 127
628 808
629 554
630 1030
631 259
632 528
633 249
634 18
635 24
636 940
637 690
638 1025
639 184
640 796
641 870
642 125
643 382
644 523
645 532
646 61
647 652
648 118
649 385
650 759
651 4
652 256
653 388
654 430
655 792
656 524
657 894
658 60
659 611
660 1101
661 196
662 657
663 1044
664 220
665 960
666 534
667 735
668 566
669 1016
670 855
671 787
672 202
673 309
674 84
675 883
676 801
677 78
678 0
679 1015
680 155
681 164
682 543
683 563
684 786
685 70
686 383
687 753
688 911
689 174
690 999
691 610
692 200
693 520
694 318
695 266
696 406
697 529
698 714
699 531
700 1032
701 767
702 353
703 11
704 509
705 947
706 74
707 105
708 749
709 319
710 873
711 564
712 428
713 481
714 132
715 864
716 251
717 644
718 484
719 345
720 697
721 413
722 310
723 73
724 525
725 812
726 562
727 286
728 1131
729 114
730 334
731 446
732 499
733 687
734 240
735 854
736 235
737 494
738 1023
739 1019
740 1115
741 359
742 944
743 260
744 624
745 984
746 370
747 706
748 739
749 387
750 547
751 1065
752 601
753 341
754 836
755 673
756 472
757 722
758 965
759 971
760 1010
761 1080
762 815
763 797
764 598
765 772
766 618
767 1094
768 1121
769 700
770 347
771 635
772 248
773 982
774 693
775 970
776 891
777 746
778 55
779 549
780 1125
781 302
782 390
783 368
784 1035
785 876
786 1058
787 639
788 585
789 829
790 91
791 530
792 931
793 595
794 948
795 589
796 440
797 269
798 640
799 926
800 730
801 702
802 36
803 732
804 600
805 671
806 229
807 392
808 662
809 558
810 649
811 437
812 203
813 592
814 1111
815 1081
816 77
817 995
818 1073
819 146
820 423
821 111
822 1033
823 604
824 907
825 552
826 80
827 225
828 642
829 850
830 1053
831 1
832 323
833 231
834 688
835 312
836 421
837 781
838 102
839 16
840 101
841 79
842 486
843 1055
844 103
845 877
846 519
847 678
848 264
849 363
850 161
851 495
852 489
853 945
854 1046
855 1130
856 394
857 179
858 720
859 518
860 136
861 433
862 1056
863 140
864 325
865 983
866 550
867 28
868 162
869 951
870 976
871 98
872 985
873 975
874 463
875 691
876 1040
877 201
878 646
879 757
880 935
881 934
882 622
883 747
884 465
885 527
886 207
887 483
888 20
889 281
890 973
891 806
892 917
893 366
894 333
895 833
896 460
897 849
898 415
899 22
900 258
901 283
902 1038
903 799
904 793
905 827
906 389
907 1126
908 134
909 451
910 996
911 878
912 742
913 340
914 852
915 969
916 26
917 3
918 779
919 591
920 1037
921 400
922 630
923 1086
924 439
925 23
926 764
927 199
928 775
929 727
930 588
931 560
932 126
933 626
934 247
935 330
936 845
937 351
938 1006
939 728
940 243
941 1082
942 369
943 478
944 112
945 908
946 278
947 711
948 788
949 344
950 395
951 83
952 837
953 130
954 1063
955 867
956 946
957 741
958 914
959 321
960 755
961 885
962 144
963 803
964 666
965 178
966 830
967 660
968 1042
969 586
970 308
971 1075
972 12
973 961
974 15
975 189
976 181
977 1062
978 865
979 358
980 488
981 897
982 426
983 293
984 1060
985 69
986 582
987 1120
988 1021
989 398
990 372
991 444
992 92
993 794
994 1047
995 332
996 1096
997 913
998 44
999 780
1000 464
1001 137
1002 170
1003 253
1004 568
1005 322
1006 192
1007 542
1008 955
1009 1114
1010 1026
1011 1105
1012 623
1013 1084
1014 918
1015 892
1016 674
1017 274
1018 919
1019 306
1020 1089
1021 263
1022 809
1023 427
1024 686
1025 771
1026 273
1027 416
1028 765
1029 708
1030 148
1031 29
1032 893
1033 490
1034 364
1035 514
1036 1093
1037 718
1038 257
1039 403
1040 701
1041 7
1042 339
1043 627
1044 226
1045 14
1046 575
1047 860
1048 230
1049 335
1050 760
1051 942
1052 232
1053 1102
1054 338
1055 1122
1056 828
1057 34
1058 736
1059 683
1060 116
1061 715
1062 1104
1063 559
1064 453
1065 508
1066 943
1067 496
1068 172
1069 212
1070 606
1071 685
1072 634
1073 879
1074 841
1075 305
1076 963
1077 679
1078 97
1079 814
1080 882
1081 13
1082 820
1083 227
1084 113
1085 39
1086 214
1087 695
1088 216
1089 119
1090 510
1091 272
1092 180
1093 19
1094 698
1095 1067
1096 789
1097 197
1098 271
1099 861
1100 252
1101 1112
1102 723
1103 121
1104 265
1105 466
1106 621
1107 169
1108 1045
1109 871
1110 191
1111 539
1112 182
1113 804
1114 653
1115 928
1116 412
1117 336
1118 142
1119 342
1120 65
1121 177
1122 819
1123 938
1124 884
1125 122
1126 242
1127 645
1128 289
1129 959
1130 449
1131 505
1132 656
