0 77
1 1068
2 875
3 928
4 1021
5 1032
6 1115
7 568
8 839
9 746
10 12
11 400
12 298
13 812
14 965
15 938
16 496
17 448
18 511
19 313
20 130
21 395
22 860
23 597
24 621
25 635
26 1006
27 912
28 276
29 673
30 376
31 660
32 471
33 255
34 539
35 156
36 7
37 846
38 481
39 83
40 22
41 342
42 749
43 501
44 680
45 457
46 339
47 956
48 48
49 775
50 209
51 3
52 485
53 1027
54 1066
55 291
56 187
57 1012
58 761
59 1061
60 678
61 769
62 713
63 1088
64 1110
65 161
66 1053
67 562
68 649
69 241
70 868
71 1098
72 358
73 40
74 359
75 308
76 659
77 789
78 924
79 896
80 296
81 479
82 757
83 528
84 510
85 300
86 932
87 229
88 423
89 815
90 648
91 967
92 398
93 1131
94 362
95 661
96 998
97 920
98 926
99 343
100 795
101 551
102 1082
103 1124
104 238
105 248
106 699
107 388
108 287
109 206
110 756
111 9
112 805
113 217
114 656
115 529
116 657
117 780
118 687
119 900
120 958
121 593
122 650
123 26
124 195
125 1105
126 87
127 840
128 222
129 295
130 49
131 268
132 226
133 874
134 788
135 817
136 278
137 430
138 264
139 186
140 600
141 579
142 274
143 655
144 495
145 709
146 530
147 506
148 311
149 66
150 191
151 518
152 986
153 44
154 80
155 4
156 424
157 732
158 725
159 794
160 598
161 294
162 1132
163 526
164 640
165 459
166 797
167 1116
168 410
169 1081
170 323
171 208
172 363
173 32
174 285
175 53
176 1099
177 822
178 1038
179 735
180 43
181 828
182 453
183 10
184 387
185 1126
186 664
187 750
188 108
189 452
190 182
191 904
192 704
193 669
194 1040
195 829
196 1049
197 280
198 455
199 97
200 739
201 550
202 798
203 915
204 150
205 1007
206 564
207 347
208 826
209 408
210 636
211 996
212 688
213 118
214 433
215 1060
216 137
217 293
218 639
219 834
220 1037
221 525
222 681
223 174
224 810
225 1122
226 786
227 783
228 952
229 565
230 142
231 237
232 165
233 503
234 210
235 404
236 627
237 92
238 963
239 758
240 14
241 502
242 923
243 580
244 330
245 61
246 703
247 270
248 162
249 492
250 140
251 35
252 413
253 29
254 257
255 1125
256 172
257 121
258 1058
259 617
260 407
261 33
262 945
263 192
264 131
265 326
266 549
267 491
268 994
269 753
270 38
271 1030
272 1119
273 240
274 95
275 1035
276 51
277 1078
278 745
279 34
280 356
281 434
282 569
283 837
284 634
285 284
286 493
287 64
288 98
289 731
290 887
291 827
292 999
293 1092
294 909
295 773
296 1077
297 974
298 1033
299 587
300 409
301 935
302 646
303 231
304 623
305 440
306 917
307 260
308 261
309 442
310 604
311 224
312 720
313 859
314 911
315 832
316 351
317 333
318 897
319 475
320 1084
321 997
322 632
323 115
324 774
325 718
326 88
327 1069
328 1045
329 346
330 272
331 316
332 638
333 613
334 389
335 864
336 802
337 877
338 1129
339 350
340 610
341 605
342 114
343 1047
344 545
345 858
346 614
347 931
348 977
349 679
350 1014
351 117
352 194
353 200
354 1000
355 325
356 443
357 862
358 892
359 708
360 379
361 391
362 345
363 136
364 1043
365 1095
366 125
367 608
368 254
369 787
370 1
371 456
372 776
373 507
374 807
375 480
376 705
377 236
378 779
379 341
380 307
381 513
382 374
383 559
384 349
385 596
386 921
387 19
388 416
389 458
390 1008
391 483
392 653
393 726
394 1052
395 633
396 542
397 221
398 262
399 251
400 365
401 866
402 930
403 983
404 577
405 692
406 444
407 454
408 668
409 11
410 338
411 870
412 1018
413 360
414 207
415 1079
416 247
417 159
418 153
419 382
420 843
421 666
422 754
423 451
424 594
425 784
426 106
427 844
428 691
429 1022
430 665
431 884
432 835
433 541
434 722
435 304
436 792
437 54
438 1010
439 751
440 1005
441 62
442 185
443 759
444 55
445 46
446 674
447 808
448 59
449 1054
450 445
451 1019
452 202
453 741
454 865
455 402
456 178
457 695
458 175
459 548
460 1062
461 380
462 141
463 1121
464 193
465 405
466 988
467 415
468 572
469 386
470 902
471 472
472 748
473 344
474 78
475 403
476 89
477 71
478 852
479 482
480 762
481 968
482 685
483 20
484 671
485 160
486 534
487 701
488 1001
489 878
490 1103
491 1056
492 0
493 13
494 905
495 1057
496 1004
497 1044
498 937
499 279
500 882
501 246
502 693
503 383
504 620
505 1055
506 747
507 702
508 863
509 1034
510 555
511 738
512 628
513 56
514 516
515 1015
516 583
517 850
518 1050
519 319
520 954
521 689
522 259
523 889
524 436
525 144
526 953
527 880
528 778
529 721
530 719
531 637
532 332
533 1073
534 494
535 173
536 197
537 401
538 987
539 966
540 283
541 755
542 1023
543 553
544 767
545 993
546 215
547 484
548 245
549 978
550 573
551 765
552 574
553 468
554 81
555 438
556 831
557 715
558 375
559 334
560 476
561 328
562 853
563 1101
564 982
565 760
566 1065
567 16
568 1016
569 1067
570 110
571 981
572 68
573 406
574 804
575 615
576 942
577 698
578 396
579 397
580 225
581 916
582 305
583 571
584 724
585 1031
586 82
587 836
588 771
589 895
590 1076
591 819
592 152
593 847
594 384
595 101
596 394
597 1036
598 800
599 686
600 269
601 595
602 531
603 1102
604 975
605 609
606 123
607 216
608 477
609 177
610 102
611 793
612 163
613 606
614 31
615 957
616 727
617 306
618 985
619 1106
620 658
621 631
622 223
623 109
624 733
625 348
626 554
627 129
628 589
629 1094
630 540
631 629
632 696
633 235
634 143
635 1080
636 57
637 914
638 841
639 265
640 1112
641 354
642 157
643 1009
644 519
645 929
646 30
647 145
648 790
649 329
650 833
651 781
652 730
653 816
654 181
655 883
656 842
657 473
658 590
659 770
660 90
661 15
662 1064
663 1011
664 505
665 777
666 891
667 995
668 885
669 486
670 514
671 830
672 576
673 419
674 712
675 500
676 714
677 124
678 116
679 1109
680 563
681 390
682 104
683 188
684 1072
685 286
686 497
687 991
688 619
689 871
690 814
691 366
692 879
693 439
694 467
695 5
696 212
697 322
698 242
699 299
700 1041
701 103
702 487
703 1128
704 647
705 460
706 707
707 112
708 361
709 288
710 96
711 809
712 70
713 23
714 949
715 138
716 105
717 234
718 971
719 204
720 233
721 447
722 75
723 21
724 139
725 128
726 312
727 167
728 183
729 196
730 42
731 1074
732 939
733 122
734 537
735 893
736 1039
737 894
738 1111
739 478
740 1117
741 901
742 856
743 872
744 331
745 427
746 585
747 324
748 544
749 524
750 267
751 27
752 412
753 734
754 630
755 533
756 642
757 976
758 79
759 890
760 990
761 654
762 218
763 517
764 93
765 520
766 1089
767 275
768 252
769 1024
770 17
771 1051
772 465
773 201
774 213
775 189
776 558
777 277
778 393
779 796
780 1091
781 947
782 1118
783 581
784 936
785 1075
786 425
787 149
788 803
789 643
790 52
791 317
792 823
793 205
794 588
795 441
796 303
797 45
798 1108
799 1086
800 336
801 418
802 849
803 743
804 446
805 943
806 1113
807 984
808 898
809 980
810 523
811 607
812 641
813 824
814 155
815 47
816 399
817 273
818 2
819 461
820 151
821 470
822 575
823 371
824 39
825 944
826 120
827 352
828 180
829 367
830 428
831 1130
832 910
833 848
834 645
835 1042
836 973
837 881
838 1097
839 1002
840 736
841 437
842 464
843 327
844 302
845 697
846 785
847 906
848 903
849 258
850 488
851 955
852 602
853 591
854 28
855 908
856 135
857 737
858 63
859 1104
860 535
861 566
862 672
863 372
864 353
865 933
866 801
867 230
868 886
869 315
870 888
871 499
872 148
873 861
874 969
875 919
876 421
877 244
878 74
879 1029
880 940
881 179
882 310
883 700
884 683
885 960
886 603
887 340
888 335
889 1083
890 772
891 450
892 624
893 557
894 970
895 1063
896 723
897 250
898 682
899 91
900 36
901 266
902 611
903 527
904 961
905 99
906 18
907 578
908 918
909 58
910 684
911 318
912 899
913 60
914 203
915 25
916 546
917 171
918 845
919 256
920 651
921 377
922 556
923 297
924 320
925 652
926 321
927 65
928 378
929 147
930 838
931 625
932 690
933 249
934 1100
935 463
936 717
937 211
938 134
939 584
940 417
941 228
942 170
943 1020
944 560
945 951
946 854
947 825
948 126
949 532
950 612
951 950
952 922
953 561
954 199
955 368
956 1026
957 876
958 1085
959 644
960 979
961 1025
962 626
963 292
964 509
965 927
966 869
967 466
968 127
969 72
970 364
971 667
972 411
973 263
974 50
975 385
976 570
977 616
978 100
979 818
980 1087
981 766
982 84
983 992
984 154
985 1070
986 1120
987 432
988 227
989 592
990 768
991 24
992 964
993 69
994 1003
995 373
996 289
997 1028
998 543
999 253
1000 429
1001 133
1002 799
1003 113
1004 431
1005 73
1006 1071
1007 6
1008 355
1009 435
1010 190
1011 243
1012 111
1013 764
1014 176
1015 1107
1016 426
1017 676
1018 962
1019 512
1020 820
1021 86
1022 538
1023 474
1024 37
1025 728
1026 857
1027 41
1028 742
1029 515
1030 301
1031 567
1032 599
1033 369
1034 1127
1035 337
1036 989
1037 851
1038 119
1039 219
1040 132
1041 1048
1042 791
1043 166
1044 670
1045 469
1046 239
1047 729
1048 282
1049 309
1050 370
1051 146
1052 198
1053 420
1054 498
1055 934
1056 94
1057 1046
1058 867
1059 710
1060 290
1061 1114
1062 907
1063 744
1064 663
1065 925
1066 232
1067 214
1068 711
1069 1017
1070 1096
1071 552
1072 184
1073 675
1074 220
1075 806
1076 873
1077 622
1078 740
1079 959
1080 164
1081 169
1082 941
1083 946
1084 677
1085 763
1086 522
1087 601
1088 716
1089 1123
1090 1013
1091 462
1092 414
1093 168
1094 811
1095 813
1096 504
1097 855
1098 422
1099 521
1100 1090
1101 582
1102 489
1103 948
1104 913
1105 271
1106 821
1107 1093
1108 694
1109 972
1110 618
1111 706
1112 67
1113 357
1114 314
1115 158
1116 1059
1117 76
1118 381
1119 586
1120 107
1121 536
1122 490
1123 752
1124 85
1125 281
1126 662
1127 392
1128 508
1129 782
1130 547
1131 8
1132 449
