0 539
1 862
2 21
3 438
4 208
5 664
6 1080
7 55
8 167
9 425
10 771
11 171
12 283
13 678
14 890
15 261
16 679
17 406
18 565
19 738
20 98
21 1088
22 832
23 714
24 811
25 404
26 64
27 1110
28 1053
29 629
30 372
31 228
32 282
33 157
34 86
35 1121
36 633
37 304
38 450
39 504
40 234
41 887
42 1071
43 41
44 1124
45 289
46 1020
47 324
48 547
49 924
50 557
51 483
52 1004
53 602
54 273
55 1044
56 1123
57 646
58 378
59 961
60 713
61 54
62 84
63 164
64 124
65 624
66 770
67 0
68 29
69 72
70 511
71 599
72 940
73 159
74 472
75 983
76 719
77 542
78 920
79 688
80 1024
81 586
82 126
83 1092
84 798
85 785
86 424
87 917
88 389
89 473
90 110
91 1098
92 891
93 1011
94 182
95 584
96 288
97 395
98 392
99 1132
100 361
101 854
102 388
103 1078
104 387
105 797
106 12
107 949
108 895
109 118
110 398
111 374
112 90
113 459
114 264
115 1003
116 979
117 113
118 847
119 1049
120 305
121 313
122 331
123 617
124 68
125 752
126 755
127 1095
128 552
129 1063
130 815
131 178
132 239
133 1038
134 162
135 310
136 307
137 654
138 216
139 799
140 535
141 873
142 1115
143 419
144 537
145 248
146 93
147 861
148 251
149 160
150 879
151 443
152 480
153 27
154 829
155 757
156 963
157 384
158 913
159 729
160 660
161 468
162 1111
163 383
164 650
165 620
166 260
167 657
168 828
169 1131
170 299
171 393
172 768
173 87
174 458
175 559
176 256
177 151
178 1000
179 892
180 553
181 463
182 316
183 1008
184 431
185 100
186 536
187 10
188 155
189 1083
190 554
191 337
192 988
193 75
194 766
195 964
196 795
197 311
198 238
199 1017
200 176
201 103
202 1096
203 14
204 196
205 990
206 613
207 534
208 199
209 572
210 198
211 1107
212 691
213 699
214 26
215 813
216 533
217 446
218 850
219 519
220 711
221 954
222 373
223 546
224 352
225 165
226 437
227 942
228 627
229 440
230 1104
231 8
232 95
233 254
234 724
235 880
236 306
237 531
238 863
239 125
240 927
241 177
242 1032
243 1019
244 732
245 717
246 481
247 18
248 672
249 37
250 845
251 303
252 1030
253 517
254 309
255 566
256 17
257 219
258 915
259 881
260 945
261 980
262 956
263 726
264 926
265 776
266 333
267 693
268 258
269 486
270 439
271 499
272 978
273 284
274 405
275 843
276 923
277 1009
278 593
279 1066
280 1099
281 516
282 278
283 653
284 380
285 148
286 860
287 338
288 1061
289 808
290 968
291 89
292 958
293 226
294 805
295 192
296 315
297 545
298 223
299 1079
300 456
301 386
302 432
303 587
304 1116
305 188
306 1021
307 540
308 286
309 16
310 643
311 36
312 802
313 898
314 436
315 342
316 139
317 877
318 498
319 767
320 692
321 38
322 756
323 30
324 896
325 684
326 217
327 744
328 34
329 262
330 82
331 889
332 969
333 596
334 804
335 294
336 753
337 298
338 1126
339 630
340 839
341 544
342 541
343 628
344 548
345 944
346 69
347 302
348 19
349 317
350 430
351 1052
352 569
353 718
354 122
355 448
356 115
357 725
358 588
359 104
360 61
361 878
362 570
363 449
364 780
365 1055
366 1068
367 1094
368 1118
369 789
370 1089
371 856
372 23
373 523
374 622
375 848
376 60
377 403
378 518
379 912
380 243
381 158
382 464
383 765
384 493
385 976
386 346
387 475
388 1082
389 434
390 321
391 466
392 490
393 206
394 897
395 106
396 495
397 834
398 746
399 524
400 760
401 350
402 686
403 414
404 1042
405 965
406 1046
407 986
408 191
409 639
410 790
411 835
412 985
413 349
414 236
415 44
416 582
417 867
418 1130
419 120
420 605
421 704
422 382
423 77
424 66
425 210
426 840
427 689
428 1062
429 484
430 91
431 1051
432 827
433 555
434 1073
435 276
436 656
437 952
438 884
439 397
440 638
441 453
442 1014
443 354
444 1002
445 513
446 348
447 974
448 905
449 916
450 682
451 972
452 669
453 1054
454 955
455 962
456 59
457 645
458 42
459 739
460 745
461 1050
462 844
463 943
464 857
465 911
466 421
467 710
468 52
469 816
470 1043
471 429
472 442
473 1037
474 363
475 621
476 831
477 677
478 50
479 20
480 1001
481 959
482 174
483 700
484 1013
485 675
486 168
487 788
488 611
489 631
490 939
491 919
492 957
493 558
494 823
495 187
496 269
497 88
498 1069
499 521
500 858
501 109
502 426
503 190
504 186
505 615
506 40
507 667
508 999
509 921
510 255
511 737
512 1016
513 819
514 571
515 1056
516 454
517 1105
518 561
519 994
520 49
521 334
522 326
523 280
524 71
525 116
526 761
527 330
528 332
529 528
530 740
531 78
532 1005
533 522
534 166
535 371
536 394
537 1023
538 984
539 515
540 327
541 635
542 46
543 812
544 900
545 1026
546 563
547 1012
548 48
549 782
550 505
551 735
552 492
553 355
554 325
555 870
556 503
557 1114
558 977
559 221
560 143
561 872
562 904
563 285
564 736
565 663
566 136
567 101
568 992
569 253
570 1093
571 246
572 204
573 1033
574 123
575 583
576 368
577 792
578 603
579 893
580 820
581 205
582 129
583 772
584 783
585 31
586 709
587 715
588 408
589 610
590 245
591 1058
592 567
593 722
594 665
595 841
596 1101
597 455
598 4
599 201
600 1025
601 340
602 80
603 987
604 477
605 32
606 648
607 409
608 385
609 1060
610 998
611 300
612 1108
613 485
614 175
615 502
616 1106
617 214
618 179
619 601
620 231
621 1018
622 390
623 270
624 195
625 733
626 336
627 237
628 506
629 591
630 779
631 94
632 271
633 173
634 701
635 227
636 322
637 1040
638 685
639 287
640 351
641 1015
642 807
643 92
644 661
645 465
646 96
647 883
648 742
649 751
650 131
651 1076
652 181
653 775
654 375
655 842
656 634
657 640
658 7
659 344
660 33
661 462
662 153
663 690
664 852
665 428
666 973
667 81
668 625
669 1091
670 105
671 930
672 1
673 659
674 211
675 370
676 418
677 250
678 193
679 838
680 274
681 197
682 119
683 882
684 951
685 981
686 549
687 163
688 851
689 619
690 56
691 489
692 447
693 791
694 703
695 359
696 652
697 697
698 520
699 946
700 550
701 156
702 530
703 263
704 470
705 266
706 1085
707 1075
708 460
709 777
710 793
711 910
712 1007
713 417
714 295
715 232
716 800
717 784
718 787
719 172
720 117
721 907
722 543
723 1041
724 902
725 716
726 562
727 63
728 2
729 275
730 357
731 764
732 501
733 1048
734 810
735 859
736 604
737 65
738 218
739 209
740 318
741 1086
742 743
743 585
744 291
745 6
746 762
747 573
748 140
749 590
750 445
751 876
752 1028
753 658
754 809
755 230
756 259
757 215
758 731
759 720
760 727
761 1113
762 864
763 671
764 127
765 328
766 268
767 319
768 220
769 58
770 931
771 272
772 651
773 674
774 203
775 769
776 623
777 577
778 45
779 441
780 937
781 1097
782 381
783 479
784 202
785 1039
786 564
787 150
788 933
789 901
790 606
791 551
792 1120
793 111
794 568
795 229
796 560
797 297
798 967
799 991
800 869
801 112
802 200
803 871
804 579
805 695
806 1065
807 24
808 353
809 578
810 11
811 683
812 993
813 471
814 290
815 616
816 212
817 814
818 644
819 574
820 134
821 1027
822 1128
823 886
824 706
825 637
826 476
827 1047
828 451
829 411
830 824
831 320
832 846
833 1072
834 366
835 415
836 1045
837 53
838 589
839 76
840 1112
841 822
842 444
843 763
844 410
845 67
846 836
847 866
848 975
849 277
850 180
851 170
852 242
853 932
854 5
855 74
856 778
857 996
858 1090
859 525
860 818
861 376
862 369
863 161
864 741
865 1029
866 130
867 655
868 108
869 708
870 225
871 668
872 339
873 413
874 971
875 712
876 9
877 532
878 39
879 875
880 696
881 830
882 488
883 825
884 1125
885 85
886 1057
887 51
888 642
889 423
890 1035
891 676
892 512
893 507
894 950
895 723
896 189
897 909
898 62
899 207
900 365
901 598
902 482
903 666
904 183
905 491
906 184
907 1034
908 614
909 222
910 487
911 680
912 461
913 935
914 868
915 806
916 989
917 185
918 647
919 452
920 649
921 874
922 702
923 509
924 527
925 474
926 1129
927 966
928 362
929 970
930 1127
931 252
932 641
933 510
934 721
935 3
936 632
937 936
938 147
939 114
940 83
941 347
942 194
943 323
944 929
945 948
946 308
947 1087
948 433
949 377
950 97
951 257
952 249
953 865
954 786
955 612
956 1070
957 391
958 335
959 803
960 734
961 13
962 467
963 1103
964 360
965 1084
966 43
967 169
968 941
969 235
970 899
971 538
972 754
973 894
974 247
975 79
976 329
977 141
978 581
979 938
980 982
981 400
982 107
983 918
984 1117
985 396
986 925
987 70
988 132
989 497
990 1081
991 367
992 1074
993 496
994 265
995 670
996 774
997 281
998 1006
999 1031
1000 773
1001 597
1002 1022
1003 244
1004 826
1005 928
1006 576
1007 748
1008 149
1009 618
1010 402
1011 121
1012 22
1013 138
1014 903
1015 687
1016 416
1017 698
1018 314
1019 707
1020 152
1021 908
1022 960
1023 146
1024 241
1025 420
1026 796
1027 821
1028 457
1029 694
1030 267
1031 293
1032 1100
1033 607
1034 240
1035 47
1036 279
1037 1077
1038 508
1039 600
1040 1102
1041 817
1042 922
1043 401
1044 1119
1045 595
1046 102
1047 953
1048 914
1049 529
1050 435
1051 422
1052 292
1053 514
1054 345
1055 1036
1056 662
1057 128
1058 681
1059 28
1060 137
1061 224
1062 705
1063 312
1064 580
1065 154
1066 995
1067 906
1068 781
1069 145
1070 556
1071 1059
1072 759
1073 730
1074 343
1075 15
1076 1010
1077 849
1078 526
1079 728
1080 947
1081 758
1082 626
1083 427
1084 296
1085 379
1086 855
1087 494
1088 801
1089 1109
1090 213
1091 750
1092 885
1093 142
1094 478
1095 73
1096 833
1097 749
1098 794
1099 358
1100 934
1101 747
1102 57
1103 469
1104 888
1105 1064
1106 1122
1107 99
1108 500
1109 364
1110 673
1111 609
1112 592
1113 356
1114 399
1115 133
1116 837
1117 412
1118 608
1119 594
1120 853
1121 135
1122 25
1123 997
1124 636
1125 575
1126 341
1127 1067
1128 301
1129 233
1130 407
1131 35
1132 144
