770 486
770 20
770 769
770 882
770 481
770 744
770 106
770 355
770 926
770 6
770 593
770 67
770 0
770 496
770 143
770 472
770 547
770 1081
770 952
770 145
770 1075
770 514
770 806
770 428
770 73
770 654
770 830
770 345
770 113
770 703
486 20
486 769
486 481
486 744
486 106
486 355
486 926
486 6
486 67
486 143
486 547
486 1081
486 952
486 1075
486 806
486 864
486 684
486 559
486 93
486 1074
486 760
486 186
20 769
20 481
20 744
20 106
20 355
20 6
20 593
20 67
20 143
20 547
20 1081
20 952
20 145
20 1075
20 514
20 654
20 830
20 559
20 226
20 736
20 573
20 1126
20 495
20 214
20 1017
20 826
20 155
20 532
20 1037
20 215
20 728
20 549
20 1071
20 86
20 1089
20 308
769 6
769 1075
769 826
769 441
769 157
769 906
769 90
769 839
769 740
769 956
769 349
769 540
769 2
769 978
769 234
769 465
769 431
769 718
769 626
882 481
882 67
882 785
882 816
882 818
882 470
882 902
882 748
882 313
481 744
481 106
481 67
481 143
481 547
481 1075
481 654
481 830
481 559
481 201
481 619
481 71
481 900
481 713
481 129
481 206
481 501
744 355
744 926
744 67
744 496
744 143
744 1081
744 1075
744 830
744 470
744 1106
744 395
744 98
744 360
744 609
744 169
744 147
744 822
744 898
744 927
744 170
744 946
744 1107
106 1075
106 830
106 745
106 1119
355 926
355 67
355 143
355 145
355 1075
355 806
355 113
355 573
355 548
355 627
355 500
355 1103
355 1079
926 143
926 806
926 113
926 559
926 431
926 883
926 326
926 865
926 473
926 666
926 876
926 1057
926 979
926 341
926 191
926 451
926 610
926 30
926 787
926 432
926 63
926 650
926 490
926 304
926 295
926 1014
926 96
926 387
6 547
6 1081
6 952
6 1075
6 428
6 654
6 1017
6 785
6 491
6 193
6 924
6 454
6 50
6 133
6 668
6 122
593 713
593 648
593 710
593 719
593 974
593 1015
593 434
593 243
593 267
593 869
593 273
593 798
593 331
593 855
593 164
593 568
67 0
67 143
67 547
67 1075
67 806
67 830
67 1017
67 465
67 470
67 1103
67 568
67 827
67 362
67 675
67 705
67 156
67 1123
67 97
0 496
0 143
0 806
0 684
0 559
0 201
0 1079
0 865
0 666
0 63
0 650
0 133
0 711
0 33
0 448
0 1067
0 397
0 1116
0 483
0 400
0 1049
0 231
0 663
0 163
0 886
0 982
0 208
0 928
0 493
0 808
0 280
0 1080
0 1098
0 1056
496 514
496 684
496 559
496 470
496 169
496 650
496 400
496 136
496 105
496 248
496 445
496 458
496 1009
496 1013
496 151
496 176
143 806
143 113
143 684
143 559
143 308
143 902
143 500
143 883
143 63
143 295
143 96
143 849
143 702
143 112
143 1023
143 250
143 1128
143 180
143 1042
143 219
143 256
143 973
143 709
143 527
143 352
143 45
143 404
143 140
143 1130
143 817
143 530
143 229
143 54
143 119
143 1019
143 405
143 1051
143 819
143 850
143 506
143 361
143 426
472 806
472 559
472 979
472 715
472 971
472 249
547 1081
547 145
547 1075
547 514
547 428
547 73
547 654
547 186
547 226
547 712
547 190
547 835
1081 952
1081 654
1081 186
1081 573
1081 431
1081 71
1081 206
1081 30
1081 668
1081 445
1081 450
1081 1044
1081 565
1081 440
1081 380
1081 102
1081 1038
1081 197
1081 127
1081 727
1081 901
1081 783
952 1075
952 573
952 495
952 215
952 619
952 1103
952 835
952 380
952 425
952 372
952 376
952 162
145 514
145 428
145 226
145 736
145 573
145 826
145 155
145 215
145 86
145 1089
145 906
145 360
145 548
145 627
145 500
145 1079
145 705
145 45
145 817
145 119
145 715
145 901
145 1026
145 141
145 809
145 941
145 173
145 520
145 676
145 392
145 961
145 722
145 353
145 9
145 717
145 757
145 81
145 685
1075 654
1075 864
1075 186
514 428
514 186
514 226
514 1126
514 495
514 214
514 1017
514 826
514 215
514 86
514 201
514 927
514 454
514 50
514 1015
514 1056
514 250
514 709
514 190
514 1044
514 783
514 141
514 722
514 272
514 889
514 694
514 171
514 638
514 47
514 546
514 805
514 11
514 660
514 542
514 300
514 776
514 409
514 1062
514 701
514 289
514 269
514 38
514 1059
514 647
514 1087
806 113
806 684
806 559
806 157
806 431
806 883
806 326
806 865
806 666
806 979
806 341
806 610
806 30
806 787
806 650
806 483
806 400
806 982
806 928
806 1056
806 621
806 296
806 14
806 582
806 756
806 324
806 734
806 314
806 77
806 1121
806 275
806 837
806 65
428 73
428 226
428 90
428 740
428 304
428 727
428 171
428 509
428 1048
428 99
428 88
428 531
428 636
654 186
654 431
654 206
654 822
654 445
654 1044
654 440
654 1038
654 727
654 409
654 325
654 13
654 534
654 699
830 559
830 1056
830 380
830 269
830 268
830 804
345 869
345 498
345 433
345 844
345 364
345 779
345 291
345 557
113 559
113 1037
113 808
113 112
113 250
113 219
113 256
113 530
113 819
113 316
113 976
113 820
113 1063
113 543
113 651
113 87
113 940
113 1069
113 32
113 410
113 121
703 1017
703 86
703 627
703 705
703 973
703 425
703 1026
703 676
703 757
703 480
703 537
703 539
703 223
703 575
703 1076
703 1120
703 1093
703 790
703 227
703 919
703 437
864 24
684 559
684 30
684 1049
559 1089
559 431
559 883
559 1056
559 268
559 995
559 880
186 728
186 565
186 380
186 127
186 425
186 220
186 11
186 409
186 537
186 1110
186 519
186 29
186 317
186 894
186 126
186 824
186 914
186 922
186 91
226 573
226 1126
226 495
226 1017
226 826
226 215
226 549
226 500
226 1079
226 190
226 783
226 1026
226 141
226 520
226 171
226 364
226 779
226 223
226 873
226 771
226 423
226 887
226 322
736 1126
736 826
736 155
736 1037
736 86
736 1089
736 308
736 157
736 500
736 705
736 709
736 546
736 77
736 1093
736 873
736 771
736 983
736 5
736 178
736 700
736 375
736 80
736 1025
736 616
573 826
573 155
573 532
573 215
573 728
573 86
573 740
573 501
573 147
573 548
573 1103
573 454
573 50
573 176
573 112
573 817
573 1038
573 727
573 1026
573 141
573 809
573 520
573 81
573 272
573 11
573 223
573 1076
573 91
573 873
573 771
573 322
573 758
573 200
573 1016
573 69
573 302
573 1102
573 196
573 571
573 566
573 888
573 18
1126 214
1126 1017
1126 215
1126 713
1126 627
1126 500
1126 454
1126 705
1126 1026
1126 660
1126 636
1126 779
1126 223
1126 575
1126 1120
1126 790
1126 227
1126 873
1126 771
1126 423
1126 302
1126 416
1126 138
1126 142
1126 396
1126 306
1126 986
1126 192
1126 912
1126 459
1126 677
1126 967
1126 738
1126 216
1126 103
1126 1003
1126 265
1126 681
1126 862
1126 357
1126 594
1126 144
1126 28
1126 477
1126 264
1126 690
1126 27
495 826
495 1044
495 783
495 805
495 1059
495 1088
214 549
214 50
214 223
214 24
214 306
214 912
214 44
214 720
214 561
214 985
214 246
214 276
214 662
214 589
214 365
1017 215
1017 86
1017 785
1017 924
1017 176
1017 190
1017 676
1017 757
1017 575
1017 126
1017 771
1017 700
1017 144
1017 981
1017 893
1017 999
1017 160
1017 679
1017 436
1017 768
1017 210
1017 726
1017 781
1017 652
826 532
826 549
826 441
826 157
826 906
826 740
826 349
826 2
826 234
826 465
826 718
826 626
826 619
826 425
826 141
826 1059
826 914
826 873
826 1102
826 144
826 365
826 237
826 94
826 591
826 823
826 754
826 741
826 774
155 627
155 790
155 552
532 837
532 223
532 616
532 1039
1037 86
1037 1089
1037 308
1037 470
1037 313
1037 609
1037 500
1037 341
1037 1014
1037 248
1037 256
1037 973
1037 45
1037 54
1037 425
1037 805
1037 776
1037 77
1037 636
1037 316
1037 543
1037 651
1037 1069
1037 410
1037 121
1037 1110
1037 178
1037 375
1037 738
1037 271
1037 56
1037 780
1037 724
1037 1105
1037 767
1037 53
1037 42
215 549
215 619
215 176
215 835
215 425
215 1026
215 757
215 660
215 779
215 940
215 575
215 227
215 873
215 616
215 758
215 27
215 1068
215 551
728 86
728 308
728 500
728 9
728 805
728 68
728 227
728 437
728 91
728 873
728 1025
728 758
728 866
728 721
728 657
728 247
728 877
728 161
728 287
549 619
549 1014
549 924
549 50
549 267
549 705
549 1056
549 835
549 425
549 941
549 220
549 805
549 14
549 557
549 575
549 1120
549 437
549 914
549 700
549 80
549 616
549 264
549 589
549 108
549 879
549 653
549 560
549 921
549 1043
549 189
549 1115
549 333
549 590
1071 626
86 470
86 501
86 650
86 136
86 248
86 458
86 1013
86 176
86 546
86 557
86 480
86 539
86 575
86 29
86 873
86 416
86 653
86 1097
86 158
86 755
86 474
86 1060
1089 308
1089 500
1089 1014
1089 256
1089 757
1089 316
1089 940
1089 5
1089 618
1089 524
308 902
308 500
308 1014
308 924
308 112
308 250
308 256
308 973
308 404
308 817
308 229
308 54
308 119
308 676
308 756
308 77
308 410
308 223
308 1120
308 5
308 1028
308 738
308 103
308 780
308 294
308 420
308 240
308 581
308 799
441 157
441 906
441 740
441 349
441 540
441 2
441 465
441 626
441 565
441 1059
441 1102
441 436
441 237
441 1035
441 442
441 455
441 764
441 222
441 340
441 831
441 1002
441 990
441 59
441 1046
441 62
441 704
157 906
157 740
157 349
157 2
157 978
157 465
157 626
157 1079
157 666
157 650
157 849
157 45
157 722
157 1059
157 296
157 914
157 1102
157 1003
157 237
157 1105
157 1112
157 852
157 861
157 613
157 1108
157 661
157 1021
157 1036
906 740
906 349
906 2
906 465
906 718
906 626
906 353
906 1059
906 237
906 754
906 742
906 82
906 412
906 58
90 1046
839 349
839 234
839 193
839 162
839 294
839 1046
839 691
839 478
839 891
740 956
740 349
740 2
740 978
740 718
740 626
740 710
740 243
740 331
740 248
740 709
740 47
740 24
740 69
740 1102
740 442
740 217
740 312
740 319
956 718
956 331
956 94
956 442
956 644
956 592
956 1018
956 1058
349 540
349 234
349 465
349 98
349 1059
349 990
349 1046
349 644
349 931
540 234
540 98
540 1059
540 754
540 1035
540 442
540 455
540 831
540 990
540 1046
540 931
540 671
540 34
540 1082
540 665
2 465
2 718
2 626
2 1059
2 557
2 758
2 237
2 965
978 727
978 1059
978 296
978 754
978 1046
978 861
978 613
978 466
978 195
978 759
978 383
234 465
234 98
234 1059
234 1102
234 754
234 294
234 1046
234 691
234 931
234 671
234 845
465 626
465 98
465 850
465 126
465 700
465 237
465 774
465 551
465 474
465 691
465 644
465 1058
465 1054
465 1008
465 778
465 199
465 907
465 670
465 512
465 100
465 515
431 71
431 883
431 191
431 1049
431 231
431 1056
431 380
431 901
431 269
431 537
431 771
431 551
431 1108
431 1036
431 104
431 241
431 354
718 454
718 380
718 94
718 823
718 1018
718 671
718 16
626 710
626 546
626 1059
626 621
626 919
626 914
626 91
626 423
626 200
626 1102
626 862
626 726
626 237
626 560
626 691
626 592
626 931
626 671
626 569
626 198
626 550
626 604
626 225
626 350
626 31
626 368
626 75
785 395
785 924
785 81
785 11
785 566
785 416
785 589
785 436
785 210
785 657
785 1060
785 100
785 890
785 1052
785 897
785 336
785 19
816 745
816 1014
816 454
816 445
816 112
816 250
816 45
816 380
816 220
816 14
816 474
816 312
816 319
816 649
816 714
816 664
816 1125
816 948
816 453
816 857
818 273
818 164
818 47
818 873
818 618
818 232
818 599
818 499
818 633
818 936
818 696
470 201
470 713
470 500
470 191
470 610
470 650
470 869
470 331
470 136
470 248
470 445
470 458
470 1013
470 151
470 380
470 47
470 805
470 557
470 24
470 922
470 862
470 474
470 1060
470 948
470 419
470 962
470 743
470 92
470 184
470 72
470 181
470 631
470 763
470 642
470 834
470 925
902 869
902 250
902 87
902 436
902 288
748 876
748 30
748 787
748 711
748 33
748 1098
748 136
748 1128
748 575
748 183
313 500
313 1014
313 924
313 133
313 256
313 651
313 1093
313 28
313 224
313 510
201 129
201 500
201 341
201 30
201 295
201 711
201 928
201 105
201 112
201 805
201 776
201 178
201 28
201 477
201 510
201 911
201 244
201 735
201 282
201 996
201 825
201 1085
619 147
619 454
619 362
619 527
619 835
619 425
619 376
619 81
619 268
619 575
619 1088
619 108
619 653
619 333
619 453
619 343
619 285
619 338
619 658
71 147
71 876
71 928
71 1080
71 1056
71 256
71 380
71 102
71 127
71 805
71 409
71 701
71 88
71 534
71 142
71 1088
71 333
71 845
71 658
71 903
900 1015
900 901
900 376
900 677
900 149
713 710
713 719
713 1015
713 267
713 331
713 164
713 568
713 223
713 873
713 925
713 640
129 1014
129 387
129 702
129 180
129 352
129 229
129 1019
129 850
129 426
129 734
129 410
129 121
129 594
129 477
129 759
129 257
129 48
129 998
129 801
129 369
206 147
206 822
206 380
206 416
206 823
206 653
206 800
206 233
501 454
501 136
501 72
1106 609
1106 702
1106 180
1106 527
1106 850
1106 757
1106 759
1106 998
1106 311
1106 488
1106 772
395 169
395 653
395 158
395 749
395 859
395 159
98 1059
98 621
98 862
98 237
98 94
98 754
98 1046
98 592
98 931
98 859
98 159
98 494
98 1007
98 707
98 236
98 958
98 847
360 380
360 353
360 805
360 200
360 551
360 415
360 729
360 424
360 418
360 154
609 705
609 256
609 757
609 1087
609 288
609 4
609 1010
609 438
609 678
169 451
169 1013
169 176
169 653
169 755
169 749
169 859
169 984
169 525
169 811
169 875
169 913
169 1072
169 674
169 586
169 413
147 946
147 491
147 668
147 565
147 380
147 127
147 425
147 638
147 914
147 566
147 1043
147 181
147 800
147 233
147 1007
147 833
147 867
147 293
147 83
822 653
822 293
898 1107
898 566
898 1043
898 847
898 729
898 39
170 233
170 674
170 784
170 394
946 50
946 1013
946 749
1107 233
745 1014
745 193
745 250
745 171
745 660
745 27
745 618
745 453
745 996
745 421
745 1113
1119 919
1119 1016
548 141
548 418
548 687
627 500
627 1014
627 50
627 827
627 256
627 819
627 410
627 575
627 27
627 478
627 207
500 341
500 1014
500 96
500 136
500 250
500 180
500 219
500 256
500 973
500 709
500 527
500 352
500 45
500 817
500 54
500 119
500 405
500 1051
500 819
500 190
500 197
500 676
500 757
500 776
500 1087
500 734
500 699
500 543
500 539
500 575
500 1120
500 178
500 416
500 738
500 28
500 365
500 436
500 780
500 1105
500 721
500 618
500 240
500 217
500 897
500 911
500 369
500 829
500 753
500 937
500 622
500 381
500 17
500 563
500 856
500 601
500 177
1103 454
1103 668
1103 546
1103 919
1103 322
1103 216
1103 981
1103 652
1103 108
1103 189
1103 1060
1103 225
1103 658
1103 284
1103 57
1103 204
1103 598
1103 179
1103 484
1103 955
1103 669
1103 1124
1103 379
1103 1011
1103 672
1103 577
1103 482
1079 1014
1079 1056
1079 250
1079 219
1079 45
1079 1051
1079 392
1079 889
1079 51
1079 521
1079 128
883 30
883 837
865 191
865 610
865 650
865 1056
865 354
865 631
865 382
666 1057
666 30
666 448
666 397
666 483
666 400
666 231
666 280
666 1098
666 660
666 269
666 575
666 771
666 1020
666 342
876 30
876 650
876 454
876 33
876 448
876 400
876 928
876 1098
876 354
876 689
1057 191
1057 280
1057 631
1057 382
979 971
979 249
979 722
979 14
979 616
979 653
979 128
979 813
979 580
979 374
341 295
341 1014
341 112
341 180
341 256
341 527
341 352
341 45
341 817
341 54
341 119
341 1019
341 805
341 776
341 756
341 13
341 699
341 1110
341 738
341 271
341 1105
341 721
341 618
341 294
341 48
341 753
341 659
341 528
341 828
341 603
341 384
341 139
341 1090
191 610
191 30
191 650
191 924
191 50
191 711
191 483
191 248
191 354
191 631
191 1040
451 352
451 53
451 524
451 195
451 413
451 347
451 991
610 650
610 1049
610 631
610 382
30 711
30 448
30 397
30 1116
30 400
30 1049
30 231
30 163
30 982
30 928
30 808
30 280
30 1098
30 1056
30 380
30 65
30 223
30 354
30 962
30 631
30 382
30 997
787 448
787 397
787 400
787 1049
787 163
787 982
787 808
787 962
432 14
432 324
432 480
432 539
432 771
432 823
432 890
432 897
432 497
432 463
432 920
432 860
650 928
650 136
650 857
650 631
650 969
650 274
490 668
490 1056
490 722
490 14
490 480
490 616
490 823
490 507
490 444
490 359
304 991
295 1042
295 140
295 850
295 776
295 721
295 998
295 563
295 659
295 856
295 1104
295 944
1014 668
1014 1056
1014 112
1014 250
1014 256
1014 45
1014 404
1014 1051
1014 565
1014 376
1014 776
1014 756
1014 77
1014 636
1014 13
1014 543
1014 940
1014 1069
1014 823
1014 271
1014 1105
1014 139
1014 427
96 219
96 316
96 829
96 937
387 112
387 352
387 410
387 477
387 780
387 618
387 689
387 1033
387 461
491 454
491 50
491 668
491 362
491 102
491 65
491 537
491 333
491 831
491 550
491 343
491 415
491 418
491 828
491 435
491 35
491 634
491 934
491 682
193 162
193 757
193 364
193 539
193 294
193 478
193 336
193 1010
193 1113
924 454
924 54
924 102
924 1059
924 721
924 1035
924 92
454 50
454 710
454 362
454 190
454 783
454 220
454 779
454 227
454 914
454 758
454 302
454 888
454 160
454 866
454 247
454 831
454 704
454 343
454 285
454 707
454 274
454 600
454 949
454 403
454 629
454 597
50 273
50 362
50 105
50 250
50 190
50 433
50 223
50 437
50 616
50 459
50 265
50 357
50 741
50 1043
50 1060
50 340
50 312
50 199
50 897
50 181
50 285
50 233
50 1007
50 444
50 388
50 1034
50 328
50 452
50 529
50 1096
133 54
133 531
133 364
133 16
133 92
133 224
133 729
133 1040
133 230
133 202
133 399
668 122
668 1056
668 119
668 1044
668 380
668 727
668 901
668 376
668 805
668 543
668 223
668 700
668 566
668 589
668 436
668 1068
668 108
668 653
668 1115
668 845
668 453
668 343
668 658
668 1011
668 1034
122 1044
122 783
648 267
648 869
710 974
710 1015
710 243
710 267
710 869
710 273
710 798
710 331
710 164
710 47
710 1048
710 99
710 844
710 364
710 779
710 480
710 223
710 575
710 126
710 873
710 862
710 312
710 319
710 925
710 856
710 553
710 377
710 292
719 974
719 267
719 164
719 873
719 562
719 970
974 1015
974 267
974 869
974 273
974 331
974 164
974 364
974 223
974 873
974 771
974 27
974 1068
974 312
974 911
974 640
974 856
974 970
974 874
1015 267
1015 869
1015 901
1015 1062
1015 1048
1015 223
1015 142
1015 862
1015 246
1015 276
1015 589
1015 312
1015 149
1015 640
1015 83
1015 970
1015 930
1015 1
1015 443
1015 1027
1015 853
1015 945
1015 327
434 1028
434 459
434 232
434 633
434 583
434 337
434 938
243 267
243 331
243 164
243 248
243 127
243 425
243 47
243 539
243 873
243 69
243 302
243 893
243 925
243 46
243 111
267 869
267 273
267 798
267 331
267 164
267 248
267 450
267 901
267 557
267 223
267 873
267 700
267 69
267 591
267 319
267 925
267 508
869 331
869 164
869 136
869 901
869 779
869 873
869 862
869 592
869 925
869 553
869 606
869 78
273 164
273 45
273 1028
273 416
273 925
273 562
798 331
798 164
798 248
798 47
798 69
798 319
798 925
798 507
798 377
798 508
331 164
331 136
331 425
331 376
331 873
331 27
331 31
331 925
331 911
855 425
164 248
164 376
164 47
164 99
164 69
164 599
164 633
164 925
164 970
164 46
164 508
164 78
164 1065
164 786
164 617
568 423
568 862
568 662
568 149
568 640
568 841
568 588
568 1077
568 85
568 522
568 572
827 819
362 127
362 1110
362 29
362 700
362 571
362 888
362 416
362 981
362 160
362 866
362 343
362 285
362 828
675 546
675 805
675 1011
675 463
675 634
705 141
705 223
705 575
705 1120
705 786
705 36
156 136
156 216
156 681
156 856
156 379
156 885
156 286
156 872
156 708
156 838
156 567
1123 1039
1123 60
97 153
97 910
97 212
711 136
711 248
711 151
711 1085
33 928
33 250
33 1128
33 180
33 65
33 410
33 477
33 1085
33 461
448 651
448 914
448 852
448 83
448 697
1067 397
1067 483
1067 400
1067 886
1067 660
1067 651
397 1116
397 483
397 400
397 163
397 982
397 901
397 65
397 962
1116 400
1116 808
1116 1056
1116 178
1116 1108
483 127
483 354
400 127
400 651
400 354
400 962
400 274
231 861
663 478
663 1085
163 65
163 962
928 1098
928 1056
928 250
928 1128
928 180
928 506
928 410
928 738
928 1085
928 262
493 1056
493 1085
808 162
280 269
280 382
1098 1128
1098 779
1098 1110
1098 649
1056 565
1056 102
1056 127
1056 425
1056 701
1056 14
1056 314
1056 837
1056 354
1056 962
1056 255
1056 476
136 248
136 458
136 1013
136 151
136 176
136 24
136 983
136 616
136 142
136 986
136 1003
136 664
136 184
136 72
136 749
136 159
136 913
136 435
136 1096
136 874
136 1
136 132
136 239
136 398
105 248
105 1013
105 176
105 45
105 805
105 834
105 244
248 151
248 47
248 99
248 480
248 539
248 873
248 1028
248 69
248 967
248 893
248 633
248 631
248 925
248 911
248 111
248 617
248 892
445 365
445 823
445 649
445 735
445 859
445 1113
445 687
445 1034
445 320
458 862
458 474
458 72
458 903
1009 560
1009 1060
1009 419
1009 911
1009 658
1009 204
1009 1124
1009 672
1009 61
1009 905
1009 511
1009 810
1013 176
1013 653
1013 158
1013 911
1013 749
1013 525
1013 811
1013 1041
1013 793
151 184
151 72
151 925
176 557
176 653
176 158
176 525
849 45
849 971
849 941
849 582
849 87
849 721
849 217
849 1033
849 896
849 3
702 250
702 527
702 229
702 1019
702 850
702 426
702 121
702 178
702 375
702 477
702 721
702 759
702 257
702 998
702 311
702 488
702 772
702 896
112 250
112 527
112 817
112 889
112 77
112 316
112 1069
112 178
112 738
112 28
112 1105
112 856
112 600
112 110
1023 722
1023 852
1023 342
1023 374
1023 359
1023 993
250 1128
250 256
250 527
250 404
250 817
250 229
250 119
250 819
250 506
250 127
250 889
250 805
250 776
250 756
250 316
250 410
250 575
250 178
250 1028
250 738
250 1105
250 721
250 240
250 581
250 311
250 603
250 274
250 1104
250 110
250 259
250 807
250 120
1128 527
1128 229
1128 506
1128 756
1128 410
1128 738
1128 807
1128 846
180 527
180 352
180 45
180 404
180 229
180 1019
180 850
180 426
180 410
180 477
180 53
180 34
180 1085
180 998
180 413
180 753
180 563
180 1104
180 1033
180 896
180 807
180 535
1042 1019
1042 405
1042 819
1042 361
1042 296
1042 756
1042 375
1042 856
1042 463
1042 930
1042 807
1042 188
1042 117
1042 1031
219 352
219 850
219 757
219 660
219 1087
219 575
219 294
219 897
219 369
219 1010
219 829
219 753
219 937
219 381
219 17
219 563
219 507
219 1132
219 683
256 973
256 45
256 819
256 380
256 717
256 776
256 734
256 77
256 1069
256 1120
256 1093
256 178
256 724
256 601
973 119
973 676
973 717
973 543
973 1120
973 894
973 144
973 799
973 285
709 45
709 889
709 734
709 87
709 223
709 69
709 893
709 217
709 925
709 992
527 352
527 404
527 1130
527 817
527 530
527 54
527 119
527 405
527 1051
527 819
527 380
527 676
527 889
527 542
527 776
527 734
527 121
527 1120
527 178
527 416
527 738
527 724
527 721
527 240
527 217
527 998
527 731
527 836
352 404
352 140
352 817
352 530
352 229
352 1019
352 405
352 1051
352 850
352 426
352 776
352 756
352 734
352 1093
352 738
352 477
352 721
352 998
352 659
352 1033
352 535
352 1078
45 817
45 54
45 119
45 1019
45 426
45 889
45 651
45 410
45 178
45 28
45 1105
45 721
45 1104
404 229
404 54
404 405
404 410
404 1028
404 738
404 581
404 413
404 1033
140 229
140 850
140 776
140 880
140 721
140 618
140 369
140 659
140 1078
1130 1019
1130 819
1130 27
1130 369
817 119
817 380
817 776
817 651
817 178
817 28
817 27
817 652
817 1105
817 721
817 753
817 689
817 528
817 1033
530 229
530 1019
530 850
530 756
530 477
530 911
530 139
530 1033
530 120
530 1078
229 54
229 1019
229 405
229 850
229 426
229 410
229 121
229 477
229 53
229 240
229 936
229 1033
229 1078
229 939
229 109
229 1073
54 1087
54 296
54 699
54 1028
54 1025
54 780
54 240
54 799
54 828
54 939
54 134
54 479
119 376
119 889
119 776
119 77
119 178
119 823
119 724
119 217
119 601
119 920
119 507
1019 405
1019 819
1019 850
1019 361
1019 426
1019 756
1019 375
1019 477
1019 759
1019 257
1019 998
1019 753
1019 1033
1019 807
1019 1031
405 819
405 850
405 361
405 756
405 738
405 1105
405 311
405 753
405 944
405 807
405 1031
405 137
1051 361
1051 376
1051 77
1051 478
1051 897
1051 896
1051 109
819 776
819 1120
819 375
819 1105
819 354
819 911
819 311
819 413
819 207
819 807
819 1070
850 426
850 756
850 477
850 240
850 257
850 801
850 601
850 507
850 1104
850 944
850 1033
850 930
850 731
850 1078
850 632
850 1005
506 738
506 22
361 756
361 375
361 857
361 311
361 563
361 807
361 1031
426 257
426 998
426 617
426 1099
426 378
715 1036
715 649
715 603
715 578
971 771
971 1036
971 580
971 374
971 172
249 172
712 100
190 940
190 758
190 416
190 246
190 759
190 354
190 911
190 614
835 425
835 660
835 779
835 437
835 144
835 27
835 315
450 653
1044 380
1044 901
1044 783
1044 509
1044 1068
1044 424
1044 896
1044 814
565 783
565 376
565 220
565 1076
565 29
565 1127
380 1038
380 727
380 901
380 783
380 376
380 220
380 722
380 1059
380 13
380 534
380 416
380 1105
380 551
380 569
380 343
380 149
380 707
380 83
380 1124
380 507
380 1034
380 358
380 1122
380 310
380 870
380 1131
380 185
102 566
102 277
1038 9
1038 13
1038 981
1038 108
1038 921
1038 189
1038 181
1038 1011
1038 698
127 805
127 13
127 557
127 437
127 771
127 551
127 158
127 217
127 354
127 343
127 875
127 867
127 83
127 634
127 600
127 403
127 932
127 988
127 596
127 607
727 591
727 657
727 879
727 333
727 704
727 1082
727 743
727 597
727 881
727 605
901 376
901 534
901 537
901 1039
901 312
901 149
901 640
901 1122
901 310
901 851
783 941
783 534
783 1088
783 767
783 1068
783 551
783 3
783 43
425 376
425 805
425 557
425 437
425 616
425 103
425 981
425 108
425 921
425 474
425 1035
425 59
425 343
425 658
425 393
372 160
372 911
372 646
376 636
376 223
376 1102
376 862
376 741
376 108
376 312
376 658
376 640
376 83
376 43
376 131
376 430
376 878
162 416
162 294
162 478
162 630
1026 141
1026 941
1026 520
1026 1120
1026 873
141 520
141 700
141 144
141 343
941 539
941 18
941 103
941 1068
941 34
941 857
941 896
941 814
941 84
941 148
173 534
520 392
520 1087
520 616
520 823
520 463
520 634
676 717
676 539
676 575
676 1120
676 436
676 780
676 1109
392 534
392 543
392 552
392 1034
220 757
220 805
220 1076
220 227
220 29
220 343
220 828
220 1127
722 701
722 14
722 575
722 771
722 616
722 852
722 359
722 502
722 538
722 752
722 228
353 805
353 58
353 834
353 729
353 418
353 669
353 230
353 61
353 251
353 792
353 777
9 557
9 873
9 200
9 726
9 189
9 181
9 1124
9 695
9 775
717 894
757 77
757 13
757 575
757 436
757 240
757 51
757 689
81 160
81 189
81 399
81 567
81 954
81 253
272 758
272 888
889 582
889 1105
889 721
889 217
694 657
694 743
694 957
694 209
694 330
171 542
171 1087
171 699
171 641
638 566
638 233
47 99
47 24
47 217
47 232
47 599
47 925
47 388
47 562
47 832
47 579
546 557
546 437
546 873
546 322
546 700
546 80
546 758
546 200
546 681
546 981
546 652
546 108
546 181
546 484
546 669
546 672
546 892
546 475
805 658
805 418
805 35
805 634
805 1034
805 457
805 135
11 914
11 416
11 144
11 343
11 297
11 293
11 1131
11 185
11 131
11 909
11 980
11 152
660 779
660 575
660 771
660 423
660 302
660 103
660 594
660 27
660 1039
660 885
660 502
660 175
660 130
660 391
300 478
300 860
300 541
776 410
776 396
776 738
776 780
776 1105
776 721
776 294
776 48
776 998
776 1104
776 994
409 289
409 91
409 416
409 981
409 287
409 189
409 737
1062 1048
1062 575
1062 677
1062 1003
1062 589
1062 365
1062 189
1062 640
1062 60
1062 175
1062 26
1062 576
701 87
701 359
701 182
68 453
68 743
68 605
68 957
68 209
68 1032
68 917
68 469
68 904
289 302
289 981
289 999
289 287
289 181
289 233
289 204
289 41
269 302
269 103
269 354
269 342
269 359
38 919
1059 237
1059 94
1059 754
1059 551
1059 1046
647 771
647 1036
1087 480
1087 1003
1087 436
1087 823
1087 75
1087 890
1087 640
1087 497
1087 930
1087 853
621 1046
621 691
621 644
621 1018
621 31
296 756
14 275
14 29
14 616
14 852
14 92
14 228
14 706
14 407
14 615
14 884
14 467
14 334
14 299
756 410
756 477
756 1085
756 807
756 120
756 1031
324 771
324 1036
324 128
324 342
324 444
324 359
324 538
324 752
324 765
734 651
734 1093
734 721
734 336
734 257
734 930
77 365
77 535
275 1036
275 615
837 268
837 673
65 53
65 1085
65 461
65 467
65 335
509 823
509 1068
509 149
509 751
509 789
1048 557
1048 223
1048 575
1048 912
1048 967
1048 1003
1048 862
1048 594
1048 985
1048 246
1048 823
1048 741
1048 1039
1048 312
1048 75
1048 1125
1048 642
1048 149
1048 930
1048 1
1048 853
1048 945
1048 60
1048 683
1048 789
1048 585
1048 947
1048 611
1048 221
99 69
99 103
99 365
99 897
99 925
99 920
88 539
88 1002
88 957
88 330
531 358
636 651
636 24
636 138
636 142
636 396
636 306
636 986
636 192
636 912
636 459
636 1003
636 1105
636 618
636 584
636 574
636 456
636 918
636 975
636 803
636 485
636 667
325 480
325 504
13 699
13 268
13 537
13 1003
13 724
13 845
13 528
13 853
534 433
534 463
534 36
534 1091
534 950
534 624
699 271
699 724
699 960
268 919
268 322
268 416
268 652
268 108
268 921
268 189
268 569
268 368
268 664
268 955
268 262
268 277
268 775
268 673
804 589
804 222
498 433
498 844
498 942
498 842
433 844
433 779
433 480
433 950
844 480
844 857
844 130
844 1095
844 812
844 545
844 1050
844 1000
364 291
364 824
364 416
364 357
364 27
364 1043
364 1034
364 328
364 399
364 239
364 1073
364 628
364 840
364 203
779 724
779 189
779 474
779 778
779 512
779 499
779 942
779 972
291 894
291 862
291 1043
291 618
291 415
291 328
291 1073
557 919
557 126
557 873
557 322
557 758
557 416
557 985
557 981
557 1036
557 965
557 354
557 419
557 1011
557 403
557 393
557 1004
557 688
316 543
316 651
316 311
316 807
820 123
1063 543
1063 87
1063 32
1063 195
1063 427
543 651
543 87
543 940
543 1069
543 375
543 823
543 271
543 42
543 507
543 427
543 730
651 1069
651 1093
651 738
651 28
651 724
651 1105
651 42
651 721
651 181
651 123
651 556
87 32
87 207
87 427
940 1069
940 302
940 51
1069 121
1069 375
32 413
32 1090
32 595
410 738
410 477
410 911
410 1085
410 257
410 801
410 413
410 807
121 375
480 539
480 223
480 575
480 1120
480 771
480 986
480 981
480 436
480 552
480 75
480 890
480 282
480 813
537 571
537 416
537 343
537 1034
537 673
537 929
539 575
539 1093
539 919
539 986
539 436
539 726
539 552
539 890
539 743
539 896
539 393
223 142
223 306
223 912
223 967
223 1003
223 862
223 720
223 662
223 741
223 1039
223 312
223 890
223 640
223 874
223 945
223 975
223 485
223 812
223 555
575 1120
575 1093
575 790
575 1028
575 302
575 142
575 986
575 738
575 246
575 436
575 1039
575 1043
575 474
575 294
575 852
575 1082
575 354
575 890
575 897
575 499
575 743
575 288
575 829
575 955
575 841
575 391
575 469
575 125
1076 873
1076 758
1076 566
1076 1043
1076 236
1076 729
1076 39
1076 1127
1076 908
1076 797
1076 732
1120 436
1120 354
1120 890
1120 601
1120 656
1093 524
1093 297
1093 1000
790 423
790 306
790 985
790 552
790 618
790 217
790 993
790 544
227 873
227 823
227 338
227 859
227 1113
227 379
919 437
919 1110
919 873
919 758
919 59
919 897
919 453
919 92
919 224
919 262
919 766
919 716
919 281
919 935
919 1001
919 693
437 873
437 700
437 80
437 955
437 262
437 253
437 258
437 739
24 887
24 1028
24 69
24 138
24 396
24 986
24 192
24 967
24 1003
24 589
24 893
24 34
24 642
24 925
24 911
24 111
24 584
24 574
24 456
24 918
24 667
24 1000
24 487
24 118
24 95
995 673
880 28
880 721
880 1033
1110 981
1110 474
1110 852
1110 368
1110 649
1110 743
1110 181
1110 1124
1110 828
1110 1092
519 824
29 758
29 571
29 144
29 160
29 664
317 423
317 149
317 841
317 85
317 572
317 401
317 686
317 854
317 899
317 1055
317 460
317 692
894 866
894 343
894 415
126 700
126 778
126 238
824 1025
824 1034
824 366
824 602
914 758
914 453
914 293
914 463
914 600
914 443
914 131
914 775
914 469
922 560
922 1060
922 419
922 658
922 204
922 179
922 1124
922 61
922 655
922 449
922 564
922 513
91 103
91 478
91 225
91 181
91 911
91 792
91 49
873 423
873 322
873 80
873 758
873 69
873 144
873 981
873 319
873 925
873 553
873 892
873 175
873 281
873 329
771 423
771 887
771 103
771 264
771 893
771 618
771 852
771 1036
771 478
771 354
771 51
771 128
771 342
771 274
771 444
771 359
771 752
771 407
771 795
771 1101
771 773
771 871
423 967
423 103
423 144
423 720
423 246
423 365
423 618
423 294
423 890
423 285
423 149
423 640
423 874
423 930
423 588
423 1077
423 522
423 885
423 812
423 460
423 692
423 146
423 587
887 306
887 584
887 456
887 667
322 200
322 416
322 652
322 108
322 965
322 19
322 403
322 885
322 61
322 125
322 7
983 1054
983 1034
983 239
5 178
5 240
178 28
178 56
178 134
700 774
700 474
700 778
700 1052
700 348
375 53
375 1031
1028 240
80 200
80 892
80 49
80 7
616 618
616 294
616 852
616 1036
616 354
616 689
616 374
616 463
616 920
616 444
616 892
616 752
616 299
616 558
616 951
616 523
758 200
758 302
758 103
758 981
758 1124
758 737
758 716
758 513
758 7
200 108
200 244
200 49
1016 681
1016 999
1016 958
1016 41
69 893
69 217
69 111
302 416
302 1060
302 225
302 945
1102 823
1102 682
571 216
566 416
566 357
566 690
566 999
566 768
566 823
566 653
566 1043
566 1007
566 236
566 847
566 729
566 833
566 39
566 938
566 41
566 637
566 235
566 411
566 1094
566 612
888 823
888 866
888 343
888 335
888 796
888 1066
416 967
416 738
416 216
416 589
416 653
416 1060
416 343
416 658
416 659
416 379
416 1011
416 452
416 885
416 708
416 150
416 321
18 669
18 814
18 84
138 142
138 396
138 192
138 459
138 188
138 439
142 396
142 306
142 986
142 192
142 912
142 459
142 1003
142 589
142 312
142 1125
142 640
142 945
142 188
142 574
142 918
396 306
396 986
396 192
396 912
396 459
396 911
396 48
396 188
396 574
396 487
396 23
306 986
306 912
306 459
306 312
306 789
986 192
986 912
986 459
986 1003
986 720
986 985
986 890
986 911
986 188
986 134
986 456
986 918
986 667
986 95
192 912
192 459
192 1003
192 1
192 188
192 574
192 667
912 459
912 312
459 640
459 95
677 862
677 27
677 640
677 84
677 175
677 574
677 773
967 862
967 246
967 589
967 741
967 1039
967 75
967 1125
967 642
967 83
967 874
967 1
967 853
967 60
967 683
967 814
967 789
967 585
967 947
967 611
967 221
967 305
738 721
738 1085
738 930
738 120
738 1031
738 22
216 160
216 189
216 484
216 872
216 1109
216 251
216 723
103 225
103 253
103 942
103 513
103 733
1003 1105
1003 1068
1003 312
1003 945
1003 918
1003 975
1003 803
1003 485
1003 555
1003 439
1003 70
1003 8
1003 339
681 379
681 872
681 708
681 892
681 253
681 1012
862 246
862 662
862 1039
862 474
862 312
862 75
862 1125
862 642
862 874
862 841
862 1077
862 522
862 572
862 60
862 574
862 918
862 899
862 1055
862 773
862 278
862 518
357 768
357 1043
357 618
594 60
594 854
594 773
594 439
144 834
144 35
144 251
144 146
28 288
28 282
477 56
477 53
477 1085
477 1033
477 461
477 137
477 22
477 386
264 1039
264 484
264 812
264 303
264 422
690 618
690 897
690 911
690 427
690 235
27 1039
27 925
27 828
27 1100
1088 823
44 720
44 561
44 327
720 561
720 246
720 276
720 1125
720 945
720 896
720 761
720 242
561 985
561 17
561 930
561 327
561 896
561 1095
561 1000
985 246
985 276
985 741
985 1039
985 640
985 600
985 1
985 853
985 175
985 918
246 276
246 589
246 741
246 1039
246 75
246 890
246 1
246 683
246 918
246 118
246 318
276 31
276 1125
276 1041
662 589
662 1125
662 149
662 874
662 1
662 841
662 1077
662 899
589 1125
589 149
589 874
589 789
589 339
365 1039
365 36
981 108
981 592
981 198
981 225
981 649
981 181
981 284
981 1011
981 600
981 393
981 688
893 925
893 832
999 1043
999 729
999 885
999 41
160 59
160 778
160 494
160 567
160 1117
160 174
679 333
679 62
679 1082
679 743
679 315
679 209
436 890
436 288
436 896
768 958
210 657
210 453
210 743
210 605
210 1101
210 116
726 1124
726 309
652 754
652 669
652 277
652 251
652 716
94 442
94 691
94 592
94 1018
94 1058
94 195
94 737
94 1032
94 1000
94 968
94 933
94 489
823 653
823 333
823 845
823 890
823 1118
823 453
823 293
823 896
823 277
823 789
823 1091
823 929
823 187
823 915
754 1046
754 82
754 58
754 691
754 931
741 60
741 918
741 1095
741 802
774 847
774 607
774 130
774 1050
774 1001
774 348
774 79
774 373
552 890
552 463
552 22
552 544
1039 618
1039 312
1039 31
1039 75
1039 1125
1039 642
1039 394
1039 463
1039 874
1039 1
1039 572
1039 60
1039 683
1039 789
1039 585
1039 947
1039 611
1039 221
1039 318
271 274
780 1105
724 478
724 1125
724 930
724 853
1105 601
1105 417
767 551
767 207
53 195
53 1085
53 1033
53 461
53 172
53 335
1068 551
1068 312
1068 350
1068 36
1068 896
1068 814
1068 148
866 247
866 287
866 590
866 181
866 285
866 658
721 618
721 998
721 829
721 1104
721 123
657 1035
657 455
657 1002
657 59
657 743
657 185
657 605
657 116
657 959
877 921
161 1115
161 327
287 691
287 592
287 225
287 1011
287 810
287 502
287 655
287 639
108 560
108 921
108 965
108 658
108 284
108 204
108 179
108 484
108 1011
108 672
108 920
108 688
108 446
108 987
879 59
879 743
879 463
653 158
653 911
653 233
653 859
653 159
653 984
653 525
653 811
653 875
653 913
653 682
653 629
653 596
653 74
653 526
653 218
560 965
560 658
560 204
560 1124
921 262
921 277
921 12
1043 618
1043 908
189 19
189 859
189 293
189 403
189 251
189 187
189 895
189 868
1115 435
1115 35
1115 251
1115 777
1115 733
1115 213
1115 533
1115 107
333 420
333 455
333 59
333 62
333 704
333 16
333 453
333 743
333 153
333 209
333 101
333 174
333 915
333 124
333 447
333 168
333 346
333 966
333 414
333 15
333 848
590 293
1047 698
1047 1100
1047 12
1047 492
158 859
158 875
158 913
158 1072
158 793
158 596
158 526
158 643
755 897
755 749
474 778
474 649
474 1113
474 1034
474 239
474 916
474 344
1060 618
1060 294
1060 649
1060 658
1060 204
1060 1124
1060 61
1060 905
1060 932
1060 564
1060 446
618 852
618 1125
618 499
618 925
618 856
618 502
618 972
618 1001
618 951
618 298
618 266
294 691
294 478
294 1054
294 1127
294 502
420 1082
420 897
420 153
420 315
420 209
420 821
240 944
1035 990
1035 453
1035 597
1035 330
1035 959
1035 124
1035 429
442 340
442 1046
442 1018
442 153
442 469
455 990
455 62
455 693
455 174
455 116
455 124
455 464
764 743
222 340
222 831
222 453
222 743
222 330
222 1101
222 554
340 990
340 374
340 358
340 615
340 1101
340 116
340 554
831 704
831 453
831 743
831 672
831 274
831 949
831 597
831 957
831 625
831 254
1002 330
1002 1032
1002 174
990 59
990 62
990 704
990 613
990 82
990 58
990 1008
990 743
990 707
990 597
990 917
990 174
990 639
990 168
990 429
990 923
990 1064
990 390
990 1029
59 62
59 649
59 743
59 597
59 469
59 904
59 174
59 966
1046 1018
1046 931
1046 494
62 1082
62 92
62 153
62 209
62 101
62 174
62 124
62 346
62 464
704 743
704 153
704 15
704 89
704 1114
852 1036
852 374
852 860
852 359
852 407
852 334
852 165
861 613
613 82
613 195
613 1008
613 707
613 293
613 1064
1036 128
1036 860
1036 359
1036 172
1036 407
1036 615
1036 334
1036 788
742 723
82 707
82 1064
412 58
412 435
412 132
412 723
412 367
58 35
58 187
58 307
691 644
691 592
691 1018
691 604
691 350
691 419
691 707
691 945
478 649
478 1113
478 937
478 1124
478 698
478 596
217 319
217 925
217 177
312 649
312 1125
312 874
312 1
312 945
312 84
312 918
312 975
312 485
312 555
312 70
312 953
319 925
319 111
319 786
644 1058
644 907
592 1058
592 195
592 31
592 419
592 707
592 574
592 854
592 933
1018 1058
1018 671
1018 707
1018 399
1018 567
1058 1054
1058 328
1058 953
34 1033
34 896
34 814
34 84
34 148
34 584
34 667
34 1095
34 1000
34 242
34 1053
1082 743
1082 153
1082 315
1082 209
1082 821
665 645
965 511
759 354
759 257
759 998
759 311
759 488
759 772
759 502
1054 515
1054 911
1054 1034
1054 239
1054 868
1008 707
778 100
778 1118
778 763
778 239
778 607
778 406
199 911
512 515
512 499
512 942
512 972
512 1006
100 649
100 239
100 607
515 499
515 842
104 655
241 673
354 204
354 139
354 463
354 600
354 878
354 620
16 729
16 153
198 1086
225 655
225 762
368 649
368 12
75 1125
75 930
75 1
75 853
75 60
75 84
75 947
75 221
890 499
890 282
890 1010
890 463
890 597
890 377
890 821
897 282
897 829
897 597
897 377
1118 631
1118 406
1118 750
649 664
649 743
649 181
649 1124
649 239
649 185
649 878
649 252
1125 149
1125 930
1125 1
1125 853
1125 945
1125 60
1125 683
1125 789
1125 585
1125 947
1125 221
948 181
948 672
948 475
948 356
948 363
453 743
453 92
453 597
453 605
453 330
453 1032
453 917
453 766
453 959
453 747
857 257
857 463
857 896
857 84
857 148
857 130
857 12
857 301
232 925
599 925
599 553
599 377
499 942
499 842
499 972
499 1006
633 786
936 635
696 130
696 942
696 972
696 1006
696 608
696 517
419 181
419 911
419 658
419 204
419 1124
419 828
419 61
743 911
743 1124
743 597
743 255
743 315
743 605
743 209
743 330
743 1032
743 917
743 1101
743 174
743 116
743 15
92 185
92 605
92 625
184 72
184 335
181 233
181 179
181 1124
181 49
181 363
631 382
642 801
642 1
642 60
642 683
642 585
642 947
642 611
642 221
834 729
834 669
834 146
834 733
925 388
925 832
911 859
911 159
911 415
911 179
911 669
911 342
911 1096
911 358
911 576
911 456
911 66
911 279
911 977
911 64
911 1084
244 775
282 497
996 153
1085 461
1085 807
1085 172
343 672
343 828
343 274
343 435
343 949
343 339
285 1113
285 751
338 344
338 843
658 204
658 598
658 179
658 1124
658 463
658 61
658 905
658 810
658 932
658 449
658 564
658 513
658 49
658 40
903 1011
149 640
149 874
149 945
149 841
149 588
149 522
149 572
149 60
149 401
149 460
149 692
149 587
640 874
640 930
640 1
640 841
640 588
640 85
640 460
257 998
257 801
257 601
257 930
257 485
257 815
48 1104
48 1077
48 989
48 25
998 311
998 488
998 772
998 659
998 1104
801 930
369 617
369 1031
800 233
233 859
233 984
233 811
233 204
233 629
233 1096
233 786
233 732
233 513
233 298
233 747
233 863
311 772
311 807
311 1031
488 930
488 617
488 951
772 165
749 525
749 811
859 984
859 833
859 786
859 135
159 984
1007 41
707 1064
236 39
236 797
236 278
958 41
847 729
847 607
847 637
847 10
847 408
415 418
415 187
729 908
729 235
729 278
729 943
729 290
729 371
729 351
729 55
424 107
418 435
418 457
1010 370
984 508
525 811
525 526
875 596
913 828
674 394
413 207
413 347
833 41
83 945
83 175
39 41
39 797
39 411
39 278
39 10
394 508
394 218
1113 828
829 753
829 937
829 381
753 937
937 381
563 535
563 1031
563 1132
659 1104
659 1078
856 1124
856 1041
856 535
601 944
601 1033
601 896
177 536
57 475
204 179
204 1124
204 61
204 905
204 810
179 61
179 513
484 379
484 872
484 851
484 253
484 723
955 739
955 386
955 389
955 462
955 283
669 475
1124 577
1124 828
1124 61
1124 810
1124 7
1124 356
379 682
379 872
379 838
379 1012
379 55
1011 1096
672 274
672 949
672 76
577 791
482 1100
128 359
128 765
342 993
342 502
342 1129
374 359
374 615
374 788
139 680
463 507
463 1033
463 934
463 682
463 187
463 959
463 66
920 789
860 359
274 949
274 475
274 321
507 789
444 536
359 782
1104 944
1104 1031
427 896
427 731
1033 731
1033 479
1033 1005
461 172
461 299
461 386
461 37
435 251
35 251
35 261
934 535
682 896
600 116
600 794
949 567
949 957
949 1117
949 625
949 254
949 1029
949 402
403 851
403 475
403 49
403 446
597 185
597 330
597 429
597 625
597 402
388 377
388 583
388 337
388 832
1034 391
1034 624
1034 953
328 1073
529 303
529 194
1096 655
399 1122
562 1000
970 508
874 588
874 85
874 522
874 401
874 686
874 460
874 692
874 773
874 518
874 1024
930 1
930 853
930 945
930 1132
930 137
1 853
1 60
1 683
1 585
1 947
1 611
1 221
1 305
1027 327
1027 439
1027 242
1027 802
853 175
945 60
945 70
945 8
945 339
327 150
327 242
327 802
938 596
111 118
606 939
617 951
841 85
841 572
841 1055
841 460
588 1077
588 85
588 572
588 535
588 460
1077 85
1077 572
1077 401
1077 460
85 572
85 460
572 401
572 989
885 41
708 838
838 1122
60 896
60 683
60 585
60 947
60 611
60 221
153 315
153 209
153 124
153 414
153 15
153 848
153 1114
153 516
262 281
262 739
132 367
239 1073
239 607
239 406
239 963
398 793
320 1083
61 905
61 513
905 932
905 321
905 40
511 513
511 245
810 932
1041 439
793 667
896 814
896 84
896 148
896 789
807 1031
535 1031
188 585
188 574
188 456
188 485
188 487
683 585
683 947
683 611
683 221
939 373
939 66
939 977
939 10
939 332
109 814
1073 842
1073 517
1070 656
22 270
614 641
315 209
315 346
315 821
315 794
814 84
814 148
358 1101
358 554
1122 253
870 851
185 881
185 957
185 330
698 1100
932 564
932 513
932 750
988 475
607 406
605 1032
605 469
605 464
605 385
646 747
878 439
84 148
84 1000
148 260
502 175
502 446
502 1030
502 503
502 725
538 752
538 765
251 733
957 429
957 254
957 1029
957 402
209 821
209 1114
209 402
330 429
330 554
330 1029
330 402
475 716
457 917
135 1032
135 917
135 904
135 908
135 623
175 115
130 1050
130 348
130 373
391 303
391 422
391 953
26 439
26 115
1032 917
1032 469
1032 623
917 623
469 904
469 429
469 625
469 1061
407 471
334 37
789 468
585 947
585 611
585 221
947 611
947 221
611 221
584 456
584 667
584 487
574 305
574 166
456 667
456 1050
803 485
803 555
803 439
803 70
803 8
803 339
803 987
485 555
485 439
485 70
485 339
667 797
667 487
1091 1022
950 624
624 750
942 972
942 517
1095 1000
1095 1053
1050 203
1050 79
1050 373
1050 66
1050 977
1000 242
1000 802
840 373
840 66
840 977
840 10
840 332
972 1006
972 608
972 517
929 858
555 70
555 339
125 76
101 915
908 346
797 278
766 747
281 323
935 987
935 263
1001 348
1001 373
739 386
739 389
401 686
401 692
686 854
854 773
655 564
49 7
1101 174
1101 116
1101 554
773 518
773 301
773 1024
146 114
235 943
235 55
439 70
439 339
723 21
733 279
70 339
70 1111
386 389
303 953
422 953
1100 12
242 802
174 116
174 15
174 1029
174 623
309 21
968 211
187 307
187 964
79 373
79 66
79 977
79 332
373 66
373 977
373 64
373 332
12 205
213 107
213 279
107 279
346 746
966 794
15 1114
298 977
298 10
429 625
429 254
429 1029
429 402
254 1029
254 402
1029 402
1114 623
406 167
517 332
66 977
66 64
66 10
66 332
977 64
977 10
977 332
64 332
40 52
10 408
943 55
943 505
389 570
462 283
261 1045
402 623
1045 1045
