797 274
797 938
797 644
797 445
797 245
797 659
797 1054
797 1063
797 907
797 179
797 156
797 183
797 242
797 1124
797 741
797 635
797 548
797 275
797 866
797 396
797 626
797 822
797 870
797 1123
797 737
797 140
797 279
797 729
797 372
274 938
274 1132
274 245
274 659
274 1054
274 1063
274 907
274 156
274 1124
274 635
274 548
274 275
274 396
274 822
274 157
274 861
274 802
274 843
274 102
274 347
274 885
938 1132
938 445
938 245
938 659
938 1054
938 907
938 179
938 156
938 1124
938 635
938 548
938 275
938 866
938 396
938 626
938 737
938 140
938 802
938 251
938 410
938 952
938 148
938 580
938 648
938 835
938 1073
938 364
938 625
938 58
938 1065
938 1103
938 916
938 48
938 780
938 75
1132 907
1132 396
1132 1073
1132 776
1132 798
1132 578
1132 919
1132 820
1132 185
1132 137
1132 465
1132 415
1132 1032
1132 931
1132 723
1132 500
1132 665
1132 1052
1132 429
644 445
644 156
644 501
644 759
644 194
644 116
644 801
644 985
644 462
445 245
445 659
445 156
445 1124
445 635
445 396
445 737
445 140
445 802
445 1101
445 697
445 539
445 927
445 1016
445 343
445 662
445 1066
245 1054
245 1063
245 156
245 242
245 1124
245 548
245 396
245 140
245 116
245 1095
245 1110
245 180
245 549
245 332
245 130
245 223
245 173
245 624
245 1069
245 1055
245 1082
659 396
659 140
659 602
659 738
1054 1063
1054 156
1054 1124
1054 866
1054 396
1054 822
1054 729
1054 952
1054 570
1054 424
1054 4
1054 1071
1054 601
1063 1124
1063 822
1063 729
1063 802
1063 665
1063 589
1063 840
1063 482
1063 308
1063 795
1063 367
1063 957
1063 745
1063 709
1063 595
1063 37
1063 375
1063 319
1063 258
1063 47
1063 129
1063 815
1063 56
1063 790
1063 794
1063 942
1063 495
1063 1009
907 635
907 548
907 275
907 396
907 870
907 737
907 835
907 501
907 526
907 675
907 397
907 775
907 1079
907 1109
907 463
907 81
179 1016
179 546
179 311
179 559
179 270
179 645
179 682
179 853
179 1020
179 656
179 561
179 862
179 248
179 227
179 476
179 507
156 183
156 1124
156 635
156 396
156 822
156 140
156 835
156 500
156 116
156 1071
156 507
156 950
156 207
156 126
156 218
156 633
156 168
156 606
183 242
183 1124
183 822
183 861
183 802
183 1101
183 601
183 482
183 795
183 129
183 815
183 1109
183 666
183 43
183 617
183 704
183 827
183 132
183 621
183 380
183 692
183 44
183 987
183 817
183 557
183 419
183 209
183 28
183 474
183 226
183 564
183 613
183 486
183 940
242 626
242 861
242 802
242 116
242 332
242 815
242 380
242 281
242 515
242 770
242 749
242 505
242 719
242 717
242 674
242 1098
1124 729
1124 861
1124 802
1124 75
1124 801
1124 4
1124 589
1124 129
1124 794
1124 495
1124 764
1124 190
1124 1051
1124 563
1124 432
1124 995
1124 87
1124 705
1124 394
1124 598
1124 786
1124 1057
1124 35
1124 514
1124 378
1124 446
1124 569
1124 1097
1124 214
1124 204
1124 290
1124 1125
1124 838
1124 276
1124 868
1124 181
1124 962
1124 252
1124 708
1124 328
1124 353
741 822
741 802
741 745
741 160
741 702
741 739
635 548
635 866
635 396
635 626
635 870
635 1123
635 737
635 885
635 251
635 906
635 654
635 768
548 275
548 737
548 885
548 952
548 665
548 539
548 662
548 319
548 463
548 749
548 966
548 379
548 371
548 213
548 1013
548 722
548 11
548 201
548 1005
548 655
548 447
548 576
275 396
275 952
275 580
275 58
275 697
275 1071
275 768
275 1013
275 393
275 1119
275 253
275 928
866 626
866 870
866 251
866 410
866 952
866 1073
866 926
866 58
866 48
866 780
866 578
866 180
866 570
866 424
866 4
866 601
866 218
866 378
866 214
866 838
866 160
866 447
866 917
866 620
866 544
866 854
866 560
866 807
866 189
866 730
866 634
866 289
866 681
866 959
866 22
866 1108
866 898
866 472
866 1116
396 737
396 157
396 885
626 870
626 885
626 251
626 148
626 580
626 648
626 835
626 1073
626 58
626 48
626 1101
626 624
626 775
626 1079
626 645
626 940
626 432
626 1057
626 654
626 379
626 576
626 620
626 681
626 101
626 941
626 23
626 408
626 350
626 89
626 63
626 78
626 326
626 684
626 769
626 83
626 417
626 877
626 755
626 221
626 956
626 64
626 552
626 300
626 921
626 15
626 1042
822 729
822 861
822 802
822 798
822 665
822 589
822 840
822 482
822 795
822 745
822 709
822 375
822 319
822 258
822 815
822 621
822 380
822 419
822 28
822 940
822 941
822 434
822 18
822 649
822 135
822 1088
822 351
822 400
822 426
822 430
822 858
822 1068
822 531
822 1006
870 1123
870 251
870 919
870 185
870 790
870 654
870 655
870 408
870 649
870 1087
870 170
870 727
870 859
870 317
870 991
737 885
737 662
737 223
737 749
737 379
737 213
737 11
737 655
737 877
737 545
737 205
737 805
737 320
140 802
140 940
140 1013
140 552
140 721
140 1012
279 656
279 849
279 819
279 154
279 479
279 1004
279 1050
279 640
729 802
729 625
729 226
729 1051
729 432
729 394
729 598
729 204
729 962
729 920
729 628
729 668
729 1078
729 971
729 1120
729 1099
729 582
729 573
729 38
729 490
729 41
372 835
372 48
372 424
372 218
372 786
372 393
372 917
372 189
372 898
372 362
372 144
372 288
372 45
372 973
372 538
372 337
372 1093
372 184
372 26
372 616
372 650
157 413
861 802
861 319
861 692
802 780
802 665
802 589
802 940
802 721
802 865
802 1035
885 1065
885 371
885 1013
885 1005
885 393
885 289
885 326
885 877
885 144
885 671
885 974
885 1047
885 1126
885 875
885 837
885 614
885 152
885 1091
885 760
251 952
251 148
251 580
251 835
251 1073
251 58
251 1103
251 4
251 601
251 654
251 576
251 917
251 620
251 807
251 408
251 479
251 1004
251 45
251 787
251 519
251 456
251 844
251 198
410 148
410 1073
410 926
410 625
410 48
410 780
410 75
410 798
410 4
410 218
410 1057
410 63
410 430
410 1093
410 787
410 519
410 128
410 24
410 699
410 366
410 196
410 97
410 873
410 336
410 1001
952 1073
952 926
952 364
952 58
952 1065
952 48
952 185
952 1066
952 130
952 570
952 1071
952 775
952 1079
952 1098
952 1051
952 214
952 11
952 655
952 917
952 620
952 544
952 807
952 472
952 101
952 326
952 45
952 538
952 760
952 787
952 519
952 198
952 259
952 899
952 1094
952 1115
952 701
952 303
952 891
952 452
952 86
952 753
952 1037
148 648
148 835
148 58
148 1016
148 424
148 4
148 775
148 218
148 917
148 684
148 991
148 1004
148 45
148 973
148 337
148 184
148 26
148 787
148 519
148 456
148 701
148 753
148 670
148 667
148 579
148 489
148 607
148 325
148 716
148 370
148 846
148 273
148 1022
148 163
148 523
148 31
148 17
148 960
148 492
148 818
148 608
148 685
148 297
148 231
148 880
148 177
148 663
580 1073
580 379
580 576
580 78
580 921
580 664
648 1103
648 1079
648 45
648 413
648 489
648 716
648 520
648 241
648 292
648 398
648 330
648 470
648 799
648 771
648 676
835 58
835 48
835 501
835 397
835 1098
835 654
835 189
835 898
835 973
835 837
835 519
835 366
835 685
835 567
835 0
835 689
835 428
835 1046
835 581
835 883
835 239
835 939
835 677
835 106
1073 364
1073 1103
1073 776
1073 798
1073 578
1073 185
1073 465
1073 1032
1073 723
1073 500
1073 1052
1073 429
1073 697
1073 393
1073 620
1073 921
1073 152
1073 787
1073 685
1073 676
1073 215
1073 550
1073 1090
1073 763
1073 864
1073 963
1073 503
926 424
926 184
926 383
364 531
364 45
364 1001
364 871
625 48
625 780
625 75
625 116
625 462
625 549
625 4
625 709
625 942
625 770
625 598
625 786
625 378
625 1125
625 393
625 78
625 417
625 430
625 991
625 920
625 971
625 1120
625 573
625 490
625 41
625 671
625 699
625 196
625 1022
625 282
625 19
625 68
625 299
625 442
625 946
625 1059
625 845
58 1103
58 697
58 1098
58 768
58 393
58 917
58 898
58 684
58 1004
58 582
58 973
58 26
58 787
58 1001
58 259
58 663
58 467
58 610
1065 48
1065 75
1065 4
1065 22
1065 78
1065 956
1065 26
1065 650
1065 760
1065 787
1065 336
1065 259
1065 1002
1065 387
1065 376
1065 294
1065 537
1065 399
1065 260
1103 697
1103 942
1103 397
1103 1079
1103 1020
1103 218
1103 940
1103 768
1103 854
1103 289
1103 78
1103 649
1103 640
1103 973
1103 337
1103 650
1103 152
1103 366
1103 873
1103 1001
1103 880
1103 771
1103 291
1103 816
1103 1041
1103 660
1103 930
1103 619
1103 395
1103 1021
1103 287
1103 710
916 429
48 116
48 815
48 281
48 770
48 505
48 717
48 1098
48 63
48 640
48 362
48 288
48 973
48 1047
48 787
48 753
48 1041
48 627
48 812
48 224
48 422
48 744
48 418
780 75
780 4
780 942
780 598
780 898
780 582
780 24
780 887
780 133
75 801
75 4
75 942
75 397
75 1051
75 432
75 598
75 786
75 446
75 214
75 290
75 1125
75 838
75 189
75 1088
75 430
75 490
75 45
75 337
75 24
75 97
75 1022
75 523
75 68
75 149
75 3
75 363
75 1077
75 848
776 798
776 578
776 185
776 465
776 415
776 1032
776 500
776 429
776 371
776 921
776 303
776 581
776 215
776 700
776 506
776 947
776 954
776 390
776 1007
776 178
776 714
776 542
776 406
776 354
776 881
776 961
798 578
798 185
798 465
798 1032
798 931
798 500
798 429
798 601
798 795
798 815
798 764
798 378
798 681
798 921
798 18
798 152
798 303
798 31
798 215
798 442
798 680
798 800
798 269
798 114
798 889
798 935
798 151
798 809
578 185
578 1032
578 500
578 1052
578 429
578 959
578 921
578 215
578 864
578 322
578 382
578 339
578 814
919 354
820 465
820 723
820 675
820 928
820 149
820 354
820 513
820 860
820 271
185 137
185 465
185 1032
185 931
185 1052
185 429
185 311
185 853
185 248
185 770
185 1057
185 89
185 413
185 1115
185 303
185 506
185 257
185 229
185 773
137 1052
137 248
137 550
137 506
137 779
137 244
137 1117
137 438
465 415
465 723
465 429
465 1110
465 542
465 354
465 779
465 36
415 723
415 1110
415 921
415 864
415 700
415 506
415 947
415 178
415 542
415 354
415 36
415 529
415 1018
415 355
415 918
1032 500
1032 1052
1032 429
1032 921
1032 640
1032 259
1032 215
1032 1112
931 655
931 921
931 18
931 864
931 354
931 269
931 114
931 304
931 712
931 466
931 295
723 500
723 1110
723 921
723 303
723 864
723 149
723 354
723 513
723 36
723 529
723 642
500 429
500 1110
500 252
500 837
500 366
500 215
500 503
500 610
500 744
500 513
500 779
500 438
500 976
500 105
500 1015
500 122
500 405
500 828
500 404
500 984
500 781
665 539
665 589
665 595
665 692
665 44
665 940
665 1013
665 447
665 552
665 144
665 519
665 610
665 889
665 809
665 631
665 90
665 948
1052 775
1052 1013
1052 550
1052 763
1052 1117
1052 529
1052 1039
429 311
429 63
429 921
429 434
429 616
429 152
429 760
429 456
429 899
429 303
429 492
429 939
429 215
429 660
429 513
429 244
429 36
429 529
429 487
429 908
429 10
429 12
429 335
429 182
429 604
429 783
429 186
501 1095
501 397
501 472
501 326
501 847
501 753
501 771
501 581
501 239
501 376
501 418
501 984
501 301
501 235
501 142
501 497
501 457
501 893
759 602
759 942
759 775
759 749
759 1051
759 432
759 378
759 1013
759 289
759 649
759 744
759 229
759 773
759 145
759 584
759 756
759 174
759 636
759 897
759 733
194 561
194 476
194 89
194 787
194 887
194 280
194 958
194 1045
194 969
194 219
194 435
116 1101
116 1016
116 4
116 595
116 375
116 815
116 248
116 281
116 770
116 749
116 505
116 717
116 674
116 1013
116 89
116 78
116 640
116 413
116 1091
116 492
116 627
116 744
116 418
116 636
116 158
116 246
116 230
116 7
116 165
116 334
116 427
116 1061
116 803
116 933
116 464
116 305
801 432
801 1099
801 581
801 1086
985 367
985 319
985 258
985 666
985 43
985 28
985 486
985 281
985 995
985 973
985 411
462 4
462 942
462 397
462 1109
462 598
462 1120
462 1093
462 297
462 222
462 1027
1101 343
1101 4
1101 709
1101 319
1101 794
1101 666
1101 28
1101 515
1101 1051
1101 78
1101 417
1101 699
1101 297
1101 231
1101 1027
1101 1040
1101 575
1101 32
1101 136
1101 1048
1101 590
1101 772
697 130
697 775
697 207
697 35
697 768
697 393
697 253
697 472
697 721
697 973
697 664
697 291
697 1041
697 287
697 897
697 233
697 20
697 555
697 187
539 130
539 367
539 28
539 613
539 940
539 598
539 1013
539 722
539 1005
539 78
539 877
539 221
539 859
539 805
539 667
539 664
539 287
539 642
539 187
539 61
927 645
927 447
927 253
927 846
927 892
1016 311
1016 559
1016 645
1016 1020
1016 248
1016 476
1016 507
1016 45
1016 787
1016 305
1016 134
343 942
343 1009
343 190
343 87
343 514
343 290
343 276
343 252
343 353
343 400
343 490
343 41
343 608
343 231
343 466
343 673
343 341
343 609
343 480
343 1118
662 130
662 223
662 1013
662 753
662 763
662 1041
662 651
662 150
1066 775
1066 281
1066 334
1129 549
1129 190
1129 87
1129 35
1129 252
1129 898
1129 466
1129 609
1129 886
1129 1000
1129 571
1095 332
1095 1041
1095 224
1095 1019
1095 208
1095 726
1110 921
1110 434
1110 492
1110 215
1110 550
1110 864
1110 354
1110 244
1110 36
1110 208
1110 726
1110 73
1110 131
1110 67
1110 471
1110 1011
1110 118
180 1013
180 959
180 78
180 899
180 610
180 316
180 707
180 641
180 1096
180 632
549 218
549 598
549 898
549 1042
549 1086
549 193
549 278
549 324
549 25
549 541
332 37
332 717
332 1098
332 1041
332 422
332 1019
332 208
332 508
332 82
332 483
332 989
332 27
332 895
332 13
332 905
130 1055
130 526
130 463
130 371
130 1013
130 1005
130 393
130 350
130 152
130 847
130 619
130 427
130 651
130 150
130 131
130 511
130 1058
130 164
130 796
223 1041
223 164
173 1082
173 847
173 619
173 118
173 707
173 348
1069 150
1069 895
1069 384
1069 409
1055 1079
1055 717
1055 1019
602 942
602 675
602 432
602 408
602 684
602 663
602 887
602 897
602 1048
602 1043
602 1102
738 616
738 1094
570 620
570 1096
570 1083
424 4
424 942
424 1079
424 950
424 598
424 962
424 490
424 973
424 663
424 860
424 742
4 709
4 942
4 495
4 281
4 432
4 87
4 394
4 598
4 786
4 1057
4 35
4 514
4 378
4 214
4 1125
4 838
4 868
4 181
4 962
4 654
4 201
4 189
4 898
4 417
4 1042
4 400
4 320
4 971
4 288
4 973
4 337
4 699
4 753
4 1022
4 297
4 676
4 581
4 68
4 442
4 387
4 887
4 363
4 257
4 142
4 1040
4 1118
4 312
4 264
4 247
4 588
4 521
4 1076
4 718
4 1092
4 484
4 983
4 925
1071 775
1071 463
1071 63
1071 616
1071 198
1071 163
1071 567
1071 106
1071 291
1071 395
1071 418
1071 335
1071 187
1071 532
1071 115
1071 272
1071 103
1071 543
1071 568
1071 488
1071 1026
1071 236
1071 329
1071 882
1071 988
1071 698
1071 338
601 942
601 940
601 432
601 394
601 378
601 181
601 730
601 941
601 686
601 777
601 74
589 319
589 531
482 595
482 375
482 815
482 940
482 948
482 1061
482 459
795 957
795 319
795 617
795 827
795 621
795 380
795 44
795 564
795 486
795 684
795 552
795 973
795 519
795 95
795 593
367 319
367 815
367 775
367 43
367 617
367 380
367 28
367 486
367 948
367 52
957 595
957 564
957 1061
957 459
745 702
745 739
745 681
745 649
745 1001
745 1041
745 74
745 792
745 1130
745 547
709 794
709 942
709 1051
709 87
709 35
709 514
709 378
709 214
709 1125
709 838
709 276
709 78
709 417
709 1088
709 205
709 320
709 671
709 1022
709 282
709 442
709 387
709 887
709 149
709 341
709 264
709 1092
709 450
709 888
709 1053
709 615
709 965
709 385
595 375
595 319
595 815
595 397
595 1079
595 666
595 621
595 770
595 948
595 1061
595 360
37 514
37 1059
37 133
37 712
37 905
37 1030
37 373
375 815
375 692
375 1061
375 459
319 666
319 617
319 132
319 380
319 692
319 44
319 817
319 419
319 28
319 226
319 564
319 486
319 940
319 1013
319 1006
319 45
319 948
319 246
319 1061
319 459
319 553
258 617
258 827
258 132
258 380
258 692
258 817
258 419
258 226
258 246
47 730
47 649
47 351
47 362
47 288
47 519
47 763
47 301
47 142
47 153
47 829
47 761
47 774
815 28
815 281
815 733
815 1061
815 661
815 315
56 463
56 940
56 681
56 649
56 362
56 1001
56 763
56 1024
56 71
56 365
790 373
794 705
794 569
794 252
794 417
794 387
794 609
794 718
794 1092
794 484
794 65
794 857
942 463
942 940
942 1051
942 432
942 598
942 378
942 446
942 181
942 371
942 253
942 417
942 1088
942 430
942 991
942 205
942 971
942 582
942 573
942 763
942 282
942 442
942 965
942 42
495 394
495 920
495 312
495 247
1009 1051
1009 514
1009 490
1009 231
1009 887
1009 52
1009 30
1009 286
526 775
526 1079
526 463
526 207
526 722
526 1006
526 144
526 287
526 178
526 10
526 233
526 316
526 1096
526 888
526 439
526 687
526 98
526 220
526 261
675 928
675 898
675 479
675 288
675 149
675 860
675 457
675 278
675 1102
397 775
397 1125
397 722
397 921
397 387
397 700
397 7
775 1079
775 311
775 207
775 654
775 576
775 289
775 1004
775 26
775 152
775 259
775 701
775 86
775 428
775 1002
775 294
775 178
775 961
775 233
775 20
775 67
775 988
775 315
775 996
775 572
775 59
775 565
775 1127
1079 561
1079 207
1079 515
1079 432
1079 654
1079 819
1079 45
1079 650
1079 1001
1079 370
1079 17
1079 818
1079 963
1079 619
1079 418
1079 1007
1079 229
1079 122
1079 142
1079 427
1079 20
1079 150
1079 131
1079 945
1079 423
1079 138
1079 1060
1079 166
1079 597
1109 1125
1109 317
1109 479
1109 1039
1109 7
1109 222
1109 707
1109 360
1109 618
1109 509
1109 808
463 81
463 940
463 838
463 379
463 1013
463 655
463 447
463 253
463 78
463 971
463 45
463 366
463 847
463 771
463 581
463 467
463 291
463 1041
463 642
463 897
463 233
463 187
463 882
463 423
81 379
81 576
546 1020
546 656
311 270
311 645
311 853
311 1020
311 656
311 561
311 862
311 248
311 476
311 89
311 170
311 727
311 154
311 479
311 1004
311 362
311 45
311 973
311 837
311 787
311 492
311 229
311 773
311 305
311 484
311 477
311 691
311 1014
311 876
559 270
559 1020
559 476
559 787
559 477
270 645
270 1020
270 656
270 561
270 248
270 476
270 479
270 45
270 787
270 519
270 663
270 467
270 229
270 1040
270 134
270 484
270 587
270 327
645 1020
645 656
645 447
645 755
645 170
645 45
645 667
645 492
645 330
645 470
645 771
645 229
645 892
645 134
645 796
645 587
645 283
645 850
645 306
645 911
645 554
645 1017
682 97
682 370
682 280
682 969
682 469
682 734
682 491
853 1020
853 248
853 476
853 770
853 1005
853 393
853 89
853 288
853 787
853 1115
853 701
853 0
853 305
853 994
853 732
1020 656
1020 561
1020 862
1020 248
1020 476
1020 770
1020 966
1020 447
1020 640
1020 45
1020 787
1020 366
1020 1115
1020 1090
1020 773
1020 305
1020 603
656 248
656 476
656 281
656 447
656 1004
656 787
656 492
656 244
656 305
656 691
656 903
656 199
561 476
561 378
561 97
561 753
561 305
561 477
862 248
862 476
862 770
862 89
862 1115
862 773
862 305
862 1024
862 1014
862 603
248 476
248 281
248 393
248 253
248 787
248 663
248 604
248 305
248 1040
227 393
476 253
476 89
476 727
476 1115
476 969
476 305
476 587
476 994
476 603
476 199
476 611
476 788
507 456
507 492
507 799
507 892
507 134
507 225
507 658
507 830
507 953
507 381
507 403
950 962
207 1005
207 671
207 1047
207 366
207 452
207 86
207 753
207 567
207 428
207 1002
207 233
207 20
207 888
126 63
126 78
126 882
126 829
126 98
218 620
218 45
218 973
218 337
218 611
218 113
633 281
633 163
633 960
633 484
633 329
633 765
633 70
633 108
633 256
633 841
633 243
168 871
168 391
606 202
606 630
606 62
666 281
666 770
666 674
666 772
43 28
43 432
43 995
43 87
43 1006
43 490
43 231
43 286
617 1120
617 152
617 800
617 796
617 57
704 827
704 621
704 380
704 557
704 684
704 1120
827 132
827 621
827 380
827 817
827 419
827 447
827 1006
827 246
132 380
132 226
132 940
132 699
132 889
621 1005
621 948
380 1005
380 1120
380 948
380 246
380 315
44 269
987 860
987 772
817 1006
817 246
28 486
28 940
28 432
28 995
28 87
28 708
28 490
28 1022
28 772
28 99
474 940
474 772
226 928
564 552
564 459
486 995
486 1004
486 671
486 145
940 371
940 722
940 1005
940 393
940 221
940 649
940 426
940 531
940 948
940 246
940 512
940 211
281 770
281 505
281 717
281 674
281 1098
281 413
281 128
281 1001
281 667
281 607
281 31
281 756
281 165
281 334
281 1019
281 726
281 989
281 439
281 597
281 327
281 850
281 357
281 444
281 528
515 770
515 717
515 1098
515 378
515 78
515 464
515 575
770 674
770 89
770 727
770 362
770 288
770 787
770 97
770 1115
770 273
770 0
770 969
770 1061
770 305
770 1040
770 732
770 788
770 176
749 676
749 763
749 145
749 32
749 208
749 1102
749 1083
749 423
749 8
505 492
505 744
505 334
505 61
505 528
719 660
719 418
719 158
719 1040
719 187
719 272
719 236
719 988
719 206
719 724
719 693
719 855
717 1098
717 1041
717 224
717 1040
717 1019
717 508
717 82
717 1008
717 237
674 165
674 334
674 305
1098 640
1098 1041
1098 224
1098 508
764 378
764 702
764 854
764 135
764 1099
764 387
764 257
764 30
764 1100
764 715
190 432
190 35
190 290
190 276
190 252
190 353
190 41
190 699
190 196
190 231
190 387
190 466
190 673
190 609
190 886
190 1000
190 571
190 1100
1051 432
1051 35
1051 214
1051 941
1051 430
1051 920
1051 573
1051 699
1051 1022
1051 297
1051 442
1051 484
1051 996
1051 821
563 681
563 800
563 593
563 547
563 365
563 833
432 995
432 598
432 35
432 446
432 214
432 290
432 838
432 962
432 708
432 1005
432 941
432 78
432 417
432 1088
432 920
432 490
432 973
432 699
432 97
432 1022
432 442
432 387
432 363
432 1077
432 886
432 1053
432 315
432 65
432 821
432 530
432 1107
432 901
995 35
995 290
995 708
995 1088
995 490
995 1022
995 1107
995 596
87 35
87 514
87 378
87 446
87 290
87 276
87 252
87 353
87 490
87 231
87 1059
87 1018
87 772
87 609
87 905
87 264
87 718
87 65
87 30
87 1100
87 1107
87 1075
705 276
705 868
705 962
705 328
705 18
705 1088
705 196
705 484
705 829
705 283
705 1107
705 310
705 982
705 690
394 514
394 252
394 898
394 684
394 1042
394 973
394 149
394 142
394 1118
394 278
394 312
394 264
394 247
394 521
394 1076
394 718
394 1024
394 1105
394 728
598 786
598 378
598 962
598 1013
598 1108
598 417
598 400
598 430
598 573
598 337
598 1093
598 699
598 299
598 848
598 983
786 838
786 189
786 1108
786 971
786 337
786 875
786 685
786 848
786 20
1057 378
1057 941
1057 400
1057 1099
1057 45
1057 1115
1057 0
1057 257
1057 305
1057 309
35 514
35 446
35 1097
35 214
35 204
35 1125
35 838
35 868
35 181
35 962
35 1013
35 189
35 941
35 769
35 417
35 400
35 430
35 41
35 337
35 699
35 1022
35 299
35 387
35 363
35 257
35 609
35 33
35 782
514 446
514 569
514 214
514 204
514 290
514 276
514 868
514 181
514 252
514 353
514 417
514 1088
514 400
514 1093
514 1022
514 231
514 387
514 609
514 1092
514 30
514 1075
514 612
378 214
378 1125
378 838
378 276
378 353
378 941
378 1120
378 490
378 699
378 297
378 442
378 65
446 290
446 1125
446 868
446 490
446 97
446 1022
446 1077
446 905
446 30
569 290
569 252
569 417
569 1035
569 387
569 887
569 1118
569 1092
569 612
1097 276
1097 962
1097 663
1097 1118
214 838
214 1013
214 417
214 1120
214 699
214 297
214 663
214 106
214 442
214 387
214 264
214 52
214 450
214 30
204 290
204 276
204 252
204 1088
204 231
204 1040
204 965
204 30
204 901
204 612
290 1125
290 276
290 868
290 252
290 353
290 490
290 41
290 231
290 1059
290 363
290 219
290 30
290 612
290 900
290 437
290 9
1125 1042
1125 18
1125 320
1125 97
1125 336
1125 68
1125 363
1125 848
1125 888
1125 900
1125 1023
1125 1113
838 253
838 941
838 417
838 430
838 699
838 763
838 299
838 257
838 983
838 761
838 1024
276 868
276 962
276 252
276 328
276 353
276 1088
276 196
276 231
276 466
276 673
276 609
276 264
276 30
276 1107
276 690
868 962
868 252
868 328
868 1088
868 1022
868 442
868 886
868 264
868 857
868 1107
868 690
868 120
181 328
181 253
181 430
181 860
181 142
181 1100
181 437
962 417
962 337
962 196
962 442
962 948
962 1040
962 886
962 905
962 742
962 1107
962 197
252 353
252 1088
252 231
252 363
252 673
252 480
252 983
252 1024
252 65
252 857
252 30
252 283
252 33
252 612
252 124
252 934
708 1022
708 720
328 1088
328 196
328 733
328 886
328 718
328 1107
328 690
353 673
353 609
353 788
353 990
353 706
160 145
160 1053
160 342
702 519
702 809
702 1130
702 547
702 345
739 345
906 984
654 582
654 259
654 753
654 330
654 466
654 948
654 1040
654 386
768 393
768 684
768 1004
768 650
768 685
768 663
768 1072
966 1041
379 1013
379 447
379 576
379 1087
379 467
379 641
379 1100
379 421
371 576
371 253
371 289
371 538
371 1047
371 592
1013 11
1013 655
1013 447
1013 576
1013 253
1013 289
1013 681
1013 921
1013 205
1013 805
1013 753
1013 442
1013 610
1013 487
1013 233
1013 892
1013 67
1013 796
1013 236
1013 1024
1013 423
1013 460
1013 1049
1013 902
1013 970
1013 72
1013 91
722 847
722 468
11 22
11 205
11 291
11 930
11 395
11 783
11 427
11 882
11 298
1005 78
1005 205
1005 640
1005 650
1005 519
1005 610
1005 224
1005 257
1005 948
1005 233
1005 483
1005 1058
1005 796
1005 98
1005 996
1005 59
1005 758
1005 999
1005 998
1005 358
655 1090
655 376
655 816
655 287
655 961
655 355
655 230
655 1127
655 972
655 268
447 253
447 805
447 144
447 229
447 892
447 134
447 1049
447 902
447 277
576 854
576 805
576 664
576 946
576 467
576 610
576 715
576 346
393 253
393 78
393 640
393 650
393 1001
393 523
393 567
393 291
393 930
393 744
393 700
393 406
393 233
393 187
393 161
1119 428
1119 1040
1119 84
253 991
253 45
253 303
253 492
253 963
253 291
253 229
253 187
253 134
253 796
253 346
253 321
253 964
253 425
928 753
928 149
928 860
928 874
917 854
917 807
917 337
917 787
620 807
620 366
620 685
620 233
854 288
854 1037
854 523
854 467
854 1018
854 733
854 1100
854 421
854 914
854 478
560 805
807 730
807 1042
807 1001
807 763
807 829
807 98
189 1108
189 288
189 973
189 337
189 581
189 68
189 735
730 805
730 971
730 383
730 423
289 898
289 78
289 538
289 26
289 1047
289 233
289 888
289 592
681 221
681 649
681 973
681 519
681 1001
681 800
681 365
681 839
681 284
681 746
681 937
959 78
959 814
959 464
959 707
959 1096
959 1026
959 618
959 206
959 669
959 657
959 913
22 640
22 787
22 899
22 939
22 395
22 427
22 236
22 302
22 863
1108 875
898 430
898 205
898 973
898 581
898 363
898 686
898 52
472 428
472 395
472 808
472 243
472 591
472 836
101 259
101 86
941 135
941 442
941 387
941 257
23 376
23 230
23 92
23 923
23 496
408 769
408 1042
408 320
408 910
350 847
350 150
89 727
89 413
89 257
89 280
89 958
89 305
89 945
89 477
89 88
89 856
63 640
63 650
63 787
63 198
63 366
63 873
63 259
63 899
63 960
63 567
63 106
63 291
63 427
63 568
63 1026
63 988
63 176
63 232
78 187
78 1096
78 687
78 98
78 423
78 127
78 265
326 152
326 753
326 685
326 233
326 541
326 164
326 72
326 91
326 321
326 188
326 50
326 414
684 1004
684 973
684 519
684 456
684 701
684 523
684 608
684 663
684 871
684 765
684 839
684 784
684 558
684 793
83 519
83 860
83 774
83 672
417 490
417 579
417 1022
417 68
417 442
417 387
417 149
417 341
417 609
417 65
417 96
877 64
877 760
877 753
877 567
877 260
877 395
877 878
755 170
755 973
755 846
755 31
755 771
755 676
755 395
755 134
755 391
755 784
755 146
755 653
221 1099
221 365
221 944
956 897
956 230
956 268
956 92
956 923
956 172
956 932
956 1034
956 823
64 701
64 567
64 689
64 260
64 427
64 150
64 272
64 76
552 701
552 523
552 948
552 593
552 365
300 616
921 215
921 550
921 864
921 610
921 354
921 36
15 519
15 809
1042 362
1042 31
1042 581
1042 763
1042 871
1042 186
1042 134
1042 153
1042 283
1042 119
434 354
434 513
434 779
434 1117
434 604
18 1088
649 1068
649 1047
649 1001
649 800
649 937
649 29
649 884
649 536
649 915
649 340
649 240
649 388
1088 490
1088 231
1088 772
1088 1107
1088 901
1088 690
351 519
351 809
351 74
351 593
351 71
351 365
351 284
351 746
351 766
400 1120
400 1093
400 387
400 457
400 673
400 283
430 676
430 1075
1068 809
1068 536
531 721
531 77
1006 1059
1006 772
1006 286
1006 340
1006 433
1087 763
1087 467
1087 892
1087 696
1087 955
170 640
170 45
170 973
170 716
170 273
170 31
170 492
170 608
170 398
170 330
170 763
170 963
170 871
170 229
170 186
170 174
170 933
170 892
170 283
170 850
170 119
170 554
170 391
170 728
170 955
170 1085
170 562
170 323
170 333
727 1115
727 523
727 676
727 142
727 305
727 761
859 288
859 714
859 92
859 496
317 460
991 1120
991 413
991 670
991 667
991 579
991 489
991 607
991 325
991 716
991 370
991 31
991 442
991 887
991 110
991 69
991 652
991 929
991 867
991 307
991 605
991 725
545 362
545 420
205 320
205 721
205 144
205 31
205 299
205 642
205 450
205 119
805 819
805 829
805 113
805 594
805 647
805 16
320 282
320 299
320 104
721 616
721 198
721 753
721 106
721 291
721 930
721 395
721 487
721 783
721 756
721 488
721 99
721 468
721 863
721 77
1012 771
1012 390
849 819
849 154
849 263
849 904
819 154
819 1004
819 362
819 647
154 362
154 733
154 558
154 600
154 123
154 461
154 401
154 1128
479 1050
479 614
479 753
479 818
479 663
479 619
479 423
479 138
479 808
479 444
479 9
479 992
479 967
479 141
1004 299
1004 395
1004 744
1004 1015
1004 404
1004 1045
1004 263
1004 440
1050 875
1050 492
1050 619
1050 887
1050 316
1050 138
1050 9
640 616
640 837
640 787
640 198
640 259
640 753
640 398
640 567
640 809
640 1112
640 948
640 158
640 882
640 59
640 161
640 228
640 1080
920 971
920 1120
920 886
920 1107
668 1114
1078 971
1078 1099
1078 38
1078 712
1078 42
971 1120
971 1099
971 582
971 573
971 196
971 763
971 282
971 845
971 1024
971 42
971 524
1120 573
1120 1093
1120 1022
1120 297
1120 299
1120 442
1120 845
1120 387
1120 427
1120 1114
1120 79
1099 38
1099 742
1099 42
582 573
582 701
582 686
573 41
573 196
38 905
38 385
38 1038
490 1022
490 231
490 1040
490 772
490 673
490 480
490 905
490 1107
41 196
362 288
362 45
362 973
362 337
362 519
362 607
362 567
362 581
362 383
362 186
362 301
362 136
362 792
144 452
144 753
144 233
144 423
144 77
144 392
288 973
288 1093
288 616
288 607
288 581
288 939
288 383
288 301
288 230
288 1100
288 161
45 667
45 489
45 716
45 273
45 31
45 492
45 241
45 799
45 963
45 871
45 229
45 301
45 134
45 327
45 554
45 867
45 605
45 171
973 337
973 1093
973 184
973 97
973 701
973 667
973 607
973 1022
973 330
973 581
973 871
973 619
973 744
973 149
973 800
973 355
973 948
973 301
973 142
973 1045
973 230
973 1086
973 312
973 488
973 225
973 793
973 1034
973 169
973 643
538 787
538 259
538 847
538 619
538 471
538 707
538 348
538 592
538 40
538 1044
538 813
337 581
337 948
337 301
337 983
337 255
1093 133
1093 541
1093 1128
184 456
184 489
184 398
184 383
184 887
184 257
184 833
184 1
26 787
26 763
26 555
26 208
26 1102
26 329
616 650
616 671
616 787
616 259
616 406
616 142
616 897
616 7
616 222
616 99
616 975
616 924
616 824
616 703
616 1121
616 139
650 787
650 366
650 873
650 488
650 99
650 836
650 493
650 1062
413 844
413 97
413 1115
413 670
413 579
413 607
413 325
413 273
413 31
413 771
413 0
413 1018
413 933
413 305
413 1040
413 732
413 955
413 110
413 69
413 652
413 929
413 725
413 1128
413 1036
413 238
413 586
865 77
1035 297
1035 387
1035 30
671 567
671 744
671 800
671 783
671 145
671 230
671 427
671 236
671 888
671 458
974 614
1047 259
1047 452
1047 685
1047 428
1047 756
1126 456
1126 892
1126 225
1126 953
1126 403
1126 909
1126 100
1126 851
1126 943
1126 473
1126 293
1126 361
875 1002
875 233
875 316
837 366
837 1015
837 94
614 336
614 423
614 1074
614 574
152 259
152 897
152 164
152 829
152 996
152 306
152 321
152 863
152 1034
1091 660
1091 418
1091 158
1091 187
1091 272
1091 543
1091 236
1091 206
1091 754
1091 359
1091 1056
1091 522
760 523
760 860
760 335
760 427
760 1040
760 657
760 162
787 456
787 198
787 873
787 259
787 1115
787 685
787 567
787 773
787 305
787 691
787 176
787 784
787 824
787 832
519 456
519 844
519 1001
519 523
519 880
519 0
519 887
519 800
519 809
519 860
519 948
519 686
519 74
519 593
519 315
519 71
519 365
519 746
519 884
519 262
519 566
519 986
519 951
456 273
456 523
456 685
456 241
456 330
456 676
456 887
456 149
456 301
456 174
456 20
456 892
456 134
456 327
456 283
456 658
456 830
456 381
456 765
456 123
456 293
456 361
456 646
456 46
844 489
844 0
844 110
844 652
844 725
198 899
198 753
198 106
198 291
198 1112
198 893
198 59
198 765
198 206
198 169
198 80
128 976
128 423
128 444
24 699
24 363
699 297
699 19
699 1023
366 503
366 744
366 1015
366 235
366 412
196 1059
196 690
97 363
873 899
873 176
873 162
873 80
1001 887
1001 149
1001 800
1001 809
1001 948
1001 52
1001 547
1001 829
1001 761
1001 71
1001 176
1001 746
1001 388
1001 968
1001 14
1001 6
259 899
259 701
259 523
259 567
259 236
259 878
259 924
259 522
259 80
899 291
899 575
899 162
1094 960
1094 689
1094 1011
1094 76
1115 0
1115 257
1115 732
701 753
701 418
701 335
701 554
303 763
303 261
452 163
847 753
847 818
847 177
847 689
847 883
847 763
847 1041
847 619
847 131
847 471
847 118
847 707
847 511
847 348
847 491
847 76
847 762
847 731
847 806
847 842
847 623
86 763
86 1002
86 233
86 433
86 1081
86 389
753 273
753 1022
753 163
753 771
753 1041
753 418
753 233
753 187
753 1092
753 329
753 882
753 1060
753 765
753 256
753 1029
753 147
1037 1026
1037 421
1037 914
670 667
670 579
670 325
670 370
670 310
670 502
667 579
667 489
667 607
667 325
667 716
667 370
667 31
667 771
667 229
667 174
667 134
667 554
667 310
667 69
667 929
579 489
579 607
579 325
579 716
579 370
579 1040
579 341
579 310
579 69
579 1036
579 1067
489 607
489 716
489 370
489 229
489 955
607 325
607 716
607 370
607 31
607 241
607 398
607 301
607 1040
607 310
607 1023
607 652
607 929
607 725
607 586
325 716
325 370
325 31
325 850
325 310
325 69
325 725
716 370
716 229
716 554
370 134
370 586
846 492
846 663
846 134
846 914
846 784
846 986
273 492
273 330
273 771
273 963
273 871
273 186
273 174
273 933
273 796
273 327
273 850
273 119
273 391
273 728
273 421
273 955
273 1085
273 562
273 323
273 333
273 200
1022 387
1022 772
1022 283
1022 901
1022 690
163 428
163 395
163 568
163 108
163 735
163 669
163 810
523 335
523 836
523 263
523 522
523 498
31 442
31 467
31 229
31 554
31 929
31 867
31 307
31 605
31 171
31 502
31 314
31 210
31 66
960 329
960 108
960 256
960 176
960 836
960 175
492 330
492 799
492 871
492 744
492 229
492 186
492 174
492 933
492 327
492 225
492 830
492 381
492 403
492 391
492 69
492 929
492 943
492 986
492 217
492 599
818 883
818 619
818 887
608 391
608 851
608 986
608 502
685 464
685 687
685 669
685 646
297 1086
297 136
231 19
231 1059
231 772
231 30
231 286
231 120
231 720
231 1025
880 871
880 568
880 123
880 39
880 993
177 887
177 142
177 1040
177 42
177 731
663 871
663 305
663 888
663 1064
664 763
520 241
520 292
520 1017
241 292
241 330
241 470
241 174
241 554
241 1100
241 449
241 711
292 398
292 1076
292 283
292 1017
292 1100
292 600
292 1128
398 330
398 470
398 963
398 871
398 134
398 996
398 850
398 119
398 784
398 929
330 470
330 771
330 963
330 871
330 186
330 301
330 850
330 728
330 929
330 238
330 622
470 604
470 174
470 1008
799 771
799 174
799 892
799 327
799 850
799 225
799 830
771 174
771 892
771 327
771 955
771 66
676 871
676 113
567 291
567 244
567 908
567 335
567 145
567 427
567 532
567 882
567 996
567 161
567 1080
0 305
0 88
689 619
689 707
689 76
428 406
428 1015
428 73
428 243
428 804
428 683
1046 287
1046 881
1046 355
1046 230
1046 1072
1046 923
581 301
581 1086
581 1100
883 1011
239 376
239 897
239 230
239 268
239 566
239 752
939 236
939 981
106 864
106 1026
106 468
106 669
106 924
550 506
550 513
550 244
550 1117
550 438
550 712
550 878
550 172
550 1128
550 356
550 352
550 639
763 1041
763 287
763 642
763 301
763 497
763 897
763 164
763 1100
763 468
763 955
763 594
763 392
763 679
763 53
864 354
864 382
864 814
864 513
864 36
963 391
963 929
963 600
963 936
503 118
503 358
503 558
503 401
503 1121
503 412
503 5
503 49
383 301
383 829
383 720
383 1
871 887
871 229
871 604
871 186
871 174
871 933
871 409
871 829
871 327
871 850
871 119
871 403
871 391
871 728
871 955
871 1085
871 562
871 323
871 333
871 622
282 315
68 442
299 860
299 174
299 283
299 119
442 983
442 441
946 610
946 742
1059 712
1059 772
1059 30
1059 286
1059 345
1059 433
467 610
467 229
467 182
467 113
467 1100
467 421
467 478
1002 294
1002 260
1002 710
1002 427
1002 20
1002 187
387 887
387 609
387 312
387 65
387 1114
376 700
376 947
376 714
376 406
376 230
376 91
376 268
376 752
376 525
537 930
399 1021
399 1017
260 513
260 244
260 335
260 882
260 855
260 839
260 754
260 85
291 660
291 930
291 1112
291 187
291 532
291 272
291 543
291 568
291 882
291 988
291 761
291 1080
291 368
291 125
291 977
816 406
816 230
816 829
1041 224
1041 1040
1041 150
1041 208
1041 726
1041 778
1041 508
1041 82
1041 483
1041 989
1041 261
1041 565
1041 998
1041 192
1041 534
1041 455
660 1112
660 187
660 272
660 236
930 99
930 468
930 368
619 887
619 40
395 893
395 208
395 164
395 59
395 669
395 679
395 377
395 789
1021 439
1021 687
1021 669
1021 913
1021 498
1021 453
1021 979
1021 436
287 3
287 947
287 406
287 881
287 961
287 355
287 1039
287 897
287 230
287 202
287 923
287 643
287 683
287 53
287 748
287 195
287 997
287 313
287 736
287 540
287 747
287 791
710 164
627 298
627 1064
627 368
627 527
224 208
224 483
224 989
224 27
224 237
224 998
224 534
224 678
422 142
422 1019
744 1015
744 145
744 1102
744 423
744 444
744 451
744 117
418 887
418 149
418 145
418 187
418 272
418 236
418 206
418 724
418 758
418 1056
418 125
887 800
887 174
887 1045
887 305
887 484
887 839
887 440
887 1121
887 14
887 978
887 107
149 513
149 860
149 976
149 592
149 839
3 355
3 142
3 202
3 1072
3 923
3 407
363 857
700 542
700 897
700 1127
700 496
700 525
700 748
700 374
506 1007
506 354
506 1117
506 202
506 1034
947 542
947 881
947 139
947 683
947 752
947 748
947 1122
954 230
390 1007
390 178
390 897
390 230
390 496
390 566
390 296
1007 542
1007 547
1007 460
1007 536
1007 566
1007 752
1007 296
178 961
178 897
178 230
178 988
178 315
178 572
178 1127
178 92
178 454
178 1010
714 496
714 172
714 683
542 406
542 881
542 961
542 382
542 814
542 105
542 230
542 67
542 1127
542 932
542 683
542 85
542 997
542 374
542 785
542 834
542 234
542 249
406 881
406 145
406 230
406 1127
406 1034
406 823
406 683
406 736
354 1117
354 36
354 73
881 355
881 7
881 202
881 923
881 643
881 683
881 748
881 313
881 1122
961 230
961 202
961 747
961 443
961 60
800 809
800 547
800 774
800 365
800 884
800 240
800 852
269 114
114 382
114 712
114 105
114 67
114 164
114 834
809 74
809 774
809 365
809 345
809 884
809 536
809 240
809 517
322 810
382 67
382 834
339 814
339 439
339 357
339 810
339 535
814 687
814 679
814 949
513 779
513 244
513 1117
513 12
513 182
513 158
513 67
513 554
860 145
860 1102
860 247
860 236
860 298
860 998
257 773
257 305
257 925
229 145
229 174
229 327
229 850
229 554
229 914
229 929
229 867
229 605
229 171
229 314
229 167
773 305
773 732
773 611
779 438
779 405
244 438
244 712
244 604
244 158
244 67
244 69
244 851
244 352
1117 438
1117 529
1117 67
1117 243
438 976
438 138
438 167
1018 30
1018 1100
1018 421
1018 914
1018 478
1018 110
1018 725
1018 600
1018 1128
1018 711
1018 1070
355 230
355 202
355 1072
355 923
355 407
918 1003
1112 693
466 948
466 673
466 609
466 886
466 1000
466 571
466 839
976 781
976 1040
976 423
976 444
976 789
105 67
1015 984
1015 497
1015 803
1015 444
1015 358
1015 431
122 1040
404 781
404 1045
404 263
404 440
404 551
984 145
984 444
984 358
781 1045
781 904
631 754
90 77
948 272
948 965
948 829
948 996
948 425
948 510
1039 707
1039 202
908 93
335 754
335 331
783 145
783 368
186 174
186 283
186 850
186 119
186 391
186 914
186 562
186 333
301 1045
301 136
301 278
301 829
301 1127
301 1014
301 407
142 136
142 312
142 1127
142 1014
497 1061
497 431
497 890
145 756
145 230
145 427
145 236
145 444
145 91
145 425
145 54
756 444
174 933
174 892
174 283
174 850
174 119
174 554
174 391
174 728
174 955
174 1085
174 562
174 323
174 333
636 427
636 988
636 232
636 869
636 203
897 230
897 7
897 1127
897 268
897 496
897 172
897 932
897 975
897 525
897 2
733 673
733 829
733 1100
733 914
733 478
733 558
733 368
733 369
280 305
958 305
958 691
958 1014
1045 263
1045 904
1045 440
1045 551
969 611
219 318
435 558
435 263
435 440
435 551
435 637
435 349
158 427
158 1040
158 187
158 272
158 236
158 888
158 206
230 1040
230 236
230 1127
230 512
230 1072
230 268
230 923
230 496
230 172
230 932
230 566
230 683
230 752
230 747
7 91
7 268
7 454
165 334
165 433
427 150
427 543
427 236
427 162
427 203
1061 459
933 480
933 850
933 391
933 728
933 1085
933 562
933 323
933 333
464 707
464 1026
464 646
464 498
305 945
305 88
1040 208
1040 726
1040 316
1040 543
1040 1026
1040 593
1040 597
1040 460
1040 653
1040 652
1040 143
1040 1111
1040 216
1040 585
1040 896
575 863
136 153
1048 202
772 286
772 1107
772 345
233 988
233 888
233 315
233 439
233 66
20 1102
20 696
555 117
555 121
187 272
187 103
187 543
187 236
187 829
187 206
187 724
187 855
187 758
187 359
187 1056
187 522
187 162
187 767
61 882
892 134
892 327
892 554
892 225
892 658
892 381
892 403
892 391
892 909
892 293
892 361
892 46
134 327
134 283
134 850
134 225
134 658
134 953
134 293
673 609
673 480
673 983
673 283
673 605
673 1104
341 65
341 830
341 55
341 629
609 886
609 1000
609 571
609 1092
480 283
1118 788
1118 690
651 150
150 208
150 778
150 82
150 272
150 565
150 597
150 611
150 813
150 522
150 978
150 2
150 912
886 571
886 1107
886 690
1000 283
1000 788
1000 14
571 852
1019 508
1019 82
208 778
208 511
208 611
208 265
726 778
131 76
67 834
471 348
471 1044
471 217
1011 76
118 707
118 358
118 762
118 494
118 266
316 1096
316 679
707 40
707 731
707 217
707 402
707 757
707 638
707 109
707 21
641 436
1096 439
1096 127
278 740
778 603
508 82
508 534
483 998
989 888
895 409
905 742
905 1030
511 76
796 554
796 784
348 76
348 1044
348 806
348 217
348 494
409 603
409 455
1102 888
312 264
312 247
312 521
312 1076
264 247
247 521
718 1075
718 690
718 1105
1092 65
1092 612
484 236
484 1008
484 1075
983 857
983 30
983 1100
925 416
115 232
272 543
272 236
272 206
272 724
272 855
543 206
543 522
568 329
568 108
568 277
568 836
568 810
488 1062
488 1025
488 922
488 533
488 1131
1026 232
236 698
236 888
236 206
236 855
236 80
236 869
329 261
329 108
329 841
329 175
329 21
882 597
988 315
988 572
988 1084
698 516
338 1064
74 365
74 766
593 833
593 839
593 1033
547 365
547 536
547 517
965 448
829 1024
829 30
829 220
829 261
829 679
829 525
829 143
761 955
774 365
315 572
315 232
315 147
1024 955
71 416
365 811
65 857
65 690
42 1100
42 33
30 33
30 1113
30 934
286 345
286 388
286 1025
286 825
439 669
687 669
687 831
220 1075
996 752
996 344
572 243
572 92
572 804
572 454
572 1010
572 249
572 159
59 277
59 232
59 125
1127 91
1127 496
1127 374
1127 454
1127 159
945 1014
945 469
945 734
945 88
423 793
423 16
423 167
138 9
166 39
166 254
597 754
808 1049
587 603
327 658
327 953
327 381
327 909
327 100
327 293
327 361
327 986
327 599
327 980
283 850
283 119
283 554
283 1105
283 120
850 119
850 391
850 728
850 1085
850 562
850 323
850 333
850 200
911 1017
911 502
911 711
911 936
119 784
554 391
554 293
554 314
554 210
554 66
1017 1029
1017 711
1017 936
491 998
732 238
903 900
788 14
225 953
225 403
225 473
225 293
658 830
658 953
658 403
658 1075
658 293
830 953
830 403
830 909
830 293
953 403
953 293
403 909
403 55
765 76
256 841
841 1049
391 1100
391 728
391 1085
391 562
391 323
391 333
202 1072
202 923
202 748
202 540
202 747
202 791
202 60
202 872
99 824
99 1062
357 535
444 9
444 358
444 431
444 191
528 237
8 1028
206 724
206 522
724 758
724 147
724 767
693 522
693 112
855 758
1008 502
237 725
1100 421
1100 914
1100 478
1100 955
1107 690
1075 690
310 1085
310 69
310 652
310 605
310 1036
728 1085
728 562
728 323
728 333
900 49
900 143
900 216
900 494
900 1089
437 421
9 904
9 349
197 255
720 499
386 910
1072 923
1072 313
1072 407
1072 344
421 914
421 478
460 566
460 296
1049 836
970 277
91 972
91 92
91 496
298 1064
758 1056
758 522
758 890
999 232
358 431
268 172
268 1034
268 1122
268 475
84 2
425 502
914 478
914 1128
478 481
839 784
839 125
839 518
839 743
839 51
284 746
284 766
669 498
92 374
92 1010
92 249
92 159
923 407
923 60
496 374
496 296
496 249
496 159
232 924
127 932
265 172
265 932
265 823
265 40
265 577
784 713
558 401
558 412
558 49
793 39
793 993
793 167
146 502
146 713
172 932
172 1034
172 577
932 577
1034 823
1034 374
1034 454
1034 1106
884 285
240 825
955 694
1085 562
1085 323
1085 333
562 323
562 333
323 333
110 652
110 725
110 1036
69 200
69 212
652 725
652 401
307 605
307 171
307 502
307 314
307 210
307 66
307 977
605 171
605 502
605 314
605 66
725 1044
725 1036
594 750
647 16
16 890
263 440
263 349
600 1128
600 1070
401 141
401 5
401 49
401 143
401 216
1128 711
1128 936
967 49
967 143
967 216
967 494
967 1089
440 551
440 637
440 349
392 879
171 314
171 66
169 1084
643 53
40 313
1044 217
975 2
824 1031
703 977
703 556
1121 412
1121 49
1062 1025
1062 922
909 100
909 361
100 851
851 986
754 1056
162 80
566 683
566 752
566 296
986 599
986 369
986 980
646 695
731 402
731 21
502 314
502 66
810 688
498 1111
314 66
314 826
1025 922
39 167
993 167
1064 368
711 936
683 752
683 747
683 249
683 577
981 688
356 485
679 949
679 751
5 49
5 143
5 216
5 1089
49 143
49 216
49 585
49 1089
368 504
453 436
453 1111
436 1111
313 155
736 344
747 60
978 216
978 494
374 454
374 1010
374 249
374 159
1010 249
1010 159
249 159
60 577
431 583
349 1089
143 216
143 585
143 494
143 1089
216 585
216 494
216 1089
585 1089
767 250
494 266
402 21
402 111
922 34
533 1131
831 267
159 577
267 267
