0 238
1 876
2 419
3 753
4 1127
5 240
6 470
7 412
8 452
9 799
10 21
11 29
12 816
13 182
14 90
15 278
16 1064
17 205
18 1026
19 690
20 1005
21 106
22 158
23 421
24 1024
25 955
26 837
27 477
28 655
29 286
30 316
31 307
32 652
33 343
34 358
35 839
36 122
37 606
38 994
39 548
40 243
41 1097
42 116
43 764
44 999
45 120
46 572
47 420
48 714
49 18
50 431
51 941
52 755
53 532
54 327
55 347
56 1087
57 536
58 444
59 166
60 631
61 1132
62 134
63 797
64 2
65 957
66 41
67 1086
68 800
69 149
70 75
71 232
72 233
73 74
74 219
75 952
76 605
77 187
78 909
79 913
80 906
81 138
82 731
83 172
84 787
85 851
86 253
87 805
88 809
89 48
90 13
91 494
92 892
93 389
94 599
95 858
96 554
97 725
98 273
99 168
100 549
101 546
102 778
103 487
104 760
105 330
106 621
107 940
108 788
109 1075
110 336
111 518
112 989
113 89
114 1095
115 991
116 36
117 966
118 98
119 84
120 339
121 140
122 425
123 846
124 445
125 1101
126 406
127 178
128 771
129 1023
130 1109
131 1082
132 92
133 395
134 391
135 247
136 1130
137 980
138 1004
139 385
140 274
141 1029
142 874
143 461
144 979
145 564
146 610
147 170
148 588
149 743
150 934
151 722
152 1048
153 565
154 76
155 985
156 109
157 137
158 637
159 157
160 785
161 184
162 124
163 583
164 945
165 25
166 891
167 639
168 580
169 1019
170 70
171 40
172 660
173 206
174 433
175 360
176 720
177 643
178 688
179 870
180 604
181 256
182 689
183 821
184 143
185 39
186 882
187 908
188 693
189 165
190 616
191 498
192 664
193 912
194 277
195 598
196 521
197 374
198 551
199 208
200 509
201 984
202 376
203 819
204 415
205 880
206 675
207 946
208 464
209 746
210 16
211 987
212 282
213 281
214 483
215 828
216 656
217 500
218 393
219 440
220 344
221 1108
222 706
223 687
224 114
225 566
226 749
227 251
228 939
229 890
230 665
231 780
232 848
233 758
234 762
235 718
236 83
237 151
238 910
239 814
240 215
241 236
242 426
243 133
244 87
245 211
246 254
247 203
248 455
249 712
250 926
251 911
252 171
253 1121
254 335
255 950
256 348
257 866
258 863
259 730
260 578
261 462
262 475
263 982
264 568
265 442
266 667
267 285
268 1003
269 502
270 399
271 1124
272 949
273 361
274 427
275 284
276 1041
277 131
278 404
279 199
280 20
281 553
282 704
283 231
284 748
285 369
286 1042
287 260
288 556
289 481
290 1049
291 699
292 179
293 710
294 456
295 346
296 12
297 229
298 659
299 443
300 815
301 188
302 1079
303 849
304 1007
305 786
306 988
307 1120
308 859
309 903
310 51
311 577
312 519
313 216
314 668
315 520
316 524
317 1085
318 380
319 792
320 585
321 342
322 141
323 459
324 436
325 1116
326 736
327 776
328 473
329 563
330 562
331 410
332 301
333 635
334 148
335 904
336 811
337 590
338 951
339 527
340 126
341 645
342 741
343 7
344 661
345 529
346 418
347 1114
348 1000
349 856
350 703
351 622
352 411
353 312
354 434
355 454
356 591
357 479
358 978
359 883
360 296
361 22
362 323
363 1037
364 62
365 1098
366 129
367 368
368 1102
369 117
370 750
371 570
372 975
373 1050
374 447
375 305
376 218
377 224
378 198
379 108
380 118
381 422
382 1080
383 1014
384 189
385 145
386 602
387 671
388 1017
389 719
390 161
391 705
392 995
393 367
394 998
395 451
396 152
397 417
398 1028
399 54
400 801
401 214
402 573
403 677
404 977
405 201
406 962
407 156
408 15
409 354
410 1076
411 914
412 648
413 516
414 889
415 100
416 759
417 81
418 534
419 403
420 4
421 409
422 53
423 255
424 1016
425 1032
426 139
427 34
428 907
429 9
430 394
431 110
432 396
433 364
434 506
435 1006
436 217
437 545
438 496
439 88
440 822
441 897
442 1090
443 174
444 67
445 276
446 918
447 896
448 93
449 279
450 264
451 242
452 331
453 1071
454 611
455 729
456 468
457 1027
458 795
459 644
460 1015
461 501
462 958
463 195
464 52
465 1125
466 627
467 86
468 334
469 877
470 576
471 390
472 1054
473 922
474 888
475 414
476 230
477 948
478 727
479 196
480 732
481 63
482 607
483 194
484 162
485 861
486 827
487 842
488 493
489 485
490 111
491 609
492 388
493 1105
494 1111
495 315
496 372
497 954
498 569
499 352
500 448
501 17
502 491
503 1053
504 467
505 899
506 900
507 503
508 488
509 384
510 935
511 575
512 547
513 80
514 615
515 993
516 115
517 482
518 38
519 340
520 691
521 670
522 244
523 259
524 695
525 14
526 550
527 650
528 944
529 428
530 640
531 378
532 258
533 1031
534 1083
535 37
536 280
537 916
538 626
539 363
540 682
541 581
542 1096
543 633
544 757
545 854
546 1020
547 796
548 807
549 803
550 239
551 402
552 1081
553 802
554 478
555 1033
556 535
557 1068
558 1112
559 318
560 685
561 223
562 636
563 560
564 101
565 212
566 1084
567 27
568 833
569 522
570 526
571 783
572 177
573 734
574 884
575 744
576 662
577 392
578 202
579 370
580 887
581 155
582 377
583 59
584 1070
585 1025
586 289
587 495
588 735
589 579
590 857
591 694
592 942
593 499
594 901
595 297
596 707
597 11
598 1058
599 658
600 561
601 804
602 878
603 938
604 740
605 767
606 222
607 530
608 881
609 1038
610 886
611 44
612 250
613 191
614 653
615 593
616 818
617 204
618 267
619 103
620 505
621 789
622 383
623 974
624 480
625 956
626 1103
627 594
628 603
629 865
630 102
631 304
632 595
633 42
634 193
635 153
636 1063
637 33
638 517
639 794
640 713
641 1018
642 965
643 1117
644 366
645 30
646 375
647 23
648 820
649 630
650 869
651 538
652 745
653 574
654 1078
655 589
656 8
657 504
658 290
659 1061
660 176
661 1059
662 679
663 841
664 915
665 770
666 466
667 287
668 850
669 50
670 490
671 308
672 996
673 322
674 775
675 765
676 66
677 972
678 371
679 600
680 497
681 969
682 1128
683 28
684 257
685 123
686 927
687 121
688 614
689 317
690 175
691 350
692 136
693 543
694 1092
695 283
696 973
697 697
698 997
699 1057
700 1118
701 552
702 471
703 928
704 990
705 967
706 1100
707 465
708 56
709 325
710 77
711 5
712 31
713 587
714 365
715 1110
716 1
717 60
718 1122
719 929
720 46
721 761
722 294
723 302
724 35
725 119
726 64
727 266
728 544
729 1021
730 486
731 715
732 130
733 288
734 190
735 709
736 416
737 181
738 708
739 146
740 947
741 752
742 763
743 292
744 275
745 817
746 68
747 338
748 299
749 1002
750 1088
751 142
752 309
753 1104
754 99
755 484
756 507
757 558
758 931
759 147
760 860
761 173
762 1066
763 1115
764 26
765 608
766 528
767 180
768 1107
769 531
770 936
771 19
772 855
773 246
774 381
775 623
776 791
777 1072
778 852
779 825
780 847
781 508
782 1129
783 772
784 207
785 353
786 515
787 235
788 766
789 82
790 646
791 95
792 1093
793 476
794 85
795 341
796 458
797 32
798 680
799 183
800 559
801 313
802 333
803 678
804 10
805 332
806 943
807 248
808 291
809 754
810 186
811 113
812 905
813 629
814 373
815 213
816 150
817 742
818 1113
819 386
820 382
821 78
822 843
823 1045
824 601
825 711
826 525
827 806
828 873
829 781
830 853
831 684
832 875
833 387
834 702
835 1034
836 961
837 359
838 221
839 1035
840 777
841 6
842 314
843 717
844 1073
845 262
846 135
847 163
848 721
849 898
850 542
851 311
852 270
853 571
854 960
855 838
856 401
857 1046
858 540
859 413
860 663
861 69
862 541
863 71
864 992
865 127
866 1077
867 397
868 919
869 716
870 539
871 826
872 867
873 1074
874 1009
875 681
876 976
877 439
878 728
879 739
880 844
881 24
882 319
883 632
884 55
885 3
886 1089
887 613
888 673
889 349
890 511
891 61
892 164
893 674
894 1001
895 968
896 824
897 107
898 620
899 1106
900 628
901 618
902 812
903 971
904 983
905 263
906 424
907 200
908 669
909 768
910 582
911 596
912 57
913 738
914 617
915 489
916 624
917 619
918 268
919 924
920 893
921 324
922 398
923 446
924 463
925 1010
926 96
927 457
928 97
929 58
930 492
931 733
932 453
933 154
934 1119
935 597
936 91
937 513
938 227
939 894
940 672
941 932
942 379
943 234
944 700
945 1011
946 676
947 523
948 65
949 237
950 261
951 823
952 782
953 612
954 537
955 241
956 1008
957 724
958 300
959 228
960 1047
961 930
962 533
963 920
964 1012
965 1126
966 774
967 437
968 698
969 355
970 864
971 226
972 751
973 831
974 47
975 557
976 512
977 784
978 407
979 829
980 271
981 185
982 964
983 1065
984 647
985 167
986 895
987 430
988 303
989 963
990 49
991 45
992 345
993 649
994 351
995 326
996 970
997 72
998 641
999 1069
1000 862
1001 586
1002 0
1003 272
1004 125
1005 737
1006 1044
1007 450
1008 692
1009 959
1010 79
1011 1056
1012 871
1013 726
1014 432
1015 836
1016 159
1017 362
1018 73
1019 845
1020 567
1021 1022
1022 310
1023 252
1024 104
1025 423
1026 197
1027 220
1028 408
1029 1094
1030 756
1031 634
1032 514
1033 1131
1034 472
1035 210
1036 840
1037 683
1038 435
1039 1030
1040 328
1041 953
1042 917
1043 249
1044 169
1045 654
1046 209
1047 666
1048 298
1049 293
1050 43
1051 510
1052 1051
1053 832
1054 132
1055 769
1056 329
1057 320
1058 779
1059 1043
1060 1040
1061 696
1062 295
1063 400
1064 192
1065 105
1066 337
1067 1123
1068 94
1069 1036
1070 638
1071 356
1072 555
1073 921
1074 1052
1075 469
1076 625
1077 306
1078 405
1079 651
1080 438
1081 441
1082 474
1083 321
1084 933
1085 1013
1086 225
1087 657
1088 642
1089 885
1090 1055
1091 798
1092 793
1093 835
1094 592
1095 1091
1096 808
1097 879
1098 813
1099 269
1100 986
1101 872
1102 1067
1103 1099
1104 834
1105 747
1106 160
1107 265
1108 923
1109 925
1110 144
1111 902
1112 449
1113 112
1114 1039
1115 429
1116 937
1117 701
1118 584
1119 128
1120 1062
1121 790
1122 773
1123 981
1124 723
1125 1060
1126 810
1127 868
1128 686
1129 460
1130 830
1131 357
1132 245
