632 1021
632 85
632 404
632 1110
632 855
632 518
632 595
632 507
632 429
632 712
632 787
632 116
632 676
632 889
632 339
632 972
632 64
632 1054
632 559
632 963
632 654
632 161
632 866
632 768
632 682
632 536
632 137
632 227
632 34
632 336
1021 85
1021 404
1021 855
1021 518
1021 595
1021 507
1021 429
1021 712
1021 116
1021 339
1021 64
1021 1054
1021 559
1021 654
1021 866
1021 119
1021 278
1021 588
1021 1057
1021 625
1021 751
1021 800
85 404
85 855
85 518
85 595
85 507
85 712
85 787
85 116
85 339
85 64
85 1054
85 559
85 963
85 654
85 161
85 536
85 137
85 588
85 697
85 1046
85 300
85 659
85 626
85 1041
85 430
85 248
85 1101
85 358
85 1005
85 475
85 1074
85 605
85 342
85 743
85 1018
85 762
404 712
404 654
404 248
404 508
404 251
404 1073
404 175
404 824
404 1115
404 738
404 766
404 423
404 830
404 840
404 570
404 395
404 14
404 1044
404 894
1110 855
1110 116
1110 206
1110 224
1110 434
1110 710
1110 363
1110 723
1110 490
855 518
855 595
855 116
855 339
855 64
855 654
855 536
855 137
855 588
855 893
855 38
855 33
855 784
855 607
855 361
855 962
855 786
518 507
518 429
518 116
518 889
518 339
518 1054
518 654
518 137
518 710
518 360
518 629
518 598
518 215
518 80
518 483
518 1052
518 1004
518 109
518 219
518 26
518 35
518 1048
595 654
595 137
595 521
595 965
507 429
507 116
507 339
507 963
507 654
507 866
507 34
507 300
507 910
507 1083
507 693
507 337
507 324
429 339
429 866
429 34
429 588
429 14
429 268
429 604
429 733
429 551
429 377
429 668
429 45
429 621
429 685
429 818
429 969
429 780
429 199
429 150
429 181
429 280
429 573
429 861
429 879
429 637
429 617
429 1034
429 600
712 64
712 1054
712 559
712 654
712 768
712 536
712 430
712 206
712 797
712 562
712 932
712 1000
712 957
712 482
712 173
712 289
787 607
787 103
787 400
787 1106
787 5
787 1020
787 601
787 77
787 76
787 236
787 916
787 850
787 131
787 760
787 458
787 568
116 676
116 339
116 64
116 654
116 866
116 137
116 430
116 395
116 710
116 337
116 568
116 145
116 520
116 309
116 155
116 1123
116 956
116 2
676 889
676 339
676 866
676 278
676 588
676 893
676 324
676 733
676 377
676 280
676 573
676 482
676 547
676 658
676 189
676 641
676 769
676 934
676 989
676 70
676 484
676 688
676 1119
676 449
676 420
676 876
676 829
676 557
676 405
676 650
676 708
676 967
676 469
676 1009
889 161
889 278
889 588
889 710
889 483
889 573
889 70
889 369
889 673
889 259
889 924
889 7
889 159
889 466
889 75
889 62
339 866
339 34
339 278
339 588
339 762
339 363
339 693
339 268
339 280
339 637
339 1034
339 929
339 264
339 132
339 892
339 61
339 470
339 928
339 426
339 678
339 512
339 310
339 1127
339 171
339 90
339 755
339 123
339 925
339 233
339 356
339 539
339 287
339 69
339 514
339 814
339 1032
339 421
339 534
339 1078
339 790
339 663
339 976
972 866
972 588
972 621
972 943
972 438
972 647
64 1054
64 963
64 654
64 161
64 768
64 682
64 536
64 800
64 697
64 380
64 185
64 977
1054 559
1054 536
1054 800
1054 300
1054 14
1054 33
1054 962
1054 199
1054 173
1054 924
1054 1116
1054 125
1054 315
1054 18
1054 271
1054 801
1054 912
1054 47
1054 144
1054 115
1054 900
1054 808
559 654
559 300
559 626
559 475
559 38
559 337
559 977
559 271
559 51
559 98
559 180
559 690
963 161
963 768
963 697
963 1046
963 300
963 248
963 1101
963 475
963 743
963 1018
963 1073
963 215
963 910
963 1083
963 693
963 324
963 155
963 755
963 356
963 514
963 943
963 900
963 252
963 692
963 223
963 411
963 1064
963 297
963 381
963 1059
963 263
963 1012
963 352
963 528
963 302
963 299
963 812
963 718
963 890
654 536
654 119
654 800
161 768
161 800
161 697
161 659
161 626
161 1041
161 430
161 248
161 475
161 743
161 893
161 219
161 1000
161 957
161 1020
161 1009
161 61
161 1127
161 185
161 125
161 808
161 692
161 352
161 804
161 249
161 321
161 307
161 587
161 901
161 31
161 335
161 881
161 564
161 432
161 770
161 97
161 509
161 566
161 583
161 114
161 221
161 1003
161 609
161 822
161 717
161 73
866 34
866 278
866 588
866 251
866 14
866 268
866 604
866 733
866 377
866 621
866 685
866 780
866 199
866 150
866 573
866 989
866 70
866 876
866 557
866 1009
866 249
866 553
866 891
866 136
866 322
866 980
866 702
866 36
866 635
866 699
866 618
866 935
866 284
866 847
768 682
768 697
768 175
768 1115
768 879
768 185
768 115
768 307
768 136
768 955
768 22
768 320
768 1080
768 402
768 611
536 800
536 14
536 962
536 1004
536 924
536 125
536 18
536 912
536 115
536 509
536 827
536 753
536 926
536 1051
137 588
137 1009
137 271
137 1003
137 102
137 67
227 236
227 191
227 979
227 503
227 212
227 44
227 84
227 914
34 588
34 1005
34 650
34 132
34 61
34 678
34 512
34 539
34 534
34 1071
34 242
34 207
34 694
34 428
34 798
34 499
34 674
34 535
34 1023
34 105
34 504
336 430
336 743
336 1083
336 155
336 310
336 51
336 252
336 381
336 812
336 453
336 838
336 347
336 691
336 540
336 656
336 166
336 777
336 610
336 187
336 459
336 974
119 1085
278 588
278 199
278 484
588 1018
588 14
588 268
588 1009
588 102
588 887
588 968
800 1074
800 315
800 271
800 144
800 51
800 1012
800 881
800 509
800 838
800 1011
800 6
800 919
800 179
800 441
800 736
800 882
800 608
800 624
800 992
697 300
697 659
697 626
697 430
697 248
697 475
697 605
697 693
697 324
697 185
697 808
697 252
697 692
697 297
697 307
697 212
697 44
697 691
697 480
697 541
697 911
697 960
697 446
1046 659
1046 248
1046 1101
1046 1005
1046 743
1046 1018
1046 762
1046 251
1046 693
1046 155
1046 1127
1046 31
1046 699
1046 777
1046 480
1046 541
1046 489
1046 884
1046 584
1046 276
1046 820
1046 101
1046 451
1046 261
1046 771
300 248
300 1101
300 358
300 475
300 1074
300 743
300 1115
300 786
300 1052
300 910
300 337
300 1000
300 957
300 62
300 132
300 356
300 912
300 115
300 252
300 692
300 223
300 297
300 718
300 804
300 881
300 691
300 656
300 992
300 480
300 541
300 446
300 767
300 945
300 48
300 1069
300 831
300 291
300 450
300 774
300 1118
300 353
300 975
300 802
659 1041
659 430
659 475
659 607
659 1083
659 693
659 1000
659 155
659 252
659 564
659 611
659 44
659 691
659 540
659 166
659 610
659 187
659 480
659 541
659 911
659 831
659 975
659 174
659 1067
659 465
659 683
659 498
659 23
659 612
659 211
659 313
659 949
659 582
659 142
659 88
659 129
659 341
659 487
659 602
659 281
659 1086
659 653
659 94
659 365
659 253
659 82
659 373
626 248
626 125
626 808
626 335
626 822
626 118
1041 605
1041 957
1041 691
1041 1085
1041 683
1041 612
1041 849
1041 162
1041 622
1041 217
1041 834
1041 160
1041 922
1041 999
1041 157
430 475
430 743
430 206
430 932
430 62
430 185
430 381
430 812
430 540
430 736
430 541
430 276
430 653
430 91
430 706
430 182
430 552
430 636
430 505
430 454
430 225
430 93
430 959
430 885
248 358
248 605
248 508
248 251
248 1073
248 1115
248 766
248 830
248 570
248 395
248 1044
248 894
248 38
248 51
248 692
248 822
248 608
248 480
248 291
248 653
248 157
248 60
248 66
248 194
248 130
248 165
248 311
248 700
1101 1083
1101 610
1101 210
358 284
358 691
358 771
358 435
1005 743
1005 1018
1005 762
1005 710
1005 490
1005 80
1005 693
1005 685
1005 617
1005 259
1005 512
1005 310
1005 755
1005 69
1005 51
1005 335
1005 97
1005 699
1005 611
1005 1071
1005 428
1005 798
1005 535
1005 105
1005 504
1005 1011
1005 584
1005 820
1005 582
1005 122
1005 698
1005 517
1005 554
1005 392
1005 384
1005 761
1005 1024
475 605
475 38
475 62
475 977
475 51
475 252
475 812
475 564
475 44
475 674
475 540
475 187
475 480
475 771
475 767
475 373
475 216
475 860
1074 743
1074 762
1074 693
1074 302
1074 335
1074 114
1074 187
1074 974
1074 992
1074 480
1074 261
1074 767
1074 378
1074 15
1074 464
1074 648
1074 294
1074 907
1074 226
605 38
605 617
605 932
605 957
605 76
605 155
605 1009
605 977
605 51
605 411
605 1012
605 335
605 136
605 914
605 540
605 166
605 974
605 608
605 276
605 451
605 771
605 253
605 999
605 193
605 971
605 240
605 1063
605 502
605 908
605 254
605 108
605 681
605 126
342 894
743 710
743 786
743 573
743 369
743 259
743 7
743 466
743 62
743 31
743 914
743 453
743 347
743 540
743 919
743 480
743 975
743 240
743 128
743 661
743 403
743 237
743 572
743 1043
1018 762
1018 693
1018 617
1018 512
1018 812
1018 1071
1018 674
1018 884
1018 569
1018 593
762 363
762 693
762 617
762 932
762 132
762 61
762 512
762 310
762 123
762 356
762 287
762 69
762 514
762 381
762 980
762 699
762 105
762 691
762 166
762 884
762 101
762 582
762 88
762 517
762 591
762 374
762 1030
762 913
762 266
508 251
508 1073
508 1115
508 766
508 423
508 830
508 395
508 894
508 315
508 822
508 291
508 505
508 60
508 152
508 351
508 424
508 585
508 338
508 630
508 526
508 931
508 295
508 964
508 836
508 722
508 826
251 1073
251 1115
251 766
251 830
251 840
251 395
251 894
251 324
251 377
251 573
251 929
251 755
251 352
251 822
251 891
251 608
251 291
251 129
251 60
251 392
251 399
251 59
251 986
251 734
251 431
251 1038
251 472
251 634
1073 1115
1073 766
1073 830
1073 395
1073 1044
1073 894
1073 528
1073 822
1073 60
1073 165
1073 856
1073 1013
1073 542
1073 202
175 836
824 766
824 570
824 562
824 690
824 591
824 836
824 387
824 877
824 545
1115 738
1115 766
1115 830
1115 840
1115 1044
1115 894
1115 400
1115 77
1115 131
1115 259
1115 1127
1115 901
1115 1085
1115 1069
1115 291
1115 351
1115 759
1115 293
1115 340
738 1044
738 131
738 66
738 351
738 525
738 941
738 333
738 754
766 423
766 570
766 395
766 894
766 598
766 822
766 295
766 836
766 525
766 41
423 570
423 598
423 822
423 165
423 152
423 351
423 424
423 526
423 295
423 836
423 41
423 1029
423 396
423 24
423 1068
830 395
830 1044
830 894
830 822
830 914
830 767
830 60
830 574
840 115
840 822
840 891
840 165
840 836
840 986
840 734
840 664
840 1058
840 735
840 796
570 395
570 598
570 822
570 291
570 165
570 591
570 836
570 387
570 41
570 1029
570 1095
395 894
395 598
395 1078
395 736
395 276
395 60
395 700
395 860
395 572
395 387
395 525
395 754
395 277
395 27
395 1002
395 1061
395 599
395 1088
395 828
395 286
395 260
14 33
14 268
14 818
14 484
14 688
14 1009
14 271
14 900
14 1003
14 838
14 541
14 860
14 431
14 634
14 657
14 269
14 990
1044 1000
1044 271
1044 66
1044 130
1044 333
1044 1029
1044 991
894 400
894 31
894 822
894 553
894 459
894 608
894 992
894 911
894 945
894 291
894 602
894 93
894 60
894 1063
894 387
894 941
894 41
894 1029
894 433
894 463
894 631
894 677
894 445
894 791
894 757
894 543
894 241
206 629
206 932
206 718
206 881
206 1118
206 975
206 999
206 505
206 225
206 464
206 1043
206 286
206 37
206 154
206 301
206 859
206 589
206 443
224 521
224 617
224 1000
224 924
224 132
224 61
224 755
224 271
224 1012
224 136
224 572
224 293
224 340
224 104
224 756
224 950
224 138
224 923
224 937
224 854
434 916
434 458
434 901
434 480
434 569
434 865
434 571
434 417
434 1121
434 619
434 474
710 893
710 607
710 693
710 818
710 780
710 573
710 236
710 131
710 369
710 259
710 924
710 7
710 466
710 75
710 271
710 901
710 335
710 914
710 1085
710 624
710 602
710 128
710 572
710 1043
710 923
710 1125
710 362
710 1098
710 448
710 806
710 549
710 326
710 839
710 680
710 811
710 530
710 851
363 236
363 61
363 499
363 505
363 100
723 668
723 199
723 150
723 547
723 658
723 557
723 469
723 369
723 470
723 540
723 386
490 693
490 617
490 932
490 482
490 512
490 798
490 777
490 94
490 983
490 479
893 361
893 693
893 685
893 199
893 637
893 547
893 557
893 673
893 132
893 335
893 97
893 584
893 94
893 365
893 479
893 577
893 1122
893 895
893 92
893 703
893 1107
893 376
38 1052
38 1000
38 520
38 171
38 977
38 51
38 180
38 718
38 102
38 540
38 118
38 193
38 240
38 681
38 937
38 933
38 500
38 1047
38 853
33 1052
33 668
33 557
33 967
33 1009
33 512
33 271
33 801
33 144
33 335
33 509
33 583
33 1080
33 926
33 1067
33 118
33 681
33 1095
33 853
33 1053
784 1020
784 900
784 180
784 313
784 258
607 400
607 1106
607 1020
607 76
607 131
607 458
607 568
607 691
607 480
607 851
607 186
361 617
361 600
361 264
361 928
361 90
361 287
361 814
361 1078
361 976
361 36
361 105
361 504
361 1086
361 365
361 735
361 670
361 720
361 134
361 214
361 883
962 1052
962 1004
962 271
962 975
962 130
962 240
962 209
962 303
786 1000
786 369
786 549
360 80
360 264
360 928
360 171
360 1078
360 812
360 735
360 134
360 407
360 779
360 516
629 483
629 240
629 403
629 1113
629 815
629 1028
598 822
598 553
598 602
598 60
598 66
598 165
598 836
598 941
598 41
598 815
598 1028
598 845
598 511
598 550
598 833
598 368
598 1089
215 271
215 528
215 335
215 945
215 860
215 292
215 316
215 43
215 13
215 238
80 155
80 512
80 812
80 73
80 100
80 143
80 939
80 684
80 809
80 425
483 969
483 466
483 62
483 240
483 237
483 1113
483 815
483 997
483 1019
483 1035
483 55
483 318
483 781
483 1060
483 1093
483 52
1052 35
1052 797
1052 173
1052 315
1052 271
1052 144
1052 51
1052 587
1052 608
1052 1118
1052 908
1052 326
1052 209
1052 303
1052 511
1052 1131
1052 1026
1052 687
1052 628
1004 240
1004 687
109 1048
109 1118
109 908
109 1089
109 316
109 416
26 303
26 1060
26 998
26 596
35 957
35 466
35 1113
1048 303
521 617
521 562
521 61
521 307
521 564
521 373
521 569
521 937
521 703
521 667
521 473
965 459
965 48
910 692
910 13
910 135
1083 693
1083 617
1083 957
1083 145
1083 512
1083 534
1083 105
1083 540
1083 373
1083 877
1083 314
693 685
693 617
693 1034
693 369
693 61
693 928
693 678
693 512
693 310
693 1127
693 171
693 90
693 755
693 356
693 69
693 514
693 1032
693 421
693 534
693 185
693 47
693 381
693 812
693 97
693 73
693 36
693 1051
693 428
693 347
693 540
693 166
693 584
693 975
693 582
693 94
693 157
693 505
693 517
693 392
693 15
693 569
693 1030
693 759
693 301
693 577
693 883
693 42
693 696
693 127
693 721
693 148
693 741
693 379
693 878
693 111
693 244
693 274
337 1000
337 173
337 31
337 459
337 446
337 142
337 91
337 885
337 193
337 254
337 1043
337 445
337 853
337 410
337 1039
337 65
337 9
337 679
337 28
337 899
337 792
337 158
337 902
337 695
337 169
337 778
337 272
324 617
324 1009
324 61
324 678
324 755
324 421
324 1059
324 249
324 772
324 1001
324 1022
268 199
268 284
733 818
733 780
733 573
733 1009
733 990
733 839
733 719
377 45
377 199
377 189
377 769
377 989
377 70
377 688
377 708
377 469
377 564
377 1003
377 540
377 541
377 290
377 58
668 199
668 573
668 1000
668 658
668 189
668 70
668 557
668 469
668 990
668 494
45 818
45 708
45 839
45 719
621 438
621 647
621 352
621 136
621 771
621 240
621 1022
621 203
621 707
621 279
685 637
685 617
685 132
685 928
685 512
685 171
685 90
685 755
685 356
685 69
685 514
685 814
685 335
685 97
685 980
685 753
685 1051
685 1011
685 582
685 122
685 392
685 15
685 569
685 591
685 720
685 696
685 878
685 594
685 486
685 783
685 329
685 1100
685 1097
818 780
818 199
818 573
818 932
818 957
818 547
818 989
818 259
818 990
818 839
818 285
969 90
969 761
969 593
969 1058
969 52
969 200
969 330
780 573
780 484
780 839
780 719
199 547
199 189
199 769
199 934
199 70
199 484
199 688
199 449
199 876
199 557
199 650
199 708
199 469
199 1009
199 271
199 847
199 691
199 990
199 362
199 839
199 719
199 71
150 189
150 769
150 934
150 70
150 484
150 449
150 876
150 650
150 362
181 1059
181 136
181 702
181 453
181 347
181 541
181 130
181 37
181 301
181 1117
181 704
181 785
181 1104
573 557
573 369
573 854
573 839
573 372
573 201
861 173
861 1009
861 352
861 136
861 453
861 771
861 130
861 749
861 764
861 79
879 330
637 426
637 925
637 1078
637 97
637 15
637 134
637 379
637 878
637 111
637 149
637 455
617 173
617 1009
617 132
617 61
617 512
617 755
617 123
617 421
617 315
617 180
617 97
617 980
617 699
617 611
617 753
617 428
617 674
617 535
617 130
617 122
617 392
617 1100
617 96
1034 678
1034 1071
1034 42
1034 127
600 132
600 90
600 105
600 365
600 517
600 569
600 494
600 110
600 927
797 1000
797 957
797 173
797 520
797 801
797 847
797 838
797 681
797 526
797 631
797 933
797 292
797 13
797 486
797 985
797 54
797 493
797 1105
797 737
562 690
562 812
562 212
562 347
562 591
562 877
562 589
562 939
562 473
932 1000
932 69
932 801
932 822
932 15
932 152
932 448
1000 957
1000 400
1000 520
1000 185
1000 808
1000 1012
1000 44
1000 187
1000 608
1000 767
1000 831
1000 353
1000 552
1000 378
1000 648
1000 526
1000 826
1000 933
1000 500
1000 550
1000 169
1000 201
1000 172
1000 447
1000 603
1000 970
1000 95
957 916
957 520
957 673
957 61
957 185
957 979
957 691
957 974
957 771
957 211
957 341
957 281
957 311
957 908
957 1043
957 630
957 293
957 1061
957 301
957 326
957 500
957 303
957 511
957 764
957 1033
957 843
957 837
957 1082
957 247
957 1015
482 69
482 402
482 212
482 991
482 448
482 983
482 316
482 285
482 440
482 586
482 1092
173 289
173 1009
173 514
173 125
173 271
173 115
173 900
173 180
173 335
173 428
173 691
173 276
173 1118
173 999
173 505
173 216
173 193
173 240
173 108
173 1095
173 937
173 933
173 853
173 695
173 843
289 125
289 808
103 76
103 236
400 5
400 1020
400 77
400 76
400 236
400 916
400 850
400 131
400 458
400 901
400 22
400 320
400 503
400 212
400 44
400 453
400 691
400 540
400 736
400 480
400 602
400 293
400 340
400 851
400 111
400 665
400 909
400 218
400 888
1106 5
1106 76
1106 458
1106 480
1106 665
1106 942
5 1020
5 76
5 236
5 916
5 131
5 458
5 212
5 691
5 480
5 541
5 373
5 216
5 293
5 577
5 186
5 111
5 942
5 590
1020 76
1020 236
1020 900
1020 566
1020 22
1020 691
1020 1067
1020 602
1020 834
1020 160
1020 999
1020 293
1020 258
1020 186
1020 628
1020 942
1020 1103
1020 944
1020 485
1020 852
1020 1010
1020 701
1020 414
601 101
601 211
601 865
601 1121
601 961
601 527
601 616
77 76
77 131
77 458
77 259
77 144
77 51
77 901
77 347
77 480
77 1069
77 831
77 706
77 851
77 355
77 917
76 236
76 916
76 850
76 131
76 458
76 259
76 1116
76 900
76 914
76 691
76 480
76 276
76 1069
76 194
76 340
76 851
76 742
236 131
236 458
236 369
236 900
236 44
236 480
236 602
236 941
236 851
236 909
236 139
236 1087
916 458
916 755
916 101
916 975
916 851
916 665
850 131
850 458
850 259
850 901
850 1069
850 340
850 851
850 749
850 218
850 742
131 458
131 369
131 51
131 180
131 480
131 373
131 757
131 851
131 577
760 51
458 259
458 180
458 901
458 320
458 1069
458 571
458 1121
458 851
458 942
458 355
458 742
458 1087
458 873
458 156
458 868
568 911
568 602
568 922
568 258
568 186
568 288
568 984
568 835
568 807
568 1070
568 107
145 534
520 144
520 1011
520 919
520 276
520 774
520 353
520 975
520 91
520 552
520 378
520 933
520 500
520 486
309 31
309 335
309 695
309 704
309 493
155 692
155 691
155 540
155 166
155 156
155 371
1123 369
1123 142
1123 487
1123 111
1123 902
1123 732
1123 615
1123 183
1123 184
1123 205
1123 298
956 435
956 1090
2 832
2 1081
2 731
547 369
547 259
547 75
547 376
658 557
658 61
658 470
658 928
658 847
658 105
658 365
658 376
658 927
189 798
189 608
189 59
189 628
189 25
641 769
641 989
641 70
641 420
641 564
641 798
769 934
769 989
769 70
769 449
769 876
769 900
769 847
769 362
934 70
934 650
934 1009
934 584
934 431
989 144
989 990
70 144
70 798
70 990
70 362
70 201
688 986
1119 877
1119 376
449 847
449 362
557 469
557 1009
557 61
557 470
557 928
557 790
557 105
557 582
557 376
557 74
405 1009
405 376
650 690
708 1003
708 719
469 470
469 44
469 1011
469 104
1009 315
1009 801
1009 144
1009 51
1009 583
1009 136
1009 635
1009 284
1009 990
1009 362
1009 195
1009 953
369 259
369 7
369 466
369 75
369 62
369 1085
369 489
369 771
369 1067
369 498
369 129
369 950
369 806
369 549
369 1113
369 1028
369 318
369 985
369 1015
369 590
369 944
369 308
369 725
369 896
673 259
673 466
673 62
673 755
673 335
673 530
673 1122
259 75
259 901
259 320
259 453
259 347
259 480
259 101
259 1069
259 949
259 706
259 1121
259 839
259 851
259 577
259 917
259 868
259 30
924 157
924 130
924 104
924 895
924 815
924 473
924 135
924 843
924 461
7 602
7 572
7 549
7 1053
7 896
159 1063
159 1043
159 1125
159 577
159 853
159 65
159 158
159 169
159 867
159 141
159 952
159 523
466 62
466 240
466 403
466 577
466 1113
466 1019
466 1035
466 393
466 575
75 806
75 549
75 851
62 914
62 240
62 403
62 1019
929 755
929 438
929 411
929 322
929 499
929 15
929 759
929 110
929 897
929 419
264 61
264 171
264 287
264 814
264 1078
264 976
264 504
264 584
264 820
264 365
264 15
264 735
264 670
264 134
264 407
264 779
264 516
264 897
132 61
132 171
132 356
132 249
132 699
132 1071
132 535
132 584
132 582
132 94
132 392
132 111
132 172
132 415
892 352
892 59
892 58
892 279
892 79
892 563
61 470
61 512
61 171
61 123
61 356
61 287
61 514
61 534
61 790
61 144
61 249
61 335
61 97
61 980
61 1071
61 105
61 540
61 584
61 101
61 582
61 392
61 15
61 1030
61 913
61 407
61 783
61 201
61 149
61 415
61 1027
61 905
61 954
470 171
470 287
470 790
470 980
470 105
470 582
470 905
470 522
928 171
928 90
928 755
928 123
928 287
928 814
928 1078
928 976
928 105
928 365
928 761
928 396
928 376
928 134
928 52
928 696
928 379
928 149
928 110
928 897
928 905
928 1014
426 814
426 1032
426 534
426 663
426 891
426 980
426 820
426 111
426 704
426 1103
426 905
426 995
426 81
426 323
678 90
678 1078
678 812
678 564
678 73
678 540
678 591
678 301
678 883
678 939
678 42
678 696
678 127
678 148
678 741
678 379
678 749
678 655
678 477
512 310
512 755
512 534
512 271
512 299
512 97
512 36
512 699
512 535
512 166
512 777
512 584
512 554
512 266
512 244
310 514
310 381
310 299
310 428
310 166
310 441
310 653
310 266
310 500
1127 755
1127 249
1127 36
1127 499
1127 691
1127 1069
1127 706
1127 759
1127 851
1127 422
171 90
171 123
171 233
171 356
171 539
171 69
171 514
171 1032
171 421
171 534
171 271
171 381
171 249
171 432
171 97
171 36
171 699
171 504
171 166
171 584
171 975
171 582
171 554
171 15
171 1030
171 759
171 134
171 50
171 265
90 123
90 925
90 356
90 539
90 287
90 814
90 1032
90 421
90 1078
90 976
90 97
90 980
90 36
90 777
90 582
90 365
90 15
90 134
90 878
90 110
90 1014
90 652
755 356
755 69
755 514
755 814
755 976
755 249
755 798
755 105
755 584
755 94
755 392
755 15
755 149
123 287
123 69
123 1032
123 105
123 101
123 582
123 913
123 52
123 110
925 287
925 1078
925 97
925 968
925 15
925 569
925 883
925 878
925 652
233 814
233 534
233 373
233 883
356 514
356 271
356 97
356 798
356 584
356 94
356 373
356 885
356 392
356 15
356 696
356 494
356 594
356 110
539 287
539 814
539 1078
539 980
539 365
539 577
539 1100
539 110
539 954
539 652
287 69
287 814
287 1032
287 1078
287 976
287 105
287 504
287 365
287 761
287 1030
287 619
287 110
287 652
287 813
287 660
287 810
69 73
69 891
69 1051
69 101
69 261
69 517
69 1030
69 266
69 486
69 813
69 1096
69 1099
514 180
514 249
514 97
514 699
514 584
514 130
514 554
514 759
514 244
514 785
514 749
814 1032
814 534
814 1078
814 663
814 976
814 980
814 820
814 365
814 735
814 670
814 134
814 696
814 110
814 905
814 323
1032 534
1032 1078
1032 663
1032 980
1032 582
1032 392
1032 407
1032 696
1032 455
1032 905
1032 323
1032 752
421 663
421 180
421 699
421 877
421 301
421 897
421 660
534 97
534 166
534 820
534 392
534 990
534 577
534 407
534 52
534 314
534 905
534 746
1078 976
1078 980
1078 365
1078 1030
1078 670
1078 214
1078 244
1078 749
1078 149
1078 455
1078 110
1078 1103
1078 50
1078 652
1078 886
1078 481
790 582
790 580
663 980
663 820
663 854
663 407
663 379
663 905
663 323
976 670
976 134
976 868
976 506
976 319
943 634
943 104
943 783
943 727
438 541
438 634
438 707
438 279
438 164
647 164
380 286
185 674
185 767
185 975
185 834
185 735
185 990
185 577
185 614
977 51
977 564
977 44
977 974
977 653
977 373
977 204
1116 240
125 271
125 900
125 808
125 955
125 216
125 43
125 897
125 841
315 808
315 180
315 1012
315 656
315 919
315 567
271 912
271 115
271 900
271 808
271 180
271 1012
271 352
271 822
271 753
271 926
271 975
271 392
271 860
271 433
271 933
271 258
271 550
271 628
271 158
271 749
271 843
271 245
271 705
271 497
271 817
271 546
271 1091
801 1118
801 973
912 302
912 753
912 91
912 193
912 502
912 254
912 543
912 326
912 695
912 398
144 335
144 753
144 914
144 974
144 541
144 860
144 403
144 759
144 990
144 933
144 55
144 1026
144 628
144 493
144 172
144 603
144 858
144 17
144 250
144 436
115 194
115 464
115 971
115 681
115 826
115 24
115 1098
115 95
115 1016
115 642
900 180
900 926
900 838
900 435
900 293
900 258
900 186
900 705
900 497
900 844
808 411
808 926
808 118
808 384
808 216
808 860
808 419
808 1065
51 180
51 335
51 914
51 974
51 771
51 88
51 91
51 193
51 502
51 572
51 152
51 964
51 933
51 853
51 243
98 552
98 577
98 649
180 611
180 691
180 291
180 602
180 311
180 193
180 293
180 853
180 186
180 628
180 1065
180 669
180 348
180 1037
690 975
690 591
690 877
690 397
252 692
252 411
252 297
252 166
252 480
692 297
692 276
692 653
692 933
411 347
411 802
411 88
411 216
411 396
411 854
411 897
411 841
411 273
411 53
1064 926
297 1059
297 73
297 771
297 130
297 704
297 493
381 299
381 347
381 540
381 166
381 505
381 517
381 328
1059 926
1059 428
1059 210
1059 843
1012 812
1012 335
1012 656
1012 187
1012 919
1012 933
1012 486
1012 567
352 583
352 136
352 540
352 541
352 771
352 59
352 79
352 863
352 993
352 496
352 1128
528 335
528 202
528 530
528 316
528 13
528 792
528 440
528 867
528 354
528 476
528 643
302 914
302 480
302 945
302 93
302 254
302 326
302 158
302 726
302 124
299 441
812 699
812 753
812 540
812 505
812 1030
812 772
812 494
718 552
718 254
718 1092
718 298
718 390
718 862
804 767
804 353
249 322
249 392
249 15
249 759
321 464
321 1098
321 775
321 153
321 592
307 432
307 73
307 1051
307 256
587 1118
587 303
901 320
901 1085
901 759
901 865
901 571
901 851
901 1033
901 665
901 556
901 370
31 914
31 974
31 480
31 446
31 276
31 451
31 767
31 945
31 487
31 91
31 885
31 193
31 326
31 28
31 792
31 169
31 30
31 1066
335 853
335 13
335 54
335 493
335 843
335 305
335 198
881 608
881 975
881 653
881 933
881 425
881 687
881 546
881 1091
881 669
881 672
881 491
881 729
564 44
564 540
564 541
564 911
564 831
564 88
564 1086
564 373
564 435
564 732
564 863
564 375
564 1111
564 327
770 541
770 877
770 1104
770 529
97 105
97 465
97 582
97 517
97 392
97 15
97 591
97 720
97 134
97 149
97 456
509 221
509 992
509 975
509 91
509 226
509 254
509 56
566 22
566 540
566 313
566 129
566 999
566 157
566 254
566 186
566 1090
566 375
566 213
566 1075
583 499
583 79
583 1072
114 937
114 1098
114 642
114 775
114 153
114 740
114 1056
114 282
114 996
221 831
221 91
221 182
221 226
221 326
221 303
221 65
221 220
1003 831
1003 88
1003 990
1003 58
1003 79
609 459
822 60
822 66
822 165
822 860
822 836
822 41
717 541
717 634
73 453
73 129
73 505
73 130
73 435
73 241
73 37
73 186
73 1117
73 1103
73 1010
553 836
553 387
553 525
553 333
553 757
891 980
136 935
136 919
136 771
136 59
136 448
136 1128
136 1108
136 531
136 32
136 872
136 389
136 462
136 709
980 105
980 365
980 376
980 905
980 954
980 323
702 541
702 634
702 1022
702 58
702 764
702 79
702 993
702 496
702 86
36 798
36 777
36 15
36 589
36 670
36 1103
699 157
699 1014
935 634
935 32
284 102
284 716
847 761
847 376
847 927
847 389
847 728
955 130
955 216
955 258
955 544
955 951
22 914
22 691
22 540
22 612
22 949
22 129
22 602
22 1086
22 217
22 834
22 130
22 311
22 435
22 293
22 241
22 138
22 811
22 258
22 1103
22 944
22 1010
22 701
22 1090
22 477
22 951
22 671
22 146
22 367
22 524
320 1069
320 88
320 157
320 301
320 851
320 785
1080 347
1080 931
1080 775
1080 592
402 245
611 798
611 1085
611 174
611 1067
611 465
611 683
611 498
611 23
611 612
611 211
611 129
611 392
611 569
611 988
611 117
611 646
611 940
611 1094
611 662
611 560
611 208
827 453
827 1
753 1051
753 102
753 838
753 129
753 554
753 1095
753 594
753 1010
926 979
926 704
926 371
926 222
926 228
926 346
1051 122
1051 554
1051 366
102 459
102 446
102 975
102 885
102 193
102 502
102 254
102 433
102 543
102 950
102 899
102 74
102 973
102 124
102 716
67 999
67 338
191 979
191 503
191 16
191 793
979 503
979 44
979 453
979 228
503 453
503 854
503 1111
503 558
503 468
503 40
503 492
503 538
212 84
212 882
212 975
212 281
212 373
212 908
212 843
212 837
212 1092
212 725
212 810
212 763
212 533
212 1036
44 554
44 254
44 572
44 1002
44 828
44 417
44 16
44 1040
84 441
84 602
84 908
84 569
84 292
84 837
84 810
914 459
914 736
914 480
914 446
914 767
914 975
914 217
914 91
914 634
914 574
914 990
914 1125
914 695
914 603
914 243
914 478
914 1025
1071 428
1071 798
1071 407
1071 905
207 537
694 428
694 499
694 1023
694 1058
694 96
428 798
428 499
428 674
428 535
428 820
428 130
428 122
428 1024
428 749
428 96
428 488
798 535
798 777
798 582
798 94
798 554
798 392
798 1024
798 15
798 326
798 537
798 444
499 1023
499 314
499 96
674 535
674 831
674 772
535 504
535 820
1023 52
1023 1097
1023 412
105 582
105 365
105 577
105 376
105 670
105 214
105 52
105 905
504 820
453 347
453 691
453 540
453 166
453 541
453 498
453 91
453 505
453 210
453 241
453 37
453 92
453 203
838 774
838 975
838 933
838 843
838 716
838 409
347 540
347 777
347 459
347 498
347 505
347 93
347 210
347 37
347 1098
347 897
347 243
691 1067
691 683
691 612
691 949
691 129
691 602
691 162
691 922
691 311
691 435
691 293
691 37
691 186
691 590
691 701
691 1094
691 560
691 468
691 427
540 166
540 777
540 610
540 101
540 831
540 1067
540 498
540 582
540 834
540 505
540 435
540 908
540 572
540 591
540 59
540 24
540 990
540 37
540 301
540 417
540 1098
540 100
540 42
540 899
540 288
540 327
540 282
540 147
540 235
656 480
656 767
656 1118
656 908
656 833
656 316
656 416
656 567
656 383
656 750
656 638
166 505
166 990
166 37
166 244
166 848
777 593
777 425
777 538
610 911
610 683
610 217
610 210
610 569
610 759
610 563
610 29
187 480
187 130
187 1047
187 815
187 473
187 902
459 974
459 1011
459 480
459 767
459 964
459 301
459 937
459 448
459 983
459 74
459 1102
459 167
459 246
459 19
459 981
459 904
974 480
974 276
974 451
974 899
974 74
974 862
974 898
974 239
1085 960
1085 101
1085 1069
1085 174
1085 465
1085 498
1085 23
1085 949
1085 129
1085 999
1085 706
1085 396
1085 811
1085 851
1085 577
1085 917
1085 951
1085 988
1085 117
1085 646
1085 940
1085 208
1085 538
1085 579
1085 578
1085 903
887 716
968 94
968 15
968 110
1011 91
1011 572
1011 59
1011 543
1011 104
1011 1098
1011 326
1011 158
1011 486
1011 8
6 882
919 767
919 774
919 653
919 552
919 950
179 911
179 258
179 288
179 807
179 107
179 548
179 1084
179 918
179 439
179 1076
179 168
179 920
441 378
441 933
441 292
736 276
736 1002
736 262
882 261
882 843
882 842
882 112
608 767
608 937
608 687
608 704
608 172
608 485
608 669
608 124
608 282
624 1063
624 1043
624 1125
624 853
624 65
624 679
624 158
624 867
624 714
624 501
624 640
624 1008
992 88
992 877
992 445
992 326
992 577
992 476
992 49
480 911
480 446
480 451
480 767
480 1069
480 653
480 91
480 340
480 851
480 909
480 30
480 375
480 246
480 864
541 911
541 960
541 771
541 88
541 253
541 706
541 569
541 59
541 634
541 877
541 990
541 772
541 1022
541 58
541 201
541 764
541 79
541 496
541 531
541 1129
541 639
541 232
541 633
911 949
911 88
911 653
911 162
911 834
911 157
911 569
911 591
911 37
911 138
911 500
911 258
911 186
911 590
911 1103
911 984
911 835
911 1070
911 732
911 468
911 168
911 920
911 21
911 846
960 683
960 706
960 988
960 646
960 208
446 945
446 975
446 885
446 193
446 574
446 443
446 603
446 732
446 867
446 147
446 270
489 277
489 843
489 725
884 584
884 1030
584 94
584 698
584 1096
276 700
276 572
276 1002
276 154
276 177
820 761
820 323
101 1030
451 945
451 30
451 49
451 270
771 569
771 591
771 59
771 634
771 990
771 494
771 279
771 704
771 785
771 764
771 30
771 496
771 709
771 906
771 345
771 46
767 945
767 831
767 88
767 91
767 158
767 56
767 167
767 1008
767 270
945 193
945 1122
945 49
48 487
48 182
48 368
48 220
1069 706
1069 759
1069 917
831 975
831 1043
831 445
831 701
291 130
291 737
774 142
1118 975
1118 281
1118 82
1118 182
1118 454
1118 130
1118 240
1118 908
1118 511
1118 833
1118 1089
1118 316
1118 1131
1118 416
1118 616
1118 220
1118 938
1118 788
1118 331
1118 78
1118 794
353 130
353 378
353 933
353 728
353 344
353 394
975 949
975 582
975 142
975 999
975 240
975 1043
975 933
975 853
975 878
975 902
975 695
975 1082
975 732
975 184
975 1055
975 388
802 792
802 841
802 273
174 1067
174 465
174 23
174 211
174 995
174 623
1067 465
1067 683
1067 498
1067 23
1067 612
1067 211
1067 129
1067 999
1067 293
1067 138
1067 186
1067 701
1067 995
1067 117
1067 940
465 683
465 498
465 23
465 612
465 211
465 577
465 720
465 995
465 117
465 579
465 930
683 498
683 612
683 211
683 293
683 951
498 23
498 612
498 211
498 129
498 162
498 217
498 37
498 577
498 995
498 1096
498 646
498 940
498 208
498 903
23 612
23 211
23 129
23 944
23 995
23 117
23 208
612 211
612 293
612 701
211 186
211 903
313 602
313 373
313 186
313 273
313 375
313 117
313 232
949 602
949 834
949 999
949 311
949 435
949 241
949 138
949 811
949 628
949 590
949 944
949 1010
949 1090
949 477
949 841
949 951
949 671
949 146
949 367
949 524
949 312
582 15
582 376
582 1103
582 954
582 323
582 580
142 552
142 254
142 28
142 183
142 328
142 354
142 870
88 445
88 862
88 16
88 1008
88 555
129 392
129 216
129 293
129 701
129 940
129 1094
129 662
129 560
129 427
129 623
129 196
129 190
129 197
487 902
487 183
487 184
487 30
487 862
487 12
602 834
602 922
602 435
602 572
602 293
602 241
602 138
602 811
602 590
602 288
602 835
602 1070
602 107
602 1090
602 117
602 940
602 439
602 1076
602 232
602 565
602 744
281 454
281 908
281 569
1086 1090
1086 918
1086 232
1086 623
653 530
653 54
653 354
653 21
94 100
94 92
365 698
365 761
365 376
365 110
365 927
365 752
365 580
365 724
253 435
253 28
253 468
253 645
253 651
82 569
82 301
82 577
82 96
82 788
373 435
373 851
373 486
373 11
118 130
849 162
849 622
849 414
162 622
162 834
162 160
162 138
162 701
162 897
162 875
162 275
622 217
622 741
622 1103
622 414
622 897
622 558
622 538
217 834
217 160
217 311
217 435
217 186
217 172
217 944
217 1010
217 375
217 940
834 160
834 999
834 311
834 435
834 241
834 37
834 944
834 477
834 940
834 578
834 364
160 757
160 138
160 393
922 999
922 138
922 258
922 590
922 944
922 288
922 835
922 439
999 138
999 258
999 590
999 951
999 197
157 435
157 371
91 193
91 941
91 463
91 445
91 104
91 326
91 410
91 695
91 172
91 243
91 1025
706 851
706 556
182 908
182 316
182 732
182 220
552 964
552 1002
552 845
552 298
552 418
552 1017
636 681
636 722
636 24
636 1098
636 204
636 153
505 37
505 100
505 897
454 368
225 464
225 937
225 1098
225 642
225 639
225 686
93 158
93 231
885 165
885 792
885 973
885 354
885 167
66 351
66 387
66 941
66 333
66 754
66 1058
66 56
66 740
66 538
66 946
66 495
66 776
130 240
130 681
130 1095
130 37
130 859
130 937
130 687
130 897
130 973
130 951
130 222
130 409
130 63
130 782
165 836
165 1013
165 202
165 387
165 41
311 1090
311 940
311 558
311 675
700 1089
700 436
700 1111
700 492
700 981
700 177
700 120
700 803
210 37
210 704
210 580
210 29
435 569
435 293
435 757
435 241
435 138
435 811
435 596
435 704
435 590
435 944
435 1010
435 107
435 1090
435 477
435 951
435 671
435 146
435 367
435 524
435 364
122 201
517 392
554 877
554 138
554 1103
554 1010
392 244
392 713
384 860
384 314
761 1058
761 376
761 110
761 927
761 164
761 728
216 860
216 293
216 791
216 371
216 897
216 841
216 53
378 648
378 226
378 126
378 326
378 500
378 853
15 569
15 134
15 42
15 149
15 537
464 152
464 424
464 931
464 964
464 1098
464 1091
464 642
464 686
464 267
294 502
907 108
907 414
226 387
226 941
226 445
226 695
226 523
226 863
226 714
226 936
193 1063
193 502
193 574
193 853
193 410
193 65
193 679
193 28
193 695
193 169
193 785
193 1025
193 1124
193 1062
193 739
971 964
971 1098
971 704
240 403
240 577
240 303
240 815
240 1028
240 997
240 1019
240 1035
240 55
240 318
240 737
240 970
240 250
240 921
240 958
240 816
1063 574
1063 853
1063 65
1063 158
502 74
502 973
502 1124
908 569
908 383
254 443
254 815
254 687
254 603
254 354
254 63
254 874
254 68
108 985
108 54
108 354
108 643
108 555
108 133
108 1120
108 357
681 374
681 424
681 964
681 722
681 826
681 24
681 991
681 937
681 1098
681 832
681 153
681 235
681 1017
681 782
681 871
681 257
681 442
681 332
681 106
681 234
681 730
681 978
126 687
128 398
128 11
128 1124
128 561
403 815
403 55
403 318
403 781
403 575
403 250
403 958
403 192
237 301
237 1113
572 1002
572 104
572 473
572 843
572 725
572 317
572 460
1043 569
1043 591
1043 104
1043 853
1043 65
1043 158
1043 867
1043 141
1043 858
1043 640
1043 1062
569 59
569 138
569 417
569 851
569 111
569 863
569 1040
569 981
569 345
569 1126
569 1109
591 387
591 877
591 277
591 567
591 863
374 24
374 301
374 832
374 204
374 153
374 72
1030 455
152 295
152 937
152 95
152 592
152 267
152 871
152 89
351 630
351 836
351 333
351 832
351 282
424 295
424 722
424 904
424 1017
424 686
424 871
424 163
585 1098
338 630
338 526
338 937
338 1098
338 592
338 639
338 230
630 295
630 279
630 245
630 32
630 639
630 686
630 230
526 826
526 937
526 1098
526 169
526 201
526 447
526 95
526 775
526 408
526 121
931 592
931 740
931 1017
295 964
295 722
295 826
295 734
295 1013
295 202
295 27
295 1098
295 550
295 95
295 1056
295 1017
295 936
295 442
295 89
295 747
295 987
295 151
295 799
964 722
964 104
964 1098
964 95
964 282
964 996
964 1017
964 106
836 333
836 41
836 845
722 24
722 448
722 832
722 153
722 235
722 1017
722 871
722 332
722 163
826 1098
826 832
826 730
826 229
826 597
59 634
59 279
59 1104
59 79
59 531
59 462
59 1049
986 734
734 1013
734 1058
734 27
734 550
734 687
734 987
634 1022
634 1104
634 79
634 164
634 531
634 32
634 462
634 3
856 870
1013 550
1013 987
542 202
542 985
542 308
542 870
542 1031
202 54
202 63
202 627
387 525
387 941
387 333
387 677
387 791
387 1125
387 550
387 701
877 104
877 473
877 127
877 158
877 398
877 250
759 340
759 851
759 274
293 104
293 138
293 590
293 944
293 701
293 273
293 940
293 1094
293 560
293 427
293 196
293 823
340 851
340 917
340 156
525 754
525 599
941 754
941 1058
941 757
941 1125
941 550
941 117
941 918
941 495
333 754
333 1029
333 550
333 1092
333 298
754 277
754 837
754 823
396 110
396 897
396 841
396 273
396 53
396 988
396 208
396 558
396 538
396 275
396 10
24 1098
24 832
24 204
24 153
24 72
1068 581
574 952
735 990
735 670
735 134
735 407
735 779
735 516
735 863
277 260
277 577
277 843
277 725
277 68
27 550
1002 286
1002 859
1002 680
1002 725
1002 436
1002 452
1061 577
828 260
828 417
828 16
828 1040
828 437
286 104
286 725
286 436
260 417
260 793
657 714
269 716
990 65
990 1100
990 704
990 172
990 1037
990 0
991 316
991 832
463 283
445 714
445 140
543 104
543 1124
241 138
241 1103
241 944
241 1010
241 1090
241 273
241 146
241 524
37 417
37 92
37 939
37 704
37 95
37 218
37 72
301 92
301 42
301 95
301 218
859 839
859 452
859 406
104 950
104 1098
104 326
104 158
104 725
104 1091
104 1037
104 176
950 725
138 811
138 258
138 1103
138 944
138 1010
138 701
138 1090
138 477
138 951
138 671
138 146
138 367
138 524
923 326
923 169
923 1066
923 765
923 57
937 1098
937 448
937 95
937 642
937 592
937 740
937 1056
937 1102
937 267
937 948
854 670
854 704
854 897
854 273
854 53
854 1111
854 1124
854 385
865 851
571 851
571 909
571 218
417 16
417 793
417 1040
417 437
1121 156
619 994
474 1111
474 16
474 1040
474 437
474 606
474 325
1125 326
1125 577
1125 853
1125 65
1125 158
1125 486
1125 867
1098 577
1098 158
1098 95
1098 195
1098 204
1098 642
1098 153
1098 592
1098 740
1098 1056
1098 639
1098 1017
1098 686
1098 730
448 1091
448 642
448 408
806 549
806 728
326 303
326 679
326 158
326 49
326 57
839 719
811 214
811 944
811 1090
811 477
811 671
811 146
811 367
811 524
530 316
530 792
530 21
530 555
851 1033
851 556
577 815
577 1028
577 292
577 679
577 792
577 58
577 1015
577 245
577 1075
577 646
577 1045
577 1079
577 296
577 4
577 519
1122 124
92 1117
703 832
376 927
376 905
376 164
933 169
933 486
933 201
933 985
933 447
933 197
500 473
500 544
1047 460
1047 613
853 65
853 9
853 679
853 158
853 704
853 867
853 141
853 523
853 858
853 501
853 640
853 1008
853 49
853 359
1053 695
258 186
258 590
258 701
258 288
258 984
258 1070
258 107
258 1090
258 548
258 168
258 920
258 846
186 590
186 1103
186 944
186 288
186 984
186 807
186 168
670 134
670 214
670 244
670 1103
670 560
670 471
720 149
720 835
720 306
720 391
134 407
134 779
134 516
134 878
134 149
214 1103
883 868
883 323
209 303
303 815
303 997
303 1035
303 65
303 970
303 1015
303 156
303 638
303 1008
303 1126
303 948
303 1114
407 516
407 905
407 323
779 1103
779 868
779 345
516 1049
1113 1019
1113 1035
815 997
815 1131
815 156
815 198
1028 997
511 220
550 987
833 416
833 750
833 565
368 220
1089 316
1089 436
1089 938
1089 178
1089 915
292 13
292 63
316 383
316 788
316 565
316 1007
316 819
316 576
316 255
316 966
43 357
13 985
13 305
939 748
997 742
1019 1035
1019 958
55 250
318 486
1060 596
52 314
52 200
1131 220
628 701
628 375
416 220
416 750
416 331
416 565
416 178
596 742
596 816
473 486
42 696
42 127
42 148
42 741
696 127
127 148
379 1014
379 323
379 655
878 149
878 652
111 158
111 393
111 1014
244 455
244 110
244 897
274 87
1039 1066
65 679
65 158
65 867
65 141
65 523
679 867
679 1008
28 902
28 183
28 844
28 862
28 870
899 239
899 724
899 334
899 821
899 1130
792 1066
158 778
158 486
158 867
158 523
158 270
158 765
902 737
902 183
902 205
902 12
902 966
695 1015
169 201
169 447
169 350
778 20
272 11
1022 79
1022 86
58 563
58 863
58 880
279 79
279 32
279 3
1100 773
704 749
704 110
704 1105
704 737
704 63
704 267
704 1045
785 951
1104 79
201 447
201 1066
201 388
749 951
764 87
79 401
149 455
149 323
96 897
96 50
110 50
110 1099
110 481
927 164
927 709
927 724
927 99
985 354
54 354
54 532
1105 1014
737 897
172 686
172 666
447 298
447 775
447 418
447 408
447 121
447 799
447 413
603 844
603 1066
603 49
603 1062
95 1091
95 592
95 89
95 408
95 413
1033 218
1033 961
1033 527
1033 556
843 327
843 346
843 823
837 810
247 645
247 39
1015 714
1092 705
665 538
942 742
590 984
590 807
590 1070
590 548
590 1084
590 168
590 920
590 232
590 744
590 1042
1103 944
1103 1010
1103 701
1103 655
1103 752
944 1010
944 1090
944 477
944 671
944 146
944 367
944 524
944 312
852 414
852 623
852 275
852 675
1010 375
701 1090
701 168
701 196
701 190
701 197
414 1055
414 275
414 675
616 250
917 578
139 813
868 345
288 807
288 107
288 1076
288 168
984 835
984 807
984 107
984 1014
984 168
835 807
835 107
835 548
835 168
807 107
807 168
107 548
107 306
732 220
184 205
205 705
1090 897
1090 477
1090 671
1090 146
1090 367
1090 524
832 204
832 153
832 871
832 234
832 730
832 978
832 597
832 1050
74 246
74 239
308 1031
725 810
725 436
725 452
725 1077
896 575
461 113
867 141
867 1008
141 858
141 388
141 359
952 1008
952 83
523 858
393 623
575 208
897 841
897 273
897 53
897 951
905 323
1014 323
995 671
995 117
995 646
995 560
995 579
477 671
477 146
477 367
477 524
813 803
813 1045
813 296
813 178
813 644
660 841
810 793
810 325
746 848
580 343
614 256
204 153
204 332
204 72
204 666
841 273
841 53
245 639
245 230
705 862
817 844
1091 1016
1091 775
1091 592
398 11
858 640
858 1008
858 406
17 1066
436 452
642 740
642 282
642 163
642 947
649 948
1037 623
273 53
273 538
53 857
863 375
863 1062
863 758
863 711
863 513
993 496
993 86
354 555
775 89
775 121
775 799
775 413
153 72
153 597
153 413
592 89
592 230
592 799
592 413
1066 167
305 1056
198 740
198 1056
198 996
198 383
198 170
375 982
1111 492
1111 177
1111 803
327 645
327 651
327 823
213 623
213 982
740 1056
740 282
740 170
1056 170
282 996
282 89
282 408
282 382
531 745
462 99
951 349
671 146
671 367
671 524
146 367
146 524
367 524
988 646
988 208
988 579
117 312
117 304
646 208
646 492
662 560
662 427
662 623
662 196
662 190
662 197
662 739
560 427
560 623
560 196
560 197
208 750
208 579
222 620
228 346
346 406
16 1040
16 325
558 538
558 10
492 1036
492 120
492 803
492 1045
492 296
538 275
538 675
533 803
533 1045
533 296
533 178
533 644
1040 437
1040 606
1040 325
409 457
427 196
427 197
147 350
235 782
383 332
750 565
1102 948
246 689
19 739
19 1112
981 177
981 803
239 724
239 334
548 1084
548 920
1084 918
918 232
714 640
49 270
639 1017
639 686
639 230
232 744
232 385
232 1042
21 1006
788 1007
788 966
623 196
623 197
870 515
555 1079
196 197
196 825
724 334
645 823
651 823
11 1124
275 675
1017 686
1017 730
1017 799
1017 170
231 515
946 869
63 627
63 1132
120 803
120 1045
120 296
120 644
803 1045
803 296
803 4
803 644
1124 805
133 357
133 1079
357 1079
332 467
106 666
730 597
1126 296
1126 178
89 408
89 121
89 799
89 413
121 799
121 413
799 413
597 170
452 510
325 644
1045 296
1045 4
1045 178
1045 644
296 4
296 178
296 644
4 644
359 789
178 915
1007 966
1007 795
334 715
821 1130
532 188
413 170
188 188
