0 1054
1 153
2 835
3 82
4 235
5 377
6 842
7 167
8 1059
9 218
10 463
11 36
12 674
13 132
14 249
15 479
16 325
17 121
18 946
19 512
20 270
21 49
22 1083
23 864
24 770
25 459
26 472
27 352
28 571
29 976
30 314
31 59
32 418
33 728
34 713
35 645
36 954
37 793
38 592
39 882
40 1011
41 545
42 334
43 238
44 748
45 947
46 54
47 256
48 809
49 398
50 15
51 173
52 123
53 497
54 332
55 956
56 315
57 180
58 370
59 605
60 477
61 191
62 230
63 755
64 715
65 58
66 1051
67 915
68 756
69 221
70 554
71 724
72 922
73 0
74 242
75 458
76 859
77 966
78 862
79 860
80 1045
81 546
82 1023
83 185
84 129
85 356
86 565
87 924
88 198
89 160
90 7
91 399
92 869
93 1111
94 617
95 717
96 884
97 849
98 634
99 136
100 709
101 483
102 101
103 687
104 932
105 137
106 1060
107 716
108 1015
109 978
110 1031
111 1101
112 940
113 1064
114 94
115 489
116 926
117 927
118 1004
119 339
120 78
121 1035
122 919
123 567
124 89
125 694
126 579
127 23
128 790
129 641
130 530
131 735
132 700
133 81
134 367
135 264
136 806
137 764
138 736
139 493
140 385
141 1021
142 124
143 891
144 931
145 584
146 718
147 10
148 871
149 525
150 710
151 165
152 826
153 233
154 1127
155 886
156 638
157 628
158 293
159 833
160 909
161 80
162 1070
163 898
164 345
165 1032
166 962
167 428
168 131
169 555
170 199
171 739
172 1056
173 1042
174 794
175 75
176 550
177 1078
178 504
179 50
180 906
181 184
182 1009
183 944
184 662
185 179
186 290
187 661
188 847
189 1034
190 232
191 355
192 1036
193 636
194 511
195 1052
196 752
197 632
198 958
199 845
200 1093
201 900
202 1082
203 219
204 139
205 1119
206 977
207 442
208 904
209 965
210 491
211 570
212 711
213 1123
214 692
215 66
216 31
217 878
218 263
219 3
220 77
221 1110
222 417
223 319
224 208
225 995
226 310
227 286
228 597
229 444
230 115
231 537
232 973
233 725
234 991
235 195
236 899
237 340
238 372
239 437
240 747
241 539
242 928
243 622
244 1105
245 343
246 677
247 823
248 380
249 388
250 503
251 675
252 289
253 635
254 943
255 143
256 559
257 963
258 357
259 916
260 128
261 41
262 258
263 350
264 669
265 853
266 726
267 205
268 792
269 582
270 549
271 303
272 214
273 501
274 758
275 578
276 652
277 627
278 769
279 186
280 1074
281 1108
282 311
283 328
284 471
285 440
286 650
287 335
288 2
289 841
290 967
291 807
292 187
293 595
294 1071
295 265
296 732
297 553
298 653
299 281
300 268
301 870
302 26
303 737
304 633
305 873
306 193
307 536
308 414
309 629
310 474
311 344
312 455
313 979
314 1033
315 88
316 1047
317 1048
318 696
319 743
320 9
321 599
322 969
323 855
324 373
325 548
326 1044
327 177
328 531
329 566
330 887
331 300
332 188
333 46
334 223
335 801
336 749
337 1080
338 974
339 68
340 284
341 422
342 1103
343 200
344 585
345 320
346 110
347 304
348 410
349 522
350 278
351 482
352 83
353 395
354 699
355 1081
356 751
357 514
358 1012
359 432
360 91
361 905
362 1053
363 640
364 759
365 449
366 698
367 972
368 164
369 518
370 895
371 1130
372 468
373 614
374 729
375 476
376 1116
377 172
378 865
379 1072
380 280
381 667
382 774
383 685
384 868
385 1024
386 427
387 211
388 516
389 145
390 1019
391 447
392 563
393 920
394 203
395 831
396 727
397 495
398 771
399 798
400 557
401 971
402 86
403 1121
404 295
405 960
406 430
407 90
408 1087
409 1107
410 364
411 577
412 670
413 326
414 913
415 598
416 251
417 787
418 216
419 797
420 802
421 419
422 821
423 390
424 99
425 529
426 936
427 1077
428 255
429 421
430 1097
431 784
432 452
433 765
434 276
435 147
436 133
437 1037
438 1027
439 768
440 952
441 381
442 1092
443 162
444 573
445 336
446 829
447 378
448 805
449 217
450 460
451 574
452 157
453 457
454 228
455 509
456 225
457 365
458 426
459 521
460 269
461 202
462 451
463 490
464 639
465 1098
466 681
467 64
468 351
469 443
470 655
471 989
472 819
473 97
474 590
475 949
476 1125
477 1090
478 391
479 513
480 464
481 754
482 349
483 964
484 680
485 1061
486 506
487 686
488 498
489 583
490 610
491 85
492 1058
493 695
494 435
495 874
496 659
497 1094
498 795
499 112
500 706
501 1003
502 671
503 1039
504 1102
505 519
506 369
507 851
508 312
509 176
510 594
511 981
512 576
513 65
514 152
515 404
516 996
517 267
518 649
519 757
520 863
521 815
522 1118
523 224
524 990
525 38
526 480
527 420
528 917
529 51
530 204
531 741
532 581
533 820
534 867
535 572
536 277
537 876
538 260
539 275
540 259
541 609
542 84
543 1079
544 789
545 543
546 676
547 1131
548 454
549 181
550 547
551 682
552 105
553 520
554 109
555 984
556 611
557 684
558 40
559 885
560 438
561 982
562 825
563 239
564 615
565 508
566 102
567 1122
568 32
569 229
570 1126
571 626
572 777
573 1068
574 79
575 321
576 279
577 879
578 804
579 387
580 683
581 127
582 466
583 402
584 1114
585 875
586 872
587 273
588 630
589 1113
590 215
591 170
592 1062
593 854
594 625
595 134
596 1030
597 412
598 413
599 376
600 74
601 1066
602 52
603 146
604 562
605 196
606 1065
607 535
608 861
609 621
610 382
611 168
612 1016
613 56
614 126
615 499
616 510
617 70
618 16
619 12
620 190
621 1013
622 261
623 897
624 470
625 171
626 834
627 791
628 532
629 106
630 551
631 607
632 213
633 248
634 424
635 733
636 359
637 492
638 948
639 901
640 1041
641 750
642 178
643 383
644 558
645 877
646 481
647 1029
648 429
649 515
650 933
651 120
652 608
653 846
654 307
655 400
656 560
657 103
658 323
659 688
660 921
661 745
662 245
663 465
664 1120
665 624
666 817
667 1010
668 360
669 881
670 1084
671 848
672 942
673 316
674 1020
675 389
676 1046
677 287
678 665
679 396
680 169
681 985
682 436
683 45
684 409
685 318
686 544
687 523
688 723
689 274
690 448
691 73
692 107
693 779
694 212
695 586
696 830
697 959
698 142
699 505
700 309
701 613
702 938
703 589
704 1
705 363
706 1022
707 837
708 533
709 439
710 331
711 703
712 657
713 39
714 930
715 780
716 13
717 60
718 693
719 763
720 163
721 243
722 254
723 911
724 961
725 672
726 968
727 993
728 600
729 11
730 843
731 488
732 738
733 569
734 939
735 450
736 371
737 840
738 517
739 654
740 302
741 114
742 1089
743 244
744 761
745 782
746 294
747 486
748 57
749 67
750 246
751 668
752 1075
753 612
754 411
755 1132
756 1124
757 593
758 156
759 838
760 1005
761 4
762 766
763 174
764 241
765 708
766 925
767 1106
768 35
769 266
770 253
771 526
772 880
773 361
774 953
775 1025
776 93
777 434
778 619
779 914
780 983
781 606
782 651
783 33
784 182
785 1001
786 445
787 393
788 48
789 778
790 679
791 384
792 236
793 28
794 588
795 678
796 226
797 762
798 907
799 889
800 342
801 1088
802 908
803 423
804 673
805 1038
806 234
807 140
808 616
809 620
810 358
811 76
812 252
813 475
814 1095
815 704
816 386
817 775
818 663
819 1008
820 484
821 197
822 138
823 469
824 368
825 98
826 34
827 117
828 405
829 95
830 892
831 836
832 903
833 602
834 844
835 166
836 896
837 935
838 786
839 731
840 647
841 240
842 811
843 288
844 5
845 27
846 17
847 1049
848 329
849 333
850 642
851 262
852 453
853 394
854 988
855 149
856 912
857 527
858 62
859 1128
860 104
861 1055
862 923
863 950
864 392
865 785
866 100
867 957
868 473
869 30
870 818
871 767
872 406
873 856
874 702
875 1100
876 534
877 37
878 271
879 541
880 664
881 760
882 773
883 183
884 596
885 524
886 902
887 348
888 324
889 189
890 135
891 722
892 937
893 306
894 296
895 781
896 322
897 994
898 997
899 206
900 839
901 478
902 890
903 730
904 538
905 317
906 222
907 707
908 1063
909 347
910 292
911 822
912 150
913 96
914 22
915 1073
916 330
917 827
918 1026
919 998
920 69
921 298
922 587
923 783
924 601
925 643
926 648
927 25
928 1091
929 21
930 111
931 1104
932 796
933 8
934 257
935 720
936 416
937 857
938 6
939 1043
940 108
941 799
942 401
943 1117
944 1006
945 556
946 485
947 1086
948 125
949 788
950 403
951 828
952 812
953 910
954 970
955 1002
956 980
957 816
958 47
959 929
960 141
961 92
962 53
963 564
964 934
965 1096
966 1112
967 500
968 618
969 337
970 161
971 689
972 467
973 734
974 408
975 893
976 691
977 742
978 540
979 210
980 220
981 496
982 297
983 379
984 305
985 987
986 721
987 44
988 237
989 87
990 507
991 29
992 656
993 528
994 397
995 299
996 1057
997 813
998 1014
999 753
1000 955
1001 701
1002 14
1003 130
1004 155
1005 71
1006 1050
1007 666
1008 461
1009 154
1010 1067
1011 623
1012 852
1013 456
1014 705
1015 231
1016 580
1017 301
1018 494
1019 19
1020 502
1021 201
1022 803
1023 808
1024 433
1025 1000
1026 1076
1027 1040
1028 18
1029 207
1030 1109
1031 431
1032 72
1033 568
1034 487
1035 883
1036 603
1037 1085
1038 941
1039 366
1040 227
1041 43
1042 1129
1043 591
1044 800
1045 646
1046 631
1047 992
1048 282
1049 814
1050 283
1051 446
1052 441
1053 542
1054 1017
1055 209
1056 119
1057 658
1058 866
1059 561
1060 975
1061 1007
1062 712
1063 55
1064 407
1065 776
1066 719
1067 374
1068 832
1069 362
1070 637
1071 951
1072 945
1073 341
1074 354
1075 151
1076 1099
1077 552
1078 697
1079 858
1080 327
1081 338
1082 894
1083 740
1084 148
1085 986
1086 690
1087 313
1088 824
1089 744
1090 375
1091 644
1092 810
1093 999
1094 24
1095 20
1096 604
1097 888
1098 772
1099 175
1100 291
1101 63
1102 158
1103 415
1104 194
1105 353
1106 192
1107 247
1108 425
1109 61
1110 113
1111 308
1112 1018
1113 116
1114 159
1115 118
1116 746
1117 250
1118 660
1119 575
1120 285
1121 850
1122 1069
1123 272
1124 1028
1125 462
1126 122
1127 42
1128 714
1129 1115
1130 346
1131 918
1132 144
