521 982
521 512
521 808
521 869
521 987
521 252
521 590
521 94
521 1086
521 1063
521 173
521 241
521 649
521 24
521 952
521 796
521 1091
521 886
521 253
521 1027
521 356
521 702
521 1068
521 579
521 718
521 742
521 429
521 346
521 719
521 1090
982 512
982 808
982 987
982 252
982 590
982 94
982 1086
982 1063
982 241
982 952
982 1091
982 886
982 253
982 356
982 1068
982 68
982 488
982 410
982 730
982 828
982 242
982 641
512 808
512 987
512 252
512 590
512 94
512 1063
512 173
512 241
512 952
512 1091
512 886
512 253
512 1027
512 356
512 702
512 742
512 429
512 410
512 841
512 659
512 67
512 183
512 677
512 755
512 13
512 377
512 660
512 525
512 531
512 45
512 1035
512 856
512 922
512 578
512 501
512 759
808 1063
808 356
808 377
808 576
808 939
808 878
808 195
808 1038
808 236
808 303
808 542
808 1040
808 1082
808 698
808 690
808 83
808 522
808 182
808 56
869 987
869 241
869 1079
869 1034
869 1131
869 455
869 229
869 349
869 292
987 252
987 590
987 241
987 952
987 1091
987 356
987 742
987 429
987 410
987 739
987 371
987 502
987 954
987 348
987 311
987 793
987 357
252 94
252 1086
252 241
252 24
252 952
252 886
252 356
252 429
252 455
252 687
252 930
252 499
252 989
252 138
252 498
252 134
252 664
252 212
252 560
252 831
252 1021
252 966
590 356
590 429
590 247
590 671
94 1086
94 241
94 952
94 1027
94 356
94 1068
94 719
94 67
94 787
94 163
94 725
94 639
94 934
1086 952
1086 1068
1086 719
1086 410
1086 522
1086 885
1086 780
1086 472
1086 248
1086 1014
1086 567
1086 734
1086 832
1086 662
1086 1008
1086 550
1086 621
1086 723
1086 556
1086 785
1086 272
1086 122
1086 0
1086 9
1086 259
1086 275
1086 536
1086 790
1063 1091
1063 886
1063 253
1063 356
1063 579
1063 742
1063 13
1063 1079
1063 574
1063 738
1063 803
1063 587
1063 32
1063 811
1063 514
1063 84
173 348
173 847
173 1096
173 600
173 152
173 10
173 402
173 540
173 779
173 843
173 604
173 1056
173 622
173 55
173 301
173 1128
241 649
241 952
241 1091
241 356
241 1068
241 429
241 13
241 83
241 455
241 639
241 1128
241 80
241 137
241 716
241 149
241 30
241 972
241 438
649 24
649 952
649 1068
649 488
649 410
649 739
649 934
649 472
649 1014
649 272
649 122
649 811
649 977
649 365
649 406
649 684
649 757
649 532
649 826
649 1012
649 842
649 829
649 308
649 880
649 397
649 57
649 760
649 415
649 1093
649 1039
649 314
649 893
649 48
649 918
24 702
24 488
24 410
24 455
24 498
24 122
24 1012
24 571
24 782
24 513
24 44
24 165
24 313
24 6
24 849
24 1
952 1068
952 719
952 488
952 410
952 759
952 229
952 725
952 885
952 272
952 259
952 536
952 412
952 611
952 359
952 1122
952 146
952 751
952 773
952 27
952 282
952 151
952 778
952 894
952 504
952 745
952 545
952 1111
952 903
952 964
952 577
952 765
952 890
952 546
952 340
952 21
952 187
952 648
952 580
952 937
952 453
952 1057
952 310
796 1068
796 410
796 832
796 188
796 654
796 529
1091 886
1091 1027
1091 356
1091 702
1091 579
1091 718
1091 742
1091 641
1091 841
1091 879
1091 517
1091 595
886 253
886 742
886 641
886 67
886 522
886 502
886 793
886 723
886 514
886 44
886 733
886 792
886 798
886 735
886 444
886 393
886 437
886 4
886 296
886 277
886 768
886 117
253 356
253 67
253 677
253 45
253 371
253 639
253 595
253 444
253 160
253 784
253 752
253 254
1027 702
1027 579
1027 841
1027 659
1027 67
1027 377
1027 660
1027 45
1027 578
1027 501
1027 878
1027 989
1027 787
1027 163
1027 725
1027 934
1027 149
1027 545
1027 577
1027 340
1027 188
1027 768
1027 305
1027 1132
1027 446
1027 186
1027 1018
1027 78
1027 1065
1027 985
1027 74
1027 51
1027 749
1027 836
1027 439
1027 286
1027 214
1027 266
1027 15
356 742
356 68
356 641
702 579
702 641
702 841
702 183
702 677
702 755
702 13
702 377
702 45
702 578
702 739
702 560
702 587
702 32
702 10
702 918
702 146
702 894
702 517
702 792
702 117
702 1132
702 749
702 891
702 1077
702 557
702 396
702 159
702 689
702 740
702 353
702 317
702 603
702 1108
702 327
702 527
702 249
702 176
702 561
702 686
702 615
702 951
702 324
702 900
702 408
702 743
1068 719
1068 488
1068 410
1068 939
1068 522
1068 885
1068 780
1068 472
1068 1014
1068 832
1068 662
1068 621
1068 723
1068 556
1068 122
1068 826
1068 1012
1068 57
1068 415
1068 918
1068 1077
1068 840
1068 321
1068 378
1068 559
1068 435
1068 992
1068 672
1068 1073
1068 1050
1068 905
1068 554
1068 943
1068 114
579 718
579 841
579 195
579 236
579 9
579 517
579 277
579 396
579 378
579 347
579 928
579 609
579 372
579 486
579 582
742 641
742 522
742 793
742 664
742 44
742 792
742 735
742 437
742 277
742 249
742 65
742 419
742 818
742 888
429 410
429 918
429 444
429 951
429 233
429 77
346 843
346 957
346 273
346 474
346 1030
346 215
346 131
346 852
719 410
719 531
719 1039
719 359
719 146
719 282
719 151
719 765
719 580
719 1060
719 991
719 697
719 565
719 1031
719 839
719 652
719 479
719 46
719 969
719 799
719 544
1090 13
1090 578
1090 163
1090 149
1090 778
1090 160
1090 305
1090 1065
1090 214
1090 202
1090 478
1090 1042
1090 362
1090 129
1090 494
1090 101
1090 381
1090 392
1090 953
1090 838
1090 255
68 376
488 410
488 723
488 842
410 501
410 522
410 885
410 918
410 233
410 1058
410 142
641 1035
641 798
641 444
641 296
641 160
641 51
641 317
641 249
641 478
641 884
641 355
641 1043
641 201
641 318
641 432
641 436
641 1049
641 16
641 198
841 67
841 183
841 677
841 13
841 377
841 45
841 856
841 725
841 934
841 517
841 117
841 305
841 1132
841 78
841 396
841 1030
841 215
841 362
841 320
841 300
841 647
841 1037
841 222
659 183
659 377
659 660
659 531
659 578
659 501
659 759
659 939
659 725
659 149
659 894
659 740
659 1050
659 381
659 320
659 300
659 89
659 634
659 490
659 844
659 653
659 1123
659 1083
659 1110
659 949
67 377
67 660
67 525
67 45
67 1035
67 578
67 236
67 357
67 134
67 787
67 639
67 587
67 32
67 1
67 359
67 577
67 437
67 277
67 305
67 1132
67 446
67 78
67 266
67 891
67 317
67 362
67 494
67 198
67 320
67 300
67 222
67 877
67 407
67 41
67 712
67 90
67 624
67 326
67 601
67 569
67 390
67 440
67 506
183 755
183 13
183 45
183 348
183 163
183 725
183 587
183 149
183 305
183 603
183 582
183 215
183 362
183 129
183 101
183 392
183 953
183 320
183 300
183 647
183 90
183 440
183 17
183 1044
183 170
183 316
183 442
183 398
183 361
183 19
183 862
183 827
183 775
183 978
183 234
183 235
183 994
183 708
183 906
183 907
183 336
183 350
183 872
183 123
183 8
183 721
183 950
677 377
677 792
677 117
677 353
677 900
677 591
755 856
755 32
755 362
755 376
755 316
755 361
755 87
755 1087
755 701
755 973
755 661
755 373
755 145
755 635
755 417
13 45
13 578
13 1079
13 803
13 1
13 517
13 1065
13 214
13 129
13 432
13 300
13 844
13 350
13 786
13 763
13 130
13 704
13 121
13 864
13 944
13 449
13 528
13 573
13 1026
377 525
377 856
377 576
377 939
377 878
377 236
377 542
377 1082
377 690
377 83
377 182
377 56
377 371
377 160
377 1132
377 900
377 1049
377 320
377 624
377 350
377 417
377 463
377 941
377 232
377 194
377 404
377 380
377 119
660 163
660 392
660 411
525 943
525 362
525 949
525 669
531 578
531 501
531 759
531 455
531 292
531 138
531 725
531 662
531 275
531 513
531 151
531 778
531 545
531 546
531 160
531 353
531 527
531 1050
531 582
531 1060
531 1031
531 839
531 46
531 799
531 544
531 884
531 490
531 653
531 775
531 883
531 794
531 995
531 575
531 892
531 822
531 274
531 772
45 856
45 371
45 1
45 595
45 160
45 305
45 214
45 603
45 215
45 479
45 129
45 953
45 320
45 949
45 877
45 950
45 279
45 848
1035 578
1035 759
1035 725
1035 439
1035 353
1035 686
1035 953
1035 255
1035 198
1035 320
1035 1110
1035 877
1035 140
1035 613
1035 933
1035 926
1035 38
1035 596
1035 14
856 371
856 275
856 803
856 32
856 779
856 149
856 918
856 595
856 160
856 186
856 51
856 353
856 378
856 852
856 129
856 101
856 255
856 1049
856 844
856 1083
856 949
856 8
856 635
856 50
856 1072
856 983
856 405
856 1007
856 223
856 810
856 1112
856 564
856 29
922 56
578 455
578 357
578 122
578 571
578 513
578 165
578 6
578 1
578 740
578 852
578 202
578 1042
578 129
578 1043
578 320
578 440
578 983
578 250
578 602
578 693
578 835
578 293
578 111
501 759
501 725
501 275
501 151
501 214
501 1060
501 479
501 634
501 783
501 750
759 229
759 725
759 275
759 803
759 359
759 146
759 151
759 778
759 1111
759 577
759 890
759 546
759 340
759 1065
759 435
759 1050
759 799
759 362
759 101
759 634
759 1123
759 775
759 234
759 995
759 636
759 91
759 791
759 996
759 1120
576 939
576 878
576 236
576 542
576 1040
576 1082
576 83
576 56
576 798
576 900
576 624
576 864
576 463
576 1019
576 741
576 1115
576 155
576 713
576 1055
576 475
576 403
576 703
576 388
576 451
576 541
576 156
939 878
939 236
939 542
939 1082
939 698
939 83
939 56
939 934
939 1014
939 122
939 412
939 545
939 749
939 900
939 321
939 1049
939 624
939 235
939 463
939 892
939 208
939 543
939 323
939 830
939 264
939 668
939 610
939 861
878 236
878 542
878 1082
878 83
878 182
878 56
878 836
878 900
878 463
878 404
878 11
878 118
878 889
878 489
195 451
1038 542
1038 690
1038 738
1038 254
1038 636
1038 451
1038 732
1038 167
1038 993
236 303
236 542
236 1082
236 698
236 182
236 56
236 1096
236 540
236 622
236 513
236 894
236 689
236 376
236 712
236 624
236 741
236 230
236 667
236 970
303 182
303 622
303 941
303 741
303 913
303 714
303 1011
303 1084
542 1040
542 690
542 83
542 56
542 499
542 900
542 703
542 451
542 913
542 764
1040 690
1040 499
1040 900
1040 404
1040 1019
1040 741
1040 1115
1040 475
1040 703
1040 451
1040 764
1040 209
1040 605
1040 642
1040 481
1082 83
1082 182
1082 56
1082 900
1082 852
1082 877
1082 463
1082 458
698 277
698 900
698 321
698 404
698 451
698 323
698 830
698 728
698 345
698 191
698 227
690 83
690 499
690 900
690 624
690 404
690 636
690 451
690 732
690 764
690 209
690 110
83 56
83 499
83 937
83 432
83 844
83 463
83 119
83 848
83 293
83 732
83 913
83 1084
83 70
83 59
83 632
83 1074
83 58
83 518
83 814
83 211
83 945
522 502
522 885
522 1008
522 842
522 829
522 918
522 444
522 768
522 951
522 478
522 300
522 848
522 264
522 861
522 699
522 599
522 946
182 587
182 444
182 941
182 194
182 1011
182 209
182 231
56 1096
56 740
56 900
56 840
56 838
56 1049
56 198
56 647
56 407
56 624
56 906
56 528
56 463
56 405
56 732
56 714
56 764
56 209
56 929
56 384
56 185
56 916
56 762
56 535
56 666
56 133
56 807
1079 930
1079 803
1079 266
1079 317
1079 569
1079 440
1079 635
1079 864
1079 449
1079 933
1079 111
1079 211
1079 52
1079 774
1079 334
1079 418
1079 1059
1079 420
1034 247
1034 275
1034 587
1034 44
1034 359
1034 146
1034 545
1034 444
1034 51
1034 378
1034 293
1034 667
1034 970
1034 268
1034 711
1034 54
1034 169
1034 18
1034 473
1034 748
1131 604
1131 301
1131 689
1131 320
1131 783
1131 809
1131 683
1131 329
1131 1010
1131 530
1131 617
455 739
455 348
455 725
455 1008
455 621
455 122
455 843
455 622
455 571
455 513
455 44
455 165
455 6
455 849
455 444
455 689
455 353
455 852
455 376
455 16
455 906
455 250
455 293
455 111
455 18
455 1104
455 1105
455 335
455 679
455 73
455 508
455 468
455 281
455 962
455 510
455 153
455 39
229 843
229 146
229 652
229 864
229 116
349 567
349 723
349 556
349 977
349 365
349 415
349 48
349 571
349 751
349 129
349 75
292 725
292 275
292 803
292 811
292 151
292 839
292 381
292 872
292 200
292 505
739 311
739 725
739 662
739 723
739 259
739 977
739 415
739 782
739 359
739 353
739 527
739 490
739 872
739 123
739 505
739 516
739 379
739 676
739 570
739 588
739 459
739 1125
371 134
371 587
371 137
371 504
371 595
371 160
371 752
371 266
371 233
371 129
371 591
371 50
371 983
371 564
371 473
371 493
371 104
371 801
371 132
502 134
502 567
502 415
502 893
502 918
502 151
502 444
502 393
502 296
502 353
502 249
502 561
502 372
502 818
502 1044
502 591
502 564
502 110
502 132
502 670
954 10
954 768
954 752
954 862
954 904
348 1096
348 600
348 10
348 779
348 622
348 301
348 1128
348 362
348 320
348 39
348 245
311 275
311 790
311 611
311 773
311 745
311 890
311 21
311 937
311 310
311 672
311 799
311 544
311 336
311 123
311 191
311 428
311 218
311 736
311 682
311 846
793 134
793 664
793 444
793 440
793 194
793 983
793 109
793 1017
357 587
357 571
357 508
687 138
687 611
687 773
687 504
687 937
687 214
687 191
687 736
687 330
687 299
687 190
930 498
930 983
930 693
930 988
930 984
930 968
499 900
499 840
499 906
499 463
499 941
499 404
499 451
499 714
499 764
499 984
499 968
499 243
499 633
499 460
499 34
499 594
499 207
989 444
989 836
989 353
989 407
989 848
989 416
989 816
989 495
989 568
989 709
138 149
138 151
138 214
138 743
138 116
138 306
138 897
138 519
138 1113
138 352
498 550
498 6
498 1
498 983
498 835
498 988
498 984
498 309
498 821
498 866
498 902
498 1002
498 547
498 284
498 651
498 62
134 1021
134 574
134 514
134 798
134 444
134 296
134 160
134 159
134 1049
134 569
134 223
134 468
134 109
134 1017
134 633
134 833
134 441
134 1003
134 548
664 983
664 1003
212 966
212 569
212 223
212 207
212 816
212 174
831 1017
831 284
831 383
831 534
1021 32
1021 6
1021 988
966 1017
247 275
247 738
247 146
247 396
247 603
247 950
247 783
247 473
247 588
247 61
247 976
671 838
671 41
787 1132
787 568
787 120
163 725
163 275
163 32
163 80
163 151
163 580
163 799
163 129
163 950
163 167
163 219
725 662
725 275
725 536
725 571
725 146
725 773
725 282
725 151
725 778
725 894
725 504
725 745
725 545
725 577
725 546
725 340
725 187
725 648
725 580
725 517
725 4
725 1065
725 214
725 527
725 743
725 672
725 888
725 1031
725 1042
725 129
725 101
725 490
725 440
725 775
725 872
725 417
725 864
725 995
725 892
725 613
725 783
725 791
725 230
725 334
725 516
725 846
725 354
725 630
725 343
725 1098
725 854
725 912
725 637
725 1066
725 789
725 164
725 368
639 587
639 514
639 740
639 838
639 222
639 978
639 786
639 1026
639 50
639 810
639 111
639 762
639 132
639 454
639 855
639 375
639 572
639 819
639 706
639 958
639 802
639 753
639 53
639 663
639 563
639 471
639 526
934 275
934 918
934 146
934 282
934 545
934 648
934 985
934 1077
934 857
934 196
934 981
885 723
885 943
472 1008
472 621
472 122
472 918
472 946
472 281
472 106
1014 734
1014 723
1014 406
1014 757
1014 826
1014 1012
1014 829
1014 314
1014 48
1014 603
1014 951
1014 129
1014 300
1014 220
1014 628
567 723
567 122
567 587
567 365
567 406
567 1012
567 415
567 48
567 946
567 385
734 1008
734 314
734 281
734 106
832 654
832 529
832 749
832 378
832 949
832 983
832 981
832 700
832 997
832 761
662 259
662 275
662 359
662 773
662 151
662 504
662 745
662 545
662 577
662 546
662 340
662 21
662 353
662 527
662 435
662 419
662 888
662 884
662 775
662 883
662 892
662 613
662 783
662 636
662 218
662 630
662 1066
662 871
662 102
662 179
662 7
662 457
662 369
1008 621
1008 723
1008 122
1008 803
1008 32
1008 977
1008 826
1008 513
1008 946
1008 281
1008 92
550 745
550 274
550 750
550 345
550 62
550 69
550 612
621 122
621 842
621 281
621 106
723 977
723 406
723 757
723 532
723 1012
723 842
723 829
723 880
723 57
723 415
723 1039
723 314
723 48
723 918
723 444
723 114
723 362
723 946
723 1105
723 281
723 106
723 876
556 406
556 757
556 532
556 1012
556 842
556 880
556 57
556 1039
556 1105
785 985
785 378
785 992
785 202
785 1042
785 300
785 194
785 52
785 334
785 623
785 1016
785 870
785 606
122 415
122 571
122 748
122 281
122 26
122 228
0 514
0 918
0 749
0 378
0 202
0 949
0 194
0 932
0 1095
0 999
9 612
259 27
259 903
259 937
259 527
259 613
259 736
259 637
259 1066
259 789
259 276
259 1121
275 514
275 918
275 359
275 146
275 151
275 545
275 1111
275 648
275 798
275 752
275 527
275 435
275 1050
275 582
275 419
275 1031
275 479
275 46
275 194
275 883
275 892
275 457
275 263
536 282
536 1060
536 354
536 343
790 359
790 745
790 799
790 123
790 995
790 783
790 385
790 283
790 322
574 587
574 32
574 514
574 137
574 393
574 114
574 478
574 564
574 475
574 185
574 493
574 416
574 568
574 102
574 213
574 788
574 1070
574 269
574 287
738 254
738 214
738 1030
738 1042
738 636
738 167
738 1059
738 897
738 976
803 587
803 546
803 393
803 900
803 613
803 1019
803 679
587 32
587 1096
587 137
587 517
587 117
587 51
587 215
587 953
587 1049
587 877
587 90
587 390
587 704
587 140
587 926
587 475
587 156
587 493
587 104
587 460
587 563
587 228
587 414
587 947
587 859
587 278
587 485
32 604
32 137
32 782
32 146
32 517
32 273
32 362
32 255
32 949
32 19
32 994
32 907
32 380
32 223
32 111
32 1055
32 667
32 1074
32 334
32 468
32 104
32 1017
32 633
32 1095
32 1054
32 246
32 168
32 238
32 25
32 192
811 546
811 486
811 1030
811 231
811 679
811 200
811 816
811 92
811 351
811 696
811 1025
514 84
514 918
514 340
514 792
514 444
514 277
514 768
514 752
514 353
514 1031
514 362
514 844
514 569
514 635
514 864
514 279
514 50
514 983
514 1112
514 110
514 473
514 493
514 132
514 663
514 246
84 792
84 117
847 779
847 843
1096 152
1096 10
1096 540
1096 779
1096 843
1096 604
1096 1056
1096 622
1096 301
1096 689
1096 928
1096 609
1096 474
1096 1030
1096 215
1096 202
1096 362
1096 129
1096 432
1096 320
1096 906
1096 667
1096 970
1096 39
1096 789
1096 1009
1096 1046
1096 824
1096 1116
600 152
600 779
600 301
600 320
600 1009
600 328
152 10
152 779
152 843
152 604
152 622
152 301
152 1030
152 362
152 320
152 300
152 950
152 279
152 667
152 516
152 245
152 789
152 328
152 63
10 779
10 843
10 768
10 176
10 928
10 362
10 1044
10 906
10 661
10 373
10 635
10 667
10 904
10 245
10 548
10 328
10 820
10 237
10 469
10 1022
10 678
10 112
10 538
402 1123
402 19
402 809
402 1010
402 360
402 553
402 79
540 779
540 622
540 301
540 513
540 296
540 160
540 689
540 1042
540 320
540 712
540 90
540 763
540 39
540 585
540 815
779 843
779 604
779 1056
779 622
779 301
779 513
779 733
779 768
779 852
779 362
779 320
779 844
779 712
779 232
779 970
779 39
779 267
843 622
843 301
843 571
843 768
843 215
843 320
843 906
843 714
843 39
843 1046
843 456
843 627
604 301
604 545
604 1123
604 440
604 39
604 1009
1056 622
1056 301
1056 513
1056 689
1056 712
1056 970
1056 39
1056 932
1056 824
1056 267
622 301
622 571
622 160
622 752
622 320
622 950
622 666
622 39
622 516
55 160
301 513
301 752
301 689
301 609
301 712
301 683
301 1010
301 39
301 328
301 585
301 267
301 627
301 244
301 49
301 476
1128 647
1128 906
1128 145
1128 904
1128 245
1128 881
1128 640
1128 795
1128 332
1128 631
1128 433
80 580
137 296
137 884
137 1043
137 844
137 601
137 390
137 440
137 786
137 704
137 140
137 493
137 104
137 102
716 740
716 353
716 663
716 1016
716 1070
149 1132
149 362
149 129
149 101
149 49
149 665
30 571
30 978
30 708
30 789
30 53
30 72
30 867
30 294
30 766
30 967
30 175
972 669
972 139
438 251
438 980
438 103
977 571
977 513
977 849
977 1125
365 415
365 146
365 751
365 773
365 114
365 799
365 123
365 1125
365 322
406 839
406 1049
406 543
406 548
406 492
684 757
684 826
684 1012
684 397
684 603
684 839
757 532
757 826
757 1012
757 880
757 57
757 768
757 114
757 1105
532 1012
532 1039
532 918
532 490
532 264
826 296
826 946
1012 296
1012 839
1012 946
1012 1105
1012 228
829 323
308 167
308 1125
880 114
880 1105
415 48
415 918
415 146
415 751
415 773
415 453
415 799
415 775
415 1125
415 224
1093 918
1093 1125
1039 254
314 951
314 106
48 751
48 215
48 884
48 268
918 798
918 393
918 296
918 160
918 561
918 378
918 1073
918 943
918 946
918 1105
918 901
918 22
571 513
571 165
571 6
571 849
571 1
571 376
571 89
571 949
571 1044
571 442
571 235
571 54
571 73
571 508
571 988
571 968
571 1002
571 213
571 192
571 63
571 237
571 298
571 924
571 401
782 513
782 6
782 1
782 545
782 353
782 153
782 379
513 849
513 689
513 609
513 202
513 1042
513 320
513 1123
513 712
513 827
513 763
513 1010
513 281
513 39
513 516
513 815
513 476
513 161
44 417
44 194
44 268
44 676
44 984
44 976
44 120
44 246
44 295
165 906
165 293
165 508
165 670
165 401
313 405
313 111
313 1104
313 516
313 132
313 375
313 753
313 563
313 1071
313 656
313 975
313 81
6 1
6 983
6 693
6 516
6 988
6 821
6 866
6 645
6 767
849 73
849 508
849 39
1 852
1 983
1 693
1 821
412 545
412 654
412 186
412 559
412 652
412 613
412 230
412 283
412 607
412 500
611 146
611 504
611 890
611 21
611 937
611 310
611 544
611 490
611 653
611 123
611 613
611 191
611 428
611 736
611 330
611 299
611 190
611 607
359 146
359 504
359 577
359 1077
359 1050
359 1060
359 46
359 490
359 775
359 872
359 892
359 789
359 414
359 674
1122 749
1122 543
1122 628
1122 761
1122 999
1122 616
146 751
146 151
146 504
146 1111
146 577
146 890
146 340
146 580
146 453
146 296
146 1077
146 353
146 527
146 435
146 1060
146 799
146 129
146 490
146 1123
146 775
146 892
146 613
146 791
146 996
146 330
146 179
146 228
146 276
146 674
146 315
146 452
146 963
751 504
751 890
751 453
751 435
751 799
751 775
751 452
751 487
773 504
773 745
773 545
773 1111
773 890
773 21
773 937
773 310
773 799
773 123
773 274
773 605
773 1125
773 736
773 62
773 630
773 637
773 276
773 283
773 607
773 452
773 271
27 21
27 187
27 580
27 1057
27 321
27 435
27 653
27 789
27 1016
27 820
27 452
27 99
27 710
27 1081
282 745
282 937
282 214
282 603
282 743
282 129
282 636
282 334
282 846
282 897
282 354
282 630
282 343
282 854
282 912
282 637
282 932
282 737
282 868
151 778
151 545
151 580
151 444
151 286
151 527
151 672
151 1050
151 46
151 101
151 381
151 490
151 575
151 1120
151 164
778 340
778 1065
778 286
778 1031
778 101
778 318
778 350
778 1120
778 104
894 545
894 1077
894 672
894 652
894 362
894 712
894 763
894 230
894 39
894 203
504 745
504 1111
504 964
504 577
504 765
504 546
504 340
504 187
504 648
504 580
504 444
504 1065
504 1077
504 1108
504 527
504 672
504 1050
504 544
504 101
504 490
504 440
504 775
504 575
504 613
504 791
504 230
504 736
504 507
504 2
745 1111
745 903
745 577
745 765
745 890
745 21
745 187
745 648
745 937
745 310
745 527
745 435
745 672
745 381
745 775
745 123
745 613
745 736
745 1066
745 283
745 271
745 1117
545 577
545 546
545 340
545 21
545 310
545 1077
545 839
545 799
545 490
545 872
545 892
545 613
545 276
1111 890
1111 546
1111 187
1111 799
1111 1123
1111 775
1111 996
1111 62
1111 283
903 890
903 937
903 527
903 142
903 613
903 783
903 846
903 1066
903 1117
964 21
964 580
964 950
964 846
577 340
577 444
577 527
577 839
577 490
577 872
577 950
577 1026
577 892
577 613
577 630
577 385
577 871
577 283
765 890
765 21
765 937
765 435
765 123
765 516
765 457
765 283
765 963
765 1117
890 546
890 21
890 187
890 937
890 310
890 799
890 544
890 123
890 274
890 791
890 530
890 283
890 1117
890 40
890 189
890 644
546 743
546 321
546 888
546 1123
546 1110
546 995
546 791
546 1120
546 102
546 40
546 462
546 990
340 752
340 1077
340 527
340 1050
340 490
340 194
340 575
340 230
340 164
340 870
340 932
21 187
21 580
21 937
21 1057
21 310
21 435
21 653
21 123
21 191
21 428
21 736
21 630
21 283
21 452
21 1081
187 580
187 937
187 1057
187 435
187 775
187 892
187 330
187 630
187 1121
187 452
187 1081
187 217
648 1057
648 752
648 1050
648 167
648 334
648 607
648 189
580 527
580 101
580 653
580 892
580 946
580 516
580 330
580 62
580 219
580 452
580 589
937 310
937 435
937 123
937 791
937 428
937 682
937 164
937 932
937 276
937 1121
937 283
937 820
937 507
937 1117
937 177
937 338
453 775
453 180
1057 435
1057 653
1057 748
1057 330
1057 637
1057 452
1057 1081
310 428
310 736
310 476
310 1100
310 477
188 861
188 268
188 179
188 76
654 300
654 861
654 997
654 761
654 125
529 125
879 211
517 479
517 877
517 440
517 661
517 191
517 946
517 516
517 825
595 160
595 603
595 215
595 255
595 350
595 950
595 184
733 983
792 444
792 768
792 117
792 347
792 279
792 495
792 607
792 921
798 117
798 752
798 51
798 494
798 1043
798 593
444 437
444 277
444 768
444 117
444 752
444 51
444 749
444 900
444 419
444 818
444 440
444 892
444 848
444 929
444 493
444 904
444 460
444 548
444 753
444 932
444 246
444 205
444 1127
444 817
444 461
444 386
444 71
393 569
393 520
437 439
437 419
437 786
437 50
437 1007
437 810
437 133
437 468
437 663
437 312
296 353
296 419
296 852
296 255
296 300
296 848
296 693
296 230
296 946
296 493
296 902
296 441
296 548
296 1070
296 414
296 859
296 1052
296 382
296 1053
296 307
277 232
277 933
277 1072
277 564
277 156
277 642
277 335
277 485
277 3
277 423
768 752
768 818
768 478
768 669
768 667
768 904
768 245
768 1127
768 817
768 363
117 186
117 818
117 591
117 822
117 279
117 848
117 500
117 1102
160 752
160 353
160 852
160 255
160 949
160 234
160 786
160 50
160 1007
160 293
160 1019
160 388
160 493
160 132
160 339
784 704
784 516
784 917
752 582
752 362
752 624
752 906
752 380
752 50
752 667
752 132
752 245
752 548
752 1102
752 115
752 358
752 694
254 440
254 636
254 167
254 1124
305 1132
305 186
305 78
305 101
305 320
1132 78
1132 844
1132 350
1132 493
186 1042
186 506
186 234
186 279
186 605
186 748
186 607
186 921
186 655
186 1041
1018 818
78 985
78 743
78 949
78 194
78 1016
78 1070
1065 286
1065 1042
1065 129
1065 101
1065 864
1065 995
1065 466
985 818
985 1031
985 411
985 246
51 214
51 353
51 494
51 953
51 1043
51 493
51 102
51 593
749 561
749 378
749 129
749 300
749 949
749 543
749 999
749 1107
749 42
749 389
749 162
836 353
836 489
836 153
836 816
836 568
836 802
836 351
836 1071
836 658
836 1036
836 971
439 852
439 320
439 407
439 528
439 810
439 468
439 753
439 108
439 625
286 318
214 1050
214 419
214 129
214 864
214 791
214 857
214 385
266 704
266 810
266 1025
266 175
266 566
266 887
891 877
891 390
1077 559
1077 892
1077 613
1077 230
557 933
557 335
557 873
557 727
557 754
396 1108
396 743
396 888
396 1032
159 569
159 1017
689 609
689 376
689 230
689 809
689 683
689 39
689 1054
689 1009
689 758
689 1024
740 852
740 255
740 320
740 222
740 844
740 1083
740 877
740 407
740 708
740 786
740 1026
740 50
740 468
740 706
740 802
740 563
740 161
740 650
353 132
353 568
353 788
353 1070
353 246
353 657
353 394
317 1049
317 440
317 350
317 493
317 352
317 1003
317 386
317 71
317 115
317 724
317 95
317 927
603 215
603 129
603 300
603 647
603 90
603 234
603 336
603 950
603 669
603 72
603 1107
603 1006
603 1119
603 143
327 300
327 167
327 606
327 1089
527 799
527 170
527 775
527 995
527 892
527 613
527 636
527 218
527 736
527 276
527 421
249 615
249 198
249 440
249 786
249 14
249 810
249 302
176 928
176 129
176 862
176 235
176 635
176 417
176 810
176 245
176 139
176 1006
176 28
176 805
561 652
561 999
561 171
686 473
686 335
686 423
686 873
686 727
686 715
686 35
686 1001
686 509
615 90
615 786
615 130
615 14
615 468
615 1017
615 375
615 1106
951 90
951 234
951 946
951 628
951 999
324 838
900 463
900 941
900 404
900 848
900 451
900 764
408 300
408 861
743 202
743 235
743 864
743 194
743 669
743 807
743 52
743 245
743 623
743 820
743 678
840 451
840 732
840 913
840 1011
840 666
321 435
378 554
378 1043
378 949
378 543
378 679
378 162
378 480
378 464
378 1005
378 221
378 427
378 875
378 1028
435 799
435 123
435 1125
435 452
435 963
435 1081
992 300
992 861
992 981
992 628
992 1095
992 999
992 42
992 389
992 956
672 839
672 381
672 613
672 1059
672 428
672 820
1050 417
1050 271
554 861
554 1005
943 233
943 770
114 274
114 1125
114 322
114 427
114 942
347 194
347 279
347 904
347 898
347 1033
928 852
928 362
928 129
928 361
928 827
928 235
928 906
928 336
928 973
928 661
928 194
928 380
928 669
928 667
928 807
928 169
928 510
928 904
928 820
928 237
928 678
928 112
928 139
928 868
928 1033
928 806
928 931
928 448
928 915
609 712
609 234
609 417
609 334
609 39
609 870
372 1042
372 403
372 873
372 754
486 205
582 839
582 376
582 17
582 1044
582 170
582 316
582 442
582 398
582 361
582 19
582 235
582 892
582 783
582 731
582 813
582 562
582 777
582 66
582 986
582 107
582 834
65 202
65 1078
419 888
419 233
419 478
419 235
419 575
419 110
419 871
419 678
818 273
818 1016
818 665
818 955
818 720
818 910
888 883
888 575
888 482
233 838
233 222
233 440
233 1026
233 50
233 1007
233 810
233 929
233 133
233 54
233 958
233 224
233 520
233 625
233 770
77 635
77 713
957 273
957 474
957 172
957 552
273 474
273 215
273 202
273 720
474 202
474 748
474 1119
474 776
474 226
474 333
474 717
474 105
1030 131
1030 436
1030 440
1030 907
1030 950
1030 223
1030 246
1030 168
1030 1025
1030 924
1030 644
1030 626
1030 863
1030 23
215 575
215 810
215 293
215 632
215 814
215 329
215 172
215 974
131 318
131 906
131 223
131 783
131 416
131 168
131 644
852 838
852 432
852 320
852 222
852 877
852 440
852 973
852 786
852 861
852 458
852 946
852 1104
852 663
852 859
852 339
852 331
852 1094
1060 1031
1060 839
1060 330
1060 452
697 391
565 1031
565 652
565 969
565 345
565 263
1031 839
1031 652
1031 479
1031 46
1031 653
1031 194
1031 883
1031 772
1031 932
1031 263
1031 297
839 46
839 381
839 775
839 872
839 575
839 892
839 772
839 613
839 468
839 391
839 465
652 969
652 219
652 263
479 46
479 90
479 857
46 544
46 653
969 62
969 369
969 756
799 775
799 123
799 516
799 1125
799 428
799 682
799 62
799 452
544 653
202 1042
202 362
202 129
202 101
202 300
202 442
202 786
202 864
202 411
202 807
202 52
202 570
202 700
478 601
478 440
478 493
478 246
478 770
478 948
1042 129
1042 381
1042 838
1042 442
1042 864
1042 528
1042 411
1042 52
1042 335
1042 607
1042 339
362 1044
362 316
362 361
362 827
362 235
362 906
362 1087
362 145
362 380
362 669
362 667
362 52
362 245
362 63
362 112
362 66
362 107
362 226
362 210
129 101
129 381
129 392
129 1123
129 90
129 1044
129 442
129 775
129 661
129 864
129 669
129 223
129 293
129 636
129 543
129 642
129 946
129 52
129 334
129 329
129 335
129 116
129 354
129 958
129 881
129 143
129 1001
129 426
129 258
494 320
494 877
494 569
494 223
494 34
494 816
494 174
494 593
494 1085
494 206
494 178
101 864
101 946
101 52
101 164
101 288
381 750
381 352
381 105
392 647
392 316
392 973
392 411
392 783
392 230
392 616
392 1062
953 320
953 194
953 801
953 984
953 976
953 53
838 255
838 884
838 320
838 877
838 388
838 334
838 473
838 679
838 200
838 224
838 304
838 797
838 619
838 722
838 270
838 920
255 320
255 844
255 1083
255 958
255 224
255 887
255 804
255 537
376 1037
376 1123
376 712
376 17
376 170
376 442
376 398
376 827
376 235
376 635
376 763
376 605
376 510
376 39
376 516
376 815
376 1033
376 731
376 813
376 562
376 777
376 834
376 105
376 12
376 98
376 960
1058 770
142 872
142 613
142 283
884 786
884 293
884 543
884 133
884 268
884 335
884 468
884 753
884 102
884 1045
355 436
1043 877
1043 601
1043 350
1043 704
1043 54
201 647
201 904
201 881
201 332
201 433
201 539
201 614
201 387
201 33
201 629
201 20
201 342
318 140
318 493
318 416
432 844
432 632
432 899
436 1110
436 246
436 1048
436 959
1049 877
1049 473
1049 1003
1049 1016
1049 414
1049 469
1049 115
1049 625
1049 1001
16 405
16 111
16 1104
16 132
16 375
16 819
16 753
16 1071
16 425
16 1109
16 60
16 583
198 234
198 167
198 762
198 468
198 516
198 1036
198 1015
320 647
320 222
320 1083
320 877
320 712
320 350
320 786
320 970
320 39
320 1046
320 161
320 1006
320 619
320 290
300 647
300 1037
300 949
300 234
300 8
300 763
300 783
300 543
300 861
300 167
300 946
300 857
300 981
300 628
300 228
300 1095
300 999
300 389
300 464
300 325
300 584
300 148
300 127
647 827
647 234
647 350
647 1087
647 661
647 417
647 783
647 636
647 52
647 169
647 104
647 904
647 245
647 63
647 820
647 640
647 795
647 631
647 72
647 226
647 20
647 342
647 366
647 31
1037 316
1037 763
1037 731
1037 562
1037 834
222 407
222 440
222 1026
222 50
222 458
222 420
222 859
222 72
222 1071
222 426
222 1020
89 70
89 246
89 924
634 490
634 791
490 872
490 794
490 462
844 119
844 293
844 632
844 774
844 675
653 274
653 1081
1123 791
1083 407
1083 161
1083 1015
1083 1020
949 783
949 636
949 543
949 861
949 946
949 385
949 761
949 1016
949 870
949 1095
949 161
949 389
949 1028
949 923
949 434
949 147
877 407
877 90
877 234
877 786
877 753
877 302
877 797
877 583
877 1020
407 50
407 379
407 1015
41 708
41 130
41 594
41 1106
712 763
712 230
712 815
90 440
90 111
90 762
90 112
624 194
624 287
601 978
569 440
569 907
569 721
569 130
569 944
569 194
569 983
569 223
569 633
569 34
569 207
569 816
569 833
569 174
569 79
569 1106
569 643
569 430
569 935
569 1101
569 141
390 194
390 140
390 493
390 942
390 88
390 533
440 827
440 775
440 978
440 635
440 983
440 111
440 493
440 132
440 1066
440 53
440 663
440 238
440 72
440 766
440 747
440 1097
506 802
506 921
506 655
17 1044
17 170
17 398
17 19
17 99
17 1129
1044 170
1044 316
1044 442
1044 398
1044 361
1044 19
1044 235
1044 635
1044 667
1044 169
1044 245
1044 112
1044 99
1044 813
1044 777
170 316
170 442
170 398
170 361
170 19
170 516
170 218
170 99
170 813
170 12
170 895
316 442
316 361
316 19
316 667
316 1033
442 398
442 361
442 19
442 235
442 1087
442 973
442 52
442 516
442 99
442 462
442 562
442 777
442 834
442 960
398 361
398 19
398 235
398 237
398 99
398 813
398 834
361 19
361 667
361 112
19 245
19 960
862 906
862 950
862 245
862 655
862 1006
862 813
862 148
827 906
827 661
827 635
827 380
827 669
827 807
827 169
827 510
827 548
827 63
827 237
827 678
827 139
827 868
827 921
827 1033
827 806
827 931
827 448
827 915
827 851
775 613
775 1125
775 820
775 963
775 1081
775 180
978 704
978 810
978 706
978 294
978 466
978 658
978 586
234 762
234 887
234 172
234 583
234 82
235 892
235 279
235 667
235 112
235 777
235 66
235 986
235 107
235 210
235 1129
235 450
235 979
235 181
708 53
708 294
708 766
708 161
708 887
708 673
906 661
906 145
906 669
906 293
906 667
906 807
906 169
906 510
906 63
906 881
906 795
906 631
906 433
906 139
906 813
906 777
906 33
906 629
906 148
906 549
906 341
907 944
907 223
907 783
336 139
336 387
336 148
336 1129
350 153
350 788
350 658
350 366
872 116
872 570
123 794
123 274
123 1125
123 283
123 322
123 217
123 180
123 896
8 669
8 706
8 226
8 1088
8 154
721 783
721 334
721 516
721 263
721 430
950 669
950 39
950 102
950 688
591 194
87 1087
87 701
87 538
1087 701
1087 661
1087 373
1087 169
1087 112
1087 607
1087 837
1087 280
701 973
701 912
701 820
701 538
701 607
701 776
701 105
973 661
973 373
973 380
973 669
973 245
973 414
973 237
973 678
973 1006
973 777
661 373
661 635
661 380
661 669
661 807
661 52
661 237
661 868
661 777
661 98
661 707
373 666
373 169
373 645
145 635
145 169
145 904
145 63
145 237
145 881
145 795
145 33
635 169
635 904
635 63
635 1033
635 181
417 669
417 665
786 50
786 714
786 384
786 762
786 268
786 468
786 454
786 663
786 414
786 339
786 1094
763 39
763 758
130 223
130 816
130 72
130 1106
704 388
704 632
704 243
704 175
704 1130
704 551
121 564
121 541
121 642
121 335
121 184
121 727
864 52
864 116
864 607
944 594
449 933
449 473
449 335
449 423
449 584
449 523
528 753
528 256
1026 404
1026 802
1026 520
1026 658
1026 797
941 741
941 732
941 714
941 1011
941 1084
941 345
941 302
941 715
941 105
941 1051
941 100
941 909
194 983
194 564
194 110
194 52
194 418
194 473
194 1003
194 607
194 520
194 1033
194 955
194 948
194 370
194 608
404 451
404 118
404 489
404 732
404 764
380 139
380 777
380 776
380 1080
119 207
119 307
119 1119
119 717
119 270
119 675
119 1092
119 638
411 52
411 1016
411 180
411 1062
669 783
669 667
669 666
669 807
669 169
669 510
669 534
669 1016
669 63
669 237
669 678
669 433
669 139
669 868
669 1033
669 806
669 931
669 448
669 915
669 707
883 228
995 892
575 167
575 169
575 820
575 678
892 164
892 445
822 848
822 219
274 345
274 1125
274 283
274 322
274 125
274 942
279 848
279 667
279 535
279 665
279 607
279 921
279 1041
140 926
140 14
140 29
140 468
140 104
140 132
613 783
613 736
613 354
613 276
613 391
933 1019
933 1115
933 403
933 388
933 335
933 71
933 423
933 523
933 882
38 1007
596 1112
596 538
14 732
14 714
14 762
14 663
14 81
14 1107
14 425
14 483
50 405
50 1007
50 458
50 132
50 454
50 375
50 819
50 706
50 663
50 563
50 870
50 1094
50 491
50 96
50 93
1072 388
1072 335
1072 1016
983 693
983 516
983 1017
983 984
983 968
983 309
983 821
983 866
983 902
983 1002
983 287
983 278
983 1053
983 395
983 43
983 503
405 458
405 132
405 375
405 753
1007 224
1007 520
1007 491
223 783
223 1085
810 420
810 984
810 1003
810 859
810 658
810 370
810 197
810 940
1112 213
1112 788
1112 658
1112 971
1112 82
1112 128
1112 1013
1112 853
564 91
564 1115
564 388
564 541
564 156
564 642
564 231
564 473
564 335
564 251
564 727
564 258
564 551
564 608
564 399
564 646
564 919
564 1061
564 1114
564 1023
564 261
564 36
29 1003
250 312
250 688
250 491
250 823
693 984
693 902
693 1002
693 547
693 767
693 1053
693 43
693 908
835 334
835 988
293 632
293 268
293 976
293 246
293 924
293 618
293 680
111 783
111 636
111 268
111 132
111 375
111 753
111 1071
111 656
111 1052
111 60
111 96
783 543
783 169
783 329
783 39
783 789
783 1107
783 974
783 270
783 434
783 344
783 337
636 732
636 167
636 70
636 593
636 1107
91 642
91 334
91 251
91 184
91 727
91 555
791 1121
1019 703
1019 473
1019 485
1019 754
1019 882
1019 399
1019 467
741 1055
741 451
741 1011
741 251
741 1001
1115 703
1115 541
1115 920
1115 551
1115 523
1115 399
1115 1004
155 335
713 1055
713 475
713 473
713 335
713 754
713 584
713 86
1055 703
1055 761
1055 205
1055 1005
1055 584
1055 523
1055 86
475 156
475 473
475 335
475 563
475 228
475 947
475 485
475 873
475 771
475 1099
403 754
403 715
403 551
703 388
703 541
703 156
703 830
703 118
703 489
703 59
703 335
703 460
703 485
703 35
703 551
703 483
703 919
703 467
703 874
703 998
703 681
703 860
388 541
388 268
388 335
388 485
388 1001
388 509
388 551
388 1114
451 1011
451 764
451 243
541 642
541 679
541 251
541 727
541 258
541 551
541 399
541 1061
541 1004
156 335
156 251
156 261
156 374
156 5
543 861
543 761
543 606
543 999
543 464
543 875
543 289
323 830
830 118
830 345
830 59
830 460
830 1003
830 998
861 981
861 606
861 999
861 125
861 464
861 1005
861 875
861 400
11 586
118 460
118 998
889 489
889 213
889 298
889 586
889 47
489 788
489 370
489 319
732 913
732 714
732 1011
732 916
732 535
732 1104
732 460
732 112
167 268
167 976
167 343
167 753
167 312
167 1053
230 970
230 39
230 368
667 268
667 169
667 63
667 237
667 112
667 655
667 777
667 66
667 107
667 210
667 450
667 364
970 39
970 815
970 49
913 1084
913 58
714 1084
714 345
714 666
714 1104
714 460
714 813
714 387
714 100
1011 1084
1011 209
1011 460
1011 1025
1011 175
1084 70
1084 168
1084 364
605 283
605 607
605 921
605 655
605 1041
605 731
605 834
605 776
605 105
605 280
605 581
642 335
642 251
642 184
642 727
642 555
481 1075
458 975
191 946
191 428
191 736
191 330
191 299
191 190
191 1107
70 945
70 516
70 246
70 924
70 940
59 460
632 211
632 418
632 962
632 924
632 307
632 695
1074 516
814 945
814 329
814 172
814 974
814 470
211 268
211 924
211 307
945 329
945 552
699 425
599 770
946 375
946 457
946 1016
946 414
946 694
946 865
231 816
231 251
384 744
762 425
762 367
133 268
133 491
807 169
807 820
807 237
807 678
807 139
807 655
807 931
807 915
52 329
52 570
52 897
52 1016
52 485
52 824
52 555
334 570
334 354
334 485
334 824
418 281
418 695
418 135
268 54
268 335
268 468
268 753
268 924
268 71
268 694
268 447
54 924
169 510
169 904
169 820
169 237
169 678
169 112
169 139
169 868
169 1033
169 806
169 931
169 448
169 915
18 468
18 563
18 650
18 1067
18 515
473 335
473 679
473 485
473 423
473 754
473 715
473 35
473 304
473 882
473 285
748 428
748 1016
748 607
748 655
748 1041
748 1119
748 491
748 424
809 39
683 39
683 1046
683 824
329 172
329 552
329 974
329 470
1010 49
530 965
617 1119
617 172
617 974
617 470
617 409
617 858
1104 468
1104 516
1104 132
1104 375
1104 753
1104 102
1104 1071
335 516
335 753
335 485
335 901
335 184
335 423
335 727
335 754
335 715
335 35
335 584
335 551
335 523
335 261
679 71
679 423
679 771
73 508
73 942
468 1017
468 819
468 753
468 1015
468 515
281 106
510 682
510 237
510 139
510 868
510 806
510 931
510 448
510 915
153 816
153 802
153 366
153 82
39 1054
39 758
516 984
516 968
516 416
516 819
516 802
516 628
516 192
516 205
516 805
516 562
516 265
516 685
516 511
516 1047
516 157
379 625
570 623
588 251
1125 322
1125 452
1125 125
493 563
493 102
493 228
493 213
493 947
493 181
104 976
104 898
801 680
801 850
132 375
132 572
132 819
132 753
132 1016
132 1071
132 656
132 81
132 1052
132 1109
132 60
132 583
132 1015
132 1069
670 663
904 245
904 63
904 112
904 881
904 640
904 631
904 433
904 139
904 539
904 20
904 342
904 31
245 63
245 820
245 237
245 881
245 640
245 332
245 20
428 736
428 682
428 164
428 820
428 107
428 443
218 276
218 795
218 592
218 126
736 330
736 299
736 190
736 1066
736 276
682 820
846 476
846 1081
109 1017
1017 984
1017 309
1017 866
1017 375
1017 278
1017 192
1017 49
1017 178
1017 583
1017 344
1017 285
1017 291
330 190
330 452
330 1081
299 820
299 476
299 434
190 289
988 821
988 866
984 309
984 833
984 49
984 394
968 309
633 1106
460 998
34 174
34 206
34 549
594 1106
207 816
207 307
207 643
207 199
207 144
416 568
416 370
816 1085
816 430
816 549
816 1118
816 204
816 800
816 193
816 37
495 853
568 213
568 657
897 769
309 267
821 866
821 43
902 1053
1002 102
284 534
62 219
62 69
833 1106
548 112
548 1006
174 1106
174 206
174 935
174 549
174 199
534 267
534 503
976 102
354 630
354 343
354 854
354 912
630 343
343 854
637 271
637 1081
637 737
1066 276
1066 1117
789 753
789 645
789 271
164 1121
164 283
164 607
368 240
855 650
375 819
375 753
375 1071
375 656
375 81
819 1071
819 583
706 53
706 294
706 363
706 887
706 586
958 537
958 896
958 262
958 597
958 497
802 650
753 471
753 102
753 1071
753 81
753 1020
753 1067
53 287
53 294
53 967
53 673
53 37
663 192
563 228
563 947
563 692
471 1000
526 688
981 999
981 956
628 616
628 1107
628 484
761 999
761 1005
761 400
457 158
1016 932
1016 283
1016 269
1016 287
1016 370
1016 882
1016 265
870 1033
606 999
228 947
228 650
228 1097
932 1033
1095 240
999 260
276 1121
276 1081
263 607
263 507
283 507
283 990
283 338
322 125
322 1028
322 896
322 746
213 658
788 658
788 216
269 271
287 607
414 523
414 911
947 175
947 873
947 1130
947 771
947 1099
947 860
947 914
859 363
859 650
859 1015
859 96
485 71
485 754
485 467
485 771
485 914
1054 824
1054 360
1054 553
1054 758
246 143
246 910
246 364
168 644
25 1088
25 257
192 425
1025 1127
1009 105
328 267
63 640
63 332
63 631
63 539
63 614
63 20
63 342
63 148
63 341
63 431
820 237
820 678
820 112
820 737
820 217
237 678
237 139
237 868
237 806
237 931
237 448
237 915
237 851
1022 538
1022 1129
1022 280
1022 1080
678 1006
112 139
112 20
112 450
112 979
112 181
538 747
538 280
538 1080
79 1053
815 98
456 40
476 434
881 332
881 433
881 629
881 20
640 795
640 332
640 433
640 271
640 20
795 332
795 433
795 539
795 20
332 433
332 20
433 539
433 592
72 1106
766 967
967 1127
139 607
139 868
139 806
139 931
139 448
139 915
251 184
251 727
251 399
251 1023
251 261
251 36
251 5
251 239
224 619
224 537
298 47
924 644
924 307
924 695
924 781
401 767
295 1076
1071 656
1071 583
656 1052
656 1097
656 1069
975 583
975 1029
81 1052
645 1129
767 834
607 921
607 655
607 1041
607 1033
452 1081
271 1081
99 806
99 813
99 562
99 107
99 12
868 806
868 931
868 448
868 915
40 638
40 265
40 511
40 199
40 422
189 921
644 552
644 858
589 288
180 113
825 1032
184 727
184 1061
184 555
184 911
921 655
921 1041
205 584
205 86
1127 887
461 363
71 3
71 873
71 754
312 688
1052 60
1052 583
1052 135
382 650
307 695
423 715
423 1001
423 1004
423 1064
917 285
694 1129
655 1041
655 105
1041 726
1107 1006
1107 96
1107 225
1107 97
1107 598
42 389
42 956
658 82
873 467
873 1099
873 860
873 914
727 555
727 5
727 914
754 467
754 86
754 860
754 914
650 797
657 35
394 715
394 35
394 509
394 1085
394 1103
1006 124
1119 717
1119 675
1119 638
143 1088
143 154
143 364
28 1129
28 124
715 35
715 1001
715 1103
35 1103
1001 509
1001 467
1001 771
1001 812
464 524
875 746
1033 845
806 931
806 448
806 915
931 448
931 915
448 915
731 562
731 834
731 12
813 851
813 938
562 834
562 717
986 107
986 210
986 1129
986 450
986 979
986 181
986 93
107 210
107 1129
107 450
107 181
834 206
834 12
955 496
720 910
910 135
172 974
172 858
776 105
776 581
717 23
717 1092
717 638
717 265
717 511
105 280
105 1080
863 638
863 265
863 511
863 199
863 422
974 470
974 409
974 858
948 936
210 450
210 181
426 692
258 608
1085 1061
206 549
304 285
619 691
722 93
722 961
270 675
270 638
537 896
537 262
539 614
539 342
614 387
387 148
425 60
1015 1020
584 551
584 523
584 86
148 341
148 424
148 431
366 729
430 1118
430 37
1129 450
1129 181
586 64
82 685
450 181
450 166
896 262
1088 364
154 364
688 491
280 1080
551 523
551 261
551 860
551 1103
256 64
1051 558
370 319
370 150
1092 638
1092 265
1092 511
1092 422
638 265
638 511
638 1047
638 422
491 925
128 853
128 685
853 685
1061 413
1114 911
261 5
344 511
344 199
467 771
467 1099
467 860
467 914
1099 860
1099 914
860 914
5 1103
695 705
858 422
265 511
265 1047
265 199
265 422
511 1047
511 199
511 422
1047 422
1069 620
199 144
1118 37
1118 85
262 1126
597 497
216 136
914 1103
136 136
