255 1031
255 262
255 1071
255 18
255 631
255 1015
255 1028
255 892
255 604
255 266
255 949
255 133
255 273
255 623
255 320
255 676
255 861
255 518
255 184
255 624
255 478
255 173
255 835
255 793
255 547
255 880
255 804
255 733
255 1102
255 713
1031 262
1031 1071
1031 631
1031 1015
1031 1028
1031 892
1031 604
1031 266
1031 133
1031 320
1031 861
1031 518
1031 478
1031 835
1031 58
1031 639
1031 487
1031 826
1031 1092
1031 260
1031 687
262 1071
262 631
262 1015
262 1028
262 892
262 266
262 949
262 320
262 861
262 518
262 184
262 624
262 478
262 173
262 880
262 804
262 487
262 760
262 843
262 1098
262 1070
262 182
262 1072
262 1037
262 1043
262 1019
262 509
262 268
262 636
262 1115
262 455
262 842
262 1086
262 986
262 374
1071 266
1071 478
1071 1043
1071 1065
1071 693
1071 290
1071 930
1071 811
1071 921
1071 476
1071 1022
1071 813
1071 1009
1071 879
1071 448
1071 400
1071 136
1071 1075
1071 120
18 631
18 133
18 824
18 416
18 689
18 456
18 39
18 465
18 403
631 1015
631 1028
631 133
631 320
631 861
631 478
631 880
631 804
631 487
631 1062
631 885
631 4
631 833
631 787
631 157
631 26
631 545
1015 892
1015 604
1015 133
1015 623
1015 320
1015 518
1015 478
1015 804
1015 456
1015 1099
1015 881
1015 805
1015 329
1015 141
1015 62
1015 378
1015 541
1015 691
1015 776
1015 249
1015 875
1028 478
1028 804
1028 596
1028 1109
892 604
892 133
892 320
892 624
892 478
892 835
892 1102
892 1098
892 1030
892 332
892 844
892 466
892 955
604 320
604 835
604 1102
604 487
604 136
604 671
604 878
604 988
604 540
604 428
604 1093
604 753
604 425
604 997
604 450
604 638
604 732
604 47
604 796
604 918
604 783
604 960
604 587
604 859
604 90
604 729
604 926
266 861
266 518
266 184
266 793
266 880
266 1037
266 824
266 254
266 907
266 241
266 978
266 569
266 1007
266 579
266 474
949 787
949 758
949 201
949 306
949 665
949 510
949 622
949 905
949 349
949 747
949 876
949 67
949 289
949 674
949 251
133 273
133 320
133 861
133 478
133 835
133 804
133 1037
133 400
133 456
133 466
133 251
133 437
133 1053
133 1084
133 1039
133 735
133 491
133 325
273 623
273 320
273 835
273 639
273 487
273 1062
273 955
273 988
273 428
273 783
273 960
273 1007
273 225
273 112
273 84
273 192
273 189
273 172
273 104
273 1049
273 625
273 216
273 991
273 483
273 137
273 218
273 267
273 25
273 646
273 946
273 1064
273 265
273 728
273 736
623 173
623 639
623 487
623 456
623 141
623 960
623 1049
623 794
623 865
623 680
623 725
623 600
623 983
623 118
623 1111
320 835
320 1102
320 639
320 487
320 374
320 39
320 844
320 671
320 783
320 90
320 821
320 651
320 276
320 1024
320 91
320 375
320 312
320 1087
320 527
320 111
320 940
320 927
320 244
320 573
320 357
320 286
320 548
320 21
320 93
320 1026
320 132
320 278
320 401
320 105
320 479
320 327
320 1132
320 324
320 1014
320 1108
676 835
676 487
676 425
676 695
676 979
861 518
861 624
861 478
861 173
861 793
861 547
861 880
861 687
861 760
861 818
861 109
861 73
518 184
518 880
518 687
518 1098
518 136
518 4
518 26
518 47
518 579
518 725
518 837
518 294
518 299
518 784
518 823
518 424
518 206
518 250
518 780
518 75
518 734
518 908
184 478
184 1098
184 182
184 636
184 466
184 73
184 643
184 1020
184 504
184 514
624 173
624 793
624 760
624 843
624 1098
624 1043
624 636
624 1086
624 986
624 290
624 805
624 1030
624 332
624 844
624 955
624 1039
624 286
624 93
624 278
624 719
624 734
624 274
624 259
624 932
624 305
624 1001
624 994
624 432
624 634
624 535
624 15
624 681
624 214
624 816
624 528
624 110
624 168
478 880
478 58
478 687
173 793
173 687
173 760
173 1070
173 182
173 1072
173 1037
173 1043
173 636
173 1086
173 1062
173 691
173 978
173 569
173 159
173 736
173 244
173 109
173 294
173 908
173 259
173 15
173 272
173 1044
173 422
173 808
173 495
173 1077
173 1000
173 764
173 153
173 44
173 534
173 699
173 552
173 9
173 754
173 720
173 647
173 497
173 516
173 57
173 331
173 936
173 568
835 1102
835 639
835 487
835 693
835 136
835 671
835 878
835 988
835 428
835 425
835 997
835 732
835 47
835 796
835 960
835 104
835 1049
835 218
835 25
835 736
835 1044
835 992
835 637
835 435
835 170
835 107
835 1067
835 762
835 974
835 690
835 359
835 508
835 303
835 595
793 547
793 760
793 930
793 921
793 859
793 109
793 75
793 808
793 435
793 969
793 419
793 148
793 344
793 418
793 900
880 687
880 136
880 26
880 378
880 725
880 294
880 784
880 206
880 75
880 9
880 470
880 799
880 389
880 1052
804 487
804 736
804 823
804 516
804 292
804 1081
733 349
733 23
733 270
733 951
733 86
733 935
733 971
733 202
1102 487
1102 268
1102 946
1102 1024
1102 375
1102 111
1102 940
1102 1026
1102 327
1102 287
1102 993
1102 1068
1102 924
1102 126
1102 1061
1102 603
1102 571
1102 97
1102 563
1102 1078
1102 328
713 1037
713 1086
713 332
713 1039
713 927
713 643
713 274
713 702
713 528
713 358
713 420
713 943
713 922
713 32
713 895
713 383
713 405
713 27
713 415
713 670
713 897
58 475
639 487
639 47
639 625
487 986
487 136
487 671
487 736
487 292
487 492
487 1004
687 1115
687 299
687 823
687 780
687 643
687 535
687 153
687 9
687 420
687 928
687 678
687 972
687 925
687 468
687 710
687 1013
687 1069
687 298
687 323
760 1098
760 1070
760 182
760 1037
760 1043
760 636
760 455
760 844
760 955
760 109
760 908
760 274
760 259
760 994
760 808
760 935
760 922
760 393
760 522
760 857
760 34
760 101
843 1070
843 1043
843 268
843 1086
843 986
843 374
843 693
843 844
843 1039
843 244
843 1000
843 690
843 405
843 393
843 522
843 36
843 873
843 769
843 564
843 381
843 215
843 933
843 530
843 513
1098 1043
1098 1019
1098 509
1098 636
1098 1115
1098 1086
1098 921
1098 545
1098 62
1098 1030
1098 466
1098 978
1098 569
1098 1111
1098 1024
1098 93
1098 206
1098 75
1098 274
1098 259
1098 932
1098 994
1098 110
1098 272
1098 153
1098 922
1098 895
1098 323
1098 393
1098 522
1098 101
1098 108
1098 809
1098 488
1098 163
1098 539
1098 88
1098 139
1098 662
1098 952
1098 310
1098 841
1098 436
1070 1072
1070 1037
1070 636
1070 787
1070 332
1070 844
1070 978
1070 1039
1070 274
1070 44
1070 900
1070 935
1070 922
1070 32
1070 383
1070 27
1070 415
1070 393
1070 522
1070 857
1070 539
1070 841
1070 896
1070 984
1070 817
1070 1121
1070 54
1070 364
1070 100
1070 40
1070 295
1070 694
1070 1122
1070 645
1070 749
1070 862
1070 407
1070 1106
1070 1036
1070 567
1070 756
1070 43
1070 321
1070 386
1070 666
1070 915
1070 620
182 1043
182 294
182 908
182 764
182 331
182 345
1072 455
1072 569
1072 922
1072 475
1072 1121
1072 100
1072 190
1072 213
1072 181
1072 399
1072 502
1072 894
1072 1046
1072 346
1072 903
1037 636
1037 824
1037 241
1037 1111
1037 109
1037 702
1037 528
1037 32
1037 710
1037 522
1037 564
1037 43
1037 890
1037 277
1037 858
1037 489
1037 411
1037 847
1037 92
1037 920
1037 912
1037 923
1037 1129
1043 509
1043 455
1043 1065
1043 693
1043 290
1043 921
1043 1009
1043 448
1043 1075
1043 120
1043 643
1043 259
1043 331
1043 1069
1043 393
1043 88
1043 43
1043 903
1043 243
1043 802
1043 962
1043 338
1043 874
1043 463
1043 529
1019 332
1019 27
1019 538
509 303
509 922
509 513
509 52
268 1086
268 374
268 456
268 403
268 329
268 844
268 997
268 729
268 680
268 940
268 927
268 286
268 532
268 643
268 764
268 552
268 690
268 900
268 287
268 126
268 1061
268 97
268 1078
268 328
268 928
268 769
268 381
268 1122
268 882
268 902
268 825
268 957
268 598
268 1032
268 649
636 455
636 885
636 1111
636 73
636 643
636 274
636 528
636 44
636 935
636 571
636 32
636 415
636 393
636 513
636 108
636 620
636 471
636 481
1115 1086
1115 374
1115 844
1115 214
1115 764
1115 415
1115 897
1115 323
1115 393
1115 530
1115 108
1115 1002
1115 307
1115 313
1115 160
1115 911
1115 472
1115 417
455 885
455 241
455 569
455 905
455 1039
455 736
455 643
455 305
455 535
455 764
455 435
455 202
455 32
455 383
455 897
455 1069
455 564
455 933
455 513
455 666
455 346
455 96
455 745
455 390
455 211
455 852
455 870
455 1016
455 1105
455 71
455 19
842 120
1086 456
1086 545
1086 960
1086 794
1086 680
1086 600
1086 983
1086 1111
1086 1000
1086 202
1086 358
1086 943
1086 32
1086 972
1086 393
1086 841
1086 390
1086 5
1086 217
1086 995
1086 128
1086 421
1086 440
986 374
986 844
986 729
986 940
986 528
986 287
986 571
986 873
986 191
986 708
374 39
374 844
374 729
374 241
374 1024
374 375
374 940
374 927
374 593
374 93
374 132
374 532
374 278
374 702
374 107
374 690
374 1078
374 922
374 383
374 873
374 215
374 1122
374 749
374 825
374 806
374 301
374 343
374 467
374 446
1065 693
1065 290
1065 921
1065 1022
1065 813
1065 1009
1065 400
1065 120
1065 299
1065 331
1065 88
1065 847
1065 243
1065 904
1065 7
1065 2
1065 49
1065 60
1065 70
1065 175
1065 1038
1065 187
1065 916
1065 147
1065 154
1065 409
693 290
693 921
693 1009
693 879
693 400
693 120
693 955
693 428
693 960
693 651
693 286
693 15
693 331
693 1069
693 862
693 243
693 957
693 1066
693 330
693 1091
693 716
693 1125
693 1055
693 549
693 607
290 921
290 1022
290 1009
290 400
290 1075
290 120
290 681
290 331
290 243
290 874
290 252
290 496
290 696
290 827
930 147
811 1022
811 448
811 907
811 514
811 806
811 761
811 883
811 893
921 476
921 1022
921 1009
921 879
921 1075
921 120
921 201
921 622
921 67
921 680
921 244
921 1077
921 475
921 163
921 88
921 7
921 1048
921 124
921 443
476 1075
476 67
476 802
476 7
476 635
476 177
476 1025
476 565
1022 813
1022 448
1022 400
1022 120
1022 968
1022 331
1022 187
1022 147
1022 635
1022 377
813 968
813 874
813 904
813 7
813 2
813 175
813 187
813 147
813 377
813 566
813 860
813 577
1009 400
1009 1075
1009 120
1009 331
1009 202
1009 108
1009 243
1009 339
879 75
879 331
879 637
879 874
879 147
879 1091
879 716
879 1035
879 146
879 618
879 391
448 400
448 968
448 331
448 88
448 874
448 806
448 147
448 761
448 377
448 864
448 204
400 120
400 968
400 1132
400 710
400 564
400 243
400 481
400 421
400 761
400 635
400 565
400 223
400 103
400 838
400 183
400 426
400 797
400 840
400 326
400 966
136 4
136 671
136 450
136 625
136 216
136 823
136 734
136 516
136 420
136 522
136 481
136 1125
136 607
136 976
136 335
136 226
1075 978
1075 823
1075 338
1075 1025
1075 864
1075 740
120 201
120 331
120 992
120 670
120 1069
120 323
120 857
120 809
120 88
120 1036
120 912
120 243
120 211
120 761
120 177
120 377
120 864
120 996
120 247
120 469
120 51
120 207
120 525
120 950
120 284
120 392
824 881
824 241
824 110
824 153
824 952
824 841
824 346
824 847
824 920
824 313
824 326
824 790
824 685
824 707
824 546
824 291
824 121
416 596
416 729
416 978
416 725
416 1024
416 375
416 286
416 823
416 535
416 435
416 421
416 124
416 443
416 574
416 853
416 657
416 575
416 188
416 677
416 1060
689 747
689 674
689 1077
689 393
689 191
689 948
689 95
689 782
689 493
689 1126
689 300
456 1062
456 787
456 844
456 450
456 732
456 960
456 349
456 67
456 794
456 680
456 725
456 600
456 983
456 118
456 823
456 1077
456 764
456 202
456 475
456 298
456 1036
456 5
456 421
456 440
456 188
456 531
456 1095
456 309
456 746
456 1110
456 85
456 439
456 517
456 721
39 349
39 375
39 603
39 847
39 33
465 1093
465 47
465 796
465 225
465 112
465 25
465 728
465 794
465 312
465 32
465 557
403 844
403 729
403 241
403 1007
403 940
403 1061
403 405
403 321
403 706
403 572
1062 157
1062 844
1062 997
1062 47
1062 225
1062 25
1062 865
1062 1024
1062 764
1062 552
1062 769
1062 321
1062 386
1062 572
1062 937
1062 438
1062 53
1062 30
1062 602
1062 954
1062 963
885 62
885 978
885 1053
885 573
885 643
885 504
885 110
885 292
885 32
885 345
885 96
885 390
885 71
885 677
885 741
885 412
885 715
885 76
4 62
4 1093
4 25
4 265
4 736
4 940
4 823
4 424
4 780
4 764
4 9
4 720
4 344
4 389
4 984
4 345
4 71
4 204
4 76
4 854
833 159
833 734
833 504
833 295
833 766
787 201
787 306
787 159
787 905
787 67
787 674
787 251
787 922
787 393
787 721
787 449
157 729
157 926
157 276
157 1087
157 357
157 132
157 401
157 1132
157 1108
157 762
157 1078
157 328
157 756
157 386
157 618
157 198
157 1076
157 38
157 798
157 22
26 62
26 378
26 823
26 841
26 338
26 390
26 901
26 828
545 978
545 794
545 1110
1099 329
1099 276
1099 1087
1099 573
1099 1132
1099 528
1099 618
1099 38
1099 701
1099 1082
1099 682
881 141
881 390
881 995
881 751
881 485
881 942
968 331
968 992
968 1036
968 243
968 802
968 874
968 177
968 377
968 485
968 942
968 366
968 0
968 248
968 224
968 340
968 773
805 823
805 681
805 764
805 809
805 481
805 176
805 117
805 507
805 69
805 570
329 1039
329 940
329 528
329 568
329 33
329 42
329 61
329 659
329 72
329 442
141 638
141 983
141 1111
141 128
141 751
141 485
141 1042
141 675
141 537
141 697
141 208
141 1120
141 387
141 486
141 556
62 249
62 254
62 579
62 299
62 823
62 780
62 643
62 495
62 1069
62 952
62 870
62 849
62 901
62 828
62 0
62 123
62 319
62 45
62 1101
378 390
378 45
541 875
541 952
541 870
541 773
541 117
541 944
776 828
776 387
776 692
776 150
249 983
249 751
875 828
596 729
596 907
596 375
596 808
596 44
596 620
596 191
596 677
596 602
596 318
596 959
1109 488
1030 259
1030 69
1030 461
332 844
332 729
332 569
332 437
332 940
332 327
332 1078
332 32
332 620
332 883
332 113
844 997
844 729
844 821
844 794
844 375
844 1087
844 111
844 940
844 927
844 244
844 573
844 357
844 286
844 93
844 532
844 278
844 105
844 479
844 327
844 109
844 250
844 702
844 528
844 552
844 568
844 762
844 1052
844 126
844 943
844 32
844 383
844 769
844 841
844 1122
844 321
844 903
844 847
844 825
844 957
844 307
844 191
844 343
844 1048
844 707
844 937
844 22
844 919
844 626
844 355
844 482
844 219
844 778
844 354
844 599
844 230
844 464
466 978
466 579
466 1000
466 670
466 101
466 645
466 890
466 1129
466 96
466 1016
466 440
466 207
466 76
466 459
466 803
466 203
466 738
466 839
466 667
466 138
466 311
466 628
466 779
466 288
466 11
466 973
466 336
955 729
955 736
955 375
955 111
955 286
955 479
955 432
955 1044
955 777
955 791
955 500
671 47
671 303
988 450
988 732
988 960
988 736
988 226
988 85
988 578
428 753
428 47
428 84
428 189
428 104
428 1049
428 216
428 1064
428 728
428 44
428 516
428 32
428 522
428 127
428 551
1093 47
1093 960
1093 978
1093 112
1093 84
1093 1049
1093 25
1093 728
1093 226
1093 611
753 450
753 1064
753 85
753 578
425 695
425 979
425 15
425 435
425 513
425 390
425 500
425 542
425 982
425 1011
997 90
997 729
997 1024
997 1087
997 940
997 573
997 357
997 286
997 93
997 532
997 278
997 401
997 764
997 552
997 107
997 799
997 1052
997 928
997 1122
997 882
997 957
997 307
997 191
997 806
997 1076
997 626
997 82
997 801
997 1029
997 553
997 606
997 594
450 732
450 47
450 960
450 241
450 569
450 225
450 104
450 680
450 226
450 85
450 239
638 357
638 1032
638 708
638 146
638 556
638 143
638 1083
732 960
732 625
732 578
47 225
47 84
47 189
47 172
47 1049
47 625
47 216
47 483
47 218
47 25
47 946
47 1064
47 728
47 736
47 823
47 595
47 922
47 226
47 1095
47 85
47 578
47 28
796 84
796 189
796 172
796 1049
796 625
796 483
796 218
796 946
796 1095
918 432
918 435
918 1067
918 358
918 943
918 522
918 338
918 790
918 707
918 115
918 772
918 80
918 94
960 25
960 794
960 1060
960 85
960 830
960 1057
587 579
587 736
587 15
587 435
587 358
587 513
587 338
587 371
587 396
859 1083
90 527
90 548
90 1132
90 552
90 307
90 38
90 354
90 82
90 599
90 1094
729 579
729 736
729 1024
729 375
729 940
729 286
729 593
729 479
729 299
729 504
729 552
729 107
729 690
729 900
729 799
729 126
729 571
729 97
729 338
729 882
729 957
729 606
729 444
821 111
821 287
821 919
821 355
926 1024
926 357
926 1078
926 825
926 191
926 611
926 846
926 197
254 978
254 569
254 579
254 1053
254 424
254 595
254 71
254 175
254 469
254 741
254 176
254 69
254 801
254 610
254 347
254 613
254 83
254 664
907 528
907 86
907 943
907 806
907 883
907 291
907 61
907 959
241 532
241 424
241 331
241 307
241 904
241 746
978 569
978 201
978 1053
978 109
978 908
978 535
978 935
978 415
978 1069
978 108
978 539
978 310
978 489
978 1002
978 160
978 175
978 409
978 741
978 412
978 248
978 11
978 1057
978 759
978 1
978 929
978 672
569 747
569 1053
569 865
569 375
569 109
569 270
569 922
569 897
569 513
569 40
569 407
569 567
569 463
569 870
569 440
569 70
569 124
569 183
569 707
569 849
569 412
569 828
569 0
569 77
569 462
569 356
569 210
569 376
569 1058
569 302
1007 532
1007 418
1007 86
1007 740
1007 746
1007 706
1007 117
1007 239
1007 1131
1007 423
1007 832
579 474
579 736
579 278
579 294
579 823
579 75
579 734
579 764
579 126
579 922
579 564
579 952
579 346
579 847
579 471
579 96
579 390
579 1105
579 204
579 677
579 741
579 76
579 288
579 356
474 294
474 908
758 905
201 665
201 159
201 622
201 905
201 349
201 747
201 876
201 67
201 674
201 1077
201 419
201 148
201 951
201 86
201 935
201 358
201 922
201 32
201 710
201 393
201 124
201 443
201 721
201 599
201 554
201 1051
201 434
201 13
306 665
306 905
306 674
306 393
306 554
306 781
665 159
665 905
665 349
665 747
665 67
665 674
665 86
665 922
665 393
665 522
665 620
665 471
665 124
665 937
665 599
665 614
159 905
159 349
159 734
159 754
159 419
159 922
159 984
159 1036
159 502
159 894
159 124
159 766
159 449
159 1101
159 781
159 985
159 544
159 304
159 1127
159 990
159 1059
159 704
510 215
510 40
510 948
510 493
510 615
510 961
510 64
622 67
622 674
622 680
622 780
622 643
622 1077
622 943
622 393
622 163
622 539
622 277
622 721
622 795
622 1041
905 349
905 747
905 876
905 67
905 674
905 680
905 837
905 734
905 202
905 922
905 393
905 564
905 163
905 962
905 443
905 721
905 550
349 67
349 674
349 794
349 734
349 935
349 393
349 1036
349 177
349 721
349 1051
349 1006
349 981
747 674
747 286
747 215
747 841
747 721
747 554
876 67
876 674
876 680
876 1077
876 163
876 443
876 721
876 371
876 434
876 550
67 674
67 794
67 643
67 504
67 393
67 620
67 950
67 721
67 937
289 643
674 680
674 504
674 1077
674 148
674 163
674 95
674 493
674 721
674 781
674 795
674 550
674 981
674 648
674 199
674 814
251 857
251 1036
251 1046
251 766
251 449
251 341
251 977
251 771
251 630
251 641
251 627
437 327
1053 780
1053 928
1053 972
1053 564
1053 662
1053 310
1053 841
1053 890
1053 489
1053 1002
1053 741
1053 412
1053 801
1084 1000
1084 764
1084 288
1084 772
1084 613
1039 259
1039 922
1039 32
1039 383
1039 199
1039 232
735 794
735 645
735 1106
735 599
735 779
735 158
735 987
735 812
735 238
735 543
491 52
491 477
325 709
325 379
325 50
225 794
225 680
225 118
225 963
112 25
112 375
112 312
112 1087
112 595
112 1078
112 386
112 963
84 1061
84 1069
84 330
84 1101
84 523
192 189
192 104
192 1049
192 137
192 44
192 1061
189 172
189 104
189 1049
189 483
189 218
189 734
189 595
189 1095
172 1049
172 946
172 736
172 769
172 1125
104 780
104 226
1049 780
1049 1061
1049 226
1049 1095
1049 1057
216 1091
991 883
991 963
483 1095
25 728
25 736
25 375
25 312
25 1087
25 324
25 1078
25 1122
25 963
25 561
646 736
646 963
946 514
1064 516
1064 578
728 312
728 935
728 928
728 574
736 299
736 424
736 780
736 643
736 720
736 435
736 974
736 303
736 226
736 1095
736 384
736 712
794 680
794 600
794 983
794 118
794 1111
794 475
794 36
794 513
794 984
794 54
794 862
794 657
794 1110
794 751
794 942
794 208
794 610
794 302
794 614
794 544
794 122
794 282
794 612
865 680
865 983
865 1111
865 286
865 764
865 517
865 438
680 118
680 1077
680 148
680 358
680 943
680 393
680 215
680 163
680 694
680 277
680 493
680 85
680 721
680 937
680 1041
680 814
680 520
725 903
725 338
725 574
725 485
725 959
725 461
725 356
725 171
600 1036
600 421
600 1110
600 854
600 612
722 211
722 440
722 531
722 937
722 76
722 203
722 628
722 11
722 195
722 257
722 17
722 3
983 1111
983 390
983 995
983 937
983 751
983 675
983 537
983 317
983 898
118 589
118 721
1111 202
1111 390
1111 995
1111 675
651 286
651 695
651 305
651 170
651 603
651 307
651 1048
651 846
651 679
651 89
276 375
276 573
276 132
276 401
276 1132
276 1108
276 328
276 769
276 381
276 386
276 307
276 618
276 198
276 701
276 1082
276 682
276 679
1024 375
1024 573
1024 93
1024 1044
1024 690
1024 287
1024 97
1024 769
1024 1122
1024 321
1024 957
1024 599
1024 759
1024 1005
91 15
91 330
91 551
91 1011
91 396
91 180
375 312
375 940
375 573
375 593
375 93
375 132
375 327
375 324
375 780
375 1044
375 764
375 552
375 107
375 287
375 1078
375 32
375 769
375 215
375 1122
375 957
375 307
375 343
375 467
375 701
375 1029
375 1057
375 1094
375 1005
375 362
375 820
375 1017
312 573
312 132
312 324
312 107
312 1078
312 1122
312 820
1087 573
1087 357
1087 286
1087 593
1087 132
1087 401
1087 1132
1087 1108
1087 1078
1087 386
1087 1032
1087 566
1087 963
1087 38
1087 556
1087 626
1087 354
1087 1094
1087 846
1087 679
1087 820
1087 237
527 401
527 105
527 1014
527 107
527 381
527 599
527 772
527 985
527 820
527 585
527 1080
527 788
111 357
111 1132
111 528
111 44
111 568
111 32
111 806
111 707
111 22
111 61
111 919
111 626
111 355
111 219
111 778
111 354
111 371
111 285
111 430
940 927
940 286
940 327
940 823
940 816
940 552
940 762
940 690
940 97
940 383
940 405
940 769
940 144
940 446
940 230
927 278
927 702
927 816
927 126
927 383
927 468
927 43
927 446
927 412
244 286
244 1044
244 762
244 603
244 922
244 163
244 277
244 1048
244 721
244 906
573 357
573 593
573 21
573 93
573 532
573 278
573 105
573 479
573 327
573 823
573 702
573 1044
573 534
573 552
573 762
573 690
573 328
573 383
573 769
573 841
573 1122
573 144
573 307
573 343
573 1048
573 38
573 512
573 829
357 593
357 548
357 93
357 1026
357 132
357 401
357 105
357 479
357 1132
357 1108
357 552
357 107
357 762
357 405
357 1122
357 386
357 307
357 38
357 82
357 846
357 237
357 744
286 93
286 278
286 401
286 1108
286 1044
286 1061
286 1078
286 769
286 321
286 957
286 307
286 1094
593 132
593 532
593 105
593 1078
593 215
593 1122
593 467
593 556
593 846
548 132
548 1132
548 552
548 1004
548 307
548 191
548 22
548 82
548 744
21 401
21 327
21 620
21 22
93 278
93 823
93 552
93 1061
93 769
93 321
93 620
93 1129
93 957
93 307
93 626
93 611
93 16
93 846
1026 132
1026 401
1026 1132
1026 107
1026 386
1026 937
1026 606
1026 846
1026 1017
1026 744
132 532
132 401
132 105
132 1132
132 1108
132 1078
132 328
132 386
132 1032
132 343
132 1126
132 846
132 744
132 427
132 1107
132 1021
532 568
532 637
532 1052
532 215
532 530
532 825
532 343
532 446
532 801
532 427
532 179
532 617
278 504
278 1044
278 552
278 690
278 769
278 338
278 144
278 1048
278 230
278 80
278 371
401 105
401 327
401 1132
401 1014
401 1108
401 107
401 381
401 386
401 618
401 198
401 38
401 626
401 846
401 820
401 788
105 1132
105 1014
105 107
105 1122
105 957
105 701
105 626
105 884
105 820
105 788
105 1033
479 1014
479 504
479 690
479 883
479 707
479 679
479 1107
327 552
327 383
327 381
327 957
327 226
327 937
327 701
327 556
327 820
327 74
1132 1108
1132 107
1132 386
1132 343
1132 198
1132 798
1132 230
1132 371
1132 1094
1132 884
1132 846
1132 985
1132 512
1132 744
1132 296
1132 581
324 1122
324 775
1014 107
1014 381
1014 1060
1014 701
1014 354
1014 820
1014 788
1108 198
1108 38
1108 814
1108 397
1108 660
719 607
719 574
719 1029
719 576
695 522
695 607
695 982
695 1011
695 473
979 473
818 326
109 571
109 108
109 841
109 502
109 618
109 226
109 937
109 559
73 643
73 44
73 935
73 897
73 43
73 620
73 12
837 390
294 823
294 734
294 908
294 969
294 471
294 507
294 679
294 441
299 908
299 504
299 535
299 895
299 972
299 886
823 206
823 75
823 734
823 908
823 504
823 535
823 15
823 331
823 799
823 389
823 841
823 957
823 481
823 996
823 741
823 766
823 248
823 1101
823 628
823 371
823 356
823 114
823 536
823 98
823 871
823 360
823 351
424 952
424 1073
206 214
206 799
206 890
206 96
206 852
206 1016
206 284
206 849
206 288
206 451
780 764
780 799
780 202
780 897
780 522
780 481
780 995
780 1048
780 226
780 741
780 697
780 319
780 1101
780 613
780 929
780 24
780 526
780 200
780 1056
75 962
75 313
75 745
75 71
75 409
75 860
75 309
75 672
75 939
75 850
734 504
734 389
734 420
734 52
734 124
734 766
734 449
734 98
734 220
908 305
908 389
908 345
908 598
908 471
908 481
908 89
908 1128
643 504
643 764
643 202
643 897
643 749
643 890
643 96
643 852
643 421
643 904
643 916
643 741
643 76
643 934
1020 489
1020 937
1020 1088
504 900
504 922
504 88
504 1036
504 463
504 96
504 124
504 76
504 449
504 1101
504 1128
504 524
504 1023
504 653
514 841
514 806
514 883
514 151
274 259
274 305
274 994
274 383
274 393
259 994
259 564
259 43
259 741
305 943
305 436
305 749
305 471
305 566
305 1060
305 679
305 441
305 408
305 166
1001 389
994 432
994 568
994 513
994 338
994 772
994 613
702 816
702 943
702 32
702 383
702 847
702 825
702 162
432 389
432 126
432 538
432 356
535 528
535 764
535 895
535 415
535 972
535 741
535 801
535 886
15 720
15 435
15 32
15 522
15 513
15 330
15 396
15 394
15 757
15 233
15 452
681 764
681 827
681 517
681 117
681 69
681 1131
681 195
681 283
681 768
681 235
214 202
214 393
214 809
214 912
214 1016
214 849
214 628
214 404
214 1018
816 468
528 690
528 799
528 32
528 847
528 343
528 777
528 611
110 489
110 1016
110 832
110 543
110 763
110 642
272 108
272 310
1044 170
1044 957
1044 307
1044 1048
422 313
422 309
422 140
422 164
422 967
808 534
808 568
808 1052
808 501
495 952
495 828
1077 148
1077 475
1077 1048
1077 948
1077 95
1077 721
1077 462
1077 554
1077 1096
1077 14
1000 202
1000 897
1000 393
1000 101
1000 564
1000 933
1000 108
1000 809
1000 1106
1000 890
1000 1129
1000 96
1000 849
1000 667
1000 311
1000 11
1000 520
1000 185
764 76
764 69
764 347
764 613
764 356
764 899
764 186
153 1069
153 841
153 43
153 741
153 442
153 45
153 360
153 351
153 524
153 655
153 87
153 429
44 935
44 32
44 522
44 857
44 539
44 749
44 756
44 620
44 52
44 158
44 394
44 81
44 388
44 521
699 522
699 883
699 94
699 583
552 1078
552 817
552 1122
552 825
552 957
552 307
552 1076
552 38
552 1094
552 931
9 497
9 323
9 841
9 890
9 417
9 1016
9 348
754 419
754 32
754 295
754 862
754 346
754 903
754 1016
754 477
754 81
754 619
754 406
720 396
720 730
647 677
647 309
647 850
647 140
647 164
647 369
647 78
647 293
647 372
497 539
497 890
497 858
497 417
497 849
497 828
497 203
497 785
516 539
516 749
516 226
516 551
516 396
57 670
331 243
331 874
331 481
331 147
331 377
936 522
936 607
568 358
568 862
568 847
568 338
568 52
568 392
568 790
568 449
568 115
568 985
568 990
992 147
992 761
992 635
992 1025
992 950
637 107
435 508
435 972
435 513
435 330
435 746
435 452
435 350
435 193
435 867
435 498
435 909
435 726
435 588
107 1078
107 386
107 963
107 820
107 1017
107 788
1067 522
1067 607
1067 500
1067 551
1067 77
1067 396
1067 757
1067 233
1067 724
762 1061
762 405
762 307
762 291
762 198
762 985
690 903
690 237
508 607
508 867
303 292
303 815
595 1032
595 963
595 197
595 909
595 601
969 338
969 471
969 766
969 41
969 458
419 202
419 922
419 32
419 100
419 694
419 862
419 1036
419 756
419 399
419 502
419 338
419 463
419 52
419 124
419 392
419 575
419 263
419 766
419 985
419 544
419 990
419 1059
419 477
419 430
419 458
419 632
419 165
419 20
419 910
148 163
148 749
148 903
148 721
148 80
344 943
344 1038
344 140
344 967
418 114
900 1061
900 475
900 896
900 984
900 817
900 1121
900 54
900 364
900 100
900 40
900 862
900 957
900 191
900 998
900 431
900 29
900 958
900 46
900 279
900 656
900 398
470 358
470 866
799 1052
799 292
799 420
799 862
799 144
799 204
799 16
799 990
389 270
389 772
389 314
389 980
389 765
1052 882
1052 144
1052 700
292 670
292 101
292 841
292 1129
292 96
292 852
292 1016
292 996
292 284
292 657
292 138
292 561
292 1073
292 1018
292 815
1081 346
1081 60
23 270
23 951
23 297
23 752
270 951
270 935
270 358
270 980
951 358
951 1060
951 388
951 742
951 245
951 506
951 413
951 913
86 971
86 1013
86 841
86 567
86 620
86 870
86 356
86 210
86 832
86 282
86 1021
86 131
86 10
86 947
935 144
935 1016
935 421
935 838
935 840
935 782
935 297
935 242
971 468
971 1036
971 870
971 191
971 176
971 210
971 1021
202 670
202 710
202 393
202 101
202 108
202 841
202 399
202 890
202 607
202 339
202 226
202 531
202 288
202 929
202 934
202 887
202 37
287 126
287 1061
287 701
287 820
1068 877
924 126
924 603
924 563
924 146
924 444
126 1061
126 603
126 571
126 97
126 381
126 338
126 882
126 649
126 371
126 444
126 705
1061 97
1061 405
1061 1122
1061 321
1061 144
1061 957
1061 649
1061 849
1061 877
1061 410
603 563
603 113
603 444
571 97
571 539
571 777
97 328
97 381
563 556
563 594
563 484
1078 1122
1078 386
1078 937
1078 963
1078 198
1078 798
1078 556
1078 820
328 381
358 943
358 922
358 32
358 383
358 522
358 54
358 890
358 847
358 538
358 392
358 790
358 30
358 542
420 662
420 841
420 741
420 356
420 815
420 743
943 32
943 405
943 670
943 54
943 847
943 912
943 538
943 790
943 309
943 679
943 934
922 984
922 1121
922 100
922 694
922 862
922 213
922 1046
922 463
922 52
922 124
922 790
922 449
922 614
922 1059
922 46
922 656
922 245
922 819
32 383
32 405
32 27
32 215
32 539
32 984
32 54
32 1122
32 502
32 847
32 52
32 870
32 421
32 806
32 330
32 860
32 226
32 790
32 782
32 309
32 33
32 919
32 138
32 341
32 521
32 293
32 337
32 831
895 393
895 108
895 952
895 870
895 224
895 117
895 944
895 886
895 1040
895 586
895 888
383 847
383 226
383 790
383 230
383 1047
405 708
405 442
405 913
27 857
27 1121
27 399
27 538
27 191
27 1048
27 180
27 228
415 393
415 338
415 715
415 485
415 959
415 779
670 897
670 928
670 393
670 108
670 916
670 707
670 677
670 746
670 706
670 561
670 229
670 1114
670 1027
670 365
670 280
670 688
897 393
897 564
897 933
897 138
897 561
897 642
897 515
897 562
475 34
475 215
475 163
475 896
475 817
475 54
475 364
475 694
475 862
475 346
475 277
475 566
475 263
475 721
475 937
475 1041
475 458
475 998
475 431
475 29
475 958
475 398
475 913
475 55
475 1085
475 334
492 815
1004 321
1004 307
1004 846
928 890
928 421
928 330
928 284
928 574
928 309
928 849
928 628
928 801
928 1130
678 1013
972 108
972 662
972 43
972 489
972 657
925 857
925 766
925 341
925 630
925 627
925 868
925 609
925 591
925 1090
925 134
925 8
925 519
468 1002
468 741
468 176
710 564
710 838
710 457
1013 530
1013 356
1013 629
1013 135
1069 108
1069 677
1069 772
1069 759
1069 304
1069 524
1069 1018
1069 293
298 211
298 440
298 531
298 76
298 203
298 839
298 628
298 195
298 1097
298 155
298 59
298 130
323 749
323 883
323 207
323 849
323 937
323 768
323 367
393 857
393 101
393 933
393 108
393 163
393 890
393 443
393 721
393 1051
393 520
393 81
393 1027
393 669
522 857
522 34
522 513
522 749
522 666
522 277
522 191
522 330
522 607
522 883
522 226
522 777
522 500
522 551
522 1057
522 77
522 396
522 233
522 193
522 889
522 490
522 308
522 1008
857 694
857 749
857 43
857 213
857 502
857 903
857 191
857 806
857 790
857 575
857 412
857 766
857 449
857 614
857 985
857 977
857 771
857 641
857 158
857 245
857 8
857 519
857 1104
857 640
34 1121
34 277
34 998
34 29
34 398
101 809
101 841
101 1129
101 96
101 339
101 121
101 929
101 158
101 195
101 337
101 533
36 223
36 356
36 282
873 769
873 343
769 321
769 902
769 179
564 529
564 421
564 838
564 685
564 917
381 1032
381 788
215 343
933 809
933 520
933 367
933 533
513 191
513 806
513 330
513 607
513 226
513 611
513 1011
513 772
513 80
513 77
513 520
513 233
513 588
513 116
513 236
513 167
108 809
108 539
108 749
108 890
108 628
108 348
108 1114
108 130
108 533
809 96
809 438
809 367
488 1106
488 858
488 340
488 785
163 277
163 1048
163 1041
539 841
539 440
539 207
539 1059
88 338
88 664
662 645
952 841
952 567
952 915
952 858
952 92
952 338
952 390
952 870
952 0
952 224
952 773
952 117
952 123
952 944
952 64
952 785
952 480
952 1100
952 851
952 836
952 1003
310 338
310 1002
310 741
310 601
310 1119
310 433
841 694
841 1122
841 645
841 346
841 390
841 440
841 741
841 76
841 82
841 779
841 376
841 158
841 238
841 353
841 938
436 311
436 441
436 408
896 984
896 817
896 364
896 40
896 585
896 322
984 817
984 1121
984 54
984 364
984 100
984 40
984 862
984 346
984 124
984 575
984 449
984 1059
984 585
984 431
984 958
817 54
817 364
817 100
817 40
817 937
817 1076
817 585
817 431
817 55
817 834
1121 54
1121 100
1121 40
1121 124
1121 458
54 364
54 100
54 40
54 862
54 213
54 399
54 790
54 937
54 585
54 179
54 29
54 958
54 398
54 334
364 100
364 40
364 862
364 544
364 585
364 398
100 40
100 124
100 1059
40 449
40 334
295 1036
295 620
295 449
295 408
295 81
295 431
295 308
694 1036
694 502
694 346
694 463
694 52
694 392
694 575
694 263
694 1101
694 614
694 544
694 990
694 477
694 430
694 441
694 632
694 165
694 20
694 910
694 914
1122 307
1122 963
1122 985
1122 1017
1122 788
1122 775
645 489
645 1016
645 667
645 812
645 162
645 283
645 494
749 207
749 642
749 297
749 130
749 395
862 957
862 471
862 124
862 1059
862 958
862 46
862 279
862 656
862 819
862 322
862 658
862 503
862 848
1106 779
1106 812
1106 238
1106 642
1106 231
1036 502
1036 1046
1036 52
1036 421
1036 124
1036 392
1036 575
1036 263
1036 614
1036 341
1036 771
1036 641
1036 627
1036 477
1036 431
1036 958
1036 1090
1036 134
1036 308
1036 35
1036 989
567 92
567 870
567 191
756 477
756 591
756 308
756 322
43 517
43 347
43 283
43 1104
321 33
321 30
386 902
386 1032
386 963
386 846
386 197
386 1033
386 775
386 956
666 52
666 667
666 245
666 750
666 560
915 191
915 707
915 937
915 444
915 1100
620 52
620 721
620 801
620 748
345 338
190 213
190 181
190 704
213 181
213 502
213 894
213 575
213 1059
213 679
213 240
213 453
181 399
181 778
181 985
181 704
181 679
181 742
181 913
399 894
399 463
399 52
399 449
399 759
399 544
399 990
399 81
399 958
502 894
502 346
502 463
502 52
502 392
502 544
502 430
502 958
502 1085
502 786
894 950
894 575
894 317
1046 346
1046 575
1046 766
1046 614
1046 544
1046 341
1046 771
1046 1090
346 575
346 766
346 614
346 458
346 848
903 52
903 232
890 96
890 177
890 247
890 207
890 574
890 849
890 459
890 288
890 759
890 934
890 37
277 721
277 1096
858 870
858 117
858 158
858 785
489 916
489 838
489 366
489 543
489 767
489 227
411 71
411 154
411 860
411 309
411 12
411 164
847 790
847 33
847 679
92 340
920 313
920 677
920 309
920 850
920 490
920 129
912 628
912 975
1129 874
1129 311
1129 1073
1129 283
1129 1114
802 7
802 761
802 177
802 1025
802 565
802 146
802 348
802 369
802 913
802 106
802 342
802 633
338 390
338 71
338 204
338 790
338 546
338 677
338 45
338 679
338 1073
338 458
338 314
338 743
338 684
338 558
874 147
874 496
874 827
874 761
874 377
463 477
463 958
463 742
463 414
529 773
529 1056
529 388
529 413
529 280
529 917
529 686
529 621
538 790
538 772
538 775
538 228
52 191
52 124
52 950
52 392
52 575
52 263
52 150
52 772
52 614
52 544
52 990
52 627
52 477
52 430
52 458
52 632
52 165
52 20
52 910
52 786
882 1057
825 957
144 883
144 575
144 985
144 990
957 230
957 142
598 481
598 113
1032 146
1032 963
1032 846
1032 197
1032 473
1032 601
471 481
471 124
471 525
471 232
471 679
471 441
471 166
1002 160
1002 417
1002 19
1002 849
1002 412
1002 76
307 191
307 38
307 919
307 1094
307 877
313 904
313 2
313 1038
313 916
313 309
313 351
313 850
313 129
313 194
911 852
472 1105
472 704
417 761
417 177
417 207
417 288
417 3
417 1097
417 119
96 211
96 852
96 339
96 76
96 203
96 839
96 667
96 288
96 11
96 80
96 37
96 668
96 499
96 505
745 916
745 309
745 772
390 995
390 937
390 828
390 485
390 942
390 1042
390 675
390 537
390 697
390 208
390 664
390 717
390 200
390 953
390 1045
390 1123
211 339
211 76
211 203
211 628
852 561
852 1073
852 668
870 191
870 1040
1016 121
1016 485
1016 45
1016 929
1016 283
1016 684
1016 174
1105 610
1105 347
1105 283
1105 235
1105 395
1105 718
1105 368
1105 723
71 301
71 2
71 916
71 409
71 860
71 740
71 677
71 309
71 709
71 164
71 831
71 227
71 558
71 460
71 1103
71 1010
71 56
71 269
71 361
19 45
5 451
5 748
5 668
5 102
995 485
995 697
995 208
995 1120
995 898
995 200
995 1045
995 352
128 707
128 751
421 838
421 574
421 959
421 356
421 282
421 1012
421 1112
440 191
440 806
440 574
440 76
440 203
440 628
440 195
440 257
440 24
440 59
440 499
191 330
191 575
191 782
191 721
191 599
191 394
191 280
191 236
191 727
191 454
806 883
806 223
806 886
806 394
301 860
301 707
301 709
301 12
301 164
301 856
343 884
904 187
904 677
904 672
904 967
904 194
904 460
7 70
7 147
7 1025
7 709
7 293
2 187
2 154
2 688
2 227
2 129
2 460
2 807
49 309
60 70
60 175
60 677
60 309
60 967
60 490
60 333
70 187
70 1011
70 114
70 867
70 490
70 129
70 333
175 409
175 677
175 309
175 11
175 1057
175 1
175 672
175 140
175 845
175 711
1038 967
1038 369
1038 227
187 916
187 154
187 409
187 716
187 496
187 827
187 103
187 309
187 248
187 672
187 78
187 227
187 119
187 63
187 205
187 169
187 590
187 869
187 315
916 154
916 574
916 309
916 672
916 293
916 372
916 227
916 1010
147 1025
147 377
147 366
154 860
154 746
154 709
154 164
154 831
154 227
154 460
154 1103
154 807
409 309
409 709
409 269
409 79
409 125
330 607
330 1011
330 94
330 396
330 193
330 726
330 872
1091 716
716 496
716 146
716 103
716 248
716 45
716 590
607 500
607 94
607 396
607 473
607 193
607 867
607 726
607 445
252 494
496 248
496 590
696 827
696 610
696 122
696 494
696 1116
827 347
827 684
827 6
761 635
761 177
761 1025
761 51
761 525
761 531
761 248
761 1059
883 574
883 959
883 355
883 628
883 451
883 200
1048 443
1048 721
1048 464
124 574
124 575
124 544
124 1059
124 408
124 958
124 46
124 656
124 819
124 658
124 380
443 721
443 1041
443 199
635 565
635 426
177 565
177 146
177 950
177 531
177 248
177 431
177 591
177 342
1025 565
1025 864
1025 248
1025 832
1025 543
565 223
565 210
565 380
566 846
566 679
566 441
566 408
566 166
566 998
566 398
566 742
566 913
566 453
566 650
860 309
860 709
860 12
860 164
860 856
577 149
339 17
618 226
618 198
618 38
618 701
618 1082
618 682
618 394
223 966
223 937
223 356
223 282
223 174
103 248
838 326
838 546
838 282
838 1056
838 253
183 937
840 966
840 782
840 297
840 242
840 275
326 574
326 282
326 1056
966 782
966 752
976 1097
335 815
226 203
226 606
226 772
226 759
226 653
226 654
740 117
740 709
247 264
207 1097
207 855
284 574
284 668
392 575
392 985
392 544
392 990
392 477
392 408
392 165
392 910
790 782
790 30
790 61
790 772
790 672
790 434
790 856
707 30
707 919
707 672
707 434
546 85
546 253
546 683
574 657
574 309
574 849
574 628
574 282
574 351
574 653
574 1113
657 282
575 766
575 985
575 544
575 990
575 1059
575 477
575 430
575 458
575 632
575 165
575 20
575 910
188 849
188 11
188 185
188 608
188 810
677 309
677 746
677 672
677 850
677 967
677 369
677 78
677 229
677 194
677 99
1060 198
1060 772
1060 679
1060 408
1060 166
1060 388
1060 668
1060 698
948 721
95 721
95 1051
95 434
782 297
782 752
782 242
782 275
493 199
1126 363
300 388
300 297
300 242
300 275
300 234
300 1117
531 849
531 937
531 76
531 203
531 628
531 195
309 937
309 628
309 672
309 384
309 12
309 850
309 164
309 967
309 369
309 78
309 490
309 227
309 129
309 269
746 351
746 850
746 845
589 1110
589 601
849 828
849 839
849 628
849 367
849 810
85 578
263 798
263 544
263 477
263 430
263 632
263 165
263 20
263 910
517 117
517 311
517 1104
517 395
721 462
721 1096
937 485
937 942
937 176
937 839
937 311
937 551
937 302
937 114
937 406
937 29
937 592
937 370
937 605
937 770
937 731
438 1018
30 115
602 709
963 197
963 820
963 473
741 11
741 801
741 1057
741 610
741 1
741 848
412 959
412 41
715 1112
715 1050
76 203
76 738
76 839
76 628
76 772
76 257
76 3
76 24
76 155
76 59
76 130
76 367
76 737
854 288
766 449
766 614
766 1059
766 341
766 977
766 641
766 627
766 477
766 868
766 8
766 519
449 614
449 985
449 544
449 341
449 977
449 630
449 8
198 38
198 798
198 985
198 656
198 261
1076 1094
1076 771
1076 582
1076 703
38 701
38 1082
38 682
38 82
38 1094
798 985
22 814
22 788
901 828
828 485
828 1042
828 537
828 203
828 302
828 199
828 888
828 130
828 727
828 99
828 1124
701 682
701 820
701 788
1082 985
1082 814
1082 236
682 872
751 675
751 537
485 1042
485 123
485 199
485 186
942 1042
248 590
224 586
224 35
340 785
773 117
773 1056
773 480
773 66
773 800
176 69
176 684
117 1040
117 1100
117 999
117 209
117 178
117 145
117 673
507 723
69 610
69 899
61 246
1042 550
675 537
675 1045
697 200
208 801
387 150
556 113
556 143
123 785
1101 1059
1101 81
944 785
944 586
944 851
944 35
944 66
150 550
150 1123
959 801
919 626
919 355
919 219
919 778
626 355
355 219
354 237
354 788
354 285
82 1094
82 744
599 628
599 317
599 237
230 884
230 846
230 679
464 774
803 185
203 839
203 628
203 195
203 257
203 3
839 195
839 130
667 779
667 812
667 220
667 642
667 494
138 562
138 956
138 161
138 1079
138 281
311 185
628 973
628 801
628 195
628 3
628 533
628 608
779 664
779 812
779 152
779 231
779 673
288 302
11 1057
11 1
11 221
973 271
336 748
500 396
500 724
551 180
551 394
551 65
1011 396
1011 867
1011 445
606 156
772 371
772 846
772 83
772 664
772 684
772 194
772 592
80 458
1057 1
1057 185
1057 938
371 458
77 774
396 256
1094 884
1094 788
444 679
444 512
846 512
846 617
846 581
197 473
197 588
197 956
197 316
610 283
347 283
347 258
83 237
664 679
759 129
759 755
1 543
1 140
1 767
1 845
1 711
1 315
1 1074
929 220
929 185
929 367
929 499
672 351
672 967
672 205
672 845
672 1074
462 434
462 615
462 1096
356 521
356 765
356 380
210 1021
1058 750
1058 447
302 1097
832 536
554 913
781 550
614 977
614 630
614 641
614 868
614 609
614 8
614 519
614 308
614 989
614 644
985 544
985 990
985 1059
985 285
985 1033
544 990
544 477
544 430
544 632
544 165
544 20
544 910
544 914
1127 704
1127 322
1127 453
1127 414
990 81
1059 477
1059 8
1059 658
1059 503
1059 848
704 353
704 453
704 414
64 200
1041 1085
1006 427
814 236
341 630
341 627
341 134
341 8
977 771
977 630
977 627
977 237
977 8
771 630
771 627
771 868
771 8
630 627
630 8
627 868
627 582
158 785
238 152
152 536
477 679
477 430
477 632
477 165
477 20
477 910
709 12
709 164
709 460
709 56
709 269
709 361
709 125
709 382
561 1027
561 562
122 1116
282 1021
282 1056
282 253
282 964
612 898
171 48
195 257
195 130
257 24
257 938
257 737
17 130
17 945
3 24
317 322
898 398
679 441
679 408
679 166
679 458
820 788
237 788
585 632
585 431
585 29
585 656
585 55
430 632
430 165
430 20
430 910
427 621
427 592
427 605
427 66
427 965
1107 441
1021 752
1021 1117
74 1047
775 402
559 501
12 164
12 1103
12 856
12 755
441 408
441 166
114 490
114 333
536 642
871 220
351 939
351 140
351 967
451 748
24 59
24 130
24 683
526 185
1056 253
850 369
850 293
850 807
850 863
1088 99
653 322
408 166
408 913
166 385
394 81
394 499
394 1034
394 661
394 792
757 233
757 724
283 395
140 205
140 711
140 315
140 1074
164 856
164 125
164 1074
967 205
967 333
967 315
967 1074
185 1114
899 78
186 369
186 78
186 372
186 1040
186 663
81 373
388 413
388 917
388 621
521 750
521 560
521 380
619 322
619 373
369 78
369 293
369 663
78 663
293 372
293 205
293 845
293 970
193 652
726 316
458 555
632 165
632 20
632 910
165 20
165 910
20 910
998 29
998 398
998 55
431 914
431 739
29 398
29 413
279 656
279 819
279 322
279 658
279 503
279 848
279 505
656 819
656 322
656 658
656 848
398 586
398 55
314 196
980 765
765 683
297 242
297 1117
742 913
742 650
413 947
413 686
413 621
413 592
413 605
913 453
913 414
10 621
10 592
10 605
10 66
10 965
242 275
242 234
242 1117
743 616
819 658
819 848
337 221
831 558
1040 1103
586 35
229 99
1027 597
365 505
365 822
280 917
280 621
562 956
562 161
868 609
868 519
609 591
591 308
1097 59
367 533
490 227
490 129
490 333
308 989
308 698
308 644
1104 1118
1100 999
1100 673
322 658
322 848
494 1054
395 370
658 848
658 1063
956 161
750 380
560 380
748 668
453 414
227 129
227 315
227 663
975 1054
106 789
684 6
684 584
686 621
686 592
686 605
686 965
621 592
621 605
621 770
621 965
668 511
718 723
718 370
723 370
1103 68
1010 755
269 125
727 605
727 66
205 845
205 711
205 1074
711 315
711 1074
315 1074
125 663
253 714
1117 965
592 605
592 770
592 66
592 965
605 770
605 66
605 965
770 965
66 800
999 673
999 891
161 212
1079 281
258 941
1074 663
941 941
