0 965
1 796
2 1000
3 258
4 304
5 997
6 474
7 1056
8 961
9 737
10 75
11 252
12 45
13 535
14 1031
15 403
16 152
17 38
18 676
19 789
20 765
21 54
22 772
23 84
24 232
25 984
26 520
27 512
28 942
29 745
30 97
31 342
32 11
33 698
34 1058
35 500
36 384
37 30
38 778
39 488
40 907
41 656
42 1062
43 619
44 454
45 912
46 825
47 1053
48 244
49 827
50 748
51 530
52 688
53 881
54 415
55 959
56 750
57 801
58 66
59 432
60 539
61 195
62 642
63 239
64 747
65 875
66 759
67 935
68 840
69 570
70 449
71 1101
72 895
73 1068
74 422
75 664
76 1118
77 444
78 486
79 764
80 425
81 506
82 1028
83 282
84 809
85 417
86 653
87 429
88 758
89 184
90 966
91 511
92 131
93 286
94 1
95 456
96 584
97 472
98 919
99 855
100 516
101 218
102 315
103 1083
104 590
105 1089
106 74
107 660
108 795
109 365
110 971
111 307
112 12
113 227
114 26
115 28
116 817
117 751
118 278
119 896
120 723
121 591
122 798
123 1124
124 336
125 61
126 543
127 1001
128 238
129 735
130 647
131 1012
132 638
133 794
134 926
135 889
136 493
137 475
138 571
139 186
140 921
141 695
142 7
143 431
144 409
145 742
146 114
147 126
148 191
149 717
150 1038
151 172
152 354
153 696
154 501
155 1103
156 637
157 876
158 542
159 502
160 284
161 197
162 603
163 680
164 248
165 473
166 1127
167 366
168 224
169 730
170 716
171 897
172 1085
173 1037
174 964
175 430
176 352
177 259
178 741
179 615
180 434
181 1094
182 187
183 845
184 671
185 1034
186 301
187 568
188 144
189 4
190 1080
191 146
192 784
193 1017
194 732
195 628
196 292
197 346
198 383
199 787
200 797
201 906
202 792
203 641
204 1006
205 490
206 662
207 679
208 651
209 43
210 588
211 343
212 163
213 249
214 236
215 1055
216 34
217 1035
218 962
219 225
220 461
221 273
222 460
223 514
224 374
225 226
226 468
227 233
228 223
229 86
230 1132
231 614
232 103
233 68
234 308
235 582
236 441
237 666
238 436
239 893
240 941
241 148
242 1104
243 649
244 158
245 149
246 752
247 658
248 692
249 407
250 101
251 0
252 495
253 574
254 917
255 228
256 467
257 800
258 1067
259 389
260 879
261 913
262 806
263 1076
264 831
265 1025
266 174
267 169
268 551
269 78
270 492
271 237
272 706
273 572
274 538
275 536
276 128
277 746
278 830
279 483
280 410
281 575
282 1008
283 821
284 216
285 756
286 985
287 217
288 170
289 521
290 276
291 1029
292 105
293 767
294 141
295 526
296 380
297 133
298 316
299 96
300 70
301 602
302 260
303 2
304 733
305 969
306 611
307 579
308 109
309 510
310 285
311 481
312 617
313 777
314 378
315 1003
316 90
317 596
318 652
319 842
320 137
321 1045
322 1030
323 157
324 326
325 540
326 264
327 222
328 150
329 517
330 119
331 462
332 970
333 371
334 1052
335 1082
336 908
337 925
338 894
339 1044
340 48
341 202
342 1128
343 100
344 991
345 82
346 313
347 915
348 10
349 98
350 32
351 844
352 270
353 465
354 53
355 246
356 972
357 1069
358 351
359 981
360 256
361 546
362 241
363 573
364 818
365 515
366 599
367 127
368 1092
369 302
370 350
371 295
372 564
373 73
374 132
375 76
376 770
377 1081
378 880
379 508
380 783
381 712
382 834
383 740
384 1043
385 686
386 979
387 382
388 550
389 15
390 262
391 950
392 77
393 108
394 892
395 17
396 553
397 562
398 457
399 269
400 672
401 368
402 918
403 931
404 769
405 104
406 668
407 791
408 815
409 837
410 856
411 948
412 713
413 338
414 1112
415 16
416 904
417 50
418 990
419 125
420 181
421 1066
422 22
423 555
424 606
425 873
426 29
427 35
428 289
429 497
430 1095
431 6
432 63
433 392
434 983
435 443
436 721
437 162
438 684
439 320
440 1072
441 394
442 69
443 253
444 559
445 213
446 1022
447 300
448 1131
449 360
450 874
451 494
452 920
453 862
454 215
455 235
456 416
457 1096
458 1051
459 1065
460 567
461 1102
462 328
463 754
464 774
465 738
466 1032
467 518
468 185
469 743
470 601
471 739
472 140
473 212
474 183
475 1093
476 193
477 793
478 853
479 274
480 377
481 408
482 205
483 81
484 176
485 957
486 122
487 143
488 864
489 766
490 1039
491 848
492 1048
493 814
494 367
495 375
496 445
497 608
498 155
499 401
500 463
501 605
502 372
503 753
504 339
505 868
506 822
507 121
508 405
509 129
510 887
511 13
512 1064
513 438
514 177
515 391
516 561
517 635
518 930
519 1130
520 376
521 1014
522 1075
523 836
524 1070
525 627
526 988
527 902
528 805
529 731
530 14
531 257
532 340
533 398
534 1119
535 597
536 749
537 722
538 265
539 946
540 858
541 298
542 65
543 631
544 812
545 314
546 1098
547 736
548 533
549 9
550 903
551 618
552 734
553 718
554 62
555 229
556 1063
557 469
558 47
559 179
560 275
561 544
562 724
563 395
564 64
565 294
566 206
567 358
568 95
569 194
570 91
571 154
572 250
573 622
574 998
575 934
576 683
577 208
578 824
579 1020
580 701
581 1060
582 583
583 287
584 804
585 1122
586 843
587 882
588 566
589 691
590 331
591 884
592 867
593 857
594 219
595 989
596 192
597 138
598 5
599 838
600 349
601 413
602 609
603 80
604 344
605 303
606 952
607 690
608 587
609 938
610 850
611 427
612 1057
613 877
614 527
615 577
616 318
617 397
618 928
619 310
620 976
621 272
622 1121
623 832
624 616
625 165
626 1086
627 478
628 279
629 266
630 329
631 556
632 675
633 1111
634 221
635 319
636 164
637 1125
638 446
639 476
640 99
641 890
642 220
643 8
644 1033
645 977
646 891
647 83
648 924
649 823
650 685
651 629
652 945
653 1018
654 335
655 499
656 885
657 458
658 993
659 59
660 828
661 44
662 387
663 341
664 317
665 1126
666 381
667 775
668 234
669 839
670 1129
671 726
672 621
673 632
674 670
675 819
676 385
677 480
678 522
679 147
680 450
681 549
682 954
683 994
684 396
685 933
686 702
687 1110
688 88
689 944
690 55
691 311
692 267
693 705
694 854
695 254
696 240
697 89
698 451
699 909
700 846
701 677
702 1097
703 306
704 23
705 18
706 779
707 808
708 115
709 107
710 936
711 1019
712 1054
713 557
714 489
715 849
716 1026
717 710
718 247
719 245
720 674
721 36
722 1073
723 433
724 151
725 667
726 361
727 153
728 761
729 760
730 654
731 999
732 242
733 277
734 102
735 1002
736 423
737 878
738 437
739 209
740 669
741 1049
742 607
743 424
744 687
745 693
746 826
747 820
748 442
749 418
750 94
751 261
752 613
753 620
754 650
755 363
756 581
757 31
758 243
759 166
760 199
761 322
762 773
763 167
764 402
765 323
766 866
767 646
768 1011
769 916
770 861
771 142
772 309
773 943
774 1074
775 447
776 485
777 87
778 57
779 643
780 996
781 439
782 21
783 362
784 448
785 786
786 505
787 1007
788 419
789 960
790 531
791 92
792 1077
793 41
794 470
795 626
796 1115
797 589
798 594
799 1009
800 459
801 72
802 529
803 27
804 414
805 112
806 182
807 324
808 995
809 210
810 974
811 910
812 113
813 180
814 1046
815 440
816 720
817 1084
818 532
819 1061
820 554
821 1108
822 883
823 711
824 299
825 201
826 1099
827 280
828 1105
829 263
830 624
831 1071
832 116
833 757
834 110
835 973
836 171
837 106
838 421
839 663
840 833
841 810
842 411
843 967
844 982
845 477
846 1113
847 1013
848 373
849 519
850 947
851 576
852 139
853 634
854 204
855 56
856 565
857 159
858 673
859 816
860 600
861 71
862 464
863 986
864 1010
865 633
866 719
867 980
868 744
869 118
870 145
871 851
872 932
873 771
874 312
875 1123
876 955
877 1023
878 714
879 268
880 1107
881 355
882 987
883 293
884 1024
885 39
886 466
887 504
888 3
889 780
890 852
891 353
892 978
893 503
894 645
895 900
896 1109
897 729
898 120
899 604
900 37
901 452
902 412
903 271
904 802
905 135
906 1059
907 847
908 644
909 399
910 659
911 968
912 709
913 586
914 33
915 888
916 863
917 85
918 598
919 173
920 386
921 640
922 593
923 24
924 161
925 636
926 49
927 1015
928 359
929 899
930 1078
931 799
932 20
933 1050
934 369
935 1087
936 548
937 255
938 937
939 332
940 871
941 1106
942 1041
943 296
944 927
945 580
946 1090
947 168
948 364
949 290
950 534
951 708
952 178
953 648
954 547
955 682
956 886
957 525
958 198
959 40
960 595
961 134
962 175
963 345
964 578
965 203
966 420
967 681
968 207
969 334
970 393
971 1091
972 859
973 524
974 661
975 785
976 211
977 390
978 639
979 214
980 523
981 160
982 124
983 923
984 727
985 905
986 704
987 337
988 60
989 657
990 388
991 537
992 541
993 1079
994 592
995 136
996 305
997 665
998 507
999 922
1000 455
1001 762
1002 1040
1003 788
1004 496
1005 610
1006 1016
1007 404
1008 807
1009 230
1010 288
1011 25
1012 111
1013 869
1014 52
1015 231
1016 484
1017 327
1018 560
1019 406
1020 321
1021 803
1022 1117
1023 200
1024 528
1025 949
1026 297
1027 623
1028 283
1029 630
1030 782
1031 1042
1032 188
1033 585
1034 790
1035 963
1036 655
1037 552
1038 953
1039 975
1040 426
1041 841
1042 811
1043 79
1044 291
1045 491
1046 1047
1047 725
1048 829
1049 330
1050 940
1051 281
1052 46
1053 190
1054 678
1055 333
1056 768
1057 1120
1058 428
1059 992
1060 872
1061 348
1062 835
1063 379
1064 482
1065 956
1066 513
1067 487
1068 117
1069 370
1070 189
1071 471
1072 612
1073 453
1074 715
1075 911
1076 689
1077 860
1078 707
1079 728
1080 776
1081 67
1082 700
1083 763
1084 563
1085 558
1086 958
1087 625
1088 42
1089 755
1090 1036
1091 123
1092 19
1093 1088
1094 929
1095 357
1096 51
1097 1004
1098 939
1099 898
1100 1100
1101 697
1102 951
1103 545
1104 400
1105 498
1106 699
1107 694
1108 93
1109 781
1110 1027
1111 569
1112 196
1113 479
1114 1116
1115 870
1116 914
1117 356
1118 58
1119 347
1120 325
1121 901
1122 509
1123 865
1124 703
1125 156
1126 1021
1127 1114
1128 251
1129 435
1130 813
1131 1005
1132 130
