0 765
1 1100
2 1125
3 476
4 756
5 36
6 791
7 361
8 330
9 346
10 55
11 587
12 746
13 498
14 884
15 1040
16 1088
17 975
18 1116
19 506
20 857
21 604
22 910
23 224
24 1121
25 135
26 1048
27 169
28 90
29 288
30 277
31 838
32 157
33 518
34 753
35 10
36 38
37 893
38 493
39 711
40 772
41 1095
42 948
43 379
44 899
45 340
46 950
47 854
48 166
49 269
50 839
51 967
52 721
53 1089
54 338
55 81
56 370
57 758
58 912
59 334
60 608
61 882
62 731
63 599
64 607
65 509
66 183
67 718
68 685
69 742
70 49
71 388
72 337
73 320
74 1105
75 364
76 321
77 1049
78 1067
79 430
80 398
81 965
82 431
83 1069
84 362
85 843
86 1099
87 799
88 119
89 356
90 1079
91 419
92 450
93 976
94 545
95 1113
96 592
97 516
98 145
99 605
100 242
101 1042
102 822
103 957
104 57
105 694
106 188
107 1073
108 1003
109 755
110 974
111 1045
112 484
113 989
114 763
115 6
116 869
117 415
118 826
119 682
120 200
121 911
122 342
123 27
124 480
125 1011
126 69
127 434
128 841
129 914
130 1070
131 329
132 981
133 922
134 778
135 913
136 308
137 1094
138 1098
139 960
140 816
141 424
142 56
143 380
144 19
145 1071
146 1017
147 495
148 212
149 86
150 58
151 552
152 1096
153 294
154 793
155 1052
156 939
157 190
158 973
159 1063
160 264
161 569
162 18
163 629
164 130
165 689
166 274
167 418
168 395
169 437
170 978
171 579
172 928
173 1041
174 963
175 292
176 28
177 404
178 985
179 1077
180 810
181 40
182 150
183 460
184 611
185 176
186 972
187 470
188 479
189 1056
190 270
191 709
192 1015
193 1025
194 335
195 9
196 932
197 900
198 172
199 860
200 990
201 15
202 650
203 915
204 193
205 314
206 371
207 317
208 959
209 357
210 499
211 249
212 173
213 187
214 126
215 216
216 720
217 618
218 962
219 527
220 603
221 715
222 1085
223 530
224 214
225 556
226 454
227 903
228 581
229 818
230 921
231 1036
232 834
233 442
234 391
235 1005
236 75
237 343
238 671
239 311
240 849
241 760
242 385
243 923
244 457
245 1110
246 596
247 781
248 649
249 73
250 597
251 4
252 828
253 783
254 827
255 108
256 265
257 185
258 1007
259 707
260 116
261 734
262 137
263 268
264 339
265 254
266 796
267 491
268 1035
269 916
270 593
271 832
272 624
273 892
274 692
275 302
276 890
277 722
278 363
279 812
280 897
281 997
282 72
283 730
284 643
285 678
286 508
287 595
288 691
289 161
290 227
291 211
292 93
293 181
294 739
295 261
296 524
297 247
298 1031
299 488
300 697
301 806
302 299
303 487
304 526
305 539
306 771
307 647
308 953
309 565
310 719
311 408
312 257
313 301
314 907
315 949
316 870
317 105
318 221
319 513
320 24
321 70
322 1060
323 1009
324 991
325 999
326 469
327 714
328 206
329 273
330 322
331 536
332 1126
333 182
334 403
335 805
336 770
337 177
338 703
339 1058
340 924
341 1053
342 615
343 258
344 134
345 12
346 717
347 325
348 263
349 118
350 296
351 617
352 1055
353 1062
354 102
355 307
356 1090
357 138
358 336
359 411
360 399
361 196
362 886
363 675
364 217
365 572
366 626
367 992
368 281
369 345
370 664
371 1038
372 1104
373 164
374 1075
375 775
376 848
377 782
378 417
379 927
380 733
381 158
382 14
383 790
384 280
385 60
386 218
387 225
388 612
389 422
390 667
391 136
392 471
393 945
394 1061
395 107
396 131
397 555
398 525
399 956
400 313
401 606
402 571
403 898
404 635
405 45
406 99
407 656
408 461
409 681
410 147
411 1012
412 33
413 553
414 676
415 132
416 1016
417 0
418 178
419 478
420 215
421 125
422 931
423 255
424 231
425 641
426 148
427 740
428 198
429 466
430 1072
431 732
432 794
433 672
434 1033
435 1004
436 445
437 279
438 289
439 904
440 402
441 1057
442 1008
443 598
444 62
445 560
446 64
447 122
448 1080
449 1050
450 234
451 735
452 351
453 32
454 447
455 659
456 192
457 1097
458 78
459 1023
460 444
461 331
462 85
463 372
464 954
465 77
466 522
467 232
468 468
469 472
470 877
471 858
472 155
473 253
474 548
475 241
476 5
477 840
478 787
479 426
480 625
481 25
482 589
483 856
484 228
485 576
486 534
487 578
488 113
489 874
490 637
491 44
492 282
493 455
494 141
495 1024
496 546
497 159
498 563
499 1101
500 666
501 600
502 233
503 639
504 452
505 250
506 737
507 573
508 580
509 588
510 559
511 749
512 368
513 41
514 878
515 275
516 142
517 252
518 48
519 492
520 958
521 400
522 547
523 1129
524 114
525 788
526 184
527 693
528 369
529 983
530 360
531 298
532 74
533 410
534 751
535 906
536 306
537 1019
538 1092
539 236
540 222
541 367
542 1108
543 935
544 542
545 347
546 243
547 798
548 726
549 47
550 561
551 1117
552 845
553 674
554 738
555 344
556 851
557 401
558 687
559 406
560 100
561 971
562 151
563 996
564 823
565 966
566 514
567 95
568 1028
569 96
570 736
571 613
572 16
573 429
574 1074
575 162
576 562
577 824
578 591
579 926
580 22
581 104
582 8
583 1002
584 819
585 663
586 648
587 1114
588 502
589 376
590 764
591 349
592 266
593 630
594 537
595 1087
596 226
597 535
598 920
599 271
600 872
601 964
602 92
603 1107
604 762
605 1029
606 575
607 1026
608 680
609 776
610 202
611 194
612 208
613 673
614 54
615 642
616 901
617 324
618 868
619 304
620 139
621 705
622 412
623 937
624 191
625 871
626 323
627 947
628 53
629 359
630 355
631 504
632 1018
633 21
634 456
635 489
636 994
637 1
638 986
639 1086
640 951
641 980
642 272
643 1091
644 436
645 670
646 875
647 909
648 1106
649 929
650 887
651 609
652 938
653 1111
654 902
655 654
656 684
657 240
658 110
659 256
660 863
661 71
662 11
663 127
664 930
665 171
666 1039
667 160
668 1127
669 1066
670 987
671 811
672 144
673 601
674 7
675 358
676 543
677 757
678 300
679 262
680 517
681 558
682 766
683 333
684 888
685 1021
686 837
687 627
688 568
689 463
690 413
691 1044
692 777
693 384
694 458
695 632
696 846
697 809
698 259
699 655
700 387
701 378
702 276
703 1054
704 428
705 797
706 918
707 803
708 477
709 121
710 1131
711 511
712 189
713 774
714 309
715 977
716 103
717 1078
718 1122
719 1128
720 377
721 267
722 353
723 859
724 795
725 425
726 315
727 1034
728 820
729 1051
730 112
731 744
732 699
733 759
734 482
735 668
736 1006
737 435
738 319
739 640
740 529
741 567
742 414
743 748
744 497
745 91
746 1047
747 1076
748 63
749 743
750 531
751 290
752 237
753 1065
754 1059
755 660
756 305
757 955
758 979
759 995
760 622
761 115
762 389
763 830
764 310
765 203
766 847
767 970
768 1020
769 293
770 538
771 695
772 244
773 439
774 432
775 156
776 784
777 785
778 154
779 541
780 260
781 710
782 638
783 998
784 297
785 494
786 124
787 804
788 453
789 167
790 750
791 451
792 802
793 631
794 780
795 464
796 186
797 523
798 2
799 341
800 43
801 968
802 933
803 585
804 665
805 490
806 179
807 332
808 386
809 229
810 883
811 503
812 175
813 246
814 283
815 704
816 761
817 690
818 557
819 80
820 197
821 204
822 683
823 327
824 195
825 512
826 864
827 245
828 865
829 42
830 1082
831 393
832 348
833 767
834 1013
835 725
836 908
837 700
838 614
839 94
840 438
841 873
842 1132
843 87
844 925
845 13
846 623
847 17
848 621
849 462
850 861
851 779
852 814
853 825
854 440
855 168
856 645
857 894
858 1103
859 101
860 698
861 889
862 1118
863 652
864 728
865 754
866 835
867 397
868 984
869 946
870 235
871 1093
872 712
873 120
874 727
875 1130
876 316
877 31
878 354
879 251
880 510
881 500
882 326
883 1112
884 1046
885 969
886 37
887 1123
888 651
889 46
890 942
891 407
892 149
893 936
894 551
895 817
896 34
897 564
898 634
899 375
900 696
901 210
902 481
903 706
904 383
905 993
906 1037
907 831
908 153
909 67
910 26
911 448
912 1084
913 620
914 584
915 416
916 328
917 773
918 220
919 443
920 66
921 679
922 1120
923 165
924 117
925 65
926 532
927 446
928 944
929 616
930 365
931 879
932 174
933 84
934 895
935 566
936 140
937 52
938 1081
939 373
940 88
941 570
942 574
943 303
944 1010
945 248
946 515
947 1000
948 1119
949 644
950 769
951 441
952 381
953 582
954 1043
955 366
956 1027
957 941
958 852
959 662
960 199
961 312
962 855
963 209
964 76
965 278
966 829
967 808
968 602
969 658
970 20
971 501
972 238
973 433
974 485
975 866
976 961
977 723
978 934
979 180
980 98
981 786
982 1001
983 716
984 465
985 421
986 1068
987 23
988 61
989 287
990 554
991 68
992 550
993 836
994 661
995 549
996 83
997 1014
998 891
999 507
1000 374
1001 867
1002 459
1003 881
1004 850
1005 619
1006 792
1007 702
1008 82
1009 821
1010 352
1011 483
1012 129
1013 475
1014 89
1015 97
1016 1083
1017 1030
1018 1124
1019 1022
1020 106
1021 729
1022 521
1023 170
1024 741
1025 286
1026 724
1027 133
1028 79
1029 496
1030 713
1031 807
1032 586
1033 528
1034 394
1035 449
1036 583
1037 544
1038 519
1039 318
1040 610
1041 745
1042 701
1043 146
1044 392
1045 205
1046 988
1047 427
1048 163
1049 152
1050 594
1051 686
1052 815
1053 657
1054 813
1055 1109
1056 952
1057 474
1058 51
1059 876
1060 677
1061 396
1062 747
1063 473
1064 382
1065 919
1066 123
1067 633
1068 905
1069 486
1070 768
1071 752
1072 653
1073 853
1074 982
1075 880
1076 801
1077 201
1078 219
1079 143
1080 842
1081 350
1082 109
1083 636
1084 230
1085 213
1086 409
1087 30
1088 943
1089 423
1090 128
1091 917
1092 1102
1093 285
1094 708
1095 577
1096 540
1097 467
1098 1032
1099 3
1100 646
1101 628
1102 862
1103 505
1104 940
1105 420
1106 520
1107 1064
1108 844
1109 223
1110 590
1111 239
1112 35
1113 688
1114 833
1115 39
1116 390
1117 789
1118 800
1119 50
1120 207
1121 29
1122 284
1123 59
1124 1115
1125 111
1126 405
1127 291
1128 295
1129 885
1130 669
1131 533
1132 896
