88 434
88 156
88 804
88 144
88 591
88 21
88 914
88 191
88 921
88 1127
88 86
88 950
88 822
88 767
88 1094
88 56
88 464
88 350
88 516
88 463
88 393
88 989
88 1036
88 834
88 565
88 676
88 939
88 722
88 570
88 833
434 156
434 804
434 591
434 21
434 914
434 191
434 921
434 1127
434 950
434 1094
434 464
434 350
434 516
434 393
434 572
434 886
434 840
434 321
434 1042
434 802
434 796
156 804
156 591
156 21
156 914
156 191
156 1127
156 86
156 950
156 1094
156 464
156 350
156 516
156 463
156 393
156 989
156 676
156 939
156 840
156 603
156 624
156 685
156 198
156 1115
156 547
156 435
156 936
156 476
156 734
156 934
156 284
156 563
156 1059
156 418
156 1074
156 478
804 1127
804 393
804 936
804 736
804 668
804 302
804 835
804 320
804 406
804 179
804 87
804 837
804 514
804 388
804 508
804 287
804 871
804 975
144 591
144 950
144 797
144 772
144 777
144 1020
144 699
144 567
144 281
591 21
591 914
591 950
591 1094
591 464
591 393
591 676
591 939
591 840
591 134
591 123
591 625
591 127
591 380
591 573
591 19
21 191
21 921
21 950
21 767
21 1094
21 350
21 393
21 939
21 1020
21 679
21 243
21 264
21 446
21 836
21 152
21 898
21 844
21 742
21 784
21 553
21 196
914 393
914 939
914 479
914 843
191 921
191 950
191 1094
191 393
191 1036
191 570
191 685
191 957
191 204
191 1005
191 460
191 190
921 1094
921 1036
921 570
921 840
921 287
921 773
921 1079
921 568
921 808
921 473
921 664
921 348
921 863
921 55
921 1057
921 458
921 440
921 432
921 178
921 271
921 443
921 102
921 35
921 369
921 962
921 575
921 539
921 272
1127 464
1127 350
1127 516
1127 393
1127 834
1127 676
1127 435
1127 797
1127 526
1127 724
1127 27
1127 249
1127 200
1127 1016
1127 1101
1127 930
86 127
86 739
86 1117
86 291
86 662
86 595
86 864
86 306
86 798
86 404
86 146
86 634
86 217
86 1010
86 725
950 822
950 1094
950 464
950 393
950 1036
950 939
950 435
950 508
950 1020
950 460
950 725
950 1037
950 1026
950 372
950 248
950 873
950 78
822 767
822 1094
822 1036
822 886
822 840
822 800
822 190
822 568
822 473
822 443
822 102
822 1016
822 452
822 549
822 439
822 182
822 173
822 197
822 147
822 389
822 220
822 15
822 979
822 695
822 1077
822 1043
822 691
822 395
822 99
822 110
822 457
822 332
822 126
822 812
767 989
767 886
767 840
767 1020
767 836
767 102
767 389
767 162
767 1054
767 16
767 505
767 468
767 469
767 912
767 639
767 157
1094 1036
1094 570
1094 886
1094 840
1094 478
1094 699
1094 1005
1094 773
1094 443
1094 962
1094 539
1094 64
1094 744
1094 531
1094 940
1094 330
1094 694
1094 1011
1094 1093
1094 426
1094 98
1094 1073
1094 682
1094 1000
1094 589
1094 961
1094 325
1094 250
1094 807
1094 455
1094 67
1094 474
1094 1018
1094 133
1094 359
1094 71
1094 1123
1094 1031
1094 892
1094 202
1094 981
56 1036
56 840
56 863
56 1001
56 232
56 600
464 350
464 463
464 393
464 989
464 834
464 565
464 676
464 796
464 603
464 186
464 253
464 577
350 516
350 676
350 796
350 685
350 287
350 123
350 573
350 432
350 1101
350 505
350 779
350 1013
350 965
350 827
350 390
350 349
350 1122
350 1048
350 522
350 590
350 222
350 1053
516 393
516 685
516 1115
516 284
516 134
516 460
516 577
516 390
516 953
516 263
516 887
516 735
463 989
463 834
463 603
463 624
463 685
463 936
463 476
463 284
463 418
463 1074
463 302
463 264
463 957
463 204
463 1005
463 190
463 248
463 589
463 807
463 1018
463 1001
463 222
463 868
463 192
463 323
463 74
463 642
463 213
463 1113
463 929
463 823
463 715
463 606
463 1062
463 120
463 1107
463 805
463 919
463 150
393 676
393 572
393 796
989 834
989 796
989 603
989 198
989 1115
989 547
989 435
989 936
989 284
989 418
989 800
989 742
989 249
989 200
989 595
989 812
989 940
989 1073
989 253
989 1013
989 1053
989 192
989 606
989 165
989 558
989 496
989 909
989 1083
989 636
989 752
989 948
989 47
989 795
989 888
989 839
989 118
989 681
989 57
989 385
989 484
989 112
989 743
989 701
989 180
989 1103
989 557
1036 570
1036 886
1036 840
1036 668
1036 287
1036 773
1036 1079
1036 568
1036 473
1036 863
1036 55
1036 440
1036 432
1036 178
1036 102
1036 147
1036 389
1036 1043
1036 395
1036 558
1036 717
1036 106
1036 581
1036 1131
1036 229
1036 1116
1036 295
1036 470
1036 409
1036 618
1036 548
1036 913
1036 687
834 565
834 835
834 406
834 369
834 253
834 590
834 909
834 581
834 412
834 431
834 608
834 80
834 1027
834 113
676 796
676 287
676 573
676 898
676 505
676 1013
676 827
676 1122
676 590
676 681
676 544
676 44
676 924
676 1069
939 840
939 812
939 390
939 743
939 897
722 1089
722 331
722 477
722 314
722 690
722 502
722 746
722 741
570 840
570 934
570 110
570 417
570 940
570 1093
570 426
570 455
570 1123
570 472
570 315
570 709
570 308
570 6
570 854
570 499
570 667
570 846
570 456
570 1015
570 129
833 435
833 418
833 204
833 248
833 98
833 953
833 868
833 1113
833 805
833 207
833 889
833 300
833 94
833 445
833 527
833 692
833 719
833 224
833 982
833 360
572 373
886 840
886 432
840 1074
840 287
840 773
840 812
840 375
840 358
840 1126
796 563
796 965
796 390
796 522
796 953
796 715
796 47
796 681
796 207
796 780
796 326
796 345
796 938
796 1032
796 483
796 172
796 764
796 3
796 663
603 685
603 198
603 1115
603 435
603 936
603 284
603 1059
603 1005
603 190
603 253
603 1053
603 868
603 192
603 213
603 909
603 690
603 502
603 300
603 447
603 234
603 495
603 916
603 520
624 198
624 936
624 476
624 934
624 418
624 1074
624 478
624 668
624 1005
624 248
624 1073
624 752
624 409
624 692
624 447
624 234
624 481
624 104
624 319
624 1104
624 523
624 615
624 599
624 1124
624 908
685 936
685 476
685 734
685 284
685 563
685 418
685 406
685 19
685 152
685 957
685 460
685 249
685 200
685 157
685 417
685 807
685 1122
685 590
685 868
685 192
685 323
685 213
685 919
685 165
685 47
685 300
685 445
685 663
685 447
685 234
685 520
685 289
685 536
685 77
685 978
685 275
685 181
685 132
685 187
685 394
685 168
685 716
685 745
198 547
198 435
198 284
198 127
198 204
198 1005
198 249
198 248
198 868
198 795
198 113
198 502
198 300
198 94
198 527
198 719
198 224
198 447
198 234
198 495
198 275
198 716
198 985
198 205
198 648
198 1110
198 227
198 410
198 540
198 535
198 4
198 811
198 230
198 387
198 407
198 928
198 645
198 136
198 830
198 245
198 874
198 945
198 131
198 814
198 865
198 521
198 491
1115 936
1115 1013
1115 1053
1115 948
1115 180
1115 880
547 1059
547 200
547 300
547 373
547 1110
547 540
547 7
547 857
547 450
547 79
547 480
547 262
547 616
547 41
547 25
435 284
435 797
435 27
435 157
435 253
435 1113
435 805
435 94
435 234
435 1104
435 945
435 1075
435 381
435 361
435 875
435 670
435 116
435 1035
435 867
435 518
435 416
435 214
936 734
936 1059
936 736
936 668
936 302
936 406
936 87
936 799
936 388
936 871
936 975
936 134
936 953
936 192
936 180
936 764
936 447
936 181
936 945
936 25
936 1068
936 775
936 673
936 1066
936 424
936 545
936 26
476 204
476 719
476 915
734 913
734 300
734 908
734 650
934 418
934 1074
934 478
934 1020
934 281
934 446
934 1005
934 55
934 575
934 16
934 426
934 98
934 589
934 474
934 953
934 948
934 118
934 409
934 113
934 472
934 6
934 854
934 846
934 1015
934 129
934 780
934 319
934 523
934 230
934 175
934 883
934 438
934 66
934 374
934 552
934 354
284 1059
284 134
284 157
284 953
284 868
284 805
284 795
284 502
284 667
284 94
284 224
284 447
284 908
284 289
284 491
284 973
284 842
563 418
563 478
563 1005
563 120
563 948
563 484
563 224
563 360
563 663
563 447
563 1124
563 289
563 994
563 555
563 355
563 661
563 107
563 534
563 952
1059 134
1059 575
1059 27
1059 798
1059 248
1059 812
1059 577
1059 953
1059 74
1059 715
1059 948
1059 581
1059 741
1059 94
1059 527
1059 360
1059 764
1059 1104
1059 599
1059 908
1059 865
1059 41
1059 713
1059 1129
1059 137
1059 125
1059 436
1059 155
1059 1022
1059 774
1059 1125
730 975
418 1020
418 19
418 102
418 162
418 16
418 468
418 157
418 752
418 741
418 72
418 889
418 94
418 345
418 447
418 716
418 137
418 166
418 757
418 333
418 100
418 30
1074 478
1074 1005
1074 426
1074 805
1074 472
1074 667
1074 104
1074 771
1074 763
478 699
478 1005
478 575
478 27
478 417
478 940
478 426
478 98
478 961
478 807
478 67
478 474
478 1018
478 229
478 409
478 1015
478 300
478 527
478 104
478 615
478 230
478 407
478 902
478 68
478 238
478 40
478 268
736 668
736 302
736 406
736 87
736 837
736 799
736 508
736 975
736 965
736 180
736 181
736 116
736 1068
736 748
736 1058
736 906
736 876
736 677
736 1040
736 657
736 1019
736 1051
736 986
736 471
736 283
668 302
668 406
668 87
668 799
668 514
668 508
668 975
668 190
668 473
668 102
668 64
668 589
668 606
668 180
668 106
668 764
668 181
668 928
668 1068
668 66
668 866
668 688
668 258
668 760
668 749
668 923
668 806
668 233
302 406
302 87
302 799
302 508
302 871
302 975
302 1062
302 180
302 1068
302 424
302 1080
302 740
302 853
302 23
835 986
320 87
320 388
320 724
320 735
320 902
320 986
320 541
320 890
320 576
406 179
406 87
406 799
406 514
406 871
406 975
406 1117
406 306
406 634
406 16
406 1073
406 636
406 373
406 978
406 181
406 1058
406 566
406 429
406 50
179 871
179 634
179 775
179 1058
179 73
179 651
179 655
179 935
87 837
87 388
87 508
87 975
87 243
87 180
87 1019
87 986
87 73
87 1121
837 388
837 243
837 180
837 424
837 748
837 1058
837 818
837 1040
837 1019
837 986
837 1121
837 428
837 587
837 138
837 855
799 508
799 871
799 975
799 180
799 741
799 289
799 1068
799 161
514 590
514 180
514 106
514 424
514 986
514 258
514 760
514 459
514 1132
514 466
514 340
388 508
388 243
388 180
388 181
388 424
388 902
388 986
388 541
388 1121
388 428
388 971
508 975
508 243
508 1031
508 483
508 1104
508 1068
508 26
508 842
508 100
508 541
508 73
508 935
508 778
508 969
508 776
508 48
508 425
508 304
508 82
508 368
508 528
287 123
287 773
287 1057
287 220
287 15
287 812
287 390
287 222
287 743
287 207
287 234
287 842
287 749
287 233
287 899
287 1034
287 140
871 249
871 390
871 775
871 1066
871 655
871 428
871 794
975 1117
975 752
975 180
975 717
975 982
975 764
975 663
975 495
975 536
975 181
975 830
975 518
975 1068
975 125
975 651
975 1121
975 428
975 729
975 569
975 925
975 987
975 451
975 158
975 299
975 519
797 700
797 27
797 919
797 47
797 394
797 716
797 41
797 116
797 867
797 355
797 30
797 368
797 582
797 525
797 1071
797 728
797 816
772 479
772 575
772 249
772 505
772 417
772 940
772 589
772 390
772 715
772 581
772 100
772 429
772 50
772 848
772 731
772 485
772 765
772 951
772 538
772 405
777 404
777 1010
777 636
777 447
777 922
777 239
777 96
777 958
777 644
777 1063
1020 800
1020 127
1020 1005
1020 1057
1020 440
1020 102
1020 1089
1020 634
1020 162
1020 16
1020 505
1020 468
1020 912
1020 639
1020 390
1020 636
1020 948
1020 741
1020 373
1020 3
1020 830
1020 285
1020 100
1020 30
1020 951
1020 706
1020 726
1020 279
1020 1067
1020 353
1020 60
1020 343
1020 317
1020 1092
1020 342
1020 507
699 1089
699 940
699 499
699 116
699 143
567 664
567 432
567 178
567 452
567 549
567 395
567 126
567 162
567 330
567 94
567 433
281 1005
281 575
281 27
281 1016
281 426
281 854
281 692
281 131
281 622
281 1003
800 380
800 1005
800 55
800 432
800 452
800 395
800 1054
800 417
800 948
800 118
800 319
800 131
800 814
800 1003
800 532
800 529
800 782
800 675
800 65
134 152
134 249
134 1026
134 682
134 577
134 953
134 887
134 919
134 375
134 94
134 880
134 713
134 137
134 774
134 538
134 489
134 995
134 235
134 1055
123 152
123 664
123 395
123 332
123 812
123 426
123 390
123 349
123 522
123 948
123 681
123 385
123 80
123 924
123 205
123 880
123 774
123 971
123 1055
123 149
625 595
625 222
625 887
625 4
625 632
127 1117
127 291
127 595
127 798
127 634
127 1010
127 725
127 300
127 447
127 507
380 575
380 272
380 744
380 694
380 1000
380 67
380 133
380 1031
380 981
380 295
380 1015
380 129
380 874
380 814
380 466
380 696
380 903
380 22
380 831
380 63
573 152
573 898
573 390
573 716
573 1066
573 137
573 703
573 62
19 249
19 162
19 60
679 446
679 744
679 694
679 682
679 1031
679 805
679 466
679 22
679 769
679 820
679 75
700 836
700 137
700 757
700 786
700 564
700 790
243 180
243 717
243 830
243 1068
243 775
243 424
243 986
243 651
243 1121
243 564
243 790
243 678
243 1
243 293
243 298
243 498
243 738
264 390
264 1062
264 948
264 536
264 842
264 737
264 1111
264 501
264 601
264 53
446 248
446 426
446 805
446 557
446 143
446 1007
446 10
446 1014
446 781
446 988
836 137
836 333
836 786
836 564
836 241
836 296
836 408
836 881
836 605
836 524
836 574
836 727
836 119
152 553
152 526
152 1101
152 965
152 390
152 522
152 953
152 1083
152 764
152 394
152 155
152 343
152 703
152 62
152 1
152 583
152 160
152 1108
152 97
898 137
898 1108
844 196
844 394
844 155
844 738
844 1111
844 85
784 62
784 574
784 167
784 487
553 200
553 912
553 786
196 62
479 575
479 724
479 940
479 909
479 795
479 491
479 771
479 538
479 782
479 593
479 610
843 982
957 192
957 601
957 18
204 1005
204 575
204 200
204 1037
204 426
204 1123
204 1015
204 94
204 491
204 890
204 684
1005 55
1005 575
1005 539
1005 162
1005 940
1005 694
1005 1093
1005 426
1005 98
1005 1073
1005 682
1005 1000
1005 589
1005 807
1005 1018
1005 359
1005 71
1005 1123
1005 253
1005 1113
1005 805
1005 118
1005 557
1005 295
1005 1069
1005 6
1005 889
1005 94
1005 527
1005 319
1005 716
1005 230
1005 131
1005 25
1005 116
1005 883
1005 66
1005 555
1005 771
1005 238
1005 566
1005 869
1005 211
1005 63
1005 351
1005 2
1005 84
1005 705
1005 810
1005 1098
1005 386
1005 269
1005 356
1005 154
1005 292
460 249
460 1101
460 752
460 982
460 520
460 387
460 1075
460 713
460 1022
460 30
460 451
460 1055
460 1039
460 488
460 858
460 967
460 422
460 510
460 791
460 665
460 1064
460 1021
460 1045
460 1041
460 364
460 139
190 575
190 812
190 940
190 1093
190 589
190 71
190 929
190 558
190 968
190 128
190 999
773 432
773 913
568 1057
568 440
568 102
568 812
568 140
568 317
568 148
473 348
473 432
473 439
473 173
473 147
473 389
473 15
473 457
473 126
473 795
473 743
473 94
473 234
473 702
473 391
664 432
664 102
664 249
664 549
664 439
664 389
664 395
664 126
664 140
664 392
348 1057
348 457
348 317
348 148
863 232
863 600
863 606
863 581
863 908
863 137
863 999
863 497
863 92
55 962
55 575
55 417
55 694
55 426
55 682
55 1000
55 589
55 807
55 474
55 1018
55 133
55 948
55 118
55 229
55 44
55 1069
55 780
55 230
55 175
55 66
55 555
55 771
55 902
55 903
55 2
55 269
55 1017
55 5
55 377
55 362
55 400
55 329
1057 440
1057 432
1057 102
1057 27
1057 200
1057 452
1057 147
1057 16
1057 140
1057 317
1057 328
458 1000
458 552
458 1132
458 119
458 1118
458 341
440 102
440 220
440 317
440 148
432 452
432 439
432 173
432 197
432 389
432 220
432 15
432 695
432 1043
432 395
432 110
432 457
432 126
432 812
432 390
432 687
432 300
432 140
432 726
432 317
432 148
432 185
178 439
178 173
178 197
178 389
178 220
178 695
178 1043
178 110
178 726
271 929
271 581
271 1116
271 72
271 889
271 234
271 582
271 869
271 199
271 401
271 28
271 762
102 395
102 162
102 405
102 317
102 893
102 643
35 1101
35 812
35 606
35 581
35 72
35 908
35 1066
35 559
35 793
35 38
369 341
962 1011
962 325
962 1031
962 118
962 555
962 22
962 386
962 269
962 356
962 862
962 821
575 1101
575 812
575 417
575 426
575 589
575 961
575 71
575 965
575 887
575 118
575 229
575 409
575 113
575 44
575 6
575 667
575 846
575 1066
575 175
575 66
575 400
575 556
539 1093
539 472
539 351
539 84
272 417
272 1000
272 1015
272 814
272 883
272 771
272 392
272 1024
272 571
526 249
526 200
526 1101
526 1026
526 349
526 687
526 207
526 774
526 1040
526 925
526 489
526 737
526 601
526 5
526 266
526 561
526 652
526 704
526 635
724 735
724 805
724 690
724 889
724 902
724 890
724 728
724 10
724 610
27 249
27 474
27 349
27 180
27 555
27 748
249 200
249 1117
249 1026
249 253
249 1053
249 715
249 502
249 224
249 764
249 289
249 275
249 168
249 875
249 994
249 661
249 1040
249 283
249 489
249 995
249 293
249 1041
249 643
249 891
249 500
249 761
249 659
249 829
200 404
200 1026
200 1054
200 940
200 253
200 477
200 300
200 360
200 908
200 535
200 645
200 245
200 545
200 155
200 30
200 677
200 429
200 48
200 869
200 343
200 995
200 62
200 1
200 793
200 832
200 252
200 641
200 852
200 931
200 313
1016 474
1016 1027
1016 690
1016 794
1016 1067
1016 622
1016 1111
1016 328
1016 789
1016 307
1016 1029
1101 930
1101 812
1101 1018
1101 1013
1101 390
1101 590
1101 222
1101 887
1101 948
1101 6
1101 300
1101 1104
1101 394
1101 41
1101 116
1101 973
1101 713
1101 137
1101 621
1101 971
1101 538
1101 489
1101 1055
1101 1045
1101 252
930 1013
930 1053
739 798
739 1089
1117 662
1117 595
1117 306
1117 798
1117 1089
1117 404
1117 146
1117 634
1117 1010
1117 636
1117 608
1117 314
1117 690
1117 502
1117 72
1117 300
1117 94
1117 483
1117 447
1117 429
1117 50
1117 507
1117 356
1117 579
1117 1120
1117 246
1117 399
291 662
291 798
291 1010
291 447
291 579
291 1128
662 595
662 798
662 1089
662 404
662 634
662 1010
662 690
662 300
662 447
662 234
662 491
662 973
662 429
662 211
662 946
662 356
662 1128
662 949
595 798
595 1089
595 222
595 57
595 431
595 300
595 205
595 830
595 480
595 262
595 41
595 429
595 632
595 946
595 97
595 1128
595 674
595 617
595 707
595 956
595 626
595 732
595 226
864 615
864 535
864 922
864 958
864 629
864 189
864 627
306 798
306 634
306 1010
306 16
306 522
306 953
306 636
306 889
306 447
306 978
306 275
306 381
306 507
306 598
306 52
798 1089
798 404
798 146
798 634
798 1010
798 16
798 779
798 222
798 741
798 300
798 447
798 1104
798 978
798 673
798 50
798 507
798 756
1089 634
1089 1010
1089 162
1089 222
1089 502
1089 447
1089 830
1089 651
1089 507
1089 1120
1089 755
1089 974
404 1010
404 589
404 615
404 507
404 579
146 634
146 1010
146 16
146 636
146 978
146 50
146 507
146 559
146 246
146 756
634 1010
634 162
634 953
634 887
634 447
634 491
634 158
634 507
634 211
217 953
1010 16
1010 887
1010 636
1010 608
1010 978
1010 239
1010 958
1010 507
1010 1128
1010 598
1010 756
1010 974
1010 378
1010 259
1010 280
725 495
725 830
725 616
725 632
725 946
725 423
725 290
725 467
725 825
725 607
725 171
1037 1123
1026 522
1026 780
1026 345
1026 1104
1026 187
1026 168
1026 716
1026 1075
1026 875
1026 994
1026 995
1026 5
372 752
372 948
372 1045
372 401
372 652
248 300
248 94
248 527
248 259
248 580
984 162
984 387
984 136
984 356
984 1021
984 1119
984 206
984 750
984 698
984 711
873 650
873 612
78 379
78 927
78 462
452 162
452 16
452 639
452 65
549 395
549 940
549 330
549 694
549 687
549 1015
549 814
549 65
549 571
439 854
439 764
439 688
439 97
439 585
182 173
182 147
182 389
182 1077
182 795
182 854
173 197
173 147
173 389
173 695
173 1043
173 222
173 687
173 726
197 389
197 110
197 812
197 319
197 749
147 522
147 140
389 522
389 854
389 140
389 726
389 643
15 258
979 890
979 65
695 687
695 726
395 126
395 812
395 940
395 330
395 694
395 892
395 1015
395 230
395 65
395 983
99 812
99 65
110 735
457 743
457 148
126 330
126 502
126 780
126 848
812 965
812 349
812 522
812 953
812 385
812 581
812 470
812 913
812 140
812 726
812 517
812 859
162 16
162 912
162 639
162 157
162 373
162 481
162 908
162 205
162 227
162 928
162 485
162 353
162 60
162 786
162 790
162 605
162 266
162 313
162 949
162 617
162 286
162 911
162 494
1054 16
1054 912
1054 157
1054 589
1054 948
1054 870
1054 970
16 639
16 636
16 608
16 72
16 889
16 447
16 615
16 978
16 811
16 381
16 958
16 317
16 507
16 211
16 52
16 280
16 633
505 25
505 1066
505 848
505 532
505 564
505 610
505 18
505 252
505 904
468 830
468 100
468 60
468 149
468 494
469 125
469 30
469 706
469 211
469 1055
469 858
469 1064
469 1041
469 751
469 882
469 1112
469 640
912 157
912 137
912 757
912 211
912 786
912 296
912 408
912 122
912 602
639 353
639 60
639 507
157 741
157 137
157 757
157 296
64 589
64 232
64 74
64 1131
64 499
64 555
64 566
64 1024
64 723
64 117
744 940
744 682
744 67
744 133
744 1031
744 981
744 129
744 319
744 523
744 814
744 555
744 466
744 696
744 22
744 769
744 820
744 75
744 723
417 940
417 682
417 807
417 558
417 409
417 846
417 230
417 131
417 66
417 356
417 891
417 312
531 606
531 688
531 391
531 92
531 38
531 550
940 330
940 426
940 682
940 961
940 807
940 67
940 1018
940 1123
940 892
940 522
940 558
940 948
940 118
940 229
940 472
940 1015
940 94
940 319
940 615
940 230
940 66
940 238
940 40
940 769
940 377
940 643
940 862
940 312
940 324
940 384
940 759
330 682
330 67
330 892
330 229
330 1015
330 230
330 384
330 1038
694 682
694 1000
694 589
694 961
694 67
694 133
694 1031
694 981
694 1015
694 814
694 552
694 587
694 65
694 22
694 119
694 2
694 386
694 862
694 1024
694 723
694 384
694 954
1011 133
1011 359
1011 1123
1011 202
1011 106
1011 229
1011 523
1011 356
1011 401
1011 674
1011 384
1011 1009
1011 586
1011 992
1093 1000
1093 1031
1093 805
1093 795
1093 557
1093 94
1093 902
1093 869
1093 63
1093 10
1093 351
1093 2
1093 84
1093 810
1093 1098
1093 386
1093 559
1093 13
1093 454
426 98
426 589
426 1123
426 390
426 1107
426 118
426 295
426 409
426 846
426 692
426 319
426 438
426 268
426 154
98 1018
98 1113
98 1107
98 6
98 527
98 1032
98 945
98 268
98 995
1073 589
1073 558
1073 295
1073 300
1073 978
1073 381
1073 566
1073 507
1073 1070
682 1000
682 961
682 250
682 807
682 455
682 474
682 1018
682 359
682 71
682 1123
682 390
682 1113
682 558
682 888
682 118
682 295
682 409
682 129
682 527
682 319
682 716
682 438
682 555
682 238
682 566
682 817
682 710
1000 961
1000 325
1000 807
1000 455
1000 67
1000 133
1000 359
1000 71
1000 1031
1000 981
1000 118
1000 229
1000 295
1000 692
1000 230
1000 814
1000 555
1000 22
1000 269
1000 1024
1000 954
1000 959
589 807
589 474
589 1018
589 133
589 981
589 558
589 854
589 1015
589 319
589 131
589 66
589 555
589 862
961 67
961 474
961 359
961 1015
961 615
961 230
961 40
961 119
961 1024
325 67
325 1031
325 118
325 1126
325 555
325 771
325 63
325 269
325 959
250 133
250 1123
250 63
807 1018
807 390
807 118
807 854
807 319
807 131
807 491
807 214
807 66
807 555
807 2
807 392
807 1017
807 1024
455 67
455 133
455 1031
455 229
455 814
455 211
455 400
455 1024
455 759
455 959
67 474
67 133
67 359
67 1031
67 981
67 1015
67 129
67 814
67 552
67 238
67 644
67 1024
67 959
67 276
67 506
67 1085
474 557
474 106
474 1069
474 615
474 1124
474 883
474 238
474 268
474 5
474 276
474 512
474 826
1018 887
1018 558
1018 118
1018 409
1018 319
1018 1066
1018 438
1018 566
1018 154
1018 28
1018 559
133 359
133 1123
133 1031
133 202
133 981
133 229
133 523
133 814
133 466
133 696
133 22
133 2
133 1024
133 384
359 1123
359 1031
359 202
359 229
359 230
359 66
359 769
359 2
359 821
359 384
359 992
359 1100
71 202
71 887
71 409
71 890
71 869
71 723
71 506
1123 118
1123 527
1123 523
1123 66
1123 140
1123 211
1123 769
1123 119
1123 684
1123 384
1123 59
1031 981
1031 229
1031 814
1031 238
1031 696
1031 831
1031 154
1031 559
1031 862
1031 821
1031 1024
1031 674
1031 817
1031 959
1031 509
1031 176
892 230
892 130
202 229
202 523
202 405
202 769
202 386
202 384
202 992
981 696
981 22
981 280
981 183
981 145
1001 233
1001 848
1001 377
1001 947
232 234
232 233
232 311
232 92
232 231
600 231
186 368
253 667
253 289
253 716
253 480
253 466
253 140
253 211
253 297
577 953
577 795
577 502
577 360
577 945
577 491
577 856
779 137
1013 390
1013 222
1013 412
1013 973
1013 501
1013 877
965 1053
965 887
965 715
965 445
965 345
965 993
390 1122
390 590
390 222
390 1053
390 887
390 715
390 606
390 180
390 44
390 924
390 716
390 842
390 729
390 489
390 632
390 293
390 1064
390 559
390 252
390 430
390 383
390 588
390 461
390 61
390 530
349 394
349 310
1122 120
1122 44
1122 1075
1122 436
1122 1022
1122 299
1122 343
1122 1045
1122 926
522 948
522 44
522 741
522 360
522 234
522 842
522 566
522 140
522 489
522 881
522 160
522 652
522 891
522 761
522 955
522 766
522 1096
522 620
590 673
590 355
590 1129
590 774
590 283
590 138
590 279
590 829
590 1076
590 184
222 887
222 924
222 207
222 650
222 429
222 632
222 946
222 383
222 588
222 815
1053 74
1053 924
1053 880
1053 374
1053 973
1053 842
1053 117
1053 170
953 887
953 948
953 741
953 360
953 908
953 407
953 1075
953 713
953 436
953 100
953 748
953 1051
953 489
953 1055
953 419
263 875
263 211
263 219
887 113
887 300
887 181
887 830
887 545
887 713
887 429
887 1055
887 97
887 170
887 93
887 201
887 963
735 716
735 902
735 890
735 254
868 192
868 74
868 213
868 527
868 447
192 213
192 1104
192 945
192 489
74 889
74 745
74 407
74 973
74 587
74 405
74 723
74 877
74 860
74 437
642 924
213 929
213 557
213 908
213 401
213 652
1113 1107
1113 889
1113 94
1113 527
1113 116
1113 883
1113 654
929 924
929 6
929 915
929 252
715 805
715 948
715 445
715 224
715 345
715 489
715 5
715 993
606 385
606 581
606 94
606 234
606 908
606 688
606 38
606 221
606 900
606 813
606 964
1062 948
1062 23
1062 870
1062 1111
1062 601
1062 665
1062 789
1062 751
1062 46
1062 1082
1062 562
120 741
120 447
120 536
120 518
120 1022
120 343
120 1064
120 656
120 164
1107 1032
805 409
805 44
805 94
805 116
805 238
805 968
805 392
919 875
919 1022
919 1029
919 711
165 289
165 168
558 1131
558 66
558 555
558 566
496 355
496 279
496 89
496 169
496 847
909 888
909 557
909 1069
909 334
1083 394
1083 62
636 608
636 373
636 566
636 922
636 239
636 507
636 832
636 579
636 337
636 972
752 741
752 360
752 447
752 520
752 1104
752 599
752 289
752 536
752 136
752 1075
752 214
752 713
752 343
752 510
752 665
752 1041
752 633
948 1055
948 601
948 561
948 652
948 252
948 397
948 216
47 764
47 716
47 945
47 489
47 988
47 1108
47 530
47 93
47 135
47 242
47 546
795 502
795 94
795 234
795 495
795 275
795 407
795 874
795 491
795 650
795 1119
795 221
795 596
795 121
795 976
839 234
839 890
839 1086
118 1015
118 648
118 230
118 883
118 66
118 555
118 902
118 903
118 22
118 862
118 937
681 112
681 663
681 716
681 1075
681 952
681 1022
681 944
57 431
57 94
57 4
57 928
57 41
57 25
57 1022
57 946
57 612
57 596
57 1030
57 628
385 499
385 38
385 273
484 538
484 279
484 184
484 89
484 169
484 686
484 482
484 370
484 896
112 275
112 1075
112 361
112 952
112 343
112 62
112 858
112 159
743 275
743 407
743 140
743 391
743 38
701 982
180 1068
180 775
180 424
180 842
180 986
180 1121
1103 234
1103 233
557 72
557 928
557 116
557 1066
557 650
557 519
557 582
557 946
557 199
557 674
557 626
717 986
717 541
717 73
717 655
717 158
106 229
581 548
581 345
581 908
581 688
581 1067
581 964
581 274
581 768
581 770
581 721
581 733
581 917
581 278
229 1015
229 814
229 65
229 384
229 759
229 992
1116 234
1116 233
1116 999
1116 391
1116 793
1116 38
1116 900
1116 813
295 854
295 692
295 555
295 728
295 696
295 674
409 25
409 954
548 233
548 770
913 375
913 594
687 552
687 65
687 571
687 733
687 277
412 1066
412 973
412 632
412 111
412 475
431 741
431 300
431 94
431 540
431 811
431 928
431 830
431 874
431 79
431 480
431 1066
431 545
431 650
431 429
431 519
431 765
431 342
431 632
431 674
431 617
431 626
431 732
431 612
431 454
431 475
431 792
431 58
431 453
431 101
608 978
608 407
608 25
608 869
608 507
608 28
80 889
80 657
80 89
80 847
1027 430
113 854
113 373
113 985
113 205
113 648
113 1110
113 227
113 410
113 540
113 535
113 928
113 66
113 771
113 1052
113 638
113 256
113 849
113 537
113 366
113 265
113 708
544 72
544 142
44 1069
44 375
44 207
44 928
44 438
44 971
44 1017
44 626
924 477
924 401
924 580
924 414
924 747
924 941
1069 175
1069 438
1069 631
375 982
375 520
375 716
375 214
375 713
375 436
375 1022
375 729
375 299
375 485
375 791
375 983
375 310
375 164
375 594
897 41
897 876
331 477
331 314
331 1102
331 996
477 314
477 502
477 72
477 747
314 72
314 405
314 121
314 398
314 693
314 444
314 850
314 9
690 746
690 172
690 716
690 245
690 155
690 252
690 641
690 1029
690 911
690 1085
690 103
690 441
502 438
502 1022
502 100
502 776
502 82
502 96
502 1102
502 24
746 1032
746 830
746 155
746 771
746 737
746 641
746 1085
741 982
741 483
741 447
741 520
741 289
741 716
741 79
741 1075
741 233
741 161
741 140
741 706
741 1045
741 761
741 419
741 998
741 14
472 6
472 854
472 769
472 384
709 318
308 6
308 499
308 456
308 1132
308 556
6 854
6 499
6 667
6 846
6 1066
6 175
6 354
6 559
6 556
6 49
854 846
854 230
854 131
854 438
854 354
854 555
854 343
854 318
854 614
499 456
499 684
499 556
667 846
667 275
667 968
846 129
846 523
456 119
456 329
456 1050
1015 230
1015 814
1015 211
1015 65
1015 696
1015 831
1015 119
1015 384
129 523
72 889
72 300
72 94
72 527
72 234
72 227
72 1075
72 116
72 915
72 519
72 582
72 529
72 497
207 187
207 716
207 489
207 252
207 594
207 671
889 94
889 692
889 982
889 227
889 116
889 518
889 915
889 582
889 279
889 723
889 419
300 205
300 1110
300 540
300 811
300 928
300 857
300 616
300 545
300 650
300 429
300 582
300 946
300 949
300 732
300 537
300 265
300 693
300 336
94 527
94 692
94 719
94 615
94 275
94 205
94 227
94 230
94 480
94 116
94 650
94 155
94 100
94 902
94 688
94 138
94 140
94 582
94 869
94 96
94 279
94 143
94 351
94 791
94 423
94 976
94 370
94 208
94 1025
445 447
445 289
445 394
445 155
445 298
445 1111
445 85
445 993
445 960
445 203
445 646
527 116
527 140
527 582
527 154
527 376
692 763
692 988
692 9
719 495
719 1110
719 79
719 915
719 771
719 566
719 550
719 1097
224 447
224 1066
224 235
224 564
224 610
224 1021
982 360
982 780
982 447
982 289
982 1051
982 869
982 538
982 1067
982 622
982 983
982 878
982 1047
982 244
982 997
982 371
982 316
360 447
360 1104
360 599
360 791
360 983
360 1049
360 533
360 31
373 916
373 615
373 985
373 648
373 227
373 410
373 811
373 928
373 41
373 381
373 587
373 342
373 507
373 211
373 52
373 475
373 1052
373 638
373 256
373 849
373 708
373 9
373 619
373 247
373 174
358 594
1126 131
1126 555
1126 1024
780 1075
780 100
780 688
780 299
780 848
780 279
780 343
780 1064
780 5
780 901
326 172
345 289
345 187
345 945
345 875
345 485
938 495
938 632
938 423
938 825
938 171
938 653
938 828
938 415
938 1090
938 894
938 669
938 977
1032 994
1032 489
1032 737
483 1104
483 776
483 420
172 1124
172 252
172 683
172 861
764 538
764 1108
764 401
764 891
764 707
764 93
764 164
764 370
3 125
3 30
3 706
3 1055
3 858
3 422
3 1064
3 751
3 141
3 1004
3 346
3 303
663 407
663 890
663 451
663 343
663 211
663 1082
663 76
447 495
447 520
447 599
447 289
447 978
447 945
447 1075
447 50
447 507
447 1120
447 633
447 596
447 244
447 623
234 495
234 908
234 407
234 865
234 381
234 771
234 688
234 233
234 890
234 140
234 968
234 999
234 391
234 643
234 38
234 813
234 768
234 884
234 194
234 54
234 560
495 811
495 407
495 945
495 857
495 480
495 25
495 771
495 902
495 582
495 765
495 995
495 632
495 946
495 949
495 674
495 290
495 467
495 607
495 1119
495 669
495 977
495 108
495 980
916 1110
916 381
916 1052
916 256
916 708
520 536
520 716
520 214
520 713
520 161
520 816
520 761
520 1119
520 751
520 208
520 365
481 778
481 252
481 911
104 319
104 238
319 131
319 1061
319 512
1104 26
1104 100
1104 776
1104 525
1104 609
523 552
523 992
615 238
599 536
599 633
599 76
599 365
908 771
908 902
908 688
908 233
908 140
908 392
908 92
908 401
908 28
908 793
908 633
908 813
908 278
908 783
908 966
289 536
289 275
289 407
289 1075
289 1064
289 944
289 1047
289 303
289 365
536 713
536 970
536 76
77 136
77 361
77 498
77 159
978 381
978 566
978 52
275 716
275 30
275 451
275 732
181 1066
181 635
187 387
394 716
394 245
394 521
394 361
394 1035
394 1066
394 137
394 155
394 1
394 298
394 738
394 1111
394 583
394 85
394 627
394 159
394 17
394 543
394 305
394 448
394 803
168 1066
168 994
168 489
168 277
168 218
168 327
716 811
716 230
716 387
716 41
716 137
716 30
716 489
716 1055
716 269
716 1021
716 1045
716 852
716 1119
716 750
716 542
716 90
745 665
745 877
745 860
985 205
985 648
985 410
985 535
985 1009
985 1114
205 648
205 1110
205 227
205 410
205 540
205 535
205 928
205 41
205 429
205 765
205 946
205 732
205 1009
205 638
205 849
648 1110
648 227
648 410
648 540
648 535
648 211
648 903
648 1009
648 638
648 619
648 124
1110 227
1110 540
1110 535
1110 429
1110 475
227 410
227 540
227 535
227 928
227 857
227 79
227 582
227 211
227 1009
227 512
227 256
227 708
227 174
410 540
410 535
410 928
410 617
410 1009
410 638
410 708
540 535
540 429
540 732
535 946
535 174
4 830
4 491
4 946
4 860
4 596
4 638
4 54
811 830
811 480
811 41
811 545
811 650
811 519
811 765
811 342
811 97
811 949
811 617
811 626
811 612
811 454
811 877
811 475
811 792
811 58
811 453
811 101
811 838
230 555
230 65
230 674
230 759
230 992
230 130
387 875
387 1022
387 510
387 223
387 654
387 46
387 42
407 451
407 1049
407 1102
407 303
407 1078
928 66
928 973
928 429
928 732
928 849
928 537
928 366
928 265
928 336
928 1114
928 421
928 942
928 34
136 1021
136 223
136 750
136 633
136 1049
136 109
830 480
830 616
830 650
830 100
830 429
830 519
830 765
830 342
830 949
830 423
830 467
830 607
830 171
830 612
830 638
830 849
830 1090
830 894
830 54
830 504
830 188
245 1035
245 155
874 612
874 415
874 54
874 1114
945 870
945 561
945 46
945 108
131 143
131 529
814 1061
814 552
814 65
814 1024
814 571
814 1100
814 130
814 851
865 650
865 510
865 693
865 1008
865 910
521 771
521 869
521 211
521 556
521 543
491 650
491 507
491 5
491 845
880 1066
7 857
7 450
7 226
857 450
857 480
857 262
857 765
857 732
857 723
857 486
857 1095
450 79
450 1098
450 674
450 226
450 723
450 398
450 9
79 480
79 262
79 545
79 650
79 946
79 891
79 617
79 626
79 596
79 849
480 262
480 41
480 545
480 650
480 519
480 582
480 617
480 454
480 849
480 247
480 338
262 158
262 765
262 122
616 41
616 765
616 632
616 949
616 617
616 423
616 467
616 1090
41 765
41 632
41 949
41 475
41 34
25 650
25 580
1075 713
1075 651
1075 569
1075 451
1075 848
1075 343
1075 1039
1075 1045
1075 891
1075 419
1075 14
381 507
381 337
361 155
361 1111
361 1119
361 159
875 1051
875 776
875 678
875 711
875 785
670 774
670 471
670 138
670 279
670 856
670 169
116 582
116 143
1035 498
867 355
867 538
867 279
867 184
867 194
867 990
518 1064
518 81
214 424
214 665
214 310
214 46
214 1047
775 1058
775 541
775 651
775 655
775 935
775 1132
775 944
775 686
775 9
775 465
775 660
775 1056
1066 137
1066 774
1066 971
1066 582
1066 1071
1066 538
1066 1108
1066 723
1066 310
1066 475
1066 414
1066 671
1066 1084
1066 251
424 986
424 740
424 23
424 541
424 1121
545 612
545 849
545 398
545 647
26 738
26 620
26 850
26 371
26 609
26 33
26 493
915 582
915 401
915 130
915 1097
650 771
650 429
650 158
650 519
650 765
650 342
650 487
650 401
650 949
650 617
650 626
650 171
650 612
650 454
650 475
650 58
650 453
650 101
650 338
175 643
883 66
438 890
438 765
438 674
438 626
66 154
66 879
374 842
374 684
552 1132
552 65
552 1024
552 571
552 231
552 277
973 842
973 429
973 382
973 580
973 723
973 877
973 437
994 661
994 952
994 1125
994 343
994 995
994 1055
555 771
555 22
555 351
555 862
555 318
355 748
355 818
355 657
355 1051
355 279
355 530
355 184
355 990
355 261
107 436
534 621
534 226
952 541
952 651
952 451
952 1045
952 640
952 221
952 141
952 51
713 125
713 436
713 161
713 1055
713 1039
713 858
713 422
713 510
713 1045
713 1041
713 28
713 14
713 907
713 267
713 613
1129 1051
1129 279
1129 401
137 757
137 211
137 564
137 790
137 241
137 296
137 408
137 605
137 635
137 659
137 1096
137 720
137 105
137 801
125 161
125 1055
125 858
125 1064
436 983
436 310
436 907
155 771
155 960
1022 816
1022 564
1022 1108
1022 761
1022 46
1022 1084
1022 288
1022 1033
621 266
621 561
621 46
621 562
621 1078
621 872
621 322
621 689
774 68
774 818
774 1051
774 471
774 283
774 138
774 794
774 538
774 279
774 379
774 169
774 1025
774 785
774 251
774 718
774 584
774 658
774 228
774 787
774 153
774 193
1125 1108
285 926
285 845
285 907
285 511
757 564
757 881
757 524
757 602
757 1096
757 105
757 1081
333 869
333 786
100 776
100 848
100 610
100 252
100 911
100 490
100 932
30 771
30 902
30 848
30 1055
30 858
30 1064
30 751
30 882
30 955
30 346
30 267
771 688
771 765
771 96
771 507
771 356
771 221
771 24
771 371
771 966
771 905
771 449
902 541
902 890
902 778
902 993
902 221
68 138
68 869
68 379
68 856
68 169
68 1046
238 821
748 1019
748 538
748 829
748 847
748 261
748 718
748 335
1058 677
1058 986
1058 379
1058 370
818 1019
818 471
818 316
818 785
818 990
818 718
818 712
906 279
876 677
876 1040
876 538
876 279
876 847
876 194
876 754
677 1019
677 92
677 430
677 770
677 194
677 990
677 754
1040 283
1040 538
1040 279
1040 1041
1040 643
1040 500
1040 829
1040 89
1040 237
1040 666
657 847
657 686
657 785
1019 1051
1019 471
1019 283
1019 760
1019 740
1019 23
1019 969
1019 279
1019 293
1019 829
1019 482
1019 785
1019 51
1019 658
1019 335
1019 210
1019 260
1019 1012
1019 403
1051 471
1051 848
1051 279
1051 829
1051 370
1051 896
1051 785
1051 787
986 655
986 1121
986 678
471 138
471 1067
471 379
471 169
471 1025
471 785
471 718
471 228
471 712
283 279
283 379
283 193
283 402
283 672
688 233
688 92
688 762
688 38
688 768
688 917
688 43
258 760
760 740
760 969
760 293
760 1108
760 260
233 999
233 762
233 38
233 231
233 768
233 770
233 917
233 91
1080 42
740 293
740 260
853 23
853 266
853 286
853 42
853 1028
23 561
23 1084
23 1105
541 73
541 651
541 655
541 987
541 382
541 706
541 293
541 732
890 848
890 610
890 84
890 1064
890 926
890 1096
566 50
566 507
566 292
429 848
429 765
429 949
429 617
429 732
429 860
429 849
429 537
429 265
429 336
429 421
429 339
50 507
50 52
50 259
73 935
73 425
651 935
651 1132
651 158
651 706
651 293
651 638
651 415
651 660
655 935
655 428
655 293
655 1029
655 711
935 778
935 641
935 339
587 1024
587 723
587 877
587 860
587 437
587 1052
587 708
587 398
587 9
587 1095
587 758
138 279
138 379
138 856
138 169
138 1046
855 918
161 1112
466 140
466 696
466 22
466 769
466 820
466 75
466 221
778 528
778 211
778 252
778 911
778 1033
969 293
776 368
776 1071
776 1092
776 911
776 620
776 357
48 211
82 528
82 96
82 1102
82 24
82 680
368 848
368 911
368 620
528 96
528 996
899 141
1034 594
140 400
140 401
140 891
140 963
140 1109
794 1111
794 379
569 177
451 141
451 20
299 848
299 907
519 765
519 674
519 617
519 626
519 612
519 860
519 58
519 101
582 96
582 529
582 10
582 401
582 829
582 246
582 1046
869 529
869 351
869 829
869 246
1071 317
1071 357
1071 920
848 485
848 343
848 1064
848 911
848 530
848 963
848 411
485 911
765 342
765 632
765 674
765 617
765 626
765 732
765 612
765 454
765 475
765 792
765 58
765 453
765 101
951 1041
951 309
951 551
951 1130
538 279
538 1067
538 829
538 184
538 847
538 686
538 482
538 878
538 261
538 36
405 696
405 401
405 723
405 860
405 437
405 121
405 907
405 1002
922 507
239 507
239 1120
239 246
96 1102
96 996
96 24
96 680
958 259
644 714
1063 121
1063 1102
1063 24
1063 680
1063 991
1063 604
706 343
706 211
706 1055
706 858
706 1064
706 5
706 751
279 211
279 1064
279 829
279 517
279 856
279 184
279 169
279 847
279 686
279 482
279 194
279 785
279 990
279 193
1067 530
1067 184
1067 237
353 60
353 277
343 62
343 1064
343 76
343 1130
317 148
342 831
342 617
342 612
342 454
342 792
342 58
342 453
342 101
870 1111
870 665
870 108
870 1078
507 832
507 337
211 564
211 790
211 737
211 422
211 665
211 391
211 313
211 430
211 628
211 256
211 592
211 195
211 554
211 809
211 32
970 164
782 379
65 571
65 384
65 231
489 1041
489 5
489 643
489 266
489 500
489 34
995 111
235 932
235 225
1055 858
1055 967
1055 422
1055 1064
1055 401
1055 751
1055 882
1055 640
1055 955
1055 1004
1055 346
1055 303
1055 76
1055 513
632 946
632 949
632 732
632 423
632 290
632 607
632 612
632 653
632 669
632 977
632 980
946 949
946 674
946 617
946 423
946 290
946 825
946 669
696 22
696 831
696 154
696 674
696 265
696 69
903 862
903 467
903 45
22 769
22 820
22 75
22 269
22 862
831 674
63 280
63 992
703 62
62 564
62 241
62 408
62 858
62 659
62 313
62 259
62 646
62 303
62 905
62 36
62 819
769 75
769 384
769 992
820 674
820 280
820 966
75 43
786 296
786 408
564 241
564 583
564 259
564 216
790 241
1 159
293 260
298 85
298 203
298 504
498 159
738 1111
738 620
738 17
738 240
738 8
737 601
737 1084
1111 960
1111 543
1111 504
1111 578
1111 1044
1111 1106
1111 11
1111 943
501 689
601 266
601 397
10 294
241 756
296 408
296 105
881 1096
605 5
574 487
119 684
119 1118
583 159
97 732
97 596
85 159
85 203
85 305
85 504
85 240
487 756
487 801
610 5
351 2
351 84
351 810
351 1098
2 84
84 810
386 954
386 992
386 13
269 862
269 959
356 1064
356 122
356 954
154 821
154 1024
154 723
292 885
488 309
858 422
858 1064
858 751
858 882
858 640
422 751
422 303
510 1021
510 223
510 815
510 1049
510 42
791 31
791 851
791 95
791 503
791 895
665 309
1064 364
1064 5
1064 751
1064 640
1064 365
1064 551
1021 635
1021 223
1021 698
1021 109
1021 943
1045 313
1041 643
1041 500
1041 37
364 824
999 38
999 151
391 550
391 221
391 1087
92 38
92 770
92 91
400 1065
401 559
401 1024
401 704
401 635
401 1084
401 261
401 592
28 475
762 38
643 500
643 309
643 90
793 885
38 282
862 821
862 992
556 723
556 817
1024 817
1024 826
1024 176
571 231
571 278
571 851
571 1023
266 46
561 46
561 753
704 954
635 723
891 990
500 711
500 89
500 637
500 237
500 666
500 403
500 115
761 815
761 309
761 76
761 267
829 530
829 847
829 335
829 237
829 115
832 246
832 629
832 189
832 337
252 976
252 941
252 339
641 1085
931 1008
931 1088
313 141
1029 383
579 9
1128 756
949 290
949 825
949 607
949 653
949 828
949 669
949 977
949 54
949 188
949 257
674 617
674 626
674 732
674 13
674 1100
617 626
617 454
617 792
617 58
617 453
617 101
617 838
956 226
956 1114
956 1095
626 596
732 612
732 669
732 421
732 942
732 34
226 542
226 1095
226 647
627 1096
52 247
755 276
280 966
423 825
423 171
423 894
423 669
290 467
290 825
290 171
290 954
290 669
467 825
467 171
467 653
467 669
825 171
825 669
171 653
171 45
1119 159
750 698
698 383
612 723
612 792
612 58
612 453
612 101
379 856
379 169
379 718
379 153
379 193
379 611
379 672
379 270
983 244
983 31
286 1028
911 1085
911 620
911 357
911 630
494 602
904 215
751 882
751 303
882 955
882 90
882 513
1112 303
1112 413
640 955
122 1114
602 708
723 877
723 860
723 437
384 992
954 992
1009 638
1009 256
1009 265
1009 619
454 792
454 58
454 453
454 101
276 493
276 592
276 554
276 240
506 877
1085 996
1085 604
59 376
130 788
297 334
856 169
856 228
856 1046
856 933
877 860
877 437
430 194
430 754
383 1049
461 815
530 1076
530 89
530 847
926 845
955 346
955 303
955 920
766 309
620 357
184 686
184 370
184 712
184 367
219 36
963 1114
860 437
860 9
437 597
221 596
221 267
221 12
221 83
221 70
900 813
900 151
46 1078
89 335
89 666
89 403
89 115
169 1046
169 672
169 115
847 335
847 754
847 403
847 115
309 1047
397 482
216 686
216 482
216 896
216 960
216 515
596 0
121 850
121 609
121 493
976 1008
976 910
976 339
1030 1114
1030 0
686 482
686 370
686 515
482 515
370 896
370 335
370 237
370 1091
768 442
917 1023
475 492
792 58
792 453
792 101
58 453
58 101
453 101
1052 256
1052 708
1052 619
638 838
638 1072
256 708
256 850
366 265
366 336
366 421
366 942
366 34
366 613
265 336
265 1114
265 421
265 34
708 203
708 619
414 427
747 941
941 920
1102 24
1102 604
398 9
398 758
850 441
850 33
850 493
850 592
850 554
9 1095
9 647
103 493
103 592
103 554
103 240
103 212
24 680
24 991
24 604
671 114
336 421
336 34
208 37
1025 251
960 228
203 504
878 36
244 344
997 613
997 347
371 609
371 493
31 851
31 95
653 828
653 977
828 415
415 54
141 346
76 365
194 785
194 990
194 754
54 188
54 1002
54 257
108 1060
543 578
543 943
1114 421
1114 34
42 363
1078 195
421 34
421 697
851 95
1008 339
910 339
845 907
1095 647
785 990
785 193
785 403
785 515
81 363
465 163
1084 1105
1084 1099
33 493
33 592
33 554
33 212
493 592
493 554
493 809
493 212
907 649
872 689
689 195
228 29
787 933
193 672
905 554
905 240
335 237
335 666
335 403
335 115
666 403
666 115
403 115
672 515
357 841
604 212
592 554
592 809
592 240
592 212
554 809
554 240
554 212
809 212
513 396
240 8
578 943
578 301
95 39
503 895
753 236
115 515
236 236
