539 21
539 438
539 208
539 664
539 1080
539 55
539 167
539 425
539 771
539 171
539 283
539 678
539 890
539 261
539 679
539 406
539 565
539 738
539 98
539 1088
539 832
539 714
539 811
539 404
539 64
539 1110
539 1053
539 629
539 372
862 21
862 438
862 664
862 1080
862 55
862 167
862 425
862 771
862 283
862 261
862 406
862 565
862 738
862 1088
862 714
862 228
862 282
862 157
862 86
862 1121
862 633
862 304
21 438
21 664
21 1080
21 55
21 167
21 771
21 171
21 283
21 261
21 406
21 565
21 738
21 98
21 1088
21 832
21 1110
21 157
21 450
21 504
21 234
21 887
21 1071
21 41
21 1124
21 289
21 1020
21 324
21 547
21 924
21 557
21 483
21 1004
21 602
21 273
21 1044
438 771
438 1088
438 289
438 1123
438 646
438 378
438 961
438 713
438 54
438 84
438 164
438 124
438 624
438 770
438 0
438 29
438 72
438 511
438 599
208 664
208 283
208 940
208 159
208 472
208 983
208 542
208 920
664 1080
664 55
664 283
664 261
664 406
664 1088
664 1110
664 157
664 688
664 1024
664 586
664 1092
664 798
664 785
664 424
1080 167
1080 425
1080 283
1080 890
1080 261
1080 565
1080 1088
1080 1110
1080 983
1080 917
1080 389
1080 473
1080 110
1080 1098
1080 891
1080 1011
1080 182
1080 584
1080 288
1080 395
1080 392
1080 1132
55 1088
55 1110
55 361
55 854
167 425
167 283
167 261
167 98
167 1088
167 714
167 629
167 234
167 388
167 1078
167 387
167 797
167 12
425 261
425 714
425 629
425 157
425 72
425 949
425 895
425 118
425 398
425 374
425 90
425 459
425 264
425 1003
425 979
425 113
425 847
425 1049
425 305
425 313
425 331
425 617
425 68
425 755
425 1095
425 552
425 1063
771 406
771 565
771 738
771 1088
771 811
771 64
771 1124
771 940
771 815
771 178
771 239
771 1038
771 162
771 310
771 307
771 654
171 1092
171 216
171 799
171 535
171 873
171 1115
171 419
171 537
171 93
171 861
171 251
171 160
171 879
171 443
171 480
283 678
283 261
283 406
283 1088
283 714
283 1110
283 1124
283 29
283 983
283 797
283 480
283 27
283 829
283 757
283 963
283 384
283 913
283 729
678 890
678 261
678 714
678 282
678 157
678 688
678 12
678 118
678 374
678 331
678 617
678 310
678 660
678 468
678 1111
678 383
678 650
678 620
678 260
678 657
678 828
678 1131
678 299
678 393
678 768
678 87
678 458
678 559
678 256
678 151
678 1000
678 892
678 553
678 463
890 832
890 282
890 157
890 983
890 891
890 617
890 657
890 316
890 1008
890 431
890 100
890 536
890 10
890 155
890 1083
890 554
261 714
261 629
261 282
261 157
261 1044
261 719
261 387
261 949
261 331
261 755
261 552
261 337
261 988
261 75
261 766
261 964
261 795
261 311
261 238
261 1017
261 176
261 1096
261 14
261 196
261 990
261 613
261 534
261 199
261 572
261 198
261 1107
261 691
261 699
261 26
261 813
261 533
261 446
261 850
261 519
261 711
261 954
679 714
679 157
679 264
679 373
679 546
679 352
406 565
406 98
406 1088
406 832
406 811
406 404
406 64
406 304
406 450
406 165
406 437
406 942
565 738
565 64
565 304
565 234
565 72
565 586
565 785
565 1049
565 307
565 100
565 627
565 440
565 1104
565 8
565 95
565 724
565 880
565 306
565 531
565 863
565 125
738 1088
738 234
738 1071
738 924
738 1024
738 797
738 942
738 95
738 927
738 177
738 1032
738 1019
98 832
98 811
98 450
98 504
98 234
98 289
98 1020
98 924
98 602
98 273
98 378
98 110
98 388
98 1078
98 387
98 12
98 963
98 990
98 572
98 699
98 373
98 863
98 732
98 717
98 481
98 18
98 672
98 37
98 845
98 303
98 1030
98 517
98 309
98 566
98 17
98 219
98 915
98 881
98 945
1088 64
1088 228
1088 304
832 811
832 304
832 450
832 887
832 1071
832 41
832 1124
832 289
832 924
832 602
832 688
832 288
832 1038
832 162
832 1115
832 463
832 964
832 1096
832 437
832 440
832 125
832 717
832 309
832 980
832 956
832 726
832 926
832 776
832 333
832 693
832 258
832 486
832 439
832 499
832 978
832 284
832 405
832 843
832 923
832 1009
832 593
832 1066
832 1099
832 516
832 278
832 653
714 629
714 282
714 157
714 646
714 72
714 949
714 895
714 118
714 374
714 264
714 1003
714 847
714 1049
714 305
714 617
714 260
714 657
714 87
714 559
714 463
714 956
714 380
714 148
714 860
714 338
714 1061
714 808
714 968
714 89
714 958
714 226
714 805
714 192
714 315
811 404
811 450
811 961
811 54
811 752
811 437
811 531
811 926
811 860
811 545
811 223
811 1079
811 456
811 386
811 432
64 304
64 72
64 785
64 182
64 100
64 440
64 8
64 724
64 531
64 405
64 1116
64 188
64 1021
1110 157
1110 463
1110 95
1110 1066
1110 540
1110 286
1053 93
1053 16
1053 643
1053 36
1053 802
1053 898
1053 436
1053 342
629 157
629 547
629 151
629 75
629 964
629 1017
629 176
629 198
629 446
629 139
629 877
629 498
629 767
629 692
629 38
629 756
629 30
629 896
629 684
629 217
629 744
372 1124
372 602
372 1078
372 963
372 103
372 927
372 732
372 845
372 915
372 34
372 262
372 82
372 889
372 969
372 596
372 804
372 294
372 753
372 298
372 1126
372 630
228 839
282 157
282 1049
282 828
157 273
157 72
157 949
157 463
157 540
157 544
157 541
304 557
304 1104
304 95
304 306
304 927
304 517
304 486
304 405
304 262
304 628
304 548
304 944
304 69
304 302
304 19
304 317
304 430
304 1052
304 569
450 234
450 887
450 1071
450 1124
450 289
450 924
450 483
450 387
450 12
450 437
450 125
450 732
450 717
450 37
450 926
450 802
450 898
450 889
450 718
450 122
450 448
450 115
450 725
504 887
504 289
504 1020
504 547
504 602
504 273
504 1044
504 646
504 387
504 963
504 1096
504 693
504 958
504 294
504 718
504 122
504 588
504 104
504 61
504 878
504 570
504 449
504 780
504 1055
504 1068
234 289
234 1020
234 324
234 924
234 557
234 602
234 54
234 424
234 1011
234 797
234 1038
234 162
234 554
234 75
234 572
234 724
234 531
234 732
234 717
234 481
234 37
234 881
234 980
234 486
234 889
234 596
234 569
234 718
234 122
234 725
234 1094
234 1118
234 789
234 1089
234 856
234 23
234 523
234 622
234 848
234 60
234 403
234 518
887 41
887 1124
887 924
887 1092
887 1078
887 387
887 1038
887 963
887 732
887 439
887 432
887 898
887 889
887 969
887 804
887 753
887 298
887 718
887 122
887 448
887 856
887 403
887 243
887 158
887 464
887 765
887 493
887 976
887 346
887 475
887 1082
887 434
887 321
887 490
887 206
887 897
887 106
887 495
887 834
887 746
887 524
887 760
887 350
887 686
887 414
1071 289
1071 440
1071 125
1071 258
1071 516
1071 1042
41 483
41 162
41 889
41 839
41 464
41 976
41 965
41 1046
41 986
41 191
41 639
41 790
41 835
41 985
41 349
1124 924
1124 602
1124 239
1124 554
1124 437
1124 845
1124 915
1124 969
1124 19
1124 122
1124 878
1124 746
1124 236
1124 44
1124 582
1124 867
1124 1130
1124 120
1124 605
1124 704
1124 382
1124 77
1124 66
289 324
289 483
289 1123
289 646
289 378
289 54
289 164
289 624
289 0
289 29
289 511
289 599
289 1024
289 927
289 717
289 516
289 430
289 718
289 23
289 746
289 349
289 210
289 840
289 689
289 1062
289 484
289 91
289 1051
1020 1078
1020 753
1020 827
324 192
324 889
324 1068
324 555
547 602
547 1044
547 983
547 920
547 1098
547 387
547 1003
547 1095
547 431
547 176
547 103
547 990
547 691
547 927
547 258
547 284
547 958
547 432
547 139
547 692
547 38
547 217
547 744
547 628
547 61
547 570
547 434
547 1073
547 276
547 656
547 952
547 884
547 397
547 638
547 453
924 483
924 1024
924 554
924 942
924 927
924 732
924 915
924 439
924 898
924 30
924 969
924 298
924 718
924 1068
924 1094
924 414
924 1014
924 354
557 602
557 1044
557 387
557 17
557 258
557 1009
557 298
557 630
557 569
557 718
557 1055
557 1094
557 1002
557 513
557 348
557 974
557 905
557 916
557 682
483 1024
483 1095
483 239
483 162
483 248
483 963
483 463
483 942
483 927
483 18
483 517
483 258
483 860
483 342
483 969
483 804
483 630
483 430
483 878
483 780
483 1068
483 350
483 985
483 972
483 669
483 1054
483 955
483 962
483 59
483 645
483 42
483 739
483 745
1004 599
602 983
602 424
602 617
602 316
602 431
602 536
602 155
602 554
602 693
602 342
602 34
602 82
602 969
602 944
602 718
602 403
602 1054
602 1050
602 844
602 943
602 857
602 911
602 421
273 1044
273 387
273 1095
273 176
273 915
273 139
273 30
273 104
273 710
273 52
1044 719
1044 387
1044 1095
1044 239
1044 75
1044 964
1044 176
1044 103
1044 613
1044 572
1044 1107
1044 691
1044 699
1044 845
1044 1061
1044 958
1044 217
1044 889
1044 804
1044 104
1044 449
1044 434
1044 466
1044 656
1044 816
1044 1043
1044 429
1044 442
1044 1037
1123 646
1123 378
1123 54
1123 164
1123 124
1123 624
1123 29
1123 599
1123 1104
1123 516
1123 23
1123 120
1123 210
1123 363
1123 621
1123 831
1123 677
1123 50
1123 20
1123 1001
1123 959
1123 174
1123 700
1123 1013
1123 675
1123 168
646 378
646 54
646 164
646 624
646 770
646 29
646 599
646 12
646 374
646 617
646 337
646 990
646 309
646 516
646 148
646 430
646 23
646 490
646 210
646 884
646 788
646 611
646 631
646 939
646 919
646 957
646 558
646 823
378 54
378 624
378 29
378 511
378 599
378 566
378 516
378 210
378 484
378 187
378 269
378 88
378 1069
961 1013
713 164
713 0
713 178
713 1019
713 816
713 1013
713 521
713 858
713 109
54 84
54 164
54 624
54 770
54 511
54 599
54 799
54 537
54 160
54 431
54 1096
54 333
54 839
54 1089
54 23
54 621
54 426
54 190
54 186
84 511
84 160
84 840
84 621
84 615
84 40
84 667
84 999
164 124
164 0
164 29
164 599
164 473
164 516
164 174
164 1013
164 615
164 921
124 0
124 473
124 516
124 484
124 363
124 621
124 831
124 1001
124 174
124 1013
124 921
124 255
124 737
124 1016
124 819
624 29
624 511
624 599
624 516
624 342
624 1094
624 210
624 571
770 531
770 516
770 148
770 484
770 1013
770 631
770 939
770 1056
770 454
770 1105
770 561
0 29
0 473
0 516
0 23
0 484
0 816
0 1013
0 521
0 921
0 255
0 994
29 599
29 473
29 850
29 19
29 878
29 210
29 1051
29 354
29 911
29 521
29 615
29 999
29 49
29 334
29 326
29 280
29 71
29 116
29 761
29 330
29 332
72 586
72 949
72 979
72 828
72 1131
72 463
72 95
72 863
72 1066
72 262
72 122
72 354
72 919
72 823
72 740
72 78
511 1038
511 95
511 840
511 1062
511 667
511 255
511 1005
599 799
599 693
599 516
599 380
599 1126
599 430
599 569
599 448
599 1118
599 23
599 106
599 382
599 210
599 955
599 521
599 40
599 921
599 255
599 522
599 166
599 371
599 394
599 1023
599 984
599 515
599 327
599 635
940 389
940 239
940 881
940 486
940 848
940 403
940 985
940 120
940 704
940 348
940 421
940 330
940 46
940 812
940 900
940 1026
940 563
940 1012
159 361
159 1095
159 1038
159 100
159 75
159 964
159 990
159 95
159 517
159 860
159 911
159 190
159 186
159 782
159 505
159 735
159 492
159 355
159 325
472 861
472 443
472 333
472 718
472 710
472 870
472 503
472 1114
472 977
472 221
472 143
983 688
983 1092
983 387
983 979
983 847
983 617
983 93
983 160
983 431
983 100
983 536
983 155
983 1083
983 95
983 333
983 258
983 342
983 839
983 1052
983 106
983 1050
983 911
983 421
983 492
983 872
983 904
983 285
983 736
983 663
983 136
983 101
983 992
983 253
983 1093
983 246
983 204
719 93
719 964
719 756
719 120
719 1033
542 90
542 1049
542 305
542 660
542 468
542 559
542 316
542 795
542 969
542 123
920 387
920 1095
920 239
920 310
920 176
920 38
920 294
920 524
920 583
920 368
688 798
688 387
688 1003
688 1049
688 755
688 660
688 559
688 1008
688 75
688 258
688 284
688 61
688 524
688 760
688 368
688 792
688 603
688 893
688 820
688 205
688 129
688 772
1024 1011
1024 1038
1024 829
1024 14
1024 942
1024 927
1024 1032
1024 881
1024 540
1024 969
1024 1042
1024 972
1024 1054
1024 739
1024 355
1024 783
1024 31
1024 709
1024 715
586 1011
586 90
586 559
586 892
586 463
586 176
586 95
586 254
586 306
586 258
586 405
586 923
586 456
586 188
586 243
586 1042
586 739
586 994
586 715
586 408
126 1115
126 863
126 1032
126 475
126 610
1092 799
1092 535
1092 1115
1092 248
1092 160
1092 443
1092 480
1092 889
1092 718
1092 204
1092 245
798 1095
798 1063
798 988
798 311
798 1107
798 26
798 850
798 954
798 968
798 217
798 744
798 834
798 760
798 1105
798 1058
798 567
798 722
798 665
798 841
785 1011
785 182
785 95
785 403
785 1062
785 1054
785 1101
785 455
424 1038
424 316
424 136
917 1098
917 988
917 311
917 14
917 850
917 915
917 1105
917 722
917 4
917 201
917 1025
389 891
389 1054
389 943
389 340
389 80
389 987
473 516
473 380
473 106
473 210
473 840
473 484
473 1013
473 40
473 921
473 80
473 987
473 477
473 32
473 648
473 409
473 385
473 1060
110 95
110 566
110 258
110 1118
110 354
110 998
110 300
110 1108
110 485
110 175
1098 963
1098 176
1098 915
1098 653
1098 1033
1098 502
1098 1106
1098 214
1098 179
1098 601
891 113
891 155
891 554
891 1054
891 857
891 340
891 80
891 231
891 1018
891 390
891 270
891 195
891 733
891 336
891 237
1011 392
1011 815
1011 307
1011 1104
1011 95
1011 306
1011 927
1011 776
1011 430
1011 848
1011 59
1011 101
1011 1101
1011 455
1011 32
1011 591
1011 779
1011 94
1011 271
182 1054
182 94
584 1132
584 848
584 59
584 1060
584 300
584 173
395 455
395 336
395 701
395 227
392 162
392 155
392 340
1132 455
361 1095
361 178
361 964
361 926
361 439
361 414
361 710
361 355
361 205
361 322
361 1040
854 1126
854 789
388 717
388 485
388 685
1078 387
1078 1095
1078 162
1078 27
1078 176
1078 446
1078 217
1078 969
1078 414
1078 858
1078 287
387 1003
387 1095
387 552
387 316
387 964
387 311
387 1017
387 176
387 103
387 1096
387 14
387 196
387 990
387 572
387 691
387 699
387 813
387 533
387 446
387 437
387 880
387 845
387 915
387 284
387 653
387 968
387 1021
387 692
387 82
387 969
387 804
387 61
387 403
387 434
387 524
387 349
387 120
387 656
387 884
387 513
387 710
387 429
387 426
387 900
387 792
387 841
387 351
387 1015
387 807
387 92
387 661
387 465
387 96
387 883
387 742
387 751
387 131
797 1038
797 307
797 693
797 1126
797 725
797 321
797 236
797 66
797 972
797 645
797 421
797 1023
797 715
797 1076
797 181
797 775
797 375
797 842
797 634
797 640
797 7
797 344
797 33
797 462
797 153
797 690
797 852
12 1095
12 463
12 964
12 1017
12 990
12 533
12 303
12 956
12 428
12 973
12 81
949 1049
949 192
118 979
118 847
118 617
118 463
118 78
118 992
118 625
374 459
374 1049
374 1111
374 650
374 260
374 657
374 1131
374 1000
374 553
374 439
374 1066
374 969
374 122
374 1091
90 1049
90 617
90 1038
90 468
90 1111
90 657
90 559
90 553
90 78
90 930
459 979
459 1000
459 992
459 625
264 546
264 352
264 309
264 860
264 1068
264 1054
264 81
264 1
264 659
264 211
1003 755
1003 1095
1003 75
1003 311
1003 176
1003 14
1003 196
1003 990
1003 572
1003 691
1003 699
1003 26
1003 258
1003 284
1003 1061
1003 1116
1003 1021
1003 628
1003 434
1003 1073
1003 884
1003 513
1003 710
1003 816
1003 567
1003 1015
1003 883
1003 370
1003 418
1003 193
1003 838
1003 274
979 847
979 1049
979 617
979 239
979 162
979 660
979 260
979 431
979 78
979 992
979 197
113 196
113 638
113 52
113 454
113 506
113 119
113 882
847 617
847 828
847 992
847 625
1049 660
1049 1111
1049 650
1049 620
1049 657
1049 828
1049 1131
1049 393
1049 87
1049 559
1049 151
1049 1000
1049 553
1049 463
1049 95
1049 315
1049 889
1049 78
1049 904
1049 992
1049 625
1049 951
305 1111
305 650
305 620
305 657
305 828
305 393
305 87
305 151
305 904
313 303
313 860
313 808
313 34
313 82
313 122
313 1062
313 46
313 900
313 981
313 549
313 163
313 851
617 559
617 316
617 325
617 992
617 619
617 56
68 307
68 463
68 309
68 860
68 34
68 1068
68 1062
68 489
68 447
68 791
752 882
755 238
755 534
755 850
755 284
755 513
755 722
755 96
755 883
755 742
755 703
755 359
1095 307
1095 463
1095 75
1095 964
1095 176
1095 990
1095 613
1095 533
1095 1104
1095 284
1095 1061
1095 958
1095 432
1095 1116
1095 692
1095 30
1095 896
1095 1062
1095 1073
1095 884
1095 838
1095 652
552 1017
552 139
552 351
552 807
1063 75
1063 196
1063 217
1063 760
1063 656
1063 710
1063 930
1063 697
1063 520
815 1038
815 162
815 307
815 829
815 254
815 315
815 262
815 739
815 1001
815 371
815 783
815 998
815 485
815 418
815 946
815 550
815 156
815 530
815 263
178 1019
178 915
178 802
178 82
178 816
178 858
178 563
178 1106
178 1040
239 1038
239 691
239 254
239 516
239 513
239 363
239 736
1038 162
1038 799
1038 829
1038 437
1038 125
1038 517
1038 898
1038 298
1038 430
1038 1094
1038 856
1038 60
1038 867
1038 1002
1038 974
1038 1001
1038 168
1038 31
1038 648
1038 153
1038 56
1038 470
1038 266
1038 1085
1038 1075
1038 460
162 861
162 829
162 1008
162 964
162 437
162 643
162 889
162 630
162 1068
162 346
162 206
162 495
162 91
162 59
162 421
162 20
162 190
162 280
162 900
162 101
162 31
162 455
162 32
162 447
162 777
162 793
162 1007
162 417
162 295
310 691
310 386
310 802
310 1005
310 736
310 583
310 300
310 197
310 232
310 800
310 784
307 654
307 463
307 699
307 440
307 95
307 531
307 863
307 1032
307 258
307 692
307 889
307 878
307 848
307 985
307 120
307 1014
307 972
307 1054
307 42
307 994
307 355
307 783
307 715
307 462
307 793
654 440
654 125
216 93
799 873
799 1115
799 537
799 248
799 93
799 861
799 251
799 160
799 443
799 333
799 223
799 1079
799 36
799 802
799 898
799 34
799 889
799 969
799 19
799 718
799 106
799 190
799 186
799 204
799 742
799 787
799 172
799 117
799 907
535 873
535 248
535 443
535 718
535 787
535 543
873 1115
873 248
873 93
873 861
873 160
873 443
873 802
873 889
873 718
873 122
873 414
873 1014
873 190
873 792
873 245
873 742
873 543
873 1041
1115 248
1115 93
1115 863
1115 843
1115 223
1115 889
1115 243
1115 106
1115 639
1115 790
1115 985
1115 190
1115 610
1115 245
1115 271
1115 543
1115 902
1115 716
1115 562
1115 63
1115 2
1115 275
1115 357
419 449
419 346
419 870
419 977
419 764
419 501
419 1048
537 160
537 443
537 431
537 927
537 333
537 82
537 718
537 1089
537 44
537 204
537 810
537 859
248 93
248 861
248 251
248 160
248 443
248 431
248 627
248 863
248 342
248 889
248 718
248 878
248 1089
248 689
248 186
248 204
248 604
93 160
93 316
93 863
93 898
93 718
93 106
93 40
93 204
93 172
93 65
93 218
861 443
861 990
861 449
861 403
861 204
861 787
251 160
251 443
251 431
251 333
251 1089
251 186
251 204
251 489
251 117
251 604
160 443
160 316
160 927
160 1032
160 718
160 414
160 515
160 204
160 792
879 927
443 431
443 1032
443 333
443 1079
443 1089
443 503
443 977
443 204
443 543
443 810
443 604
443 218
443 209
443 318
443 1086
480 448
480 106
480 835
480 610
480 245
480 743
480 585
480 291
480 6
480 762
480 573
27 446
829 306
829 628
829 944
829 878
829 622
829 60
829 403
829 236
829 867
829 1002
829 783
829 31
829 418
757 693
757 258
757 462
757 549
757 156
963 717
963 889
963 969
963 804
963 318
963 140
384 316
384 321
384 897
384 742
384 33
384 590
384 445
384 876
384 1028
384 658
384 809
913 555
913 230
729 259
729 215
729 731
660 316
660 431
660 1083
660 772
468 559
468 964
468 795
468 311
468 315
468 217
468 760
468 772
468 520
1111 38
1111 430
1111 611
1111 271
1111 720
383 650
383 260
383 657
383 768
383 439
383 38
650 620
650 260
650 657
650 393
650 87
650 863
650 315
650 904
620 657
620 151
620 463
620 61
620 919
260 306
260 78
657 306
657 38
657 78
657 904
657 56
1131 631
299 858
299 772
393 315
559 553
559 463
559 964
559 795
559 311
559 519
559 217
559 434
559 772
559 727
256 463
256 772
151 1019
1000 625
553 898
553 628
553 48
463 1104
463 254
463 306
463 927
463 923
463 860
463 89
463 192
463 78
463 904
463 1113
463 864
316 431
316 536
316 155
316 1083
316 554
316 839
316 588
316 1068
316 243
316 765
316 490
316 505
316 663
316 136
316 340
316 987
316 946
316 295
316 1041
316 716
316 671
316 127
316 328
1008 431
1008 155
1008 554
1008 258
1008 246
1008 603
431 1083
431 333
431 1079
431 34
431 82
431 718
431 449
431 1089
431 1082
431 44
431 977
431 992
431 204
431 792
431 859
431 1086
431 268
100 349
100 1062
100 48
100 893
100 80
100 1040
100 685
100 793
100 319
536 106
536 911
536 136
536 408
536 328
10 955
10 421
10 872
10 715
10 775
10 344
10 153
10 220
10 58
10 931
10 272
155 554
155 1054
155 943
155 792
155 340
155 1018
155 390
155 651
155 674
1083 663
1083 136
1083 204
554 342
554 1054
554 943
554 1018
337 990
337 18
337 338
337 756
337 513
337 426
337 697
337 203
337 769
988 964
988 14
988 1107
988 26
988 850
988 954
988 744
988 61
988 570
988 760
988 513
988 1105
988 1058
988 722
988 4
988 201
988 1025
988 203
75 964
75 14
75 572
75 956
75 958
75 139
75 896
75 61
75 434
75 524
75 884
75 742
75 470
75 623
766 309
766 611
766 105
766 211
766 791
766 577
964 795
964 176
964 14
964 572
964 1107
964 699
964 446
964 519
964 306
964 956
964 258
964 284
964 1061
964 139
964 217
964 969
964 61
964 449
964 434
964 884
964 513
964 429
964 442
964 4
964 250
964 56
964 703
964 45
964 441
964 937
795 14
795 1107
795 519
795 1061
795 217
795 434
795 441
795 1097
311 14
311 196
311 990
311 613
311 1107
311 26
311 850
311 954
311 217
311 760
311 638
311 737
311 772
311 722
311 506
311 1015
311 96
311 703
311 697
311 203
311 441
311 381
238 26
238 813
238 446
238 711
238 148
238 1061
238 570
238 742
238 549
238 902
238 441
238 479
238 202
238 1039
1017 196
1017 850
1017 915
1017 439
1017 653
1017 969
1017 816
1017 900
1017 841
1017 1106
1017 351
1017 1015
1017 807
1017 661
1017 465
1017 96
1017 489
1017 564
1017 150
176 103
176 990
176 446
176 95
176 219
176 284
176 958
176 896
176 804
176 294
176 61
176 952
176 1037
176 751
103 699
103 845
103 219
103 692
103 804
103 302
103 746
103 1037
103 31
1096 990
1096 956
1096 968
1096 756
1096 889
1096 1089
1096 44
1096 204
1096 933
14 196
14 613
14 199
14 572
14 198
14 691
14 699
14 813
14 533
14 446
14 95
14 845
14 956
14 499
14 284
14 968
14 958
14 744
14 804
14 61
14 403
14 434
14 952
14 513
14 429
14 426
14 722
14 901
14 606
196 613
196 534
196 572
196 198
196 1107
196 26
196 813
196 533
196 954
196 284
196 1061
196 968
196 294
196 434
196 760
196 513
196 722
196 883
196 697
196 381
196 551
990 572
990 691
990 26
990 954
990 956
990 38
990 217
990 61
990 524
990 884
990 513
990 703
613 1107
613 691
613 813
613 217
613 449
613 434
613 442
613 506
613 697
534 1107
534 850
534 284
534 541
534 513
534 710
534 841
534 883
534 551
199 26
199 446
199 414
199 841
572 699
572 95
572 284
572 38
572 61
572 524
572 414
572 66
572 884
572 513
572 1015
572 930
572 370
572 697
198 1107
198 26
198 850
198 1061
198 760
198 792
198 838
198 697
198 937
198 551
1107 691
1107 26
1107 813
1107 850
1107 954
1107 217
1107 744
1107 760
1107 638
1107 429
1107 221
1107 697
1107 551
1107 1120
1107 111
1107 568
691 653
691 148
691 1021
691 449
691 1055
691 656
691 429
691 1037
691 418
691 1120
691 229
691 560
699 1032
699 956
699 284
699 958
699 61
699 1062
699 952
699 426
699 751
699 163
699 489
26 813
26 446
26 850
26 711
26 954
26 1061
26 570
26 1105
26 1058
26 722
26 1015
26 697
26 441
26 1039
813 446
813 850
813 711
813 1061
813 434
813 884
813 4
813 1015
813 359
813 441
813 1039
813 297
533 711
533 1032
533 958
533 858
533 900
533 203
533 111
446 284
446 804
446 570
446 884
446 78
446 792
446 4
446 506
446 287
446 441
446 967
850 954
850 1061
850 760
850 429
850 1058
850 665
850 751
850 489
850 703
850 359
850 697
850 902
850 901
850 551
850 991
850 869
519 434
519 112
711 1061
711 570
711 325
711 4
711 96
711 441
711 1039
954 1058
954 722
954 1086
954 200
954 871
373 823
373 48
373 250
373 579
546 122
546 823
546 659
546 211
546 695
352 695
165 330
437 30
437 1094
437 403
437 639
437 1105
437 78
437 792
437 1065
942 927
942 439
942 898
942 630
942 746
942 414
942 24
627 1054
440 95
440 863
440 125
440 545
440 1014
440 1108
440 203
440 353
1104 125
1104 1032
1104 517
1104 596
1104 944
1104 578
95 724
95 531
95 863
95 125
95 1032
95 517
95 309
95 516
95 1116
95 188
95 403
95 884
95 354
95 522
95 783
95 610
95 648
95 271
95 344
95 489
95 793
95 11
95 683
95 993
95 471
95 290
95 616
254 848
254 212
724 17
724 1116
724 236
724 972
724 962
724 645
724 327
724 101
724 462
724 814
306 258
306 1116
306 342
306 630
306 122
306 354
306 943
306 426
306 78
306 783
306 270
306 779
306 271
306 156
306 470
306 1085
306 644
306 574
306 134
306 1027
531 689
531 348
531 669
531 739
531 168
531 1016
531 285
531 460
531 1128
531 886
863 1032
863 188
863 262
863 555
863 190
863 245
863 683
863 993
863 706
125 18
125 188
125 1042
125 397
125 1014
125 354
125 769
125 637
927 1032
927 258
927 342
927 630
927 1068
927 466
927 236
927 972
927 962
927 911
927 363
927 700
927 783
927 715
927 476
177 867
177 1047
1032 432
1032 889
1032 23
1032 106
1032 91
1032 190
1032 715
1032 245
1032 271
1032 637
1032 451
1032 411
1032 824
1019 403
1019 816
1019 858
1019 320
732 717
732 18
732 37
732 804
732 718
717 37
717 878
717 746
717 783
18 82
18 518
18 466
18 1014
18 737
18 325
18 203
18 353
18 846
18 1072
672 188
37 303
37 653
37 1068
37 1062
37 549
37 156
845 219
845 82
845 969
845 804
845 120
845 656
845 366
303 188
303 692
303 827
303 793
517 915
517 258
517 596
517 298
517 944
517 783
517 418
517 578
309 923
309 860
309 969
309 122
309 1068
309 611
309 791
309 415
309 1045
309 53
309 589
566 258
566 1069
566 246
566 300
566 485
566 7
566 232
566 220
566 76
566 1112
566 822
17 342
17 718
17 1118
17 382
17 645
17 101
17 344
17 444
17 763
219 302
915 958
915 1116
915 969
915 120
915 429
915 428
915 930
881 867
881 645
881 784
881 809
881 410
881 67
980 1094
980 60
956 338
956 884
956 513
956 426
726 348
726 285
726 836
726 975
926 499
926 653
926 1021
926 277
776 848
776 455
333 1079
333 839
333 426
333 870
333 503
333 204
333 777
333 787
333 180
333 170
693 342
693 630
693 718
693 725
693 878
693 780
693 1094
693 1118
693 897
693 236
693 66
693 972
693 101
693 634
693 7
693 153
693 268
693 242
258 715
258 485
258 550
258 156
258 793
258 932
258 5
486 430
486 403
486 746
486 783
486 601
486 94
486 290
486 616
486 451
486 74
486 778
486 996
439 898
439 969
439 122
439 448
439 856
439 466
439 834
439 414
439 555
439 590
439 415
439 1090
439 525
439 818
978 122
978 858
978 851
978 376
284 217
284 158
284 434
284 656
284 884
284 513
284 816
284 567
284 722
284 703
284 369
405 593
405 569
405 403
405 236
405 682
405 645
405 161
843 223
843 969
843 475
843 490
843 985
843 349
843 645
843 245
843 230
843 1090
843 741
843 1029
923 756
923 791
923 130
1009 355
1009 285
1009 886
1009 836
1009 866
1009 655
1009 108
1009 708
1009 225
593 856
593 236
593 582
593 682
593 101
593 455
593 775
593 668
1066 856
1066 466
1066 78
1066 105
1066 791
1099 1126
516 210
516 840
516 354
516 1013
516 921
278 122
278 823
653 34
653 490
653 120
653 1062
653 555
653 635
653 46
653 245
653 981
653 902
653 2
380 1013
380 521
380 615
380 667
380 515
148 1061
860 805
860 944
860 1068
860 611
860 589
860 339
860 413
860 971
860 712
860 9
860 39
1061 217
1061 772
1061 441
1061 937
1061 1039
808 122
808 823
808 81
808 105
808 447
808 791
808 1045
808 53
808 875
968 38
968 294
968 513
968 1058
968 902
958 349
958 381
805 823
805 971
192 540
315 638
315 772
315 520
315 9
315 830
545 1062
545 1014
545 610
545 488
545 825
223 342
223 889
223 969
223 976
223 1082
223 490
223 106
223 834
223 191
223 639
223 1062
223 91
223 555
223 190
223 635
223 735
223 1093
223 610
223 902
223 716
223 2
223 275
223 230
223 150
223 825
223 1125
223 85
223 1057
223 51
1079 1089
1079 466
1079 349
1079 900
1079 204
1079 163
456 82
456 959
456 836
456 975
386 11
432 38
432 839
432 912
432 243
432 158
432 464
432 765
432 493
432 976
432 346
432 490
432 884
432 710
432 642
432 423
432 1035
432 676
432 512
432 507
432 950
432 723
587 34
587 189
1116 1021
1116 540
1116 262
1116 490
1116 952
1116 994
1116 370
1116 2
188 643
188 549
188 140
188 909
188 62
188 207
1021 1073
1021 952
1021 365
540 1126
540 403
540 66
540 972
540 962
540 645
540 522
540 327
540 505
540 640
540 727
540 212
540 763
540 696
286 985
286 50
16 643
16 36
16 598
16 482
643 36
643 898
643 34
643 62
36 34
36 325
36 525
36 666
36 183
36 491
36 184
36 1034
802 436
802 317
802 403
802 495
802 414
802 59
802 793
802 910
802 784
802 127
802 568
802 614
802 222
802 487
898 952
898 645
898 911
898 326
898 761
898 1114
898 598
898 680
436 302
436 106
436 59
436 710
436 998
436 910
436 568
342 1126
342 718
342 725
342 1094
342 403
342 191
342 236
342 823
342 571
342 78
342 872
342 462
342 1085
342 476
342 461
342 935
139 692
139 38
139 4
139 441
498 868
767 692
767 756
767 684
767 454
767 652
692 38
692 756
692 30
692 896
692 570
692 1062
692 1073
692 453
692 489
692 652
692 806
38 896
38 294
38 434
38 524
38 952
38 884
38 453
38 513
38 101
38 868
38 989
756 684
756 287
756 652
30 896
30 856
30 428
896 744
896 570
684 506
684 274
684 185
217 434
217 792
217 772
217 1058
217 665
217 506
217 441
744 570
34 82
34 889
34 969
34 804
34 122
34 765
34 236
34 120
34 827
34 635
34 820
34 1
262 403
262 783
262 793
262 696
262 647
82 969
82 294
82 1126
82 765
82 120
82 382
82 46
82 285
82 203
82 476
889 243
889 464
889 976
889 1082
889 490
889 106
889 1046
889 835
889 91
889 555
889 190
889 46
889 245
889 1041
889 275
889 512
889 950
889 183
889 452
969 804
969 294
969 753
969 449
969 856
969 243
969 765
969 434
969 639
969 120
969 555
969 59
969 911
969 816
969 611
969 1016
969 78
969 46
969 900
969 1114
969 285
969 1033
969 351
969 640
969 743
969 818
969 708
969 649
969 874
596 1094
596 848
596 59
596 409
596 300
596 173
596 578
596 702
596 509
596 527
804 120
804 78
804 46
804 751
804 474
294 52
294 601
294 1034
753 448
753 464
753 191
753 827
753 710
753 426
753 577
753 1129
298 718
298 1062
298 709
298 80
298 1040
298 33
1126 630
1126 718
1126 700
1126 900
1126 355
1126 736
1126 583
1126 727
1126 966
1126 362
1126 970
1126 1127
1126 252
1126 641
630 718
630 878
630 780
630 640
630 727
630 67
630 510
630 721
839 115
839 449
839 1089
839 912
839 158
839 765
839 493
839 1082
839 490
839 985
839 44
839 737
839 1093
839 204
839 792
839 859
839 825
839 642
839 423
839 1035
839 676
839 723
839 1034
839 3
839 632
839 936
544 696
541 524
541 513
541 697
628 236
628 911
628 611
628 327
628 48
628 285
628 101
628 344
628 418
628 147
548 317
944 1094
944 622
944 746
944 867
944 505
69 448
69 610
69 743
69 6
69 573
69 114
69 83
69 347
69 194
69 323
69 929
69 948
302 1002
302 783
302 998
19 878
19 326
19 308
317 1055
317 793
317 1087
317 433
430 1094
430 355
430 94
430 549
430 470
430 562
430 451
430 763
430 708
1052 955
1052 421
1052 872
1052 715
1052 775
1052 842
1052 344
1052 220
1052 377
1052 97
1052 257
1052 249
569 466
569 858
569 1023
569 101
569 792
569 1112
569 865
718 448
718 725
718 780
718 1094
718 1089
718 746
718 236
718 186
718 204
718 172
718 268
718 1090
718 970
718 786
122 448
122 115
122 1068
122 466
122 350
122 44
122 710
122 611
122 823
122 858
122 78
122 428
122 81
122 105
122 56
122 447
122 791
122 53
122 413
122 612
122 1070
122 391
122 335
448 1082
448 466
448 746
448 1046
448 639
448 349
448 710
448 816
448 46
448 735
448 31
448 610
448 245
448 1041
448 902
448 585
448 291
448 762
448 590
448 183
448 929
448 948
448 803
448 734
115 464
115 44
115 642
115 1035
115 723
725 1118
725 403
725 66
725 972
725 571
725 1012
725 1085
725 590
725 220
725 649
588 49
588 793
588 127
104 61
104 429
61 524
61 276
61 229
878 1051
878 911
878 326
878 812
878 467
570 638
570 1039
449 429
780 1118
780 268
780 865
780 13
1068 710
1068 816
1068 611
1068 823
1068 78
1068 930
1068 211
1068 549
1068 163
1068 447
1068 268
1068 53
1068 39
1068 1103
1068 360
1068 1084
1094 1118
1094 856
1094 466
1094 236
1094 344
1094 161
1094 362
1094 249
1094 13
1118 972
1118 603
1118 865
789 582
789 385
789 668
1089 44
1089 426
1089 859
856 403
856 421
856 1023
856 275
23 1062
23 263
622 321
848 403
848 495
848 686
848 582
848 605
848 1062
848 1054
848 59
848 32
848 409
848 1060
848 300
848 591
848 173
848 1048
848 668
848 43
848 169
848 941
848 235
848 899
60 1062
60 1002
60 783
60 830
60 538
60 754
403 1082
403 434
403 321
403 985
403 1054
403 421
403 783
403 715
403 883
403 33
403 462
403 1007
403 590
403 1028
403 894
403 247
518 7
518 353
518 846
912 243
912 158
912 493
912 346
912 479
912 79
243 158
243 464
243 765
243 493
243 976
243 346
243 490
243 985
243 190
243 735
243 245
243 275
243 479
243 423
243 676
158 464
158 765
158 493
158 976
158 346
158 792
158 567
158 479
158 423
158 3
158 329
464 765
464 976
464 346
464 190
464 825
765 493
765 976
765 346
765 490
765 1046
765 191
765 46
765 792
765 479
765 229
765 1035
765 676
765 723
765 936
493 976
493 346
493 490
493 716
493 479
493 423
493 723
976 346
976 190
976 275
346 245
346 936
475 106
475 414
475 245
475 846
475 1090
475 423
475 391
1082 106
1082 639
1082 91
1082 555
1082 635
1082 735
1082 1093
1082 271
1082 1041
1082 716
1082 2
1082 230
1082 150
1082 353
1082 825
1082 1125
1082 85
1082 1057
1082 51
1082 141
434 513
434 772
434 902
434 937
434 1039
434 112
321 867
321 645
321 634
321 876
321 366
321 76
321 581
466 1023
466 67
466 598
466 249
466 938
490 884
490 1014
490 190
490 275
490 676
490 512
490 507
490 950
490 452
490 982
490 400
490 107
897 33
897 876
897 1028
897 268
897 67
897 918
106 639
106 835
106 555
106 911
106 190
106 635
106 735
106 1093
106 1041
106 743
106 291
106 762
106 573
106 423
106 676
106 194
106 391
106 1117
106 396
495 605
495 59
495 710
834 347
834 391
834 79
746 246
746 550
746 76
746 803
524 1033
524 820
760 276
760 638
760 772
760 697
760 520
760 297
760 112
760 925
350 555
350 634
350 183
350 70
350 132
686 710
686 900
686 792
686 652
686 169
414 555
414 204
414 418
414 497
1042 1062
965 1046
965 986
965 357
1046 986
1046 639
1046 790
1046 735
1046 275
1046 203
1046 1081
1046 367
986 191
986 465
986 902
986 357
986 203
986 666
986 1034
191 639
191 790
191 91
191 555
191 245
191 470
191 716
191 2
191 1090
191 676
639 790
639 985
639 91
639 555
639 635
639 46
639 716
639 150
639 676
639 632
639 1074
790 515
790 735
790 651
835 985
835 735
835 610
835 1041
835 716
835 743
835 291
835 194
985 735
985 610
985 1041
985 825
985 107
349 555
349 140
236 972
236 40
236 166
236 1023
236 48
236 101
236 1076
236 462
236 470
236 476
236 935
44 204
44 180
582 59
582 300
582 590
582 668
867 700
867 326
867 477
867 809
867 496
867 265
1130 739
1130 675
1130 1016
1130 285
1130 24
1130 866
120 46
120 1033
120 203
605 385
704 348
704 355
704 285
704 886
704 1070
704 670
382 344
382 774
66 7
66 212
66 76
66 362
840 621
840 521
840 40
840 667
840 999
840 454
840 161
840 655
840 1034
840 281
840 1006
840 1031
1062 1054
1062 739
1062 994
1062 46
1062 1026
1062 355
1062 94
1062 203
1062 212
1062 825
1062 909
1062 647
1062 773
1062 597
484 1013
484 269
484 1069
484 521
484 921
91 230
91 676
91 1022
1051 1060
1051 1027
1051 525
1051 184
1051 252
1051 467
1051 244
1051 826
827 549
827 112
827 1129
555 710
555 190
555 515
555 635
555 735
555 1093
555 227
555 549
555 1041
555 716
555 2
555 573
555 150
555 825
555 1125
555 85
555 1057
555 51
555 1074
1073 56
656 884
952 858
952 735
952 902
952 2
884 751
884 928
397 354
397 287
638 454
638 697
638 520
638 695
638 830
1014 354
1014 190
1014 984
1014 140
1014 203
1014 353
1014 1072
1002 974
1002 682
1002 745
1002 31
1002 715
513 710
513 722
513 351
513 703
513 868
348 363
348 831
348 959
348 700
348 285
348 616
348 886
348 670
348 576
905 962
916 42
916 357
682 521
682 40
682 1023
682 462
682 272
682 415
682 377
682 748
972 955
972 962
972 571
972 715
972 1076
972 775
972 842
972 634
972 462
972 153
972 163
972 935
972 149
972 618
972 402
669 700
669 285
669 549
1054 943
1054 792
1054 455
1054 80
1054 987
1054 231
1054 1018
1054 390
1054 270
1054 195
1054 263
1054 1075
1054 134
1054 121
1054 22
1054 138
955 571
955 715
955 775
955 344
962 727
962 212
962 149
59 710
59 702
645 1012
645 80
645 94
645 1085
645 76
645 773
645 903
645 687
42 946
42 550
42 76
42 822
42 938
42 416
42 698
42 314
739 1043
739 831
739 700
739 675
739 168
739 1005
739 355
739 285
739 259
739 866
739 874
739 265
739 597
739 707
739 152
739 908
739 960
739 241
739 420
739 796
745 94
1050 814
1050 497
1050 149
1050 821
943 80
943 270
943 195
943 733
943 674
943 134
943 22
943 457
857 900
857 340
911 326
911 48
911 1040
911 793
911 127
911 694
911 267
421 710
421 816
421 48
421 715
421 775
421 344
421 220
421 58
421 644
421 257
421 618
710 611
710 735
710 1114
710 204
710 742
710 415
710 680
710 252
710 360
710 293
710 1100
816 521
816 858
816 49
816 578
816 415
1043 1016
1043 900
1043 259
1043 24
1043 866
1043 607
429 359
363 174
363 355
363 460
363 975
363 576
363 707
363 240
621 20
621 1013
621 667
621 259
621 708
831 174
831 675
831 641
831 265
831 670
831 707
831 47
677 285
50 20
50 1001
50 355
50 285
50 975
50 1070
50 279
20 174
20 211
20 11
20 971
20 1070
20 670
20 279
1001 168
1001 355
1001 285
1001 153
1001 56
1001 266
1001 460
1001 836
1001 1077
1001 508
959 975
959 655
959 265
174 700
174 675
174 168
174 939
174 269
174 1069
174 334
174 285
174 648
174 460
174 108
174 265
174 748
174 908
174 240
174 600
174 1102
174 817
174 922
700 675
700 48
700 285
700 460
700 708
700 225
700 265
700 146
1013 667
1013 921
1013 477
675 1016
675 736
675 259
675 866
675 874
675 265
675 707
675 960
168 285
168 259
168 420
168 401
168 1119
611 823
611 211
611 851
611 791
611 413
611 532
611 595
631 939
939 269
939 454
939 334
939 648
939 94
939 1102
823 81
823 851
823 791
823 695
823 413
823 971
823 532
823 102
187 581
269 648
269 1102
88 1069
88 946
88 671
88 581
88 953
1069 550
1069 773
1069 914
521 615
521 40
521 667
521 394
521 984
521 872
521 648
521 275
858 48
858 1040
858 807
858 344
858 134
426 186
426 204
426 131
190 48
190 735
190 1041
190 716
190 275
190 846
190 676
190 512
190 950
190 452
190 982
190 529
186 204
186 859
186 318
615 999
615 71
40 999
40 454
40 515
40 872
40 648
40 423
40 347
40 1006
667 999
667 255
667 648
667 784
667 809
999 49
999 910
999 529
737 697
737 203
737 353
737 846
737 1072
737 642
737 723
737 1034
737 367
737 435
1016 285
1016 259
1016 24
1016 866
819 422
571 931
1105 78
1105 1058
1105 722
1105 4
1105 201
1105 1025
1105 415
49 332
49 792
49 793
49 127
49 687
334 648
326 330
326 1026
326 253
326 127
326 1027
326 292
280 792
761 332
761 1114
761 598
761 680
761 514
330 48
330 127
330 1027
332 1114
332 482
528 377
740 696
78 775
78 838
78 549
78 470
78 824
1005 300
1005 259
166 1036
1023 662
327 48
327 149
635 735
635 902
635 716
635 2
635 230
635 846
635 85
635 51
46 1114
46 820
46 1106
46 549
46 460
46 117
46 607
900 820
900 351
900 460
900 117
1026 992
1026 292
48 505
48 285
48 101
48 344
48 127
48 616
48 824
48 681
505 127
735 1093
735 610
735 902
735 716
735 2
735 275
735 230
735 150
735 825
735 1125
735 85
735 1057
735 51
492 101
492 153
492 242
492 28
492 137
355 285
355 736
355 460
355 886
355 975
355 655
355 108
355 966
355 576
355 224
325 1058
325 549
325 203
325 846
325 1072
325 525
325 149
325 705
870 204
503 204
503 172
503 117
1114 598
1114 482
1114 680
1114 514
977 318
221 312
143 525
143 598
143 680
143 514
143 580
143 154
872 101
872 792
872 715
872 775
872 344
872 418
872 220
285 792
285 344
285 460
285 1113
285 24
285 886
285 866
285 975
285 655
285 108
285 1070
285 265
285 670
285 420
736 616
736 886
736 1077
663 136
663 830
101 455
101 842
101 344
101 865
101 137
992 625
1093 665
1093 716
1093 230
1093 150
1093 1125
1093 85
1093 1057
1093 51
246 300
246 7
246 803
246 938
204 777
204 180
792 80
792 987
792 998
792 842
792 7
792 105
792 295
792 1029
792 1035
792 995
792 906
792 781
792 145
792 556
603 763
820 981
205 259
772 520
772 441
772 695
783 153
783 418
783 56
783 946
783 266
783 107
31 1040
31 488
709 267
709 1059
715 775
715 375
715 842
715 344
715 549
715 220
715 58
715 272
715 644
715 97
715 257
715 249
715 865
715 759
408 462
610 245
610 1041
610 275
610 585
610 762
610 230
610 114
610 929
610 948
610 734
245 1041
245 902
245 716
245 743
245 585
245 6
245 929
1058 722
1058 665
1058 751
1058 902
1058 950
1058 730
567 703
567 291
567 343
567 15
722 4
722 201
722 1025
722 883
722 703
665 902
841 1086
841 1039
1101 455
455 80
455 231
455 390
455 775
455 1075
455 295
455 318
455 527
455 249
455 224
455 1010
4 1025
4 441
4 1039
201 902
201 1086
201 360
1025 595
340 1018
340 390
80 231
80 591
80 318
80 5
987 231
32 668
648 1102
409 173
409 509
409 1117
385 668
1060 300
1060 1027
1060 43
1060 849
1060 526
998 485
998 773
300 702
300 169
300 1117
300 728
300 947
300 758
300 626
300 427
1108 314
1106 296
231 604
1018 390
1018 22
270 134
195 418
336 227
506 287
506 119
591 668
271 275
271 1090
173 668
173 509
173 941
173 1117
173 849
227 604
227 138
351 1015
351 807
351 661
351 465
1015 807
807 661
96 381
96 1039
96 564
883 703
883 551
742 344
742 651
742 381
751 359
751 697
751 203
131 379
181 242
775 842
775 344
775 220
775 58
775 272
842 220
842 249
634 33
634 876
634 706
634 67
634 581
640 721
640 925
640 855
640 494
640 801
7 242
344 690
344 418
344 220
344 272
344 13
344 28
33 263
33 876
33 658
33 918
33 427
462 295
153 56
153 266
153 1109
690 213
852 497
81 791
81 875
105 577
105 415
105 750
211 791
211 971
211 102
838 885
549 489
549 697
549 530
549 263
549 773
549 576
549 995
163 825
851 791
56 266
56 242
56 247
489 825
447 379
791 142
703 359
703 1039
652 203
652 901
697 901
697 560
697 869
520 695
520 925
520 478
946 76
550 73
530 381
263 203
470 670
470 833
266 809
266 836
266 496
266 1077
266 508
266 922
266 749
1085 706
1085 242
1085 865
1085 618
460 616
460 975
460 240
460 1077
460 749
777 117
777 764
777 501
777 180
793 818
793 207
793 529
910 568
417 70
417 794
295 377
784 683
787 1034
543 604
1041 585
1041 6
1041 762
1041 83
1041 929
1041 948
1041 391
1041 396
1041 358
902 716
902 2
902 275
902 564
902 297
716 2
716 230
716 150
716 1125
716 85
716 1057
716 51
716 141
63 357
63 79
63 367
63 1022
2 1090
275 230
275 929
275 982
275 400
275 107
357 894
357 367
357 1022
1048 134
859 632
65 1120
1086 360
743 6
743 573
743 323
743 929
585 291
585 6
585 573
585 381
585 929
291 6
291 573
291 114
291 929
6 573
6 929
573 114
573 343
590 668
1028 658
658 683
230 203
230 150
230 1125
230 85
230 1057
230 51
259 24
259 866
259 707
259 241
259 420
259 796
259 1119
259 934
727 970
727 721
671 953
127 568
127 1027
127 292
127 747
328 674
319 57
220 58
220 249
58 644
58 247
931 249
931 469
272 644
651 79
674 723
203 353
203 846
203 1072
203 825
441 1039
381 1039
479 1125
479 423
479 1035
479 950
479 3
150 1125
150 85
150 1057
150 51
1120 826
1120 995
1120 781
1120 849
1120 888
111 353
568 482
967 474
112 1064
1065 277
24 866
24 960
24 607
24 833
353 846
353 1072
11 1070
11 279
683 67
471 706
616 1128
616 836
616 975
814 497
644 257
644 249
644 128
574 242
1027 292
886 655
886 708
886 47
886 1122
1047 224
824 79
846 1072
846 1034
1072 99
415 1090
415 618
415 500
415 364
415 673
1045 53
1045 875
76 938
836 240
836 508
836 922
836 749
866 607
866 1119
866 749
975 240
975 279
975 922
975 749
242 362
932 108
5 655
5 225
5 702
5 609
1090 592
525 184
525 467
525 826
818 70
818 132
818 529
741 79
741 592
655 108
655 708
655 609
108 609
708 225
708 240
708 1077
708 356
413 399
532 478
825 133
1125 85
1125 1057
1125 51
85 1057
85 51
1057 51
642 1035
642 723
642 3
423 141
423 837
1035 723
1035 184
507 950
507 452
507 79
507 982
507 400
507 107
507 402
950 452
950 79
950 982
950 107
723 509
723 3
909 412
62 207
207 128
598 680
598 154
666 1034
666 435
184 487
184 244
184 826
184 995
184 781
1034 367
1034 1022
222 826
222 995
222 781
222 849
222 888
680 514
680 580
680 154
647 608
452 982
452 107
649 1109
874 597
702 960
509 1117
966 224
970 594
1127 402
1127 853
252 467
252 826
721 925
721 855
114 83
114 948
83 347
347 391
377 257
865 13
1070 265
1070 670
1070 279
391 396
391 705
391 358
803 135
169 728
169 427
79 982
79 107
581 25
938 906
982 107
925 855
70 529
132 529
497 149
367 1022
265 670
265 420
265 922
265 609
774 25
281 636
773 914
773 575
244 826
244 995
244 781
244 888
826 995
826 781
826 145
826 888
149 341
416 314
416 906
314 906
146 833
420 1119
293 781
293 849
240 1077
240 508
240 749
508 922
508 749
922 749
1119 609
292 301
995 781
995 145
995 849
995 888
781 145
781 849
781 888
145 888
759 233
849 526
728 427
728 407
855 35
494 801
73 144
749 609
144 144
