432 216
432 474
432 701
432 640
432 1100
432 447
432 883
432 565
432 966
432 458
432 1004
432 166
432 875
432 445
432 899
432 901
432 668
432 888
432 149
432 103
432 87
432 601
432 830
432 446
432 394
432 201
432 178
432 803
432 351
432 1126
216 474
216 701
216 1100
216 447
216 883
216 565
216 966
216 458
216 166
216 899
216 668
216 888
216 149
216 87
216 830
216 356
216 983
216 208
216 650
216 847
216 365
216 436
474 701
474 1100
474 447
474 883
474 565
474 458
474 1004
474 166
474 899
474 668
474 888
474 149
474 103
474 87
474 601
474 201
474 178
474 208
474 367
474 499
474 490
474 138
474 818
474 406
474 364
474 435
474 327
474 1014
474 169
474 941
474 943
474 125
474 752
474 980
474 510
474 710
701 458
701 87
701 435
701 791
701 321
701 944
701 705
701 1
701 102
701 802
701 904
701 896
701 117
701 879
701 529
701 748
701 953
701 612
701 1087
640 1100
640 166
640 918
640 629
640 687
640 52
640 817
640 1094
640 233
1100 447
1100 883
1100 166
1100 899
1100 668
1100 87
1100 201
1100 178
1100 208
1100 425
1100 929
1100 85
1100 753
1100 374
1100 576
1100 591
1100 210
447 565
447 966
447 166
447 445
447 899
447 888
447 87
447 178
447 52
447 815
447 360
447 17
447 793
447 430
447 10
447 456
447 814
447 597
447 942
447 152
447 870
447 702
883 87
883 178
883 105
883 97
565 966
565 166
565 899
565 103
565 87
565 830
565 351
565 490
565 651
565 731
565 227
565 566
565 379
966 899
966 830
966 351
966 208
966 953
966 590
966 895
966 198
966 1032
966 477
966 641
966 575
966 400
966 409
966 842
966 552
966 678
966 322
966 352
966 300
966 143
966 648
966 811
966 756
966 259
966 378
966 162
966 845
458 668
458 888
458 149
458 87
458 446
458 201
458 364
458 918
458 1027
458 959
458 592
458 1053
458 16
458 578
458 244
458 940
1004 374
1004 18
1004 755
1004 1116
1004 390
1004 605
1004 202
1004 226
1004 27
1004 301
1004 91
1004 829
1004 480
1004 154
1004 487
1004 65
166 875
166 899
166 668
166 87
166 830
166 178
166 364
166 748
166 52
166 566
166 65
166 224
166 415
166 1048
166 520
166 1067
166 586
166 915
875 445
875 899
875 830
875 983
875 208
875 425
875 379
875 198
875 477
875 143
875 648
875 578
875 1081
875 299
875 1121
875 671
875 882
875 1062
875 928
875 72
875 837
875 1083
875 581
875 155
875 361
875 1015
875 524
875 776
875 288
875 53
875 616
875 876
875 684
875 45
445 601
445 983
445 208
445 52
445 10
445 648
445 72
445 83
445 241
445 272
445 1109
445 681
445 1088
445 786
445 223
445 783
899 830
899 351
899 983
899 208
899 710
899 817
899 227
899 590
899 143
899 259
899 162
899 506
899 1001
899 739
899 192
899 907
899 672
899 82
899 109
899 451
899 153
899 113
899 1113
899 86
899 554
899 765
899 21
899 627
899 423
899 127
899 341
899 182
899 600
899 8
899 228
899 891
899 193
899 140
899 250
899 977
899 502
899 1117
901 830
901 208
901 400
901 263
901 1075
901 175
668 888
668 103
668 87
668 601
668 446
668 394
668 201
668 436
668 367
668 62
668 304
668 727
888 149
888 201
888 436
888 490
888 953
888 85
888 591
888 322
888 244
888 1109
888 235
888 840
888 664
888 36
888 534
888 806
888 467
888 1069
888 462
888 483
888 860
888 120
149 87
149 490
149 818
149 941
149 929
149 566
149 727
149 534
149 319
149 1079
149 4
149 796
103 601
103 446
103 367
103 499
103 490
103 435
103 327
103 941
103 980
103 510
103 944
103 793
103 651
103 731
103 227
103 379
103 520
103 765
103 127
103 8
103 263
103 860
103 63
103 306
103 848
103 972
103 658
103 184
103 179
103 443
103 1130
103 738
103 539
103 635
103 1097
103 448
103 256
103 492
103 851
87 201
87 356
87 436
601 446
601 436
601 367
601 138
601 818
601 406
601 364
601 435
601 941
601 980
601 425
601 942
601 1053
601 16
601 605
601 45
601 907
601 1113
601 304
601 840
601 120
601 306
601 539
601 58
601 279
601 461
601 478
601 284
601 908
601 156
601 985
601 948
601 68
601 274
601 828
601 843
601 275
601 982
601 437
601 721
601 1089
601 923
601 910
601 170
601 417
601 955
830 351
830 983
830 208
830 321
830 953
830 590
830 895
830 198
830 477
830 400
830 409
830 678
830 322
830 352
830 648
830 928
830 72
830 1015
830 776
830 45
830 279
830 667
830 669
830 104
830 700
830 1101
830 690
830 1055
830 114
830 1064
830 340
830 1127
830 92
830 439
446 394
446 367
446 705
446 102
446 756
446 304
446 483
446 478
446 104
446 788
446 518
446 124
446 1114
446 1112
446 311
201 436
201 953
201 591
201 814
201 1109
201 840
201 36
201 467
201 483
201 275
201 1065
201 871
201 115
201 758
178 208
178 45
178 534
178 923
178 525
178 519
803 301
803 893
803 577
803 260
803 775
803 67
803 1078
803 804
351 208
351 169
351 53
351 739
351 907
351 451
351 153
351 341
351 140
351 130
351 645
351 346
351 911
351 41
351 171
351 1110
351 686
351 420
351 148
351 203
351 622
1126 364
1126 980
1126 731
1126 520
1126 113
1126 319
1126 63
1126 179
1126 256
1126 1026
1126 886
1126 1043
1126 486
1126 488
1126 885
1126 134
1126 111
1126 894
1126 455
1126 43
1126 246
356 165
983 208
983 322
983 837
208 510
208 953
208 590
208 45
208 525
208 454
208 544
436 943
436 664
436 534
436 462
436 319
436 738
436 948
436 275
436 886
436 189
436 557
436 858
436 12
436 543
436 965
436 291
436 580
436 794
436 610
367 490
367 138
367 818
367 364
367 435
367 941
367 125
367 227
367 379
367 304
367 120
367 63
367 306
367 184
367 478
367 775
367 67
367 486
367 177
367 720
367 855
367 780
367 559
499 138
499 435
499 327
499 169
499 980
499 510
499 710
499 321
499 227
499 520
499 1113
499 156
499 1064
499 111
499 177
499 720
499 704
499 317
499 188
499 387
499 245
499 733
499 947
499 609
499 101
490 435
490 327
490 1014
490 941
490 943
490 980
490 102
490 210
490 456
490 651
490 566
490 1053
490 16
490 783
490 739
490 127
490 467
490 483
490 63
490 306
490 848
490 184
490 492
490 58
490 948
490 486
490 885
490 610
490 177
490 720
490 559
490 112
490 1033
490 362
490 1131
490 258
490 393
490 708
490 401
490 396
490 407
490 40
490 865
138 406
138 364
138 941
138 374
138 731
138 227
138 1053
138 520
138 63
138 68
138 311
138 67
138 486
138 488
138 134
138 894
138 455
138 177
138 720
138 855
138 258
138 40
138 1128
138 509
138 470
138 20
138 1072
138 898
138 528
138 583
138 989
138 719
138 902
138 887
138 584
138 716
138 1074
138 280
138 55
138 826
138 515
138 295
138 491
138 1007
138 88
138 740
138 150
818 435
818 840
818 120
818 985
818 170
818 1047
406 125
406 16
406 486
406 165
406 20
406 528
406 761
406 372
406 771
406 75
406 500
406 1050
406 549
406 282
406 697
364 941
364 980
364 918
364 592
364 783
364 304
364 179
364 256
364 488
364 965
364 720
364 387
364 295
364 323
364 935
364 215
364 197
364 680
364 498
364 1118
364 526
364 560
364 1044
364 1006
435 1014
435 125
435 791
435 321
435 944
435 102
435 904
435 117
435 529
435 748
435 612
435 1087
435 929
435 319
435 306
435 170
435 580
435 177
435 393
435 295
435 697
435 967
435 939
435 332
435 1011
435 631
435 464
435 13
327 731
327 894
327 781
1014 92
1014 486
1014 101
1014 1063
169 980
169 510
169 710
169 52
169 233
169 430
169 227
169 409
169 378
169 272
169 153
169 113
169 765
169 600
169 319
169 985
169 843
169 1064
169 311
169 130
169 41
169 171
169 420
169 203
169 622
169 189
169 188
169 245
169 902
169 495
169 725
169 925
169 419
169 221
169 988
169 774
169 214
941 125
941 929
941 783
941 727
941 319
941 63
941 256
941 68
941 67
941 686
941 488
941 455
941 177
941 101
941 112
941 150
941 778
941 726
943 980
943 710
943 227
943 1097
943 985
943 721
943 455
943 246
943 610
943 177
943 609
943 112
943 984
943 1025
943 459
943 359
943 998
943 46
943 231
125 929
125 378
125 592
125 16
125 27
125 520
125 45
125 727
125 319
125 972
125 738
125 985
125 104
125 804
125 488
125 134
125 246
125 580
125 387
125 947
125 101
125 88
125 282
125 434
125 962
125 449
125 920
125 350
125 995
125 383
125 286
125 493
125 5
752 1087
980 52
980 210
980 648
980 83
980 272
980 681
980 786
980 783
980 156
980 804
980 1026
980 1043
980 488
980 858
980 177
980 40
980 449
980 632
980 1057
980 74
980 1119
980 542
980 438
510 710
510 227
510 378
510 153
510 256
510 130
510 686
510 317
510 956
510 26
710 817
710 227
710 378
710 592
710 739
710 907
710 153
710 113
710 21
710 127
710 182
710 600
710 8
710 179
710 1101
710 1064
710 203
710 486
710 134
710 317
710 733
710 902
710 584
710 925
710 832
710 444
710 217
710 1073
710 174
791 321
791 944
791 102
791 904
791 896
791 117
791 748
791 1087
791 664
791 170
791 393
791 498
791 967
791 866
791 230
791 660
791 968
791 0
791 342
791 950
791 219
791 937
791 1108
791 530
791 728
791 90
321 944
321 102
321 904
321 117
321 879
321 748
321 1087
321 379
321 477
321 648
321 506
321 765
321 539
321 170
321 669
321 580
321 393
321 716
321 967
321 221
321 164
321 563
321 142
321 131
321 652
321 573
321 533
321 657
944 102
944 904
944 117
944 748
944 612
944 1087
944 635
944 170
944 967
944 631
944 677
944 912
944 960
944 412
705 530
1 904
1 529
1 959
1 796
1 832
1 530
1 880
1 243
1 129
102 802
102 904
102 117
102 879
102 612
102 1087
102 755
102 226
102 480
102 272
102 1113
102 908
102 165
102 1131
102 393
102 230
102 970
102 699
102 749
802 612
802 480
802 939
802 230
802 919
802 349
802 373
802 712
904 896
904 529
904 748
904 1087
904 17
904 170
904 937
904 530
904 919
904 35
896 529
896 17
896 170
896 631
896 866
896 230
896 660
896 950
896 937
896 530
896 35
896 1046
896 497
896 11
896 615
117 748
117 612
117 1087
117 170
117 804
117 112
117 967
117 547
879 483
879 170
879 669
879 631
879 530
879 142
879 131
879 579
879 665
879 618
879 485
529 748
529 17
529 170
529 393
529 631
529 832
529 530
529 880
529 35
529 1046
529 905
748 1087
748 17
748 250
748 965
748 387
748 967
748 13
748 726
748 542
748 880
748 919
748 712
748 976
748 185
748 971
748 868
748 1084
748 61
748 737
748 450
748 993
953 85
953 590
953 842
953 837
953 1083
953 45
953 534
953 860
953 923
953 886
953 720
953 726
953 652
953 657
953 654
953 1005
953 137
612 1053
612 534
612 939
612 1011
612 373
612 1046
612 22
1087 755
1087 156
1087 170
1087 667
1087 43
1087 580
1087 610
1087 855
1087 1033
1087 393
1087 55
1087 560
1087 967
1087 920
1087 880
1087 349
1087 35
1087 1046
1087 213
1087 37
1087 388
1087 1037
1087 196
1087 338
1087 132
1087 619
1087 805
918 360
918 592
918 492
918 948
918 396
918 40
918 282
918 498
918 526
918 459
918 438
918 450
918 484
918 746
918 689
918 314
918 769
918 96
629 105
629 378
629 1053
629 1109
629 739
629 907
629 765
629 534
629 738
629 104
629 542
629 699
629 749
629 395
629 1093
629 211
629 1123
629 290
629 107
629 621
687 91
687 487
687 908
687 177
687 956
687 50
687 411
687 1122
687 1120
687 694
687 167
52 425
52 374
52 227
52 842
52 678
52 648
52 301
52 480
52 83
52 272
52 1109
52 681
52 786
52 223
52 534
52 908
52 985
52 804
52 165
52 794
52 55
52 632
52 542
52 438
52 290
52 954
52 936
52 588
52 820
52 116
52 242
52 428
52 792
52 850
52 698
52 595
52 287
817 301
817 907
817 1110
817 498
817 644
1094 641
1094 322
1094 352
1094 1081
1094 299
1094 776
1094 684
1094 83
1094 672
1094 488
1094 1012
233 227
233 378
233 592
233 578
233 153
233 171
233 111
233 491
233 1129
233 759
425 576
425 227
425 409
425 322
425 259
425 1081
425 776
425 241
425 739
425 985
425 843
425 188
425 491
425 1007
425 759
425 714
425 236
425 889
425 553
425 303
425 653
425 254
929 456
929 1053
929 415
929 86
929 727
929 319
929 4
929 492
929 525
929 488
929 1047
929 434
929 449
929 493
929 107
929 240
929 594
929 392
929 489
85 456
85 641
85 776
85 876
85 45
85 153
85 534
85 806
85 462
85 985
85 275
85 437
85 1114
85 115
85 509
85 1047
85 493
85 905
85 489
85 427
753 605
753 860
753 4
753 989
753 603
374 755
374 1116
374 605
374 27
374 480
374 487
374 65
374 486
374 177
374 287
374 800
576 378
576 845
576 1001
576 82
576 554
576 182
576 228
576 250
576 1117
576 1055
576 203
576 622
576 515
576 1007
576 618
576 79
576 862
576 69
576 1000
576 494
591 456
591 814
591 534
591 40
591 1011
591 449
591 693
591 695
210 1053
210 83
210 242
815 430
815 1001
815 82
815 86
815 250
815 256
815 618
815 69
815 969
815 333
815 790
360 10
360 449
360 74
360 218
360 144
360 385
17 170
17 667
17 55
17 967
17 939
17 631
17 530
17 349
17 35
17 144
17 385
17 706
17 354
17 344
17 1035
17 838
17 628
793 534
793 635
793 985
793 1033
793 726
793 266
793 398
793 463
793 596
793 869
430 520
430 153
430 256
430 955
430 644
430 424
430 797
430 98
430 325
430 273
10 552
10 786
10 783
10 449
10 1119
10 218
10 144
10 316
10 981
10 688
10 504
10 310
10 683
10 798
10 283
10 853
456 870
456 1027
456 244
456 664
456 534
456 462
456 319
456 284
456 580
456 396
456 995
456 428
456 693
456 695
456 354
456 108
456 634
456 613
456 639
814 449
814 613
597 702
597 396
597 995
597 628
597 398
597 133
152 695
152 798
152 561
152 813
870 16
870 786
870 218
702 695
105 378
105 959
105 907
105 478
105 68
105 150
105 956
105 107
105 303
105 294
105 403
97 43
97 362
651 306
651 596
651 93
731 227
731 378
731 16
731 224
731 153
731 140
731 203
731 488
731 150
731 243
731 978
227 409
227 378
227 162
227 83
227 907
227 82
227 451
227 153
227 113
227 1113
227 86
227 554
227 765
227 127
227 600
227 8
227 891
227 193
227 140
227 304
227 1069
227 179
227 256
227 843
227 955
227 1055
227 758
227 41
227 1043
227 488
227 134
227 188
227 40
227 902
227 491
227 697
227 498
227 925
227 221
227 1025
227 956
227 217
227 970
227 689
227 714
227 494
227 531
227 48
227 78
227 30
227 315
227 320
227 353
227 1077
227 745
227 932
227 822
566 1053
566 244
566 156
566 43
566 559
566 887
566 323
566 1006
566 434
566 383
566 438
566 196
566 489
566 381
566 541
566 751
566 157
566 861
566 1041
566 433
566 834
566 34
566 503
566 2
566 405
566 760
566 670
379 378
379 45
379 907
379 451
379 765
379 193
379 443
379 279
379 225
379 906
379 987
590 322
590 92
198 842
198 678
198 648
198 45
198 137
198 792
198 1008
477 575
477 322
477 1121
477 882
477 928
477 72
477 1083
477 616
477 684
477 68
477 923
477 488
477 720
477 207
477 408
641 322
641 648
641 1053
641 299
641 1121
641 72
641 776
641 684
641 137
641 1095
575 842
575 616
575 792
575 1008
400 1075
400 175
400 539
400 104
400 101
400 449
400 987
400 376
400 100
400 1082
409 259
409 378
409 739
409 82
409 153
409 86
409 554
409 765
409 127
409 600
409 8
409 228
409 985
409 843
409 1101
409 871
409 758
409 189
409 902
409 495
409 221
409 1025
409 956
409 832
409 862
409 48
409 1077
409 357
409 158
409 730
409 278
409 1066
409 1105
842 678
842 322
842 648
842 592
842 16
842 1081
842 928
842 272
842 137
842 792
842 1090
552 554
552 774
552 26
552 665
552 853
552 475
552 949
678 648
678 837
678 792
678 1008
322 1081
322 1121
322 882
322 1062
322 72
322 837
322 1083
322 155
322 1015
322 776
322 53
322 616
322 684
322 45
322 534
322 439
322 486
322 137
322 936
322 792
322 1008
322 558
352 1121
352 882
352 1062
352 72
352 837
352 155
352 1015
352 53
352 936
300 443
300 104
300 690
300 1026
300 1043
300 720
300 1011
300 484
300 689
300 1106
300 743
300 71
300 99
648 776
648 83
648 621
648 792
648 872
648 990
811 244
811 45
811 539
811 104
811 1026
811 101
811 1011
811 1098
811 141
811 735
756 949
259 109
259 627
259 250
259 843
259 1025
259 69
259 353
259 1077
259 745
259 532
259 999
378 244
378 45
378 739
378 907
378 153
378 765
378 21
378 193
378 664
378 4
378 843
378 1101
378 1064
378 311
378 871
378 41
378 686
378 420
378 1011
378 495
378 221
378 1066
378 452
162 451
162 130
162 531
162 78
845 739
845 554
845 203
845 1007
845 925
845 956
845 1095
845 571
845 617
1027 1053
1027 16
1027 244
1027 415
1027 806
1027 439
1027 886
1027 493
1027 950
1027 388
1027 240
1027 266
1027 596
1027 158
1027 691
1027 402
1027 121
1027 884
1027 666
959 796
959 256
959 775
959 1043
959 832
959 243
959 769
959 797
959 403
592 1053
592 600
592 806
592 170
592 1025
592 866
592 820
1053 16
1053 755
1053 415
1053 304
1053 120
1053 738
1053 67
1053 455
1053 580
1053 112
1053 258
1053 407
1053 197
1053 984
1053 359
1053 950
1053 90
1053 240
1053 594
1053 344
1053 405
1053 990
1053 696
1053 347
1053 551
1053 270
1053 73
16 91
16 415
16 241
16 907
16 304
16 577
16 486
16 246
16 101
16 583
16 1074
16 826
16 464
16 995
16 438
16 342
16 699
16 868
16 689
16 428
16 594
16 695
16 354
16 141
16 1132
16 268
16 180
16 1028
16 281
16 1021
578 600
578 1112
578 775
578 22
578 820
578 1129
578 398
578 1090
578 767
578 516
578 1125
244 940
244 45
244 8
244 840
244 534
244 483
244 860
244 4
244 985
244 41
244 486
244 387
244 396
244 282
244 498
244 778
244 434
244 449
244 286
244 905
244 107
244 240
244 489
244 2
244 268
940 840
940 120
18 27
18 301
755 390
755 605
755 226
755 27
755 301
755 91
755 829
755 480
755 487
755 908
755 518
755 124
755 260
755 775
755 67
755 1026
755 486
755 488
755 965
755 177
755 55
755 699
755 749
755 287
755 745
755 200
755 1042
755 80
755 867
1116 390
1116 27
1116 487
1116 177
1116 200
1116 146
390 605
390 27
390 301
390 91
390 480
390 487
390 775
390 486
390 177
390 720
390 150
390 778
390 699
390 714
390 800
390 745
390 146
390 808
605 27
605 301
605 860
605 982
605 518
605 486
605 509
605 55
605 500
605 1050
605 282
605 699
605 603
605 800
605 639
605 146
605 909
605 471
605 513
605 15
605 368
605 957
605 355
202 733
202 583
202 50
202 1120
202 1049
202 312
202 292
226 27
226 480
226 487
226 272
226 462
226 319
226 908
226 1043
226 177
226 1131
226 258
226 935
226 287
226 864
226 336
27 301
27 91
27 829
27 480
27 487
27 272
27 235
27 860
27 804
27 486
27 177
27 387
27 1131
27 332
27 749
27 287
27 380
301 480
301 487
301 83
301 860
301 67
301 177
301 55
301 349
301 287
301 1042
301 569
301 593
91 487
91 765
91 733
91 40
91 287
91 200
829 480
829 487
829 272
829 908
829 1131
829 749
829 287
829 1098
829 80
829 380
480 487
480 83
480 319
480 4
480 177
480 150
480 132
480 287
480 714
154 319
487 272
487 4
487 908
487 124
487 1131
487 411
487 1120
487 287
487 146
487 864
487 380
487 593
487 1024
487 76
487 128
65 855
65 55
65 549
65 603
65 800
65 722
65 255
65 779
65 996
65 921
65 994
224 140
415 462
415 189
415 858
415 387
415 401
415 407
415 40
415 323
415 197
415 984
415 240
415 594
415 158
1048 156
1048 985
1048 2
1048 743
1048 121
520 306
520 486
520 488
520 134
520 76
520 744
1067 83
1067 887
1067 280
1067 745
1067 503
1067 816
1067 159
1067 839
1067 232
1067 429
1067 572
586 1063
586 717
915 289
915 508
915 846
1081 83
1081 272
1081 223
1081 254
299 776
299 907
299 672
299 82
299 439
299 203
299 1007
299 254
299 617
1121 171
1121 580
1121 563
1121 639
1121 29
671 882
671 928
671 72
671 361
671 68
671 171
882 1062
882 928
882 72
882 155
882 1015
882 860
882 439
882 936
1062 72
1062 53
1062 45
1062 188
1062 652
928 462
928 137
72 462
72 171
72 137
72 936
72 990
1083 142
581 243
581 254
155 439
155 936
776 684
776 45
776 907
776 672
776 82
776 977
776 203
776 902
776 254
776 807
288 45
288 254
53 796
616 923
616 1008
684 672
684 67
684 189
684 395
45 664
45 806
45 462
45 319
45 437
45 104
45 114
45 92
45 137
45 936
45 422
45 555
83 272
83 681
83 786
83 223
83 783
83 165
83 704
83 101
83 509
83 1072
83 716
83 211
83 116
83 242
83 218
83 385
83 310
83 691
83 1021
83 808
83 471
83 1111
83 836
83 1019
241 272
241 786
241 783
241 765
241 985
241 595
241 236
272 223
272 908
272 124
272 1026
272 1043
272 177
272 733
272 1131
272 719
272 935
272 1120
272 792
272 287
272 714
272 336
272 128
272 810
1109 697
1109 1011
1109 395
1109 889
1109 144
1109 403
1109 93
1109 268
1109 161
681 55
681 542
681 242
681 427
681 1019
1088 920
1088 438
1088 954
1088 714
1088 489
1088 751
1088 34
1088 405
1088 70
1088 1031
1088 713
1088 465
786 783
786 449
786 74
786 714
786 218
786 981
786 688
786 1104
786 366
223 116
223 242
223 287
783 804
783 449
783 74
783 981
506 765
506 1075
506 972
506 700
506 1110
506 1025
506 970
506 571
506 863
506 663
1001 907
1001 86
1001 182
1001 228
1001 250
1001 1117
1001 622
1001 188
1001 245
1001 1007
1001 1025
1001 618
1001 79
1001 69
1001 969
1001 333
1001 790
1001 863
739 907
739 86
739 127
739 279
739 1064
739 130
739 420
739 188
739 902
739 491
739 221
739 745
739 696
739 1091
192 539
192 563
192 408
192 1082
192 735
192 550
907 672
907 153
907 86
907 21
907 127
907 182
907 8
907 140
907 977
907 462
907 279
907 985
907 843
907 1101
907 130
907 203
907 488
907 188
907 733
907 902
907 221
907 1025
907 217
907 1073
907 969
907 730
907 990
907 532
907 1091
907 386
907 59
907 933
672 86
672 182
672 977
672 1101
672 203
672 902
672 59
672 784
82 86
82 554
82 765
82 21
82 182
82 228
82 250
82 1117
82 203
82 1007
82 774
82 497
82 254
82 69
82 853
82 48
82 353
82 532
82 571
82 863
82 59
82 535
109 228
109 891
109 140
109 502
109 669
109 1101
109 245
109 745
109 743
109 909
109 59
109 297
109 582
109 505
451 554
451 250
451 256
451 68
451 955
451 488
451 832
451 689
451 494
451 797
451 531
451 48
451 78
451 315
451 320
451 353
451 1098
451 856
451 587
153 113
153 765
153 140
153 534
153 448
153 843
153 1055
153 1064
153 420
153 134
153 111
153 188
153 419
153 174
153 932
113 8
113 179
113 448
113 41
113 134
113 543
113 295
113 174
113 594
1113 765
1113 279
1113 1055
1113 1110
1113 486
1113 1131
1113 935
1113 970
1113 287
1113 934
86 554
86 21
86 423
86 127
86 341
86 600
86 8
86 891
86 193
86 140
86 534
86 179
86 279
86 274
86 843
86 1055
86 1064
86 622
86 134
86 188
86 40
86 902
86 419
86 1025
86 217
86 970
86 69
86 271
86 476
554 21
554 627
554 127
554 341
554 182
554 228
554 891
554 193
554 250
554 1117
554 843
554 1101
554 1055
554 111
554 902
554 1007
554 1025
554 69
554 1077
554 571
554 535
554 926
765 127
765 600
765 8
765 228
765 1117
765 279
765 171
765 203
765 188
765 491
765 221
765 1025
765 532
21 182
21 600
21 891
21 203
21 733
21 902
21 1073
21 853
21 571
627 182
627 250
627 843
627 544
627 1025
627 956
627 494
627 1077
627 926
423 228
423 140
423 150
423 494
127 8
127 534
127 843
127 171
127 188
127 491
127 150
127 1006
127 221
127 1025
127 48
127 1095
127 357
127 571
341 182
341 228
341 250
341 1101
341 1007
341 714
341 1066
341 571
341 933
341 926
182 600
182 228
182 891
182 250
182 1117
182 203
182 622
182 1007
182 774
182 217
182 694
182 571
182 926
182 377
182 123
182 206
600 955
600 669
600 758
600 733
600 609
600 925
600 217
600 174
600 158
600 377
600 903
600 709
8 4
8 279
8 843
8 1064
8 188
8 1011
8 419
8 970
8 932
8 71
8 1098
228 891
228 140
228 250
228 502
228 1117
228 1101
228 245
228 1007
228 618
228 79
228 69
228 48
228 571
228 59
228 505
891 140
891 250
891 502
891 1101
891 902
891 221
891 969
891 48
891 999
891 59
891 505
891 269
193 502
193 4
193 1064
193 243
193 689
193 863
193 123
140 843
140 134
140 245
140 221
140 137
140 714
140 969
140 853
140 978
140 59
140 1099
250 1117
250 1101
250 1007
250 217
250 79
250 1000
250 932
250 1098
250 532
250 999
250 571
250 909
250 271
250 926
250 986
250 172
977 902
977 195
502 1101
502 245
502 621
502 969
502 353
502 59
502 505
1117 79
1117 69
1117 128
1117 1124
1117 536
263 657
263 395
263 730
263 1010
1075 720
1075 657
1075 100
1075 1082
1075 249
175 249
62 450
304 686
304 112
304 40
304 500
304 618
304 137
304 714
304 608
727 319
727 68
727 67
727 246
727 295
727 150
727 917
235 449
840 534
840 860
840 120
840 788
840 778
840 463
840 863
840 916
664 120
664 4
664 738
664 885
664 858
664 625
534 467
534 483
534 860
534 120
534 4
534 738
534 539
534 170
534 871
534 115
534 40
534 221
534 726
534 213
534 240
534 603
534 344
534 639
534 34
534 1098
534 268
534 296
534 469
534 118
534 1103
534 94
534 922
806 396
806 1020
467 1097
467 871
467 323
467 434
467 350
467 383
467 619
467 428
467 2
467 732
462 985
462 871
462 804
462 246
462 720
462 726
462 74
462 970
462 137
462 240
462 504
462 634
462 639
462 121
462 696
462 551
462 517
462 384
462 734
462 649
483 332
483 459
483 962
483 493
483 90
483 11
483 588
483 73
483 410
483 204
860 4
860 115
860 886
860 1063
860 699
860 603
860 800
860 469
860 118
860 718
120 972
120 115
120 1047
120 988
120 778
120 726
120 663
120 190
319 4
319 985
319 804
319 246
319 101
319 584
319 323
319 434
319 350
319 542
319 866
319 1108
319 240
319 489
319 742
1079 197
1079 714
1079 414
4 311
4 486
4 393
4 55
4 464
4 434
4 699
4 489
4 800
4 639
4 190
4 674
4 56
4 205
796 40
796 832
796 243
796 413
63 306
63 972
63 184
63 134
63 177
306 184
306 387
306 295
306 240
972 1043
972 865
972 584
972 778
972 497
972 621
972 863
972 916
972 825
972 527
658 115
184 443
184 955
184 101
184 1011
184 743
184 121
179 448
179 1043
179 488
179 134
179 498
179 925
179 958
443 115
443 41
443 781
443 268
738 256
738 985
738 885
738 455
738 858
738 240
738 158
738 625
539 437
539 104
539 488
539 720
539 101
539 563
539 735
539 692
539 762
539 570
539 173
635 985
635 412
635 595
635 398
635 596
635 834
635 767
635 70
635 330
635 318
635 57
1097 804
1097 177
1097 1033
1097 560
1097 383
1097 428
1097 34
1097 248
1097 812
448 543
256 1064
256 871
256 488
256 498
256 217
256 225
256 1095
492 197
492 383
492 1125
492 572
492 222
492 460
58 112
58 407
279 700
279 221
279 1025
279 970
461 459
461 588
461 1029
461 975
461 785
478 274
478 955
478 758
478 711
284 396
284 695
908 124
908 165
908 970
908 50
908 411
908 287
908 1132
908 200
908 770
908 656
156 804
156 246
156 177
156 559
156 387
156 947
156 112
156 1033
156 280
156 323
156 1006
156 434
156 428
156 1041
156 834
156 405
156 810
156 877
985 489
985 596
985 402
985 121
985 268
985 626
985 900
948 580
948 40
948 295
948 240
948 273
948 613
948 94
948 922
948 674
948 440
948 110
948 859
68 67
68 488
68 720
68 855
68 258
68 584
68 515
68 150
68 1063
68 816
68 692
68 841
68 642
68 335
828 720
828 243
828 99
828 234
843 203
843 470
843 902
843 925
843 221
843 1025
843 832
843 862
843 69
843 532
843 849
275 1089
275 610
275 40
275 323
275 231
275 383
275 973
982 518
982 488
982 989
982 716
982 282
982 697
982 383
982 800
982 717
982 841
982 821
982 729
437 1110
437 735
437 659
721 107
721 588
721 204
721 1029
721 975
721 997
721 89
721 633
721 823
1089 258
1089 323
1089 215
1089 231
1089 428
1089 695
1089 751
1089 637
923 258
923 584
923 137
923 408
923 735
910 43
170 967
170 939
170 631
170 726
170 530
170 35
417 720
417 657
955 1026
955 716
955 498
955 1011
955 1063
955 805
955 484
955 800
955 1106
955 909
955 368
667 530
667 880
667 919
667 373
667 132
669 1101
104 1127
104 858
104 101
104 563
104 820
104 173
104 1056
104 277
104 262
104 370
104 662
104 209
104 9
1101 203
1101 1007
1101 254
1101 59
1101 933
1101 505
690 720
690 657
690 987
690 408
690 141
690 735
690 762
690 570
690 38
1055 171
1055 111
1055 1025
1055 769
1055 79
1055 909
1064 697
1064 535
1127 657
1127 262
92 525
92 7
439 774
439 254
439 617
439 662
439 51
788 1011
788 778
788 603
788 961
788 540
518 804
518 486
518 488
518 528
518 719
518 716
518 55
518 515
518 75
518 500
518 1011
518 464
518 1063
518 699
518 805
518 1123
518 698
518 603
518 909
518 471
518 368
518 957
518 717
518 587
518 540
518 1009
518 1036
518 852
518 636
124 1131
124 584
124 697
124 689
124 287
124 71
1114 1043
1114 219
1114 1029
1114 785
1112 296
311 171
311 165
311 1128
311 509
311 470
311 20
311 1072
311 898
311 528
311 583
311 716
311 221
311 956
311 1002
311 913
311 546
311 457
311 1030
311 881
311 238
311 685
1065 1026
1065 992
871 758
871 525
871 886
871 716
871 419
871 905
871 357
871 368
115 577
115 743
115 744
115 951
115 267
115 389
758 495
758 419
758 382
525 43
525 559
525 40
525 1006
525 434
525 350
525 383
525 213
525 619
525 211
525 433
525 807
525 1020
525 812
525 7
519 282
519 0
893 577
893 260
893 265
893 809
577 260
577 67
577 1026
577 267
260 1026
260 621
260 642
260 339
260 598
260 924
260 199
260 229
775 1078
775 291
775 40
775 826
775 150
775 995
775 268
775 180
775 1125
775 836
775 206
775 1096
775 1022
775 638
67 419
67 383
67 542
67 971
67 737
67 1122
67 265
67 23
1078 543
1078 55
1078 995
1078 956
1078 266
1078 180
1078 206
804 43
804 965
804 177
804 559
804 112
804 40
804 75
804 323
804 657
804 547
804 137
804 954
804 2
804 551
804 742
804 348
804 194
130 41
130 171
130 969
130 59
346 673
911 41
911 1110
911 148
911 665
911 452
41 171
41 1110
41 686
41 420
41 245
41 1011
41 495
41 214
41 1098
41 452
41 418
171 420
171 111
171 902
171 491
171 419
171 221
171 214
171 1025
171 428
171 673
171 257
1110 148
1110 978
1110 452
686 420
686 258
686 225
420 622
420 245
148 853
148 1105
148 60
203 902
203 1007
203 714
203 254
203 79
203 1000
203 853
203 59
622 245
1026 1043
1026 486
1026 488
1026 134
1026 720
1026 1072
1026 323
1026 498
1026 781
1026 805
1026 484
1026 553
1026 376
886 401
886 40
886 240
886 268
886 7
886 252
1043 488
1043 111
1043 43
1043 1072
1043 498
1043 560
1043 781
1043 484
1043 588
1043 863
1043 742
486 509
486 20
486 528
486 719
486 716
486 55
486 372
486 549
486 464
486 1063
486 699
486 484
486 800
486 808
486 957
486 1030
486 238
486 598
486 707
488 134
488 111
488 894
488 733
488 258
488 509
488 1072
488 902
488 500
488 498
488 1063
488 995
488 542
488 832
488 563
488 11
488 137
488 484
488 689
488 1122
488 588
488 644
488 531
488 433
488 722
488 335
488 633
488 607
488 974
885 177
885 112
885 396
885 995
885 1035
885 398
885 133
885 625
885 247
885 831
885 66
134 498
134 137
134 484
134 932
134 512
111 26
111 273
111 229
894 855
894 20
894 75
894 781
894 956
894 970
894 550
894 647
455 177
455 1011
455 392
455 144
455 403
455 503
43 246
43 189
43 177
43 112
43 1108
43 689
43 107
43 820
43 1129
43 807
43 1054
43 537
43 49
43 431
43 787
43 135
246 177
246 387
246 947
246 433
246 807
246 460
246 741
246 343
165 780
165 733
165 1131
165 1128
165 470
165 1072
165 898
165 719
165 716
165 282
165 935
165 497
165 698
165 287
165 714
165 336
165 540
165 1002
165 913
165 546
165 457
165 685
165 229
165 1076
165 151
165 42
454 7
544 491
544 1025
544 571
189 323
189 542
189 563
189 619
189 395
189 588
189 428
189 34
189 158
189 163
557 291
858 112
858 401
858 295
858 197
858 211
12 855
12 603
12 722
12 996
12 994
12 548
12 1060
12 399
12 308
12 122
12 160
12 878
543 984
543 240
543 266
965 387
965 971
965 1023
291 609
291 268
291 64
291 298
580 112
580 107
580 613
580 743
580 696
580 513
580 674
580 812
580 633
794 920
794 438
794 954
794 489
794 751
794 861
794 34
794 70
794 31
794 1018
794 33
794 302
610 584
610 243
610 196
610 428
610 714
610 318
610 261
177 855
177 559
177 947
177 112
177 1131
177 295
177 323
177 749
177 287
177 1042
177 810
177 841
177 49
177 251
720 855
720 780
720 101
720 584
720 88
720 935
720 956
720 563
720 657
720 243
720 137
720 225
720 987
720 408
720 990
720 141
720 735
720 570
720 277
720 766
720 938
720 481
720 1045
855 719
855 584
855 295
855 372
855 500
855 697
855 956
855 832
855 484
855 1123
855 594
855 603
855 800
855 808
855 909
855 255
855 779
855 921
855 816
855 598
855 160
855 878
855 833
855 473
780 20
780 935
780 1002
780 546
780 685
559 1033
559 40
559 1006
559 434
559 547
559 96
559 551
559 816
559 70
559 607
559 764
704 976
704 268
704 836
317 188
317 217
188 491
188 725
188 903
387 13
387 542
387 971
387 746
387 991
245 774
245 505
733 217
947 1033
947 810
947 261
947 764
101 956
101 832
101 563
101 657
101 137
101 1095
101 1082
101 743
101 71
101 141
101 810
101 570
101 9
101 795
101 736
101 47
112 1033
112 258
112 584
112 323
112 34
112 973
112 537
112 302
112 764
1033 434
1033 236
1033 261
362 280
362 215
362 838
362 637
1131 935
1131 970
1131 336
258 40
258 438
258 196
258 957
393 1011
393 666
401 887
396 40
396 826
396 740
396 215
396 1118
396 1011
396 449
396 995
396 354
396 1035
396 628
396 398
396 108
396 133
396 292
396 637
396 564
396 285
396 931
396 139
396 602
407 1011
407 984
407 240
407 51
407 1068
407 126
40 719
40 902
40 887
40 282
40 449
40 438
40 240
40 489
40 1077
40 503
40 2
40 1028
40 816
40 232
40 827
40 857
865 834
865 916
865 825
1128 509
1128 470
1128 898
1128 583
1128 297
1128 507
509 470
509 20
509 1072
509 898
509 528
509 583
509 716
509 282
509 699
509 1123
509 800
509 957
509 297
509 913
509 457
470 20
470 1072
470 898
470 528
470 583
470 714
470 862
470 297
470 913
470 1076
470 892
20 1072
20 528
20 583
20 699
20 540
1072 898
1072 528
1072 583
1072 716
1072 372
1072 75
1072 484
1072 714
1072 297
1072 903
1072 546
1072 457
1072 685
1072 42
898 528
898 583
898 716
898 471
898 297
898 913
898 685
528 583
528 699
528 957
583 800
583 42
989 55
989 150
989 800
989 825
989 841
989 913
989 481
719 55
719 500
719 282
719 464
719 1063
719 805
719 1123
719 698
719 639
719 808
719 471
719 368
719 717
719 587
719 916
719 540
719 1009
719 1036
719 852
719 636
719 479
902 1025
902 254
902 909
902 933
902 505
902 195
887 197
887 383
887 1041
887 839
887 958
887 330
887 19
584 196
584 460
584 265
584 302
584 945
716 221
716 778
716 699
716 957
716 457
716 1030
716 881
716 238
716 707
716 507
716 1086
716 646
716 703
280 503
280 839
280 232
280 810
280 460
280 6
55 500
55 549
55 1063
55 542
55 699
55 805
55 1123
55 698
55 808
55 722
55 779
55 921
55 994
55 717
55 913
55 457
55 308
55 122
55 481
55 874
55 397
826 1118
826 995
826 956
515 717
515 399
515 481
515 507
295 595
295 402
295 330
295 833
491 644
491 553
1007 725
1007 774
1007 254
1007 571
1007 617
1007 269
1007 195
1007 441
88 1063
88 1041
88 598
88 661
88 501
740 956
740 689
740 714
740 452
740 285
150 1063
150 287
150 158
150 747
1047 1011
761 372
761 771
761 355
372 771
372 500
372 1050
372 1123
372 957
372 863
372 772
372 345
771 75
771 320
771 909
771 355
771 863
771 339
771 229
75 500
75 1050
75 464
75 1063
75 800
75 696
75 471
75 368
75 841
75 457
500 1050
500 282
500 464
500 1063
500 805
500 484
500 471
500 587
500 457
500 151
500 147
1050 132
1050 1123
1050 1104
549 282
549 1123
549 603
549 808
549 471
549 722
549 779
549 308
282 1123
282 603
282 808
282 540
282 703
697 1063
697 744
323 434
323 349
323 37
323 196
323 395
323 428
323 381
323 2
323 696
323 742
323 194
935 287
935 770
215 995
215 398
215 816
215 637
197 1108
197 971
197 706
197 572
197 599
197 276
680 493
680 728
680 11
680 588
680 917
680 975
498 484
498 644
498 863
1118 838
526 459
526 107
526 588
526 204
526 938
526 426
560 34
560 946
1006 631
1006 834
1006 1020
1006 330
1006 537
939 230
939 880
939 349
939 373
939 712
939 665
939 973
939 997
939 229
939 145
939 844
939 819
1011 449
1011 493
1011 905
1011 484
1011 314
1011 107
1011 613
1011 863
1011 1020
1011 540
1011 951
1011 252
1011 1059
1011 1040
631 530
631 912
631 412
631 880
631 35
464 717
464 457
464 339
464 1092
13 628
13 649
13 642
13 199
13 787
13 991
13 337
13 963
781 484
781 743
781 195
781 647
1063 956
1063 699
1063 132
1063 805
1063 1123
1063 698
1063 813
1063 743
1063 808
1063 471
1063 368
1063 994
1063 717
1063 587
1063 540
1063 1009
1063 1036
1063 852
1063 636
1063 147
495 990
925 221
419 243
419 1123
419 909
419 368
221 932
221 191
988 726
988 978
774 665
774 254
774 571
774 617
774 249
774 51
778 726
778 699
778 338
778 744
778 863
778 916
778 527
984 359
984 231
984 5
984 428
984 594
984 489
1025 956
1025 69
1025 531
1025 532
1025 673
459 866
459 660
459 219
459 1108
459 588
459 922
459 204
459 426
459 453
998 350
46 286
46 355
231 880
231 349
231 196
231 2
231 465
231 692
231 31
231 186
434 920
434 350
434 547
434 489
434 381
434 751
434 861
434 1041
434 2
434 405
434 71
434 194
434 95
434 1034
434 496
962 1108
962 588
962 743
449 74
449 714
449 695
449 144
449 385
449 316
449 981
449 688
449 504
449 310
449 666
449 270
449 734
449 979
449 24
449 324
920 547
920 489
920 751
920 34
350 807
350 1020
350 95
995 956
995 247
383 96
383 144
383 613
383 551
383 330
383 1059
383 363
383 305
286 691
286 402
286 330
286 57
286 945
286 630
286 1080
286 1003
493 444
493 660
493 1108
493 728
493 90
493 11
493 22
493 107
493 588
493 289
493 975
493 974
493 276
493 1040
493 307
493 589
493 329
493 1115
493 391
493 568
493 106
493 1052
5 613
632 732
632 747
632 95
632 1038
74 144
74 504
74 310
74 683
74 366
74 734
74 24
74 168
1119 689
1119 218
542 971
542 395
542 403
542 268
542 836
542 358
542 1102
438 956
438 832
438 395
438 489
438 751
438 34
438 70
438 1031
438 517
438 33
438 1034
956 563
956 1123
956 1122
956 287
956 745
956 692
956 23
956 787
956 736
956 789
956 623
832 880
832 243
832 976
832 625
832 692
444 11
444 689
444 289
444 917
444 975
444 253
217 999
866 937
866 107
866 73
866 785
866 453
866 307
866 655
230 342
230 530
230 373
230 289
230 633
660 937
660 728
660 135
660 276
660 426
660 307
660 624
968 588
0 342
0 950
0 107
0 588
0 785
0 938
0 1051
342 937
342 1082
342 296
342 262
342 938
342 426
342 1051
950 90
950 107
950 588
950 405
950 990
950 347
950 73
950 1029
950 538
950 375
219 785
219 997
219 276
937 1108
937 728
937 90
937 131
937 912
937 412
937 185
937 588
937 344
937 73
937 89
937 276
937 186
937 329
937 655
937 521
937 801
937 187
937 757
1108 728
1108 395
1108 588
1108 73
1108 633
1108 823
1108 276
1108 391
530 373
530 35
530 706
728 11
728 820
728 289
728 975
728 974
728 276
728 307
728 1115
728 624
90 588
90 289
90 106
90 1016
90 32
563 657
563 1082
563 99
563 735
563 277
563 209
563 54
142 131
131 912
131 665
131 185
131 344
131 613
131 801
657 987
657 99
657 735
657 249
657 277
657 262
657 209
657 567
677 19
912 344
912 801
960 412
960 691
960 1111
960 19
960 574
412 402
412 1059
412 604
880 919
880 349
880 373
880 1037
880 338
880 954
880 344
880 957
243 395
243 403
243 78
243 34
243 732
243 734
970 749
970 287
970 822
699 395
699 1123
699 808
699 471
699 957
699 825
699 457
699 1030
699 238
699 707
699 1086
699 620
749 287
749 336
749 76
919 712
919 1084
349 712
349 665
349 132
349 954
349 344
349 913
349 399
349 844
373 712
373 1046
373 344
373 1125
373 572
712 976
712 180
712 620
497 571
497 863
497 916
497 825
497 527
497 1002
497 685
497 339
497 229
497 345
497 715
11 588
11 289
11 917
11 975
11 253
615 930
547 713
618 137
618 79
618 69
618 969
618 333
618 790
618 692
976 993
976 714
976 268
976 836
976 305
185 344
971 450
971 314
971 850
971 836
971 649
971 136
868 714
737 993
737 1122
737 265
737 23
737 442
450 395
450 836
450 649
993 1122
993 809
654 31
1005 7
137 751
137 1066
137 743
137 696
137 205
137 682
22 398
22 289
37 724
196 31
196 614
619 395
619 95
805 1123
805 909
805 471
805 368
805 717
805 825
805 1036
805 636
484 1122
484 553
484 797
484 743
484 73
484 80
484 253
689 553
689 531
689 73
689 80
314 792
314 136
314 472
395 211
395 588
395 428
395 34
395 836
395 922
395 205
395 212
211 836
1123 698
1123 603
1123 909
1123 471
1123 368
1123 957
1123 717
1123 587
1123 540
1123 1009
1123 1036
1123 852
1123 636
290 428
290 405
290 877
290 237
290 416
107 588
107 820
107 73
107 204
107 785
107 997
107 89
107 1054
107 453
107 14
621 79
621 743
621 863
621 825
621 527
621 642
621 95
621 1107
50 287
411 287
411 1042
411 80
1122 265
1122 809
1122 23
1122 442
1120 76
694 754
167 642
167 265
167 23
167 442
167 404
167 1070
954 428
954 714
954 489
954 751
954 34
954 158
954 70
588 714
588 34
588 73
588 422
588 917
588 204
588 975
588 785
588 997
588 89
588 938
588 276
588 426
588 106
820 922
820 204
820 538
116 242
116 51
428 695
428 861
428 34
428 261
428 416
792 1008
698 1000
698 471
698 717
698 587
698 1009
698 1036
698 852
698 636
595 398
595 834
595 833
595 945
287 1132
287 770
714 144
714 385
714 266
714 861
714 834
714 408
714 1021
714 296
714 729
714 546
714 763
714 25
714 1085
714 482
714 964
236 812
553 1106
303 289
254 617
254 59
254 249
240 405
240 158
240 990
240 691
240 347
240 703
594 403
594 961
392 1102
392 914
489 751
489 157
489 861
489 34
489 743
489 70
489 1031
489 465
489 517
489 1018
489 33
489 302
489 261
489 611
427 2
603 800
603 808
603 957
603 722
603 255
603 921
603 994
603 717
603 548
603 160
603 878
603 473
800 808
800 909
800 471
800 722
800 255
800 996
800 160
79 69
79 1000
79 932
79 909
79 238
79 514
862 532
862 779
862 293
862 421
69 969
69 333
69 790
69 1077
69 532
1000 909
494 128
494 505
693 695
695 144
695 316
695 688
695 751
695 270
695 1021
695 76
695 66
695 302
695 789
695 14
695 1039
969 790
969 59
969 505
333 909
333 128
333 736
790 54
218 981
218 688
144 316
144 108
144 76
144 900
385 316
354 637
344 801
1035 133
1035 831
1035 874
838 637
628 398
628 649
628 564
628 522
628 1061
266 596
266 1059
398 247
398 285
398 874
398 84
398 675
398 523
398 328
398 890
463 1003
596 691
596 626
797 1071
316 380
981 688
981 24
504 734
310 158
798 813
853 978
853 475
108 637
639 957
639 841
133 637
133 831
133 931
133 874
133 522
813 380
813 324
403 158
531 48
531 78
531 315
531 320
48 78
78 315
353 535
353 505
353 856
1077 532
1077 926
745 34
745 1104
745 535
932 999
932 571
932 863
822 585
541 877
751 861
751 34
751 70
751 1031
751 465
861 70
861 302
1041 503
1041 839
1041 718
1041 460
1041 19
433 343
433 441
433 331
433 239
433 511
834 877
34 760
34 158
34 70
34 465
34 764
34 237
503 666
503 839
503 429
503 6
503 890
2 1021
405 990
405 347
405 183
760 326
670 747
987 735
987 38
408 550
408 692
408 676
1082 735
1082 262
1082 567
1066 897
743 1098
743 571
743 884
743 666
743 1059
743 453
743 763
71 540
99 735
990 347
990 877
990 857
1098 540
141 585
735 873
532 999
532 505
452 863
452 271
571 271
571 709
571 172
617 249
617 9
617 441
617 3
691 330
402 330
402 466
884 535
666 863
696 426
696 768
347 572
347 1029
347 599
347 538
347 375
347 757
347 643
551 718
551 877
551 261
551 1034
73 922
73 785
73 655
73 538
73 643
1132 80
1132 1049
1132 312
1132 770
268 335
268 389
268 620
180 206
281 661
281 309
1021 31
1125 469
200 229
146 380
808 255
808 996
808 921
808 548
808 1060
808 160
808 878
808 481
808 397
808 44
909 471
909 368
909 957
909 856
909 269
471 368
471 717
471 587
471 1009
471 1036
471 852
471 636
471 479
15 355
15 507
15 345
15 1092
368 841
957 717
957 160
957 1086
957 646
957 703
355 827
355 345
355 1092
292 734
336 151
569 377
128 736
722 996
722 994
722 122
722 160
255 779
255 996
255 994
255 535
255 160
779 996
779 994
779 548
779 160
996 994
996 160
994 548
994 293
816 637
232 429
429 469
717 863
717 587
717 1009
717 1036
717 852
717 636
289 917
289 975
289 307
289 568
289 106
289 1052
289 32
289 220
807 49
807 343
1111 574
836 206
836 649
836 136
836 81
1019 366
161 264
70 1031
70 302
1031 517
1031 857
1031 611
713 302
713 77
465 517
1104 507
366 685
863 916
863 825
863 527
863 540
59 505
535 505
297 1009
297 913
297 546
297 238
297 1076
587 1009
587 1036
587 852
587 636
377 963
377 763
377 1085
377 522
377 799
123 916
206 809
206 1070
1099 512
195 1058
608 711
917 975
917 1115
917 253
917 768
916 825
916 527
296 938
296 1051
469 460
1103 718
922 410
922 1029
922 785
732 747
517 33
517 302
517 472
384 877
649 136
204 997
204 633
204 624
204 750
414 14
205 507
825 527
825 229
527 119
692 841
692 1034
692 1013
692 556
692 176
762 570
762 38
330 945
1029 655
1029 375
1029 757
1029 643
975 253
975 32
975 643
785 655
785 1051
785 757
785 643
877 537
626 89
900 997
900 89
900 823
900 247
900 782
841 313
642 199
642 991
642 963
335 661
335 501
335 620
821 507
821 313
997 89
997 633
997 782
89 782
633 823
633 655
633 538
633 927
277 369
209 3
540 854
1009 1036
1009 852
1009 636
1036 852
1036 636
852 636
1002 546
1002 685
1002 1076
913 479
913 28
546 685
546 199
881 238
881 707
881 507
881 1086
881 646
881 703
881 496
238 707
238 507
238 1086
238 703
685 831
685 1076
951 562
267 389
389 472
265 23
265 1070
339 229
339 715
199 638
199 337
199 963
199 763
199 1085
229 345
229 1092
1022 963
1022 763
1022 1085
1022 522
1022 799
23 442
23 404
23 1070
252 679
707 1086
707 703
607 183
974 1040
247 1115
831 874
1054 14
49 835
431 496
431 1017
787 991
787 963
343 441
343 331
548 1060
548 878
1060 399
399 481
31 33
261 764
938 276
938 426
938 1051
481 397
481 1107
481 44
833 773
285 84
285 890
507 1086
507 703
19 824
945 25
1086 703
1086 39
441 331
661 620
501 620
747 95
345 1092
276 426
276 106
276 757
276 782
946 824
145 723
1059 604
1059 468
337 963
337 763
337 1085
337 799
963 763
963 1085
963 482
963 799
95 952
630 1003
630 25
1003 25
1115 371
391 768
106 32
789 1085
789 522
655 538
655 375
655 757
655 643
375 757
375 643
757 643
32 782
136 545
1070 799
763 1085
763 482
763 522
763 799
1085 482
1085 522
1085 799
482 799
611 334
522 1061
84 890
84 777
331 181
239 511
466 606
643 782
606 606
