0 157
1 697
2 466
3 991
4 839
5 748
6 315
7 494
8 419
9 208
10 421
11 611
12 537
13 664
14 975
15 275
16 270
17 1098
18 1052
19 584
20 725
21 48
22 1058
23 240
24 35
25 853
26 400
27 320
28 84
29 783
30 257
31 515
32 509
33 1028
34 188
35 548
36 776
37 367
38 309
39 34
40 383
41 237
42 552
43 786
44 821
45 20
46 176
47 66
48 1001
49 5
50 605
51 699
52 55
53 69
54 567
55 219
56 1061
57 596
58 200
59 1112
60 67
61 473
62 243
63 541
64 335
65 858
66 716
67 539
68 634
69 750
70 406
71 174
72 890
73 19
74 112
75 782
76 292
77 775
78 569
79 604
80 1069
81 601
82 113
83 656
84 581
85 735
86 780
87 459
88 960
89 553
90 464
91 594
92 1026
93 663
94 116
95 954
96 1113
97 298
98 565
99 1014
100 734
101 713
102 511
103 904
104 117
105 189
106 347
107 495
108 661
109 732
110 25
111 1032
112 283
113 680
114 239
115 255
116 807
117 985
118 456
119 368
120 192
121 984
122 727
123 818
124 956
125 2
126 1025
127 294
128 721
129 759
130 246
131 487
132 756
133 314
134 474
135 928
136 769
137 895
138 880
139 729
140 659
141 477
142 617
143 498
144 799
145 917
146 931
147 1127
148 170
149 319
150 963
151 705
152 128
153 266
154 764
155 838
156 190
157 37
158 1038
159 103
160 110
161 235
162 161
163 1108
164 707
165 324
166 893
167 988
168 153
169 1040
170 366
171 580
172 414
173 872
174 475
175 1130
176 670
177 1064
178 213
179 911
180 1034
181 889
182 154
183 701
184 518
185 360
186 610
187 124
188 222
189 961
190 8
191 472
192 592
193 555
194 574
195 831
196 399
197 49
198 877
199 413
200 1051
201 1043
202 7
203 102
204 647
205 430
206 328
207 218
208 98
209 396
210 390
211 777
212 310
213 1015
214 556
215 815
216 36
217 93
218 589
219 620
220 632
221 492
222 1118
223 1048
224 74
225 810
226 104
227 723
228 868
229 1
230 953
231 926
232 938
233 372
234 166
235 54
236 87
237 828
238 1081
239 490
240 397
241 635
242 1031
243 1013
244 38
245 442
246 772
247 179
248 91
249 423
250 789
251 805
252 127
253 316
254 540
255 183
256 767
257 629
258 501
259 302
260 758
261 331
262 341
263 914
264 227
265 573
266 1084
267 253
268 162
269 702
270 1123
271 983
272 160
273 559
274 579
275 667
276 631
277 524
278 586
279 944
280 826
281 409
282 745
283 76
284 350
285 1023
286 644
287 752
288 363
289 1008
290 864
291 344
292 852
293 252
294 948
295 149
296 300
297 841
298 343
299 669
300 946
301 187
302 820
303 301
304 943
305 1107
306 214
307 1119
308 675
309 949
310 1080
311 1059
312 519
313 462
314 557
315 874
316 97
317 951
318 871
319 453
320 57
321 259
322 833
323 753
324 1007
325 646
326 980
327 633
328 488
329 1019
330 175
331 608
332 538
333 950
334 1120
335 380
336 191
337 925
338 471
339 1021
340 923
341 1042
342 1005
343 274
344 834
345 137
346 226
347 375
348 262
349 373
350 244
351 336
352 171
353 902
354 1109
355 987
356 486
357 186
358 719
359 130
360 125
361 912
362 650
363 544
364 299
365 10
366 1016
367 70
368 247
369 981
370 827
371 476
372 41
373 900
374 619
375 1079
376 455
377 261
378 959
379 737
380 177
381 1035
382 267
383 11
384 1073
385 129
386 962
387 105
388 566
389 630
390 1067
391 245
392 281
393 691
394 323
395 920
396 307
397 88
398 979
399 1030
400 533
401 939
402 80
403 15
404 804
405 1022
406 599
407 688
408 230
409 1017
410 434
411 822
412 392
413 342
414 952
415 913
416 768
417 1117
418 180
419 845
420 381
421 73
422 529
423 562
424 249
425 561
426 576
427 628
428 1074
429 450
430 505
431 167
432 203
433 196
434 627
435 830
436 677
437 121
438 109
439 625
440 144
441 657
442 276
443 165
444 9
445 321
446 206
447 327
448 56
449 685
450 715
451 1066
452 445
453 850
454 433
455 641
456 792
457 742
458 840
459 743
460 446
461 882
462 693
463 364
464 1104
465 374
466 681
467 993
468 1047
469 147
470 814
471 393
472 532
473 46
474 1033
475 770
476 969
477 45
478 1102
479 126
480 31
481 761
482 289
483 61
484 1050
485 95
486 260
487 971
488 0
489 762
490 371
491 797
492 506
493 808
494 666
495 972
496 996
497 481
498 543
499 746
500 694
501 348
502 1004
503 849
504 395
505 346
506 71
507 736
508 264
509 182
510 1131
511 933
512 365
513 437
514 1029
515 862
516 444
517 817
518 77
519 1116
520 513
521 754
522 457
523 225
524 726
525 79
526 304
527 836
528 231
529 875
530 232
531 339
532 362
533 217
534 101
535 560
536 1003
537 389
538 502
539 888
540 618
541 1096
542 205
543 994
544 522
545 648
546 138
547 652
548 1105
549 689
550 1063
551 1044
552 497
553 637
554 803
555 995
556 722
557 119
558 809
559 370
560 435
561 479
562 1129
563 645
564 554
565 238
566 209
567 326
568 140
569 712
570 676
571 760
572 418
573 531
574 679
575 651
576 357
577 885
578 813
579 484
580 595
581 234
582 1114
583 878
584 100
585 198
586 148
587 551
588 1002
589 123
590 81
591 345
592 999
593 68
594 6
595 1057
596 749
597 385
598 51
599 766
600 478
601 966
602 338
603 708
604 228
605 1000
606 936
607 401
608 377
609 528
610 534
611 731
612 909
613 958
614 313
615 197
616 1124
617 391
618 894
619 496
620 388
621 278
622 465
623 757
624 250
625 990
626 671
627 572
628 1095
629 512
630 665
631 480
632 62
633 295
634 934
635 978
636 1077
637 241
638 256
639 930
640 899
641 216
642 997
643 152
644 686
645 242
646 1055
647 1006
648 1085
649 897
650 53
651 683
652 447
653 378
654 582
655 591
656 626
657 195
658 43
659 356
660 297
661 798
662 424
663 1106
664 181
665 172
666 545
667 233
668 887
669 639
670 884
671 870
672 787
673 212
674 824
675 907
676 801
677 14
678 28
679 564
680 1087
681 72
682 684
683 865
684 143
685 4
686 354
687 86
688 508
689 1121
690 1046
691 483
692 111
693 937
694 204
695 793
696 755
697 869
698 63
699 158
700 535
701 1132
702 451
703 1041
704 168
705 692
706 358
707 918
708 932
709 441
710 527
711 132
712 945
713 85
714 303
715 99
716 402
717 546
718 706
719 21
720 169
721 92
722 1018
723 866
724 516
725 593
726 403
727 248
728 1072
729 439
730 788
731 193
732 202
733 468
734 747
735 94
736 1060
737 1076
738 1078
739 614
740 59
741 83
742 352
743 973
744 791
745 1053
746 654
747 42
748 58
749 542
750 891
751 649
752 236
753 941
754 901
755 673
756 1011
757 491
758 1062
759 844
760 349
761 867
762 602
763 351
764 286
765 134
766 142
767 1068
768 273
769 155
770 18
771 846
772 1065
773 843
774 903
775 1024
776 288
777 724
778 139
779 22
780 50
781 842
782 714
783 794
784 668
785 658
786 624
787 643
788 974
789 829
790 461
791 33
792 1036
793 609
794 1126
795 700
796 857
797 1056
798 90
799 860
800 146
801 710
802 778
803 287
804 463
805 485
806 924
807 164
808 607
809 883
810 333
811 1083
812 598
813 1100
814 306
815 432
816 606
817 96
818 1020
819 325
820 929
821 268
822 613
823 785
824 863
825 282
826 60
827 1111
828 773
829 992
830 13
831 141
832 405
833 861
834 550
835 337
836 1092
837 530
838 526
839 848
840 355
841 717
842 135
843 739
844 415
845 507
846 751
847 469
848 420
849 118
850 986
851 443
852 332
853 223
854 429
855 82
856 438
857 1009
858 892
859 407
860 587
861 120
862 44
863 1103
864 1075
865 114
866 1070
867 317
868 308
869 855
870 145
871 740
872 1088
873 1027
874 201
875 1054
876 30
877 75
878 122
879 404
880 682
881 23
882 687
883 26
884 78
885 448
886 482
887 24
888 131
889 847
890 942
891 585
892 108
893 269
894 674
895 940
896 575
897 520
898 879
899 718
900 211
901 640
902 741
903 738
904 638
905 1090
906 588
907 514
908 1094
909 774
910 704
911 1010
912 416
913 285
914 970
915 1037
916 922
917 353
918 876
919 915
920 1122
921 493
922 600
923 16
924 398
925 221
926 906
927 277
928 178
929 837
930 616
931 460
932 711
933 359
934 173
935 806
936 678
937 290
938 898
939 185
940 150
941 536
942 583
943 965
944 394
945 859
946 229
947 1045
948 489
949 977
950 779
951 1097
952 908
953 1101
954 52
955 3
956 835
957 422
958 1125
959 412
960 709
961 449
962 272
963 156
964 499
965 470
966 426
967 955
968 622
969 379
970 886
971 159
972 642
973 284
974 623
975 603
976 832
977 784
978 293
979 210
980 291
981 410
982 558
983 425
984 1049
985 312
986 549
987 597
988 133
989 763
990 660
991 816
992 376
993 823
994 431
995 851
996 819
997 919
998 695
999 615
1000 1115
1001 720
1002 184
1003 525
1004 967
1005 976
1006 1093
1007 621
1008 571
1009 733
1010 802
1011 340
1012 215
1013 40
1014 417
1015 982
1016 795
1017 467
1018 1039
1019 1086
1020 311
1021 436
1022 563
1023 39
1024 989
1025 856
1026 905
1027 655
1028 254
1029 1071
1030 334
1031 452
1032 199
1033 921
1034 1089
1035 384
1036 387
1037 64
1038 458
1039 107
1040 369
1041 881
1042 265
1043 916
1044 322
1045 280
1046 106
1047 873
1048 510
1049 947
1050 115
1051 812
1052 927
1053 577
1054 428
1055 825
1056 811
1057 194
1058 500
1059 163
1060 89
1061 263
1062 800
1063 12
1064 207
1065 570
1066 521
1067 32
1068 382
1069 258
1070 728
1071 568
1072 279
1073 517
1074 523
1075 590
1076 1128
1077 790
1078 696
1079 765
1080 744
1081 305
1082 151
1083 330
1084 690
1085 730
1086 957
1087 27
1088 1012
1089 136
1090 427
1091 224
1092 1099
1093 1110
1094 653
1095 503
1096 771
1097 896
1098 329
1099 504
1100 612
1101 703
1102 17
1103 636
1104 361
1105 964
1106 271
1107 440
1108 454
1109 65
1110 998
1111 408
1112 1082
1113 1091
1114 662
1115 910
1116 698
1117 781
1118 386
1119 411
1120 47
1121 547
1122 251
1123 935
1124 796
1125 854
1126 968
1127 220
1128 578
1129 296
1130 29
1131 672
1132 318
