0 863
1 614
2 1034
3 271
4 712
5 270
6 585
7 909
8 635
9 283
10 968
11 129
12 5
13 230
14 1131
15 639
16 623
17 354
18 250
19 741
20 1123
21 1040
22 621
23 612
24 687
25 335
26 158
27 178
28 300
29 546
30 727
31 1056
32 139
33 597
34 893
35 383
36 137
37 1001
38 308
39 222
40 39
41 898
42 920
43 10
44 213
45 633
46 364
47 993
48 927
49 37
50 885
51 326
52 363
53 377
54 60
55 929
56 254
57 366
58 1042
59 924
60 1127
61 492
62 1023
63 201
64 685
65 610
66 707
67 111
68 302
69 212
70 434
71 198
72 864
73 76
74 618
75 286
76 455
77 21
78 65
79 515
80 479
81 660
82 91
83 1049
84 679
85 1090
86 960
87 997
88 832
89 452
90 403
91 240
92 1015
93 862
94 840
95 697
96 458
97 392
98 177
99 195
100 32
101 1051
102 1058
103 1043
104 115
105 652
106 450
107 524
108 267
109 235
110 814
111 777
112 971
113 429
114 838
115 861
116 923
117 747
118 704
119 190
120 563
121 759
122 260
123 592
124 1084
125 406
126 665
127 125
128 756
129 238
130 174
131 380
132 750
133 332
134 616
135 967
136 748
137 457
138 791
139 132
140 1055
141 428
142 760
143 573
144 882
145 683
146 9
147 530
148 237
149 914
150 1065
151 1132
152 964
153 1018
154 536
155 193
156 970
157 1122
158 876
159 1019
160 729
161 934
162 719
163 504
164 135
165 388
166 427
167 827
168 408
169 507
170 528
171 171
172 949
173 561
174 359
175 910
176 888
177 824
178 163
179 460
180 36
181 339
182 980
183 105
184 1059
185 796
186 211
187 961
188 446
189 1105
190 390
191 379
192 173
193 625
194 793
195 591
196 973
197 475
198 46
199 487
200 708
201 481
202 404
203 104
204 547
205 588
206 772
207 433
208 976
209 30
210 564
211 582
212 210
213 957
214 651
215 977
216 933
217 817
218 436
219 192
220 24
221 218
222 795
223 951
224 743
225 472
226 1053
227 64
228 725
229 658
230 855
231 1025
232 255
233 753
234 1110
235 894
236 474
237 355
238 297
239 1036
240 513
241 1093
242 783
243 442
244 407
245 1088
246 279
247 1050
248 881
249 426
250 187
251 264
252 1006
253 506
254 121
255 444
256 570
257 362
258 265
259 1107
260 69
261 153
262 600
263 387
264 1126
265 1094
266 690
267 464
268 1031
269 328
270 1120
271 1079
272 991
273 1033
274 1085
275 220
276 1125
277 54
278 234
279 981
280 110
281 858
282 477
283 484
284 248
285 879
286 996
287 40
288 249
289 257
290 808
291 189
292 921
293 769
294 699
295 414
296 277
297 1014
298 440
299 389
300 97
301 124
302 103
303 956
304 17
305 400
306 646
307 647
308 798
309 197
310 241
311 634
312 702
313 578
314 693
315 272
316 575
317 986
318 630
319 525
320 18
321 1016
322 545
323 454
324 821
325 1061
326 559
327 773
328 803
329 599
330 586
331 266
332 87
333 1087
334 435
335 1048
336 912
337 723
338 229
339 28
340 886
341 113
342 207
343 728
344 374
345 448
346 273
347 857
348 715
349 252
350 162
351 49
352 641
353 892
354 937
355 583
356 33
357 1097
358 183
359 384
360 342
361 51
362 654
363 469
364 337
365 555
366 982
367 905
368 489
369 61
370 537
371 677
372 706
373 926
374 568
375 1047
376 402
377 449
378 225
379 14
380 1102
381 146
382 461
383 90
384 999
385 451
386 637
387 527
388 813
389 45
390 589
391 790
392 206
393 1020
394 603
395 298
396 367
397 102
398 1070
399 739
400 779
401 983
402 317
403 571
404 661
405 556
406 628
407 150
408 1026
409 281
410 604
411 194
412 296
413 1010
414 809
415 1002
416 794
417 806
418 680
419 681
420 13
421 396
422 945
423 549
424 962
425 890
426 320
427 424
428 358
429 766
430 581
431 757
432 598
433 282
434 126
435 590
436 724
437 754
438 544
439 485
440 717
441 953
442 127
443 668
444 738
445 1072
446 478
447 1071
448 636
449 682
450 762
451 730
452 152
453 56
454 613
455 55
456 716
457 386
458 846
459 1128
460 157
461 258
462 462
463 292
464 670
465 1041
466 305
467 244
468 501
469 419
470 141
471 801
472 219
473 595
474 138
475 423
476 900
477 988
478 870
479 731
480 70
481 371
482 1017
483 942
484 312
485 42
486 987
487 918
488 539
489 466
490 410
491 82
492 865
493 994
494 653
495 512
496 935
497 86
498 659
499 445
500 275
501 911
502 316
503 859
504 765
505 412
506 247
507 431
508 38
509 609
510 330
511 92
512 122
513 655
514 1039
515 447
516 93
517 828
518 488
519 782
520 562
521 720
522 837
523 694
524 290
525 278
526 663
527 101
528 405
529 394
530 829
531 629
532 843
533 204
534 1083
535 369
536 684
537 649
538 587
539 873
540 465
541 27
542 79
543 12
544 1104
545 1116
546 516
547 16
548 664
549 849
550 627
551 867
552 810
553 820
554 989
555 1063
556 891
557 182
558 184
559 644
560 688
561 62
562 1100
563 710
564 245
565 494
566 1030
567 75
568 304
569 770
570 114
571 361
572 998
573 151
574 854
575 140
576 232
577 108
578 607
579 943
580 323
581 226
582 106
583 797
584 822
585 1012
586 576
587 41
588 437
589 276
590 0
591 887
592 360
593 557
594 608
595 752
596 1045
597 826
598 439
599 567
600 560
601 667
602 1115
603 284
604 551
605 74
606 496
607 1114
608 142
609 1027
610 611
611 253
612 856
613 948
614 399
615 577
616 853
617 329
618 67
619 348
620 372
621 572
622 422
623 1060
624 120
625 823
626 1
627 338
628 676
629 698
630 343
631 233
632 78
633 992
634 89
635 895
636 671
637 593
638 148
639 615
640 1005
641 691
642 913
643 35
644 761
645 799
646 736
647 166
648 825
649 579
650 1099
651 566
652 144
653 319
654 850
655 334
656 202
657 917
658 904
659 307
660 632
661 243
662 940
663 774
664 25
665 764
666 1108
667 22
668 526
669 416
670 505
671 896
672 145
673 514
674 535
675 11
676 256
677 395
678 310
679 952
680 502
681 84
682 181
683 116
684 268
685 96
686 236
687 721
688 844
689 985
690 344
691 291
692 43
693 619
694 368
695 1124
696 928
697 771
698 333
699 50
700 1013
701 156
702 165
703 98
704 1003
705 768
706 3
707 1077
708 301
709 880
710 109
711 834
712 1101
713 836
714 1035
715 26
716 311
717 807
718 288
719 648
720 868
721 85
722 675
723 842
724 306
725 1054
726 470
727 180
728 341
729 208
730 246
731 656
732 978
733 733
734 191
735 1062
736 1057
737 972
738 287
739 242
740 299
741 947
742 154
743 1032
744 511
745 289
746 6
747 1028
748 620
749 1130
750 617
751 601
752 227
753 1074
754 314
755 294
756 313
757 322
758 68
759 696
760 543
761 413
762 963
763 695
764 88
765 965
766 100
767 958
768 425
769 657
770 574
771 852
772 409
773 975
774 318
775 1078
776 954
777 508
778 205
779 745
780 293
781 159
782 931
783 878
784 262
785 815
786 401
787 678
788 1044
789 161
790 742
791 1091
792 1089
793 1118
794 804
795 432
796 605
797 188
798 4
799 44
800 381
801 722
802 638
803 346
804 1009
805 908
806 990
807 869
808 1076
809 950
810 602
811 490
812 1011
813 2
814 123
815 345
816 740
817 1067
818 31
819 626
820 1029
821 554
822 83
823 553
824 529
825 847
826 979
827 692
828 58
829 1113
830 518
831 393
832 851
833 642
834 673
835 552
836 365
837 7
838 522
839 411
840 149
841 622
842 443
843 517
844 714
845 734
846 800
847 1129
848 203
849 874
850 550
851 417
852 746
853 1119
854 662
855 170
856 172
857 1008
858 73
859 889
860 1052
861 839
862 1037
863 744
864 1021
865 767
866 221
867 309
868 493
869 939
870 903
871 349
872 519
873 239
874 500
875 59
876 606
877 48
878 1092
879 711
880 340
881 336
882 356
883 1096
884 134
885 786
886 486
887 818
888 902
889 930
890 805
891 919
892 77
893 584
894 732
895 689
896 700
897 430
898 80
899 47
900 199
901 200
902 643
903 438
904 468
905 897
906 23
907 907
908 811
909 347
910 315
911 974
912 735
913 778
914 966
915 175
916 776
917 548
918 499
919 95
920 63
921 29
922 936
923 594
924 497
925 984
926 523
927 666
928 280
929 816
930 1117
931 785
932 176
933 196
934 147
935 703
936 228
937 705
938 259
939 944
940 713
941 420
942 1111
943 1064
944 15
945 463
946 1080
947 303
948 473
949 946
950 669
951 331
952 459
953 640
954 1007
955 370
956 812
957 542
958 969
959 155
960 877
961 534
962 521
963 1098
964 52
965 955
966 34
967 269
968 263
969 321
970 81
971 133
972 848
973 353
974 1095
975 295
976 749
977 758
978 520
979 650
980 1112
981 883
982 274
983 1075
984 872
985 185
986 701
987 382
988 119
989 20
990 179
991 533
992 357
993 231
994 168
995 1082
996 1066
997 672
998 378
999 467
1000 495
1001 645
1002 223
1003 866
1004 107
1005 418
1006 830
1007 915
1008 932
1009 186
1010 251
1011 453
1012 686
1013 875
1014 397
1015 117
1016 169
1017 780
1018 421
1019 373
1020 1121
1021 737
1022 922
1023 569
1024 217
1025 215
1026 160
1027 674
1028 391
1029 901
1030 819
1031 565
1032 130
1033 718
1034 1103
1035 136
1036 755
1037 72
1038 906
1039 112
1040 884
1041 1004
1042 899
1043 131
1044 491
1045 214
1046 624
1047 509
1048 71
1049 385
1050 792
1051 1081
1052 57
1053 351
1054 751
1055 1069
1056 531
1057 164
1058 285
1059 1068
1060 503
1061 209
1062 831
1063 482
1064 802
1065 94
1066 540
1067 143
1068 456
1069 959
1070 476
1071 916
1072 845
1073 1000
1074 1073
1075 510
1076 596
1077 398
1078 19
1079 66
1080 871
1081 726
1082 532
1083 580
1084 781
1085 925
1086 483
1087 789
1088 167
1089 1106
1090 118
1091 841
1092 261
1093 324
1094 1038
1095 441
1096 709
1097 763
1098 558
1099 498
1100 376
1101 53
1102 375
1103 833
1104 995
1105 8
1106 99
1107 1046
1108 1109
1109 1022
1110 480
1111 352
1112 941
1113 1086
1114 415
1115 216
1116 224
1117 784
1118 541
1119 350
1120 775
1121 327
1122 1024
1123 860
1124 325
1125 128
1126 631
1127 938
1128 835
1129 787
1130 788
1131 471
1132 538
