267 408
267 123
267 870
267 286
267 37
267 222
267 1026
267 580
267 356
267 882
267 398
267 60
267 40
267 687
267 449
267 1018
267 914
267 844
267 850
267 164
267 1020
267 52
267 210
267 703
267 567
267 401
267 833
267 887
267 221
267 1118
408 123
408 870
408 37
408 222
408 1026
408 580
408 356
408 882
408 60
408 449
408 914
408 844
408 850
408 1020
408 210
408 1095
408 407
408 231
408 468
408 208
408 761
123 870
123 37
123 222
123 1026
123 580
123 882
123 398
123 60
123 449
123 914
123 844
123 850
123 164
123 1020
123 52
123 401
123 833
123 231
123 42
123 348
123 307
123 359
123 678
123 663
123 860
123 924
123 167
123 143
123 990
123 573
123 1063
123 1041
123 959
123 396
123 842
123 923
870 882
870 1020
870 924
870 945
870 684
870 118
870 95
870 327
870 59
870 989
870 70
870 778
870 1007
870 874
870 463
870 1011
870 963
870 489
870 65
286 37
286 60
286 362
286 1087
286 7
286 794
286 748
286 853
286 722
37 222
37 1026
37 60
37 449
37 914
37 1020
37 401
37 833
37 231
37 322
37 317
37 713
37 836
37 69
37 366
37 540
37 509
222 580
222 356
222 60
222 687
222 449
222 844
222 1020
222 833
222 794
222 282
222 357
222 413
222 949
222 720
222 1017
222 180
222 898
222 66
222 859
222 277
222 636
222 188
1026 1020
1026 833
1026 381
1026 680
580 356
580 60
580 449
580 164
580 1020
580 210
580 221
580 307
580 855
580 699
580 426
580 596
580 974
356 449
356 210
356 221
356 231
356 963
356 61
356 705
356 302
356 531
356 502
356 1049
356 1001
356 809
356 783
356 434
356 274
356 384
356 584
356 642
356 729
356 979
356 645
356 102
356 868
356 148
356 1043
356 550
356 1121
882 914
882 844
882 850
882 1020
882 703
882 401
882 860
882 362
882 867
882 933
882 318
882 459
882 818
882 281
882 172
882 191
398 69
398 1078
398 955
398 846
398 1086
398 518
398 176
398 8
398 733
398 146
398 601
398 462
398 280
398 837
398 915
398 618
60 40
60 449
60 914
60 1020
60 210
60 833
60 860
60 794
60 596
60 618
60 664
60 249
60 1004
60 204
60 556
60 972
60 1101
40 687
40 449
40 210
40 407
40 231
40 322
40 974
40 302
40 502
40 979
40 645
40 281
40 97
40 252
40 155
40 604
40 373
40 1009
40 335
40 857
40 735
40 243
40 592
40 788
40 287
40 917
40 134
40 309
40 461
40 765
40 122
40 420
40 285
687 52
687 407
687 231
687 794
687 1017
687 645
687 857
687 1014
687 1082
687 921
687 1130
687 101
687 1088
687 1019
687 504
687 854
449 210
449 221
449 407
449 231
449 923
449 426
449 61
449 148
449 550
449 505
449 967
449 817
449 132
449 775
449 772
449 145
449 600
449 91
449 49
449 10
449 35
449 987
449 907
449 948
449 355
449 925
449 736
449 789
449 886
449 168
449 511
449 1070
449 17
449 454
449 909
449 798
449 944
449 404
1018 210
1018 231
1018 809
1018 1042
1018 730
1018 306
914 844
914 164
914 1020
914 52
914 703
914 567
914 401
914 761
914 42
914 80
914 319
914 698
844 850
844 401
844 761
844 307
844 963
844 713
844 540
844 584
844 172
844 1130
844 55
844 900
844 1105
844 416
844 764
844 128
844 1074
844 476
844 847
844 428
844 911
844 609
850 1020
850 678
850 573
850 317
850 596
850 764
850 1032
850 561
850 986
850 270
164 52
164 703
164 42
164 348
164 307
164 924
164 167
164 573
164 396
164 842
164 118
164 949
164 855
164 699
164 426
164 974
164 204
164 907
164 736
164 511
164 1042
164 911
164 587
164 727
164 820
164 493
164 193
164 574
164 503
164 1122
164 386
164 843
164 117
164 606
164 328
164 685
164 195
164 262
1020 401
1020 1095
1020 761
52 703
52 761
52 42
52 359
52 678
52 663
52 860
52 924
52 573
52 396
52 322
52 859
52 459
52 818
52 518
52 175
52 132
52 10
52 319
52 900
52 609
52 727
52 728
52 621
52 939
52 512
52 344
52 271
52 996
52 805
52 82
52 443
52 1072
52 1079
52 149
52 46
52 826
52 695
52 255
52 51
52 491
52 179
52 213
52 682
52 58
210 221
210 407
210 231
210 684
210 963
210 61
210 705
210 302
210 502
210 809
210 783
210 384
210 584
210 642
210 645
210 335
210 857
210 917
210 309
210 175
210 939
210 387
210 940
210 245
210 628
210 825
210 458
210 790
210 265
210 922
210 480
210 913
210 623
210 547
703 567
703 42
703 95
703 59
703 868
703 319
703 428
703 344
703 245
703 5
703 816
703 646
703 861
703 1131
703 363
401 761
401 963
401 540
401 898
401 1130
401 900
401 416
401 1074
401 428
401 46
401 153
401 1103
401 661
401 895
833 231
833 175
833 764
833 491
833 183
833 444
887 146
887 858
887 1010
887 690
887 760
887 659
887 159
221 231
221 990
221 765
221 817
221 132
221 600
221 91
221 789
221 909
221 689
221 301
221 1125
221 388
221 84
221 320
221 99
221 239
221 177
221 1062
221 430
221 543
1118 860
1118 396
1118 699
1118 204
1118 49
1118 1032
1118 587
1118 503
1118 685
1118 368
1118 227
1118 202
1118 620
1118 954
1118 131
1118 181
1118 431
1118 773
1118 565
1118 63
1118 205
1095 28
407 231
407 584
407 735
231 842
231 963
231 61
231 175
231 183
231 161
231 422
761 1063
761 1105
761 764
761 847
761 1032
761 843
761 443
761 46
761 227
761 212
761 510
761 593
761 946
761 219
761 554
761 801
761 721
761 498
761 419
42 307
42 359
42 678
42 860
42 924
42 573
42 1041
42 426
42 974
42 319
42 609
42 587
42 727
42 574
42 344
42 114
42 760
42 620
42 622
42 753
42 881
42 218
42 624
348 359
348 924
348 167
348 990
348 396
348 842
348 923
348 684
348 426
348 204
348 10
348 805
348 922
348 431
348 622
348 753
348 438
348 693
348 697
348 162
348 1108
348 73
348 23
348 1109
348 142
307 924
307 167
307 143
307 573
307 1063
307 396
307 59
307 509
307 180
307 855
307 596
307 459
307 818
307 854
307 817
307 736
307 1074
307 428
307 587
307 727
307 820
307 574
307 195
307 621
307 443
307 620
307 131
307 419
307 622
307 753
307 624
307 892
307 211
307 379
307 670
307 688
307 890
307 268
307 935
307 130
307 539
307 269
359 663
359 860
359 573
359 69
359 699
359 426
359 459
359 204
359 1072
359 363
359 760
359 620
359 954
359 181
359 773
359 565
359 622
359 753
359 881
359 539
359 608
359 655
359 803
359 345
359 93
359 667
359 392
359 105
359 440
359 650
359 865
359 586
359 499
359 378
359 72
359 333
359 644
359 260
359 483
359 294
359 714
359 135
359 811
359 432
678 924
678 900
678 609
678 82
678 213
678 975
663 1041
663 818
663 620
663 28
663 345
663 392
663 704
663 1084
663 385
663 109
663 793
663 812
663 669
663 559
860 573
860 396
860 362
860 318
860 854
860 319
860 503
860 685
860 954
860 554
860 753
860 162
860 294
860 571
860 908
860 1071
860 151
860 710
860 962
860 166
860 869
860 364
860 828
860 1065
924 143
924 1041
924 945
924 684
924 118
924 59
924 70
924 1007
924 463
924 1011
924 489
924 317
924 1032
924 213
924 721
924 622
924 890
924 294
924 559
924 708
924 305
924 421
924 741
924 38
924 1002
924 259
167 699
167 773
167 349
143 623
143 620
143 142
143 129
990 396
990 842
990 923
990 794
990 722
990 720
990 783
990 1043
990 921
990 91
990 49
990 907
990 168
990 1032
990 82
990 149
990 922
990 363
990 689
990 84
990 320
990 177
990 430
990 543
990 212
990 697
990 1108
990 865
990 725
990 807
990 632
990 629
990 1021
990 537
990 879
990 517
573 1041
573 317
573 854
573 698
573 1032
573 587
573 1072
573 760
573 239
573 954
573 565
573 622
573 142
573 892
573 432
573 821
573 126
1063 396
1063 923
1063 426
1063 606
1063 82
1063 255
1063 565
1063 205
1063 419
1063 622
1063 1109
1063 892
1063 304
1063 89
1063 576
1063 799
1063 74
1063 471
1063 103
1041 317
1041 1043
1041 318
1041 818
1041 733
1041 204
1041 175
1041 698
1041 493
1041 843
1041 82
1041 245
1041 159
1041 954
1041 181
1041 205
1041 721
1041 162
1041 23
1041 142
1041 811
1041 920
1041 31
1041 1050
1041 877
1041 508
1041 1096
1041 1040
1041 981
1041 377
1041 906
1041 303
959 65
396 794
396 509
396 645
396 1014
396 921
396 101
396 1019
396 854
396 805
396 159
396 202
396 954
396 593
396 622
396 539
396 877
396 673
396 998
396 951
396 538
396 658
396 382
842 923
842 426
842 1043
842 91
842 685
842 689
842 239
842 693
842 1123
842 560
923 748
923 426
923 1043
923 318
923 817
923 132
923 91
923 49
923 948
923 736
923 886
923 168
923 511
923 503
923 825
923 922
923 430
923 620
923 181
923 693
923 73
923 865
923 499
923 632
923 53
923 452
923 706
923 116
923 932
945 684
945 118
945 59
945 70
945 778
945 1007
945 1011
945 65
945 1105
945 213
945 890
945 962
945 708
945 33
945 233
945 487
945 1106
945 709
945 441
945 896
945 740
945 290
945 169
945 399
945 791
945 568
684 118
684 59
684 70
684 1007
684 874
684 1011
684 65
684 974
684 502
684 645
684 505
684 907
684 728
684 213
684 940
684 721
684 890
684 378
684 708
684 1021
684 250
684 376
684 927
684 724
684 602
684 814
684 702
684 1119
118 59
118 70
118 1007
118 1011
118 489
118 65
118 117
118 213
118 708
118 38
118 189
118 412
118 743
118 808
95 399
327 70
327 463
327 933
327 270
327 53
327 399
327 465
327 403
327 136
59 989
59 70
59 1007
59 874
59 489
59 65
59 955
59 8
59 280
59 921
59 10
59 996
59 28
59 670
59 890
59 233
59 244
59 400
59 436
989 489
989 280
989 305
989 233
989 519
989 258
989 257
989 633
70 778
70 463
70 1011
70 65
70 413
70 213
70 290
70 399
70 519
70 354
778 463
778 413
778 213
778 38
778 33
778 233
778 487
778 896
778 290
778 399
778 354
778 486
778 479
778 782
1007 1011
1007 489
1007 65
1007 213
1007 159
1007 892
1007 708
1007 630
874 428
874 213
874 940
874 38
874 399
874 927
874 724
874 1015
874 98
874 535
874 570
463 1011
463 413
463 213
463 890
463 38
463 53
463 399
463 465
463 354
463 486
463 766
1011 65
1011 413
1011 798
1011 162
1011 708
1011 259
1011 126
1011 658
1011 465
1011 519
1011 633
1011 1093
1011 56
1011 677
1011 415
1011 770
1011 813
1011 681
1011 323
1011 758
963 713
963 61
963 434
963 735
963 243
963 175
963 764
963 911
963 491
963 227
963 753
963 126
963 602
963 1119
963 478
963 862
963 397
489 459
489 764
489 305
489 741
489 257
489 486
489 367
65 955
65 805
65 213
65 387
65 63
65 721
65 419
65 881
65 211
65 890
65 644
65 364
65 708
65 508
65 465
65 258
65 354
65 486
65 660
65 965
65 3
65 1094
65 970
65 1126
65 566
65 214
65 769
362 357
362 318
362 195
362 443
362 935
362 539
362 920
362 962
362 869
362 576
362 382
362 323
362 969
362 815
362 1051
362 1112
362 113
1087 381
1087 1043
1087 459
1087 1130
1087 817
1087 132
1087 907
1087 764
1087 843
1087 245
1087 658
1087 400
1087 436
1087 530
1087 672
1087 529
1087 1034
1087 774
1087 1044
1087 67
7 601
7 915
7 996
7 622
7 1123
7 1054
7 1005
7 1089
7 442
7 666
7 1033
794 322
794 69
794 426
794 434
794 384
794 645
794 146
794 280
794 1014
794 921
794 1130
794 101
794 1019
794 504
794 764
794 996
794 82
794 159
794 28
794 498
794 644
794 673
794 658
794 382
794 774
794 926
794 952
794 456
794 477
794 1036
794 500
794 157
794 526
794 1025
794 856
794 437
794 1037
748 146
748 132
748 99
748 962
748 1085
853 1049
853 584
853 642
853 97
853 309
853 285
853 1014
853 775
853 954
853 1
722 426
722 1043
722 318
722 281
722 91
722 320
722 431
722 714
722 589
722 485
322 366
322 426
322 783
322 584
322 148
322 97
322 309
322 1082
322 817
322 82
322 149
322 697
322 714
322 135
322 485
322 1099
322 133
322 534
322 108
322 840
322 470
322 158
317 180
317 459
317 249
317 35
317 698
317 1032
317 986
317 195
317 183
317 954
317 975
317 31
317 877
317 906
317 1044
317 439
317 558
317 904
317 1097
713 180
713 1049
713 309
713 420
713 175
713 91
713 764
713 128
713 847
713 82
713 46
713 695
713 861
713 661
713 655
713 975
713 906
713 766
713 1097
713 639
836 518
836 911
836 986
836 440
836 375
69 955
69 846
69 518
69 733
69 280
69 915
69 618
69 620
69 622
69 1037
69 16
366 1043
366 1121
366 967
366 772
366 987
366 886
366 1070
366 798
366 404
366 790
366 430
366 543
366 483
366 135
366 535
366 140
366 77
366 455
366 961
366 278
540 180
540 898
540 764
540 539
540 741
540 877
540 316
540 248
509 459
509 1014
509 500
282 720
282 967
282 772
282 35
282 798
282 685
282 535
282 455
282 276
282 312
282 759
357 1017
357 877
357 951
357 325
357 186
357 1110
413 213
413 387
413 644
413 708
413 305
413 38
413 399
413 258
413 354
413 186
413 1110
413 1066
413 692
413 901
413 152
413 883
413 1114
949 764
949 117
949 82
949 211
949 126
949 590
949 34
949 994
949 742
949 141
720 204
720 91
720 685
720 58
720 1085
720 880
720 121
720 457
720 229
720 224
1017 274
1017 1019
1017 854
1017 877
1017 538
1017 325
1017 186
1017 930
1017 988
1017 654
1017 1128
1017 1060
1017 525
1017 619
1017 200
1017 616
180 636
180 867
180 172
180 1105
180 764
180 847
180 1032
180 271
180 721
180 935
180 1040
180 157
180 316
180 248
180 692
180 980
180 950
180 83
180 342
898 877
898 83
66 188
66 935
66 1040
66 1114
66 34
66 197
277 248
277 619
277 1061
277 57
636 818
636 1019
636 325
188 248
381 1043
381 933
381 132
381 344
381 1072
381 432
381 1123
381 1044
381 840
381 242
381 878
680 63
680 379
855 727
855 742
855 899
699 426
699 1043
699 818
699 664
699 91
699 909
699 430
699 954
699 432
699 275
426 783
426 1043
426 550
426 1014
426 132
426 772
426 600
426 91
426 49
426 10
426 35
426 987
426 907
426 736
426 168
426 511
426 17
426 454
426 909
426 319
426 476
426 503
426 685
426 149
426 58
426 895
426 84
426 202
426 954
426 181
426 697
426 539
426 865
426 714
426 559
426 962
426 632
426 1021
426 89
426 1123
426 706
426 244
426 171
426 1099
426 278
426 738
426 617
426 464
426 119
426 928
426 85
426 750
426 631
426 569
426 1022
426 1076
596 459
596 172
596 805
596 63
596 624
596 586
596 571
596 1065
596 31
596 981
596 382
596 970
596 1097
596 1073
596 482
596 1055
596 598
596 752
596 206
596 827
596 726
596 647
596 24
596 863
596 308
596 938
974 1043
974 175
974 132
974 600
974 907
974 454
974 1122
974 939
974 777
974 544
974 521
61 584
61 623
302 434
302 384
302 645
302 175
302 397
302 526
302 293
502 1001
502 584
502 155
502 373
502 335
502 857
502 243
502 122
502 285
502 1072
502 491
502 753
502 610
502 894
1049 584
1049 645
1049 459
1049 252
1049 155
1049 857
1049 309
1049 285
1049 397
1049 11
1001 434
1001 122
1001 526
1001 293
809 730
809 306
809 728
809 245
809 142
809 877
809 521
809 137
809 977
809 506
783 148
783 1043
783 817
783 772
783 91
783 35
783 987
783 907
783 736
783 168
783 511
783 1070
783 82
783 149
783 825
783 1103
783 895
783 212
783 865
783 725
783 1021
783 89
783 1123
783 53
783 77
783 617
783 631
783 238
783 796
783 985
783 15
783 1091
783 597
434 384
434 584
434 645
434 318
434 818
434 97
434 335
434 921
434 397
434 526
434 41
274 987
274 879
274 560
274 98
274 616
274 87
274 625
384 645
384 735
384 526
384 293
584 97
584 155
584 373
584 1009
584 857
584 735
584 243
584 788
584 917
584 309
584 765
584 122
584 285
584 175
584 764
584 547
584 620
584 397
584 952
584 526
584 293
584 875
642 155
642 373
642 1009
642 857
642 735
642 788
642 917
642 765
642 952
729 1122
729 245
729 458
729 368
729 202
729 753
729 741
729 969
729 171
729 640
729 0
729 203
729 228
645 309
645 1014
645 67
645 526
645 96
645 226
102 172
102 175
102 728
102 245
102 142
102 741
102 13
102 992
102 991
868 625
148 145
148 355
148 798
148 149
148 89
148 455
148 750
148 631
148 569
148 599
1043 172
1043 175
1043 817
1043 132
1043 91
1043 907
1043 948
1043 454
1043 1105
1043 986
1043 149
1043 825
1043 922
1043 363
1043 1103
1043 84
1043 239
1043 177
1043 741
1043 725
1043 1021
1043 30
550 600
550 689
550 738
550 464
1121 817
1121 987
1121 430
1121 135
1121 632
1121 1123
1121 11
1121 215
1121 615
867 459
867 818
867 172
867 249
867 128
867 547
867 227
867 906
867 896
867 3
867 439
867 590
867 742
867 796
867 311
867 106
867 406
867 745
867 429
933 685
933 114
933 202
933 53
933 403
933 1112
933 121
933 878
318 459
318 168
318 128
318 213
318 89
318 33
318 477
459 818
459 955
459 249
459 609
459 843
459 760
459 565
459 721
459 892
459 688
459 130
459 151
459 304
459 799
459 568
459 439
459 558
459 901
459 863
459 226
459 313
459 797
459 174
459 263
459 1132
818 601
818 249
818 1082
818 132
818 319
818 1010
818 620
818 205
818 142
818 105
818 72
818 260
818 1002
818 1040
818 382
818 441
818 400
818 415
818 171
818 157
818 558
818 248
818 692
818 992
818 474
818 1012
818 336
818 524
818 527
281 168
281 1131
281 114
281 367
281 477
281 589
281 34
281 41
281 968
281 966
281 905
172 191
172 175
172 511
172 900
172 764
172 428
172 911
172 986
172 82
172 84
172 620
172 162
172 935
172 920
172 962
172 821
172 31
172 877
172 377
172 766
172 1044
172 439
172 1097
172 24
172 652
191 900
191 609
955 1086
955 518
955 8
955 733
955 146
955 601
955 462
955 280
955 996
955 816
955 646
955 690
955 114
955 760
955 368
955 620
955 954
955 554
955 622
955 644
955 400
955 436
955 1037
955 569
955 755
955 744
955 832
955 334
846 1086
846 733
846 915
846 622
846 755
846 43
1086 518
1086 733
1086 146
1086 601
1086 280
1086 915
1086 114
1086 620
1086 622
1086 753
1086 821
1086 400
1086 1099
1086 16
1086 569
1086 43
1086 68
518 733
518 146
518 911
518 826
518 816
518 620
518 655
518 644
518 793
518 812
518 920
518 400
518 375
518 16
518 342
518 43
518 555
518 47
518 120
518 941
518 115
518 427
176 73
176 105
176 1054
176 442
176 845
176 217
176 637
8 733
8 280
8 915
8 921
8 847
8 1032
8 996
8 202
8 622
8 670
8 688
8 908
8 1037
8 466
8 1006
733 146
733 601
733 462
733 280
733 915
733 55
733 911
733 159
733 620
733 622
733 162
733 670
733 421
733 436
733 1037
733 891
146 280
146 915
146 1014
146 911
146 760
146 622
146 644
146 258
146 1037
146 744
146 338
146 1053
601 915
601 73
601 539
601 1037
601 755
462 280
462 915
462 921
462 996
462 670
462 436
462 1037
462 13
462 891
280 915
280 1014
280 1032
280 986
280 622
280 432
280 566
280 1037
280 1099
837 1032
915 921
915 986
915 996
915 646
915 670
915 1005
915 442
915 1037
915 43
915 466
915 891
915 1053
915 762
915 369
915 581
618 881
618 644
618 669
618 375
618 16
618 776
618 300
618 71
618 613
618 871
618 472
664 909
249 847
249 212
249 593
249 162
249 268
249 130
249 539
249 571
249 151
249 304
249 439
249 558
249 796
1004 805
1004 82
1004 24
1004 0
1004 406
204 727
204 620
204 954
204 181
204 369
204 864
556 1014
556 586
556 333
556 569
556 647
556 284
556 802
556 552
556 165
556 9
556 997
972 129
972 201
1101 2
1101 1090
97 1014
97 921
97 504
97 158
252 309
252 132
252 775
252 772
252 547
252 430
252 135
252 158
252 615
155 320
155 721
155 376
155 342
155 12
604 373
604 335
604 857
604 287
604 1072
604 320
373 1009
373 335
373 857
373 788
373 917
373 911
373 547
373 952
1009 857
1009 765
1009 175
1009 697
1009 602
335 847
335 397
857 847
857 320
857 397
857 952
857 226
243 927
592 403
592 158
788 547
788 952
309 285
309 175
309 132
309 775
309 772
309 944
309 430
309 865
309 158
309 380
461 175
461 158
765 270
122 491
122 293
285 775
285 760
285 212
285 530
175 1105
175 128
175 847
175 1032
175 695
175 245
175 265
175 623
175 397
175 952
175 852
175 1129
1014 921
1014 101
1014 1019
1014 504
1014 854
1014 28
1014 438
1014 655
1014 93
1014 378
1014 529
1014 1036
1014 500
1014 325
1014 1110
1014 1060
1014 311
1014 527
1014 68
1014 1077
1014 469
1014 528
1014 75
1082 921
1082 1019
1082 854
1082 907
1082 82
1082 437
1082 133
921 504
921 996
921 646
921 368
921 202
921 622
921 73
921 670
921 650
921 908
921 442
921 526
921 1037
921 1099
921 1006
921 581
921 107
1130 559
1130 741
1130 530
1130 534
1130 186
1130 878
1130 899
1130 652
1130 247
101 644
101 658
101 500
101 639
101 75
1088 508
1088 382
1088 926
1088 1099
1088 1097
1088 1055
1088 726
1088 863
1088 675
1088 830
1088 451
1088 94
1019 854
1019 877
1019 951
1019 1099
1019 325
1019 988
1019 654
1019 411
1019 50
504 1036
504 500
504 1037
854 159
854 877
854 951
854 988
505 730
505 493
505 628
505 99
505 89
505 244
505 215
505 237
505 956
967 132
967 35
967 886
967 1070
967 798
967 404
967 543
967 697
967 1108
967 135
967 89
967 535
967 140
967 455
967 276
967 312
967 759
967 237
817 132
817 35
817 736
817 939
817 922
817 689
817 177
817 697
817 865
817 714
817 1021
817 569
817 313
817 934
110 728
110 376
110 894
110 506
110 991
110 643
132 775
132 91
132 35
132 948
132 736
132 886
132 511
132 909
132 944
132 847
132 939
132 82
132 149
132 825
132 689
132 430
132 954
132 697
132 73
132 865
132 1021
132 89
132 706
132 116
132 276
132 985
132 226
132 321
132 1098
132 433
132 1083
775 35
775 886
775 944
775 825
775 430
775 865
775 433
775 339
772 35
772 987
772 907
772 948
772 886
772 1070
772 798
772 404
772 430
772 135
772 879
772 1000
772 158
772 616
772 617
772 750
772 321
772 215
772 237
772 433
772 299
145 1070
145 17
145 909
145 1059
145 940
145 825
145 1108
145 569
145 0
145 555
145 433
145 848
145 514
145 582
600 987
600 798
600 685
600 1072
600 58
600 954
600 53
600 171
600 278
600 121
600 738
600 617
600 464
600 928
600 85
600 750
600 13
600 520
600 425
91 49
91 907
91 909
91 764
91 328
91 149
91 790
91 922
91 177
91 181
91 431
91 697
91 629
91 932
91 1022
49 511
49 503
49 328
49 84
49 181
49 219
49 294
49 932
49 558
10 907
10 939
10 790
10 620
10 670
10 908
10 244
10 1037
10 410
35 987
35 948
35 925
35 736
35 789
35 168
35 511
35 17
35 454
35 909
35 764
35 503
35 939
35 834
35 149
35 790
35 922
35 543
35 181
35 697
35 539
35 865
35 629
35 89
35 706
35 244
35 455
35 656
35 127
987 948
987 355
987 736
987 789
987 886
987 1070
987 17
987 454
987 798
987 404
987 149
987 825
987 790
987 431
987 865
987 135
987 89
987 455
987 631
987 215
987 299
987 662
907 736
907 168
907 511
907 1070
907 404
907 939
907 320
907 430
907 697
907 714
907 1021
907 89
907 321
948 886
948 168
948 17
948 430
948 73
948 865
948 116
948 616
948 215
355 886
355 798
355 149
355 422
355 89
355 1123
355 278
355 631
355 662
925 1070
925 909
925 432
925 278
736 511
736 764
736 149
736 320
736 697
736 714
736 432
736 1065
736 1021
736 89
736 617
736 11
736 238
736 215
789 886
789 1070
789 798
789 825
789 135
789 1099
789 1091
789 215
789 1083
789 662
886 168
886 1070
886 17
886 798
886 404
886 430
886 543
886 135
886 879
886 706
886 666
886 215
886 662
886 756
886 700
886 223
168 58
168 940
168 895
168 73
168 1109
168 632
168 706
168 932
168 796
168 756
168 884
168 873
511 986
511 939
511 149
511 922
511 697
511 741
511 629
511 244
511 1022
511 203
511 13
1070 17
1070 909
1070 798
1070 1059
1070 404
1070 825
1070 1108
1070 135
1070 535
1070 140
1070 455
1070 617
1070 215
1070 433
17 909
17 798
17 1059
17 825
17 865
17 1021
17 276
17 617
17 599
17 433
17 582
17 414
454 1059
454 986
454 922
454 171
454 237
454 700
909 149
909 181
909 1108
909 1021
909 397
909 1099
909 276
909 616
909 275
909 433
909 885
798 404
798 825
798 135
798 706
798 140
798 961
798 1022
798 13
798 321
798 599
798 215
798 555
798 656
798 662
798 903
798 549
944 865
944 147
1059 825
1059 1108
1059 67
1059 276
1059 750
1059 433
1059 582
404 140
404 455
404 581
404 423
404 575
1042 1119
1042 530
1042 985
1042 611
730 753
730 1119
730 977
730 506
730 716
306 716
80 323
319 239
319 892
319 539
319 793
319 535
319 397
319 1099
319 971
698 1032
698 1072
698 760
698 205
698 294
698 432
698 889
55 877
900 764
900 911
900 609
900 5
900 821
900 994
900 237
900 912
1105 609
1105 986
1105 843
1105 131
1105 593
1105 603
764 1074
764 428
764 911
764 609
764 986
764 843
764 728
764 213
764 1103
764 661
764 539
764 1021
764 126
764 660
764 439
764 375
764 901
764 342
764 726
764 13
764 652
764 696
764 591
764 27
764 251
764 1111
764 701
128 935
128 936
1074 606
1074 1103
1074 571
1074 31
1074 1096
1074 214
1074 157
1074 24
1074 1124
847 82
847 1103
847 159
847 205
847 753
847 126
847 951
847 244
847 397
847 439
847 1128
847 950
847 342
847 406
847 313
847 174
847 1027
847 768
847 182
847 585
428 421
428 576
428 1050
428 906
428 568
428 479
428 456
428 1132
428 235
428 707
911 986
911 661
911 227
911 129
911 400
911 375
911 16
911 27
911 501
609 493
609 661
609 975
609 537
609 821
609 126
609 956
609 1081
1032 986
1032 82
1032 159
1032 205
1032 142
1032 499
1032 571
1032 31
1032 1096
1032 658
1032 33
1032 169
1032 439
1032 1097
1032 343
561 151
561 1099
561 795
986 363
986 620
986 890
986 644
986 1002
986 31
986 400
986 1097
986 16
986 342
986 1081
986 893
986 533
986 866
270 539
270 53
270 403
270 739
587 727
587 493
587 574
587 181
587 622
727 574
727 162
727 294
727 439
493 202
493 269
493 499
493 821
493 1000
493 67
493 237
493 912
493 1052
493 786
193 661
574 1122
574 58
574 142
574 741
574 0
574 406
503 328
503 202
503 954
503 181
503 962
503 632
503 374
1122 661
1122 84
1122 349
1122 652
843 685
843 82
843 131
843 565
843 593
843 439
843 796
843 603
728 695
728 245
728 954
728 753
728 142
728 376
728 991
728 125
728 207
728 1039
728 910
117 82
117 808
117 437
117 34
117 742
117 827
117 968
117 675
117 522
117 634
117 757
606 159
606 622
606 211
606 364
606 157
606 726
606 919
606 557
328 219
685 922
685 1103
685 954
685 962
685 706
685 777
685 11
195 151
195 981
195 905
195 997
195 872
195 310
621 892
621 130
939 628
939 1021
939 89
939 244
512 576
512 456
512 648
512 983
512 1064
344 834
344 58
344 895
344 732
271 935
271 248
996 646
996 28
996 244
996 1054
996 1005
996 1037
996 474
996 755
996 594
996 787
805 159
805 205
805 622
805 624
805 162
805 23
805 892
805 211
805 333
805 571
805 1065
805 31
805 157
805 752
805 827
805 863
805 107
805 671
82 1097
82 742
82 106
82 406
82 652
82 562
82 261
443 721
443 539
443 294
443 439
443 224
443 83
443 1111
443 701
443 893
443 209
443 513
443 683
1072 760
1072 954
1072 753
1072 881
1072 688
1072 499
1072 483
1072 432
1072 129
1072 284
1072 125
1072 199
1072 978
1072 1048
1079 753
1079 403
1079 228
1079 19
149 430
149 803
149 865
149 632
149 1021
149 89
149 53
149 77
149 455
149 321
149 806
46 51
46 419
46 539
46 571
46 103
46 981
46 288
826 816
826 954
826 440
826 378
826 920
826 559
826 981
826 16
826 201
826 199
826 1029
826 273
695 99
695 991
695 771
255 1044
255 456
255 707
255 648
255 983
255 365
255 360
255 196
255 395
51 688
51 571
51 1071
51 103
51 157
51 248
51 1055
51 1058
491 688
491 499
491 397
491 894
491 991
179 63
213 708
213 305
213 38
213 126
213 399
213 354
682 753
682 1119
58 368
58 378
58 962
58 741
58 129
58 769
58 969
58 16
58 640
58 555
58 941
387 399
387 465
387 519
387 257
387 566
940 825
245 913
245 593
245 142
245 376
245 477
245 910
245 481
245 1013
245 1100
245 347
245 715
245 272
245 545
825 430
825 135
825 158
825 433
825 1083
825 582
458 753
458 1119
458 521
458 894
458 992
458 991
458 207
458 1039
458 351
790 320
790 431
790 89
790 1112
790 140
790 555
922 559
922 299
913 1119
913 1100
623 183
623 651
547 158
547 615
547 715
547 605
5 741
5 821
5 375
5 649
5 198
816 159
816 620
816 954
816 392
816 650
816 378
816 644
816 483
816 109
816 793
816 741
816 1002
816 129
816 400
816 769
816 1034
816 856
816 375
816 555
816 1077
816 941
816 115
816 201
816 425
816 198
816 446
816 588
816 240
816 964
646 670
646 499
646 559
646 171
646 1037
646 203
861 202
861 740
861 648
861 1064
1131 696
363 320
363 28
363 608
363 655
363 803
363 345
363 93
363 667
363 392
363 105
363 378
363 1021
363 1123
363 64
363 1104
363 467
363 1028
363 641
363 45
363 851
363 819
153 368
153 931
1103 895
1103 183
1103 227
1103 378
1103 629
1103 766
1103 238
1103 941
661 1010
661 0
661 864
661 1003
661 230
661 390
895 725
895 629
895 163
183 63
183 624
183 539
183 1065
183 31
183 1096
183 981
183 660
183 214
183 529
183 206
183 380
183 936
183 557
183 651
444 920
444 709
858 1010
858 690
858 488
858 409
1010 690
1010 760
1010 368
1010 230
690 368
690 67
690 978
690 253
690 100
690 48
690 1107
690 784
114 659
114 801
114 539
114 260
114 432
114 1040
114 652
114 1012
114 905
114 528
114 223
114 835
114 1031
114 314
760 629
760 981
760 658
760 677
760 681
760 1089
760 488
760 612
659 219
659 644
659 1040
659 1123
659 590
659 1012
659 223
159 63
159 554
159 622
159 624
159 892
159 539
159 109
159 571
159 1119
159 630
159 397
159 926
159 24
159 174
159 343
159 953
159 635
689 84
689 320
689 276
689 433
1125 957
388 84
388 99
388 1062
388 98
388 30
84 320
84 99
84 239
84 177
84 1108
84 741
84 725
84 517
84 13
84 30
84 780
320 177
320 431
320 865
320 714
320 629
320 517
320 89
320 157
320 957
320 626
99 1062
99 275
99 30
239 177
239 688
239 777
177 543
177 1108
1062 616
1062 597
1062 370
430 865
430 135
430 1099
430 158
430 140
430 961
430 616
430 433
543 1108
368 202
368 620
368 954
368 181
368 753
368 93
368 571
368 962
368 349
368 769
368 969
368 108
368 137
227 268
227 539
227 439
227 652
227 651
227 638
202 954
202 431
202 63
202 93
202 962
202 364
202 349
202 969
202 456
202 237
202 343
620 655
620 345
620 392
620 650
620 378
620 644
620 669
620 1002
620 129
620 400
620 969
620 16
620 68
620 115
620 641
620 851
620 100
620 653
954 181
954 431
954 773
954 73
954 688
954 655
954 93
954 865
954 793
954 962
954 129
954 1040
954 658
954 53
954 376
954 479
954 397
954 969
954 171
954 1089
954 456
954 1085
954 738
954 206
954 776
954 1048
954 196
954 822
954 1068
131 622
131 892
131 935
131 1040
131 152
131 34
131 197
131 603
131 676
131 346
131 361
181 962
181 397
181 969
181 1022
181 897
431 560
431 224
431 784
773 881
773 345
773 109
773 349
773 1123
773 244
773 643
773 297
565 622
565 741
565 904
565 186
565 878
565 647
63 205
63 212
63 622
63 892
63 169
63 171
63 1044
63 477
63 589
63 380
63 138
63 18
63 627
63 614
63 824
63 532
205 622
205 162
205 23
205 206
205 380
205 310
205 496
205 266
28 218
28 73
28 670
28 608
28 803
28 93
28 667
28 650
28 378
28 920
28 908
28 1000
28 856
28 1037
28 1099
28 1006
28 198
28 64
28 1104
28 467
28 1028
28 819
28 784
28 324
28 329
28 32
161 651
422 714
422 89
422 215
212 571
212 658
212 376
212 214
212 530
212 456
212 157
212 726
212 796
212 976
510 801
593 892
593 268
593 294
593 151
593 529
946 881
946 375
946 776
946 613
946 472
946 995
946 551
946 943
946 1056
946 448
946 283
219 304
219 439
219 590
554 162
554 677
554 973
801 1109
801 652
801 352
801 1075
721 892
721 1044
721 83
721 0
721 313
721 47
721 893
721 557
721 196
498 508
498 382
498 926
498 1097
498 1055
498 598
498 726
498 675
498 958
498 516
498 405
498 548
419 499
419 403
419 970
419 157
419 1099
419 634
419 298
622 881
622 624
622 23
622 892
622 670
622 294
622 571
622 436
622 1037
622 744
622 107
622 627
622 902
753 218
753 142
753 499
753 811
753 908
753 1123
753 376
753 1119
753 403
753 397
753 777
753 521
753 894
753 226
753 992
753 991
753 1039
753 1013
753 1080
753 447
753 792
753 497
881 650
881 499
881 294
881 1084
881 793
881 559
881 1123
881 53
881 969
881 1034
881 558
881 375
881 16
881 68
881 555
881 300
881 71
881 871
881 284
881 100
881 283
881 916
881 156
218 345
218 908
218 64
218 467
218 819
624 211
624 539
624 1065
624 31
624 630
624 113
624 174
624 284
624 675
624 822
624 14
438 1093
438 652
438 528
693 697
693 706
697 714
697 807
697 884
162 259
162 658
162 677
162 815
162 4
1108 879
1108 582
73 706
23 211
23 107
23 298
23 14
142 1123
142 53
142 376
142 1119
142 397
142 11
142 506
142 0
142 203
142 992
142 107
142 1039
142 545
142 712
142 572
142 178
892 211
892 688
892 499
892 571
892 726
892 288
892 18
892 548
892 14
211 31
211 133
211 298
379 333
379 1071
379 883
379 1058
670 908
670 244
670 1006
688 539
688 382
688 970
688 115
890 741
890 429
268 586
935 539
935 260
935 39
935 1071
935 741
935 877
935 1040
935 692
935 152
935 1114
935 34
935 980
935 197
935 637
935 1058
935 393
935 184
935 1127
935 746
935 731
130 741
130 304
130 439
130 605
130 402
130 679
539 650
539 865
539 586
539 920
539 877
539 382
539 439
539 1097
539 631
539 647
539 24
539 284
539 165
539 435
539 236
269 827
269 912
269 1052
608 655
608 803
608 667
608 105
608 848
655 803
655 345
655 93
655 667
655 392
655 105
655 378
655 920
655 400
655 1034
655 16
655 115
655 848
655 1104
655 1028
803 345
803 93
803 667
803 392
803 105
803 1099
803 77
803 848
803 1104
803 324
803 54
345 93
345 392
345 105
345 400
345 198
93 667
93 392
93 105
93 378
93 1084
93 109
93 969
93 1099
93 848
93 884
93 467
93 1028
93 819
93 32
667 392
667 105
667 378
667 1077
667 848
667 1104
667 819
392 105
392 400
392 115
105 16
105 32
440 644
440 432
440 16
440 1052
440 199
440 1104
440 792
650 644
650 793
650 920
650 1002
650 129
650 769
650 1034
650 856
650 342
650 68
650 1077
650 941
650 201
650 425
650 912
650 198
650 446
650 588
650 240
650 964
650 295
865 89
865 158
865 555
865 1083
865 582
865 147
586 151
586 981
586 552
586 374
586 522
586 144
499 970
499 310
499 488
499 548
499 937
378 821
378 400
378 115
378 1028
378 641
378 45
378 851
378 653
378 484
378 1115
378 315
378 424
333 647
333 552
333 165
333 107
333 310
333 389
644 793
644 669
644 129
644 658
644 400
644 769
644 1034
644 856
644 68
644 71
644 871
644 472
644 201
644 1104
644 1028
644 1056
644 448
644 792
644 372
644 711
260 1040
260 1123
483 201
483 943
483 792
483 484
294 437
294 106
294 522
294 156
714 1085
714 108
135 807
135 879
135 158
135 215
135 615
135 414
135 147
135 291
811 129
811 752
811 100
811 90
811 173
39 1123
39 171
39 1099
39 30
39 184
432 129
432 1037
432 796
432 492
975 741
704 1084
704 385
704 427
1084 385
1084 812
1084 1034
1084 115
1084 237
1084 62
1084 686
385 109
385 85
385 555
385 427
385 237
385 253
385 784
109 793
109 812
109 1002
109 129
109 16
109 313
109 1077
109 941
109 199
109 1028
793 812
793 920
793 1002
793 129
793 769
793 969
793 1077
793 425
793 1028
793 329
793 849
812 566
812 1034
812 411
669 920
669 1034
669 375
669 68
669 1077
669 776
669 71
669 1056
920 1034
920 375
920 68
920 198
920 424
559 129
559 864
571 31
571 258
571 965
571 970
571 157
571 1073
571 24
571 313
571 343
571 635
908 1037
908 594
1071 1040
1071 34
1071 284
1071 1058
151 169
151 677
151 1066
151 997
151 718
151 220
710 906
710 791
710 479
710 456
710 889
710 983
962 969
962 1085
962 237
166 883
869 576
869 1044
869 456
869 707
869 447
869 734
364 726
364 358
1065 38
1065 827
1065 936
1065 522
1065 18
305 233
305 465
305 258
305 257
305 633
305 98
305 288
305 365
305 784
305 1045
305 515
305 21
741 877
741 906
741 766
741 969
741 1051
741 1044
741 83
741 237
741 936
741 198
741 1003
741 638
741 326
741 1092
38 399
38 412
38 808
38 465
38 354
1002 201
1002 1028
1002 253
1002 1102
259 585
259 978
259 1107
259 824
259 4
259 475
259 353
349 969
349 0
349 147
349 297
129 1123
129 400
129 566
129 769
129 1034
129 856
129 57
129 0
129 68
129 1077
129 941
129 472
129 201
129 425
129 198
129 446
129 588
129 240
129 964
129 849
725 226
632 1021
629 403
629 1034
629 555
629 941
1021 1022
1021 394
537 126
537 275
879 98
879 215
879 615
879 716
879 605
821 126
821 400
821 1126
821 864
821 237
821 912
821 786
304 799
304 103
304 303
304 157
304 558
304 1097
89 1123
89 455
89 738
89 321
89 957
576 33
576 487
576 740
576 169
576 456
576 701
576 707
576 734
576 337
74 1096
471 377
471 427
103 465
103 258
103 970
103 24
103 94
103 125
103 958
103 417
31 508
31 1096
31 630
31 1097
31 1073
31 1055
31 598
31 752
31 24
31 863
31 203
31 635
31 92
31 719
31 391
1050 169
1050 456
1050 0
877 951
877 1099
877 248
877 186
877 1110
877 930
877 988
877 654
877 1128
877 1060
877 429
877 263
877 182
877 876
877 564
877 1008
508 630
508 1097
508 1055
508 726
1096 380
1096 936
1096 92
1040 1123
1040 676
981 113
981 186
981 83
981 174
981 522
981 326
981 264
981 781
377 311
377 106
377 522
377 757
377 937
377 20
377 29
377 192
906 452
906 487
906 169
906 791
906 568
906 479
906 367
906 1044
906 456
906 2
906 983
906 1068
906 220
906 754
906 523
906 507
906 279
906 1069
906 25
906 578
906 26
303 83
673 1124
673 492
673 92
673 292
951 186
951 1128
951 1060
951 525
951 50
951 182
951 564
951 111
538 171
538 325
658 677
658 878
658 652
658 528
658 187
658 1116
382 1123
382 53
382 530
382 1097
382 1055
382 726
382 675
382 830
382 1027
382 405
382 719
1123 376
1123 1034
1123 1089
1123 1037
1123 569
1123 125
1123 612
1123 824
1123 572
1123 960
1123 982
53 465
53 403
53 1093
53 603
53 125
452 479
452 171
452 2
452 889
452 983
452 418
706 599
33 290
33 1044
33 1064
33 337
33 754
233 441
233 399
233 257
233 2
233 196
487 290
487 791
487 532
487 220
487 734
487 754
487 694
1106 456
709 441
709 896
709 1044
709 456
709 1064
709 447
709 929
441 290
441 506
441 696
441 1100
441 447
441 734
441 929
896 568
896 1044
896 456
896 863
896 226
896 797
896 1132
896 648
896 800
896 76
740 1064
740 365
740 220
290 169
290 791
290 568
290 724
290 412
290 808
290 56
290 456
290 901
290 1132
290 360
290 220
290 417
290 507
290 583
290 150
290 490
290 22
290 947
169 791
169 530
169 456
169 1132
169 196
169 395
169 220
169 1069
399 257
399 354
399 1066
791 479
791 477
791 2
791 983
791 1068
791 220
791 754
791 279
791 694
568 456
568 578
568 216
568 450
376 1119
376 506
376 228
376 991
376 1013
376 272
376 737
927 724
724 412
724 98
724 56
724 901
724 83
724 490
1119 521
1119 228
1119 991
1119 716
1119 1013
1119 1100
1119 272
1119 942
189 144
412 901
412 490
743 808
743 311
743 469
743 144
743 1038
808 106
808 326
808 473
465 519
465 258
465 257
465 1094
465 1126
465 926
465 901
465 115
403 530
403 878
403 464
403 1124
403 182
244 436
244 1037
244 1076
400 530
400 1034
400 68
400 1077
400 115
400 1052
400 1028
400 641
400 851
400 653
400 1115
400 767
436 1037
436 1006
436 369
519 633
519 770
258 633
258 98
258 566
258 926
258 901
258 1104
258 943
258 515
257 633
257 486
257 901
257 905
257 997
633 1093
633 1012
633 767
1000 215
1000 237
1000 912
1000 1052
1000 786
1000 819
1000 253
1000 784
1000 686
1000 1120
479 456
479 2
479 889
479 983
479 418
782 44
630 451
535 397
535 140
535 455
535 276
535 312
535 759
535 125
1093 758
1093 1099
1093 652
1093 528
1093 781
56 901
677 323
677 1051
677 1025
677 528
677 585
677 536
415 1099
681 758
681 1089
681 488
681 612
681 36
323 530
323 528
323 585
758 1089
758 409
478 958
862 651
397 1055
397 1091
397 0
397 313
397 866
397 254
367 34
367 2
970 958
970 829
214 530
214 92
769 1034
769 555
769 1077
769 941
769 201
769 1052
769 588
769 964
969 1089
969 108
969 121
969 0
969 1132
969 832
969 418
171 108
171 738
171 1132
171 832
1051 526
1051 536
1051 999
530 529
530 456
530 157
530 726
530 528
530 701
530 866
530 717
529 528
1034 856
1034 375
1034 555
1034 1077
1034 941
1034 115
1034 201
1034 425
1034 198
1034 446
1034 588
1034 240
1034 964
774 157
774 863
774 671
774 445
774 577
1044 456
1044 477
1044 1132
1044 707
1044 1064
1044 365
1044 360
1044 138
1044 337
1044 831
67 140
67 0
67 237
67 1052
67 786
67 978
67 92
67 665
1054 1037
1005 1037
1005 744
1005 832
1089 488
1089 409
1089 612
1089 36
442 369
666 139
1033 978
1033 488
1033 612
1033 36
1033 81
1033 674
926 157
926 1099
926 1097
926 1055
926 726
926 796
926 675
456 1099
456 726
456 1132
456 852
456 889
456 707
456 983
456 1064
456 365
456 360
456 447
456 220
456 734
456 578
477 701
477 707
477 800
1036 500
1036 605
157 248
157 598
157 726
157 298
157 577
526 293
856 961
856 1077
856 201
856 425
856 446
856 588
856 240
856 964
437 827
437 156
437 937
1037 474
1037 594
1099 186
1099 1110
1099 590
1099 598
1099 827
1099 894
1099 527
1099 696
1099 273
1099 467
1099 190
1099 332
1099 246
1099 460
1099 371
133 557
108 640
840 2
158 615
158 433
158 716
439 863
439 796
439 226
439 311
439 797
439 424
558 878
558 649
904 1116
904 232
1097 1055
1097 88
1097 598
1097 726
1097 0
1097 675
1097 830
1097 94
1097 1027
1097 516
1097 405
1097 548
1097 298
1097 1067
639 24
375 16
375 68
375 115
375 776
375 300
375 871
375 472
375 201
375 995
375 283
375 916
375 341
16 68
16 555
16 1077
16 776
16 300
16 613
16 283
140 455
140 961
140 1022
140 555
140 851
140 1113
77 321
77 71
77 607
77 749
455 276
455 312
455 759
455 631
455 321
961 555
278 581
278 582
316 248
248 186
248 930
248 654
248 1055
248 263
248 527
248 369
248 361
248 548
248 960
248 831
248 785
276 759
276 433
276 582
312 555
312 581
312 572
759 737
325 988
325 654
186 930
186 980
186 369
186 261
1110 930
692 1058
901 490
152 346
152 372
883 1058
1114 34
1114 585
1114 393
1114 1046
590 742
590 326
34 676
34 184
34 372
34 86
34 668
34 839
34 838
34 1016
994 192
742 311
742 562
121 194
930 891
988 654
988 564
1128 182
1060 796
616 275
616 87
980 1058
342 115
342 199
197 1058
197 346
197 1127
197 372
197 595
57 1008
878 796
738 617
738 464
738 928
738 85
617 464
464 928
750 299
750 582
750 520
631 321
631 662
569 726
569 411
569 299
1022 599
1022 215
1022 237
1076 751
482 671
1055 598
1055 726
1055 675
1055 830
1055 94
598 675
598 548
752 647
752 552
752 501
752 310
752 144
206 266
206 291
206 225
206 453
206 494
827 671
726 308
726 796
726 675
726 94
726 14
726 445
647 429
647 552
647 9
647 389
647 1016
24 527
863 226
863 797
863 1057
308 1030
938 492
521 991
521 351
894 643
894 125
894 1024
506 991
506 1100
506 942
1091 723
0 13
0 215
0 745
0 429
0 326
0 337
0 190
203 198
228 991
226 797
226 671
226 236
13 198
992 751
991 888
321 599
321 582
30 237
30 656
215 656
215 873
215 549
615 716
615 545
615 291
615 747
311 522
106 522
106 779
745 299
429 237
313 734
313 541
797 997
797 648
797 718
797 800
797 76
797 947
174 501
174 671
174 298
174 719
1132 701
1132 1064
1132 583
1132 800
1132 350
474 832
474 845
474 217
474 594
652 1048
652 390
652 767
1012 223
524 90
524 1047
527 958
905 591
755 784
43 891
68 300
68 613
68 871
68 995
68 551
68 283
68 916
68 792
68 1035
555 1077
555 941
555 115
555 520
555 414
1077 941
1077 201
1077 425
1077 446
1077 588
1077 240
1077 964
1077 295
120 427
120 484
120 686
120 1102
941 199
115 201
115 283
115 1115
115 315
115 424
427 435
427 686
427 1102
637 182
1006 329
338 756
581 572
776 613
776 472
776 448
776 283
300 71
300 613
300 472
300 299
300 283
71 613
71 472
71 995
71 283
613 472
613 283
472 995
472 607
284 1058
165 9
9 591
201 237
201 425
201 446
201 588
201 240
201 964
2 889
2 983
2 754
2 25
2 578
2 26
2 450
2 495
380 627
380 266
469 1038
528 585
528 536
528 1117
75 50
247 170
675 830
675 548
830 1027
830 236
830 1067
451 548
451 657
94 1027
411 484
50 819
237 912
237 1052
237 786
237 198
433 582
299 582
848 446
848 1104
848 467
848 851
848 324
425 446
425 588
425 240
425 964
756 353
756 190
756 246
756 595
756 154
700 912
223 409
223 674
885 897
147 691
971 732
889 983
889 279
889 418
889 541
912 1052
912 786
696 447
696 929
591 310
251 501
701 235
701 648
701 1064
1124 492
1027 405
1027 548
1027 999
768 671
585 536
707 365
707 196
707 694
707 841
795 831
1052 786
1052 784
786 124
125 199
125 719
125 823
125 330
125 984
207 1039
207 351
522 937
648 583
648 76
648 947
648 350
983 418
983 450
983 350
1064 583
1064 929
1064 947
1064 350
671 18
562 360
261 365
261 360
261 395
261 676
261 331
199 160
978 1107
978 4
978 353
1048 90
1048 173
1048 767
1029 484
1029 160
365 360
365 196
365 331
360 331
196 395
196 583
196 800
196 383
1013 256
272 747
198 563
446 588
446 240
446 964
588 240
588 964
240 964
64 467
64 819
64 324
1104 295
1104 1023
467 819
467 1107
45 851
45 653
45 484
45 1115
45 315
45 424
45 391
851 653
851 484
851 1115
851 424
819 346
819 324
1003 112
230 390
390 999
488 612
488 674
253 784
253 1120
1107 314
1107 475
1107 353
1107 190
784 686
784 1102
1031 353
1031 190
1031 246
1031 595
1031 154
612 36
612 81
612 674
638 78
653 1115
653 424
822 1057
1068 1092
676 279
346 372
138 831
627 104
614 391
614 79
824 4
824 353
266 291
266 225
995 551
995 916
551 943
943 792
958 405
298 14
447 220
447 734
447 929
792 711
792 665
792 1035
156 185
184 86
184 1016
484 1115
484 424
144 579
937 332
1115 424
1115 546
291 225
90 767
173 767
492 92
686 1102
220 734
220 578
220 947
220 331
358 579
1045 542
326 473
326 241
475 353
475 190
475 246
475 154
353 190
353 246
353 460
353 154
92 763
20 192
20 332
192 332
279 289
1069 541
578 450
960 595
583 800
583 76
583 947
583 350
76 947
76 350
947 350
450 331
536 804
674 154
190 246
190 460
190 595
190 154
246 460
246 595
246 154
460 154
1067 918
595 1046
86 1016
86 296
225 553
779 234
234 234
