0 267
1 408
2 123
3 870
4 286
5 37
6 222
7 1026
8 580
9 356
10 882
11 398
12 60
13 40
14 687
15 449
16 1018
17 914
18 844
19 850
20 164
21 1020
22 52
23 210
24 703
25 567
26 401
27 833
28 887
29 221
30 1118
31 1095
32 407
33 231
34 468
35 810
36 208
37 761
38 42
39 348
40 307
41 359
42 678
43 663
44 860
45 924
46 167
47 143
48 990
49 573
50 1063
51 1041
52 959
53 396
54 842
55 923
56 945
57 684
58 118
59 95
60 327
61 59
62 989
63 70
64 778
65 1007
66 874
67 463
68 1011
69 963
70 489
71 65
72 362
73 1087
74 7
75 794
76 748
77 853
78 722
79 322
80 317
81 713
82 836
83 69
84 366
85 540
86 509
87 282
88 357
89 413
90 949
91 720
92 1017
93 180
94 898
95 66
96 859
97 277
98 636
99 188
100 381
101 680
102 855
103 699
104 426
105 596
106 974
107 61
108 705
109 302
110 531
111 502
112 1049
113 1001
114 809
115 783
116 434
117 274
118 384
119 584
120 642
121 729
122 979
123 645
124 102
125 868
126 148
127 1043
128 550
129 1121
130 867
131 933
132 318
133 459
134 818
135 281
136 172
137 191
138 1078
139 955
140 846
141 1086
142 518
143 176
144 8
145 733
146 146
147 601
148 462
149 280
150 837
151 915
152 618
153 664
154 249
155 1004
156 204
157 556
158 972
159 1101
160 97
161 252
162 155
163 604
164 373
165 1009
166 335
167 857
168 735
169 243
170 592
171 788
172 287
173 917
174 134
175 309
176 461
177 765
178 122
179 420
180 285
181 175
182 1014
183 1082
184 921
185 1130
186 101
187 1088
188 1019
189 504
190 854
191 505
192 967
193 817
194 110
195 132
196 775
197 772
198 145
199 600
200 91
201 49
202 10
203 35
204 987
205 907
206 948
207 355
208 925
209 736
210 789
211 886
212 168
213 511
214 1070
215 17
216 454
217 909
218 798
219 944
220 1059
221 404
222 1042
223 730
224 306
225 80
226 319
227 698
228 55
229 900
230 1105
231 416
232 764
233 128
234 1074
235 476
236 847
237 428
238 911
239 609
240 1032
241 561
242 986
243 270
244 587
245 727
246 820
247 493
248 193
249 574
250 503
251 1122
252 386
253 843
254 728
255 117
256 606
257 328
258 685
259 195
260 262
261 621
262 939
263 512
264 344
265 271
266 996
267 805
268 82
269 443
270 1072
271 834
272 1079
273 149
274 46
275 826
276 695
277 255
278 51
279 491
280 179
281 213
282 682
283 58
284 387
285 940
286 245
287 628
288 825
289 458
290 790
291 265
292 922
293 480
294 913
295 623
296 547
297 5
298 816
299 646
300 861
301 1131
302 363
303 153
304 1103
305 661
306 895
307 183
308 444
309 858
310 1010
311 690
312 114
313 760
314 659
315 159
316 689
317 301
318 1125
319 388
320 84
321 320
322 99
323 239
324 177
325 1062
326 430
327 543
328 368
329 227
330 202
331 620
332 954
333 131
334 181
335 431
336 773
337 565
338 63
339 205
340 28
341 161
342 422
343 212
344 510
345 593
346 946
347 219
348 554
349 801
350 721
351 498
352 419
353 622
354 753
355 881
356 218
357 624
358 438
359 693
360 697
361 162
362 1108
363 73
364 23
365 1109
366 142
367 892
368 211
369 379
370 670
371 688
372 890
373 993
374 268
375 935
376 130
377 539
378 269
379 608
380 655
381 803
382 345
383 93
384 667
385 392
386 105
387 440
388 650
389 865
390 586
391 499
392 378
393 72
394 333
395 644
396 260
397 483
398 294
399 714
400 135
401 811
402 39
403 432
404 975
405 704
406 1084
407 385
408 109
409 793
410 812
411 669
412 920
413 559
414 571
415 908
416 1071
417 151
418 710
419 962
420 166
421 869
422 364
423 828
424 1065
425 708
426 305
427 421
428 741
429 38
430 1002
431 259
432 349
433 129
434 725
435 807
436 632
437 629
438 1021
439 537
440 879
441 517
442 821
443 126
444 304
445 89
446 576
447 799
448 74
449 471
450 103
451 31
452 1050
453 877
454 508
455 1096
456 1040
457 981
458 377
459 906
460 303
461 673
462 998
463 951
464 538
465 658
466 382
467 1123
468 560
469 53
470 452
471 706
472 116
473 932
474 33
475 233
476 487
477 1106
478 709
479 441
480 896
481 740
482 290
483 169
484 399
485 791
486 568
487 250
488 376
489 927
490 724
491 602
492 814
493 702
494 1119
495 189
496 412
497 743
498 808
499 465
500 403
501 136
502 244
503 400
504 436
505 519
506 258
507 257
508 633
509 354
510 486
511 1000
512 479
513 782
514 630
515 1015
516 98
517 535
518 570
519 766
520 1093
521 56
522 677
523 415
524 770
525 813
526 681
527 323
528 758
529 478
530 862
531 397
532 367
533 660
534 965
535 3
536 1094
537 970
538 1126
539 566
540 214
541 769
542 969
543 815
544 171
545 1051
546 1112
547 113
548 530
549 672
550 529
551 1034
552 774
553 1044
554 67
555 1054
556 1005
557 1089
558 442
559 666
560 1033
561 926
562 952
563 456
564 477
565 1036
566 500
567 157
568 526
569 1025
570 856
571 437
572 1037
573 1085
574 1
575 589
576 485
577 1099
578 133
579 534
580 108
581 840
582 470
583 158
584 439
585 558
586 904
587 1097
588 639
589 375
590 16
591 140
592 77
593 455
594 961
595 278
596 316
597 248
598 276
599 312
600 759
601 325
602 186
603 1110
604 1066
605 692
606 901
607 152
608 883
609 1114
610 590
611 34
612 994
613 742
614 141
615 880
616 121
617 457
618 229
619 224
620 930
621 988
622 654
623 1128
624 1060
625 525
626 619
627 200
628 616
629 980
630 950
631 83
632 342
633 197
634 1061
635 57
636 242
637 878
638 899
639 275
640 738
641 617
642 464
643 119
644 928
645 85
646 750
647 631
648 569
649 1022
650 1076
651 1073
652 482
653 1055
654 88
655 598
656 752
657 206
658 827
659 726
660 647
661 24
662 863
663 308
664 938
665 777
666 544
667 521
668 293
669 610
670 894
671 11
672 137
673 977
674 506
675 238
676 796
677 985
678 15
679 1091
680 597
681 41
682 87
683 625
684 875
685 640
686 0
687 203
688 228
689 96
690 226
691 13
692 992
693 991
694 321
695 599
696 30
697 215
698 615
699 311
700 106
701 406
702 745
703 429
704 313
705 797
706 174
707 263
708 1132
709 474
710 652
711 1012
712 336
713 524
714 527
715 968
716 966
717 905
718 755
719 744
720 832
721 334
722 43
723 68
724 555
725 1077
726 47
727 120
728 941
729 115
730 427
731 845
732 217
733 637
734 466
735 1006
736 891
737 338
738 1053
739 762
740 369
741 581
742 776
743 300
744 71
745 613
746 871
747 472
748 864
749 284
750 802
751 552
752 165
753 9
754 997
755 201
756 2
757 1090
758 6
759 12
760 380
761 852
762 1129
763 469
764 528
765 75
766 107
767 247
768 675
769 830
770 451
771 94
772 411
773 50
774 237
775 956
776 934
777 643
778 1098
779 433
780 1083
781 339
782 299
783 848
784 514
785 582
786 520
787 425
788 410
789 656
790 127
791 662
792 756
793 700
794 223
795 884
796 873
797 414
798 885
799 903
800 549
801 147
802 423
803 575
804 611
805 716
806 971
807 889
808 912
809 603
810 696
811 591
812 27
813 251
814 1111
815 701
816 936
817 1124
818 1027
819 768
820 182
821 585
822 235
823 707
824 501
825 1081
826 343
827 795
828 893
829 533
830 866
831 739
832 1052
833 786
834 374
835 125
836 207
837 1039
838 910
839 522
840 634
841 757
842 919
843 557
844 872
845 310
846 648
847 983
848 1064
849 732
850 594
851 787
852 671
853 562
854 261
855 209
856 513
857 683
858 199
859 978
860 1048
861 19
862 806
863 288
864 1029
865 273
866 771
867 365
868 360
869 196
870 395
871 1058
872 481
873 1013
874 1100
875 347
876 715
877 272
878 545
879 351
880 651
881 605
882 649
883 198
884 446
885 588
886 240
887 964
888 64
889 1104
890 467
891 1028
892 641
893 45
894 851
895 819
896 931
897 1003
898 230
899 390
900 163
901 488
902 409
903 253
904 100
905 48
906 1107
907 784
908 835
909 1031
910 314
911 612
912 953
913 635
914 957
915 780
916 626
917 370
918 638
919 653
920 822
921 1068
922 676
923 346
924 361
925 897
926 297
927 138
928 18
929 627
930 614
931 824
932 532
933 496
934 266
935 324
936 329
937 32
938 976
939 995
940 551
941 943
942 1056
943 448
944 283
945 916
946 973
947 352
948 1075
949 958
950 516
951 405
952 548
953 298
954 902
955 1080
956 447
957 792
958 497
959 156
960 341
961 14
962 4
963 712
964 572
965 178
966 393
967 184
968 1127
969 746
970 731
971 402
972 679
973 435
974 236
975 484
976 54
977 295
978 144
979 937
980 1115
981 315
982 424
983 389
984 372
985 711
986 291
987 90
988 173
989 492
990 62
991 686
992 849
993 718
994 220
995 734
996 358
997 1045
998 515
999 21
1000 326
1001 1092
1002 1102
1003 475
1004 353
1005 394
1006 337
1007 417
1008 92
1009 719
1010 391
1011 876
1012 564
1013 1008
1014 264
1015 781
1016 20
1017 29
1018 192
1019 754
1020 523
1021 507
1022 279
1023 1069
1024 25
1025 578
1026 26
1027 292
1028 111
1029 187
1030 1116
1031 960
1032 982
1033 418
1034 583
1035 694
1036 929
1037 800
1038 76
1039 150
1040 490
1041 22
1042 947
1043 216
1044 450
1045 737
1046 942
1047 1038
1048 473
1049 767
1050 1120
1051 44
1052 536
1053 36
1054 254
1055 340
1056 829
1057 999
1058 717
1059 445
1060 577
1061 831
1062 665
1063 139
1064 81
1065 674
1066 190
1067 332
1068 246
1069 460
1070 371
1071 232
1072 1067
1073 1113
1074 607
1075 749
1076 785
1077 595
1078 1046
1079 86
1080 668
1081 839
1082 838
1083 1016
1084 194
1085 751
1086 225
1087 453
1088 494
1089 1057
1090 1030
1091 1024
1092 723
1093 888
1094 747
1095 779
1096 541
1097 350
1098 1047
1099 1035
1100 495
1101 1117
1102 170
1103 657
1104 154
1105 691
1106 841
1107 124
1108 823
1109 330
1110 984
1111 331
1112 160
1113 383
1114 256
1115 563
1116 1023
1117 112
1118 78
1119 104
1120 79
1121 185
1122 579
1123 546
1124 542
1125 241
1126 763
1127 289
1128 804
1129 918
1130 296
1131 553
1132 234
