0 675
1 445
2 187
3 588
4 866
5 464
6 1043
7 887
8 1042
9 1106
10 422
11 633
12 929
13 161
14 1107
15 91
16 329
17 897
18 689
19 791
20 1032
21 417
22 343
23 903
24 46
25 469
26 645
27 609
28 176
29 954
30 105
31 600
32 596
33 1122
34 421
35 134
36 408
37 473
38 703
39 1084
40 548
41 844
42 110
43 368
44 651
45 1117
46 106
47 308
48 593
49 716
50 798
51 668
52 832
53 692
54 612
55 182
56 778
57 37
58 508
59 435
60 529
61 240
62 102
63 1067
64 865
65 587
66 790
67 43
68 438
69 758
70 1021
71 133
72 601
73 429
74 585
75 750
76 710
77 879
78 589
79 531
80 635
81 21
82 638
83 269
84 380
85 858
86 622
87 586
88 930
89 245
90 385
91 817
92 188
93 509
94 700
95 996
96 780
97 118
98 75
99 1071
100 131
101 263
102 214
103 561
104 409
105 199
106 20
107 815
108 121
109 301
110 885
111 768
112 379
113 743
114 856
115 863
116 882
117 1103
118 441
119 921
120 86
121 459
122 1055
123 241
124 873
125 404
126 606
127 1005
128 912
129 872
130 377
131 365
132 451
133 644
134 708
135 103
136 927
137 322
138 1000
139 130
140 820
141 923
142 213
143 1131
144 461
145 890
146 868
147 242
148 1052
149 166
150 704
151 216
152 680
153 334
154 1079
155 686
156 549
157 39
158 1125
159 831
160 558
161 65
162 204
163 128
164 174
165 113
166 891
167 683
168 60
169 1022
170 989
171 129
172 191
173 670
174 621
175 655
176 405
177 503
178 210
179 702
180 357
181 533
182 948
183 325
184 143
185 827
186 457
187 773
188 1113
189 986
190 1118
191 484
192 332
193 112
194 643
195 870
196 220
197 50
198 565
199 127
200 697
201 556
202 804
203 272
204 173
205 617
206 925
207 4
208 249
209 38
210 850
211 976
212 977
213 485
214 160
215 572
216 386
217 181
218 1059
219 350
220 415
221 68
222 248
223 136
224 502
225 818
226 1012
227 167
228 577
229 155
230 800
231 809
232 253
233 107
234 732
235 250
236 839
237 317
238 1119
239 439
240 447
241 29
242 521
243 843
244 83
245 315
246 285
247 299
248 352
249 934
250 1088
251 76
252 458
253 889
254 658
255 936
256 1110
257 436
258 376
259 475
260 320
261 221
262 140
263 513
264 901
265 803
266 922
267 165
268 974
269 433
270 871
271 292
272 85
273 975
274 1120
275 355
276 993
277 892
278 908
279 330
280 744
281 988
282 291
283 590
284 179
285 973
286 946
287 920
288 541
289 186
290 135
291 282
292 1126
293 659
294 671
295 535
296 749
297 1104
298 362
299 1056
300 1010
301 738
302 814
303 1100
304 713
305 1029
306 237
307 748
308 149
309 49
310 467
311 924
312 987
313 967
314 1095
315 527
316 198
317 307
318 273
319 1077
320 9
321 258
322 97
323 518
324 444
325 1093
326 478
327 1080
328 170
329 926
330 968
331 189
332 528
333 302
334 823
335 261
336 836
337 1086
338 168
339 795
340 578
341 821
342 894
343 581
344 747
345 119
346 414
347 526
348 25
349 10
350 910
351 123
352 396
353 425
354 1003
355 265
356 1016
357 517
358 1101
359 54
360 625
361 799
362 805
363 124
364 867
365 769
366 664
367 347
368 834
369 913
370 687
371 1128
372 1001
373 598
374 16
375 745
376 507
377 1053
378 1069
379 878
380 1057
381 138
382 428
383 466
384 961
385 490
386 331
387 776
388 985
389 1015
390 725
391 900
392 1013
393 153
394 849
395 24
396 443
397 1054
398 796
399 838
400 314
401 1091
402 860
403 630
404 346
405 150
406 382
407 825
408 718
409 219
410 88
411 22
412 642
413 496
414 653
415 116
416 688
417 559
418 142
419 819
420 875
421 837
422 1058
423 574
424 1094
425 1018
426 953
427 1074
428 111
429 828
430 899
431 154
432 208
433 0
434 286
435 876
436 384
437 412
438 232
439 99
440 40
441 512
442 35
443 957
444 230
445 649
446 202
447 842
448 603
449 3
450 354
451 403
452 764
453 192
454 1030
455 109
456 495
457 835
458 371
459 226
460 225
461 163
462 493
463 494
464 516
465 423
466 883
467 720
468 212
469 228
470 811
471 963
472 215
473 869
474 916
475 234
476 23
477 148
478 701
479 450
480 1096
481 270
482 344
483 115
484 812
485 992
486 446
487 483
488 761
489 774
490 78
491 752
492 479
493 468
494 57
495 309
496 72
497 67
498 731
499 66
500 341
501 59
502 1034
503 353
504 139
505 1035
506 95
507 848
508 1027
509 772
510 584
511 402
512 984
513 452
514 1130
515 333
516 203
517 514
518 1082
519 952
520 393
521 751
522 486
523 1083
524 1064
525 298
526 880
527 978
528 971
529 243
530 741
531 646
532 293
533 591
534 388
535 304
536 222
537 854
538 283
539 554
540 223
541 763
542 26
543 141
544 696
545 82
546 706
547 944
548 767
549 12
550 888
551 826
552 1061
553 195
554 1087
555 430
556 268
557 616
558 779
559 310
560 1097
561 152
562 194
563 1006
564 942
565 515
566 960
567 378
568 185
569 1019
570 383
571 180
572 442
573 735
574 193
575 656
576 698
577 665
578 1114
579 369
580 754
581 313
582 1041
583 41
584 560
585 990
586 74
587 511
588 257
589 159
590 126
591 719
592 164
593 151
594 542
595 505
596 932
597 363
598 1070
599 784
600 614
601 895
602 487
603 789
604 295
605 275
606 846
607 276
608 852
609 822
610 398
611 964
612 568
613 252
614 28
615 492
616 955
617 11
618 605
619 81
620 679
621 699
622 824
623 762
624 455
625 288
626 717
627 1112
628 465
629 284
630 666
631 1011
632 634
633 1004
634 906
635 995
636 739
637 395
638 627
639 8
640 58
641 19
642 770
643 1028
644 1115
645 729
646 575
647 259
648 787
649 449
650 281
651 367
652 89
653 217
654 254
655 101
656 1073
657 1116
658 1066
659 893
660 980
661 884
662 69
663 1047
664 358
665 662
666 632
667 1089
668 319
669 400
670 723
671 1075
672 571
673 33
674 17
675 477
676 830
677 620
678 53
679 1068
680 808
681 227
682 177
683 205
684 506
685 200
686 175
687 580
688 426
689 360
690 387
691 562
692 676
693 1045
694 52
695 390
696 1036
697 937
698 1014
699 359
700 294
701 337
702 669
703 348
704 93
705 677
706 657
707 806
708 982
709 551
710 1111
711 807
712 1132
713 158
714 833
715 321
716 938
717 544
718 715
719 114
720 416
721 573
722 519
723 966
724 539
725 207
726 460
727 132
728 340
729 631
730 810
731 582
732 623
733 553
734 262
735 499
736 726
737 407
738 661
739 448
740 547
741 491
742 266
743 323
744 557
745 1127
746 77
747 316
748 146
749 94
750 566
751 297
752 42
753 999
754 998
755 555
756 619
757 782
758 289
759 117
760 1076
761 328
762 274
763 650
764 392
765 1024
766 543
767 339
768 96
769 229
770 564
771 87
772 1039
773 740
774 563
775 480
776 462
777 413
778 342
779 1124
780 909
781 424
782 51
783 498
784 816
785 370
786 397
787 98
788 120
789 530
790 636
791 311
792 34
793 1009
794 122
795 278
796 1038
797 707
798 979
799 841
800 1050
801 886
802 1062
803 567
804 550
805 667
806 777
807 709
808 406
809 1020
810 171
811 256
812 757
813 125
814 71
815 618
816 949
817 981
818 349
819 970
820 356
821 372
822 950
823 427
824 336
825 27
826 145
827 1017
828 857
829 1092
830 545
831 896
832 224
833 1040
834 481
835 608
836 746
837 197
838 663
839 183
840 399
841 766
842 251
843 434
844 389
845 63
846 454
847 157
848 898
849 793
850 540
851 722
852 335
853 147
854 366
855 1072
856 48
857 861
858 1025
859 410
860 1078
861 500
862 238
863 691
864 218
865 943
866 267
867 756
868 579
869 851
870 902
871 62
872 524
873 108
874 965
875 231
876 678
877 144
878 672
879 374
880 1090
881 137
882 959
883 303
884 13
885 324
886 864
887 647
888 813
889 931
890 1065
891 693
892 734
893 845
894 599
895 260
896 172
897 915
898 235
899 61
900 80
901 15
902 1051
903 169
904 737
905 1099
906 375
907 654
908 939
909 714
910 209
911 881
912 510
913 546
914 36
915 55
916 712
917 637
918 610
919 381
920 1123
921 945
922 801
923 271
924 613
925 853
926 456
927 538
928 300
929 626
930 597
931 520
932 648
933 30
934 962
935 419
936 32
937 279
938 472
939 1037
940 728
941 476
942 196
943 660
944 855
945 674
946 552
947 919
948 652
949 73
950 296
951 178
952 361
953 482
954 1108
955 911
956 604
957 829
958 583
959 569
960 771
961 602
962 327
963 1081
964 431
965 1044
966 100
967 639
968 5
969 797
970 1098
971 470
972 624
973 786
974 760
975 244
976 522
977 874
978 759
979 1023
980 727
981 940
982 420
983 190
984 904
985 928
986 933
987 859
988 1
989 497
990 969
991 1109
992 983
993 1121
994 724
995 917
996 280
997 611
998 951
999 1007
1000 1046
1001 594
1002 997
1003 463
1004 641
1005 947
1006 290
1007 536
1008 345
1009 877
1010 394
1011 840
1012 453
1013 162
1014 351
1015 211
1016 607
1017 277
1018 305
1019 972
1020 1033
1021 847
1022 711
1023 233
1024 246
1025 736
1026 18
1027 1105
1028 418
1029 373
1030 79
1031 537
1032 788
1033 247
1034 570
1035 474
1036 629
1037 287
1038 56
1039 489
1040 914
1041 794
1042 1060
1043 326
1044 255
1045 802
1046 432
1047 1049
1048 90
1049 755
1050 783
1051 532
1052 306
1053 501
1054 1048
1055 682
1056 471
1057 765
1058 239
1059 264
1060 92
1061 576
1062 525
1063 45
1064 201
1065 775
1066 504
1067 695
1068 907
1069 64
1070 615
1071 70
1072 364
1073 1002
1074 6
1075 956
1076 523
1077 958
1078 994
1079 862
1080 733
1081 781
1082 918
1083 437
1084 104
1085 941
1086 705
1087 411
1088 1063
1089 792
1090 184
1091 156
1092 2
1093 628
1094 391
1095 318
1096 690
1097 1102
1098 753
1099 338
1100 684
1101 730
1102 44
1103 905
1104 1129
1105 312
1106 1008
1107 935
1108 31
1109 440
1110 721
1111 206
1112 592
1113 1026
1114 595
1115 694
1116 640
1117 47
1118 534
1119 488
1120 1085
1121 14
1122 742
1123 401
1124 1031
1125 681
1126 785
1127 685
1128 84
1129 236
1130 7
1131 673
1132 991
