0 924
1 802
2 758
3 266
4 599
5 267
6 1097
7 810
8 52
9 544
10 62
11 582
12 17
13 289
14 228
15 109
16 328
17 1119
18 1080
19 773
20 1075
21 587
22 408
23 195
24 1092
25 550
26 561
27 185
28 990
29 151
30 21
31 1012
32 1128
33 40
34 115
35 247
36 701
37 329
38 399
39 757
40 222
41 1015
42 375
43 221
44 927
45 1106
46 1070
47 436
48 563
49 157
50 835
51 12
52 743
53 117
54 1063
55 858
56 216
57 645
58 914
59 896
60 601
61 484
62 1084
63 133
64 588
65 1126
66 68
67 523
68 597
69 663
70 626
71 507
72 360
73 788
74 873
75 765
76 540
77 440
78 112
79 335
80 744
81 1101
82 630
83 668
84 558
85 755
86 416
87 721
88 546
89 519
90 771
91 322
92 1013
93 1072
94 173
95 373
96 673
97 876
98 904
99 621
100 304
101 77
102 638
103 18
104 794
105 747
106 378
107 611
108 392
109 385
110 391
111 1042
112 584
113 164
114 623
115 485
116 463
117 190
118 1110
119 700
120 81
121 200
122 287
123 617
124 633
125 610
126 665
127 1031
128 121
129 748
130 609
131 632
132 223
133 294
134 295
135 20
136 871
137 593
138 882
139 1010
140 656
141 301
142 401
143 300
144 414
145 158
146 812
147 817
148 411
149 36
150 648
151 644
152 770
153 903
154 1071
155 1079
156 929
157 103
158 898
159 726
160 985
161 420
162 27
163 555
164 371
165 88
166 714
167 869
168 226
169 572
170 244
171 879
172 1104
173 669
174 111
175 969
176 101
177 605
178 718
179 913
180 857
181 846
182 278
183 270
184 476
185 834
186 477
187 674
188 364
189 34
190 722
191 980
192 595
193 317
194 172
195 594
196 150
197 390
198 196
199 211
200 120
201 39
202 688
203 1051
204 30
205 949
206 265
207 650
208 921
209 24
210 178
211 1082
212 402
213 91
214 1065
215 1086
216 754
217 868
218 394
219 320
220 548
221 124
222 422
223 1006
224 1064
225 398
226 469
227 162
228 600
229 419
230 32
231 805
232 197
233 885
234 314
235 696
236 498
237 994
238 560
239 508
240 490
241 640
242 977
243 504
244 978
245 292
246 261
247 168
248 585
249 628
250 451
251 442
252 1008
253 839
254 1050
255 454
256 511
257 362
258 827
259 785
260 446
261 1122
262 678
263 590
264 219
265 692
266 976
267 982
268 51
269 777
270 347
271 613
272 118
273 240
274 448
275 911
276 1007
277 709
278 815
279 801
280 37
281 1009
282 154
283 483
284 705
285 574
286 318
287 814
288 643
289 110
290 372
291 541
292 343
293 254
294 730
295 509
296 571
297 979
298 596
299 437
300 961
301 960
302 917
303 404
304 1026
305 966
306 641
307 181
308 557
309 731
310 707
311 202
312 915
313 693
314 273
315 902
316 264
317 681
318 80
319 429
320 946
321 1115
322 562
323 31
324 1129
325 353
326 358
327 733
328 341
329 405
330 906
331 171
332 1124
333 1103
334 880
335 797
336 427
337 859
338 236
339 57
340 912
341 989
342 865
343 782
344 1078
345 592
346 1048
347 338
348 874
349 1014
350 340
351 877
352 500
353 866
354 199
355 852
356 996
357 144
358 711
359 997
360 694
361 1029
362 756
363 551
364 1060
365 396
366 79
367 191
368 883
369 453
370 153
371 631
372 741
373 336
374 99
375 1058
376 262
377 928
378 417
379 425
380 127
381 618
382 753
383 1034
384 85
385 625
386 517
387 686
388 635
389 41
390 607
391 50
392 1027
393 740
394 493
395 76
396 308
397 948
398 230
399 1073
400 662
401 205
402 331
403 428
404 963
405 430
406 781
407 380
408 48
409 6
410 204
411 475
412 941
413 49
414 953
415 1074
416 403
417 344
418 60
419 729
420 564
421 606
422 901
423 1053
424 316
425 502
426 271
427 998
428 333
429 716
430 971
431 900
432 10
433 142
434 53
435 887
436 366
437 899
438 749
439 1062
440 538
441 856
442 627
443 736
444 384
445 897
446 1100
447 352
448 931
449 843
450 1131
451 783
452 819
453 654
454 156
455 1038
456 763
457 728
458 535
459 61
460 471
461 128
462 612
463 639
464 69
465 464
466 968
467 567
468 923
469 376
470 1054
471 1030
472 940
473 938
474 409
475 552
476 479
477 720
478 973
479 105
480 854
481 356
482 670
483 431
484 798
485 531
486 206
487 86
488 140
489 186
490 616
491 838
492 59
493 547
494 1123
495 760
496 90
497 660
498 302
499 47
500 163
501 1039
502 637
503 135
504 575
505 1005
506 488
507 889
508 667
509 861
510 965
511 784
512 165
513 719
514 252
515 886
516 231
517 227
518 480
519 357
520 9
521 818
522 739
523 833
524 382
525 1095
526 145
527 232
528 556
529 183
530 1046
531 22
532 421
533 703
534 194
535 512
536 96
537 789
538 342
539 1127
540 310
541 569
542 649
543 176
544 152
545 334
546 229
547 804
548 268
549 354
550 449
551 235
552 658
553 841
554 123
555 44
556 170
557 884
558 35
559 160
560 459
561 870
562 189
563 83
564 642
565 842
566 7
567 290
568 434
569 348
570 984
571 94
572 307
573 933
574 114
575 704
576 441
577 1094
578 832
579 188
580 521
581 807
582 945
583 330
584 829
585 734
586 543
587 954
588 995
589 312
590 862
591 576
592 1052
593 104
594 892
595 16
596 393
597 1
598 466
599 1032
600 349
601 370
602 1061
603 433
604 503
605 129
606 319
607 811
608 1047
609 622
610 796
611 573
612 499
613 672
614 26
615 848
616 845
617 468
618 536
619 847
620 936
621 29
622 1091
623 122
624 239
625 1116
626 89
627 1107
628 922
629 345
630 415
631 1017
632 647
633 243
634 467
635 309
636 28
637 1024
638 282
639 130
640 634
641 487
642 690
643 161
644 46
645 14
646 514
647 182
648 297
649 580
650 524
651 350
652 822
653 920
654 598
655 860
656 193
657 717
658 3
659 683
660 400
661 738
662 708
663 462
664 184
665 506
666 1102
667 1066
668 570
669 602
670 208
671 840
672 285
673 1117
674 106
675 878
676 972
677 19
678 237
679 655
680 766
681 177
682 532
683 238
684 837
685 629
686 321
687 943
688 272
689 737
690 909
691 849
692 800
693 513
694 174
695 73
696 935
697 919
698 1036
699 260
700 762
701 92
702 1067
703 363
704 306
705 750
706 113
707 947
708 351
709 70
710 458
711 155
712 1035
713 516
714 432
715 251
716 723
717 950
718 63
719 671
720 792
721 1111
722 365
723 1089
724 959
725 795
726 447
727 56
728 891
729 981
730 388
731 776
732 742
733 636
734 250
735 108
736 410
737 107
738 975
739 381
740 192
741 460
742 803
743 406
744 761
745 620
746 274
747 992
748 218
749 198
750 147
751 33
752 277
753 664
754 510
755 315
756 712
757 102
758 167
759 413
760 337
761 687
762 166
763 389
764 1132
765 100
766 808
767 324
768 910
769 305
770 515
771 872
772 257
773 450
774 72
775 132
776 1019
777 895
778 955
779 67
780 424
781 1001
782 137
783 746
784 207
785 1090
786 1125
787 679
788 646
789 1088
790 473
791 680
792 126
793 780
794 1112
795 775
796 323
797 1121
798 423
799 369
800 713
801 677
802 793
803 426
804 759
805 1113
806 732
807 715
808 214
809 699
810 751
811 790
812 276
813 697
814 339
815 0
816 383
817 1022
818 291
819 149
820 828
821 787
822 233
823 225
824 288
825 377
826 831
827 1049
828 64
829 577
830 930
831 457
832 772
833 275
834 826
835 1037
836 136
837 368
838 937
839 1085
840 1045
841 1021
842 481
843 539
844 934
845 387
846 537
847 253
848 293
849 98
850 495
851 529
852 296
853 813
854 209
855 893
856 1109
857 1081
858 1093
859 999
860 1059
861 1000
862 215
863 255
864 494
865 1130
866 520
867 821
868 159
869 724
870 851
871 993
872 456
873 1020
874 303
875 581
876 830
877 71
878 148
879 249
880 702
881 1002
882 241
883 823
884 443
885 361
886 455
887 367
888 816
889 752
890 15
891 386
892 964
893 653
894 210
895 187
896 706
897 203
898 661
899 666
900 212
901 1087
902 245
903 824
904 554
905 850
906 1076
907 568
908 844
909 890
910 169
911 522
912 549
913 1028
914 684
915 97
916 246
917 84
918 141
919 146
920 256
921 452
922 768
923 283
924 298
925 952
926 143
927 2
928 482
929 397
930 614
931 259
932 589
933 918
934 1018
935 525
936 284
937 786
938 528
939 279
940 967
941 530
942 604
943 778
944 1033
945 779
946 286
947 1016
948 25
949 603
950 727
951 325
952 735
953 263
954 553
955 986
956 710
957 217
958 125
959 5
960 951
961 8
962 894
963 682
964 659
965 445
966 1056
967 608
968 619
969 698
970 932
971 867
972 676
973 1025
974 332
975 1043
976 863
977 533
978 962
979 905
980 791
981 435
982 825
983 675
984 958
985 418
986 379
987 925
988 657
989 689
990 534
991 1114
992 1011
993 497
994 725
995 138
996 116
997 220
998 491
999 527
1000 4
1001 38
1002 578
1003 248
1004 93
1005 280
1006 939
1007 472
1008 45
1009 139
1010 489
1011 78
1012 820
1013 134
1014 691
1015 87
1016 327
1017 983
1018 23
1019 695
1020 55
1021 1041
1022 355
1023 615
1024 526
1025 412
1026 591
1027 234
1028 875
1029 809
1030 1108
1031 767
1032 545
1033 926
1034 1055
1035 496
1036 311
1037 326
1038 652
1039 1069
1040 1083
1041 1004
1042 1096
1043 970
1044 258
1045 956
1046 957
1047 1023
1048 624
1049 281
1050 461
1051 478
1052 119
1053 888
1054 470
1055 465
1056 1068
1057 1040
1058 242
1059 505
1060 579
1061 806
1062 1057
1063 988
1064 1120
1065 1099
1066 1098
1067 299
1068 65
1069 82
1070 991
1071 583
1072 439
1073 444
1074 213
1075 566
1076 407
1077 359
1078 1003
1079 42
1080 131
1081 907
1082 438
1083 395
1084 685
1085 864
1086 1105
1087 43
1088 179
1089 855
1090 486
1091 908
1092 799
1093 853
1094 346
1095 764
1096 745
1097 201
1098 58
1099 916
1100 836
1101 13
1102 54
1103 559
1104 75
1105 95
1106 374
1107 501
1108 987
1109 942
1110 74
1111 944
1112 180
1113 313
1114 11
1115 565
1116 224
1117 518
1118 1077
1119 269
1120 175
1121 651
1122 542
1123 1118
1124 774
1125 881
1126 974
1127 769
1128 474
1129 492
1130 66
1131 1044
1132 586
