0 431
1 285
2 1085
3 725
4 196
5 476
6 1016
7 449
8 826
9 423
10 794
11 548
12 9
13 493
14 166
15 991
16 682
17 1026
18 434
19 1114
20 972
21 156
22 920
23 340
24 885
25 114
26 333
27 985
28 1017
29 942
30 718
31 796
32 775
33 481
34 854
35 1094
36 88
37 304
38 132
39 66
40 689
41 525
42 516
43 406
44 121
45 1095
46 533
47 650
48 734
49 159
50 962
51 1043
52 638
53 300
54 527
55 294
56 1033
57 948
58 197
59 546
60 168
61 997
62 1022
63 1117
64 788
65 1072
66 538
67 973
68 1122
69 1050
70 336
71 522
72 421
73 89
74 339
75 695
76 954
77 301
78 26
79 934
80 398
81 502
82 687
83 1108
84 279
85 940
86 27
87 189
88 959
89 139
90 1031
91 871
92 283
93 598
94 45
95 918
96 106
97 485
98 704
99 621
100 539
101 770
102 1075
103 657
104 101
105 569
106 955
107 876
108 188
109 903
110 1107
111 358
112 282
113 276
114 1088
115 582
116 1008
117 642
118 924
119 873
120 393
121 829
122 24
123 1009
124 186
125 696
126 636
127 470
128 82
129 505
130 670
131 686
132 33
133 645
134 221
135 241
136 315
137 1109
138 561
139 364
140 353
141 831
142 618
143 1007
144 237
145 512
146 174
147 90
148 363
149 676
150 441
151 491
152 424
153 660
154 685
155 667
156 271
157 293
158 513
159 319
160 226
161 13
162 216
163 381
164 520
165 894
166 202
167 753
168 1001
169 945
170 651
171 979
172 835
173 56
174 1071
175 779
176 63
177 1069
178 523
179 977
180 656
181 701
182 153
183 453
184 1015
185 811
186 1080
187 305
188 429
189 1006
190 395
191 306
192 366
193 761
194 728
195 362
196 1128
197 99
198 799
199 931
200 357
201 254
202 1077
203 37
204 889
205 145
206 1125
207 819
208 408
209 32
210 939
211 298
212 375
213 594
214 40
215 795
216 4
217 49
218 990
219 290
220 433
221 296
222 808
223 832
224 887
225 465
226 1060
227 1018
228 524
229 96
230 760
231 115
232 841
233 190
234 255
235 387
236 740
237 565
238 994
239 171
240 662
241 860
242 1126
243 966
244 698
245 51
246 617
247 483
248 435
249 15
250 677
251 337
252 136
253 464
254 41
255 184
256 987
257 224
258 194
259 220
260 834
261 849
262 1046
263 1036
264 289
265 749
266 1106
267 559
268 484
269 21
270 427
271 161
272 824
273 450
274 708
275 575
276 77
277 623
278 941
279 612
280 248
281 157
282 350
283 744
284 550
285 288
286 34
287 466
288 1025
289 1011
290 1010
291 122
292 233
293 869
294 615
295 703
296 980
297 1048
298 1027
299 1045
300 272
301 235
302 792
303 947
304 772
305 607
306 440
307 712
308 474
309 875
310 1130
311 605
312 745
313 855
314 403
315 784
316 830
317 25
318 838
319 766
320 475
321 518
322 756
323 867
324 968
325 995
326 540
327 585
328 1053
329 816
330 544
331 542
332 543
333 97
334 886
335 506
336 609
337 785
338 1073
339 852
340 420
341 907
342 129
343 535
344 229
345 878
346 1024
347 374
348 604
349 385
350 108
351 774
352 717
353 219
354 1002
355 710
356 998
357 258
358 729
359 201
360 287
361 312
362 1070
363 284
364 537
365 716
366 1065
367 370
368 790
369 341
370 709
371 786
372 634
373 95
374 72
375 444
376 767
377 410
378 578
379 428
380 938
381 318
382 275
383 28
384 632
385 138
386 583
387 680
388 961
389 890
390 163
391 130
392 223
393 210
394 599
395 597
396 557
397 781
398 864
399 1097
400 356
401 1012
402 1004
403 902
404 741
405 299
406 327
407 733
408 236
409 16
410 702
411 891
412 1005
413 112
414 514
415 417
416 570
417 30
418 812
419 713
420 1099
421 256
422 813
423 1101
424 601
425 135
426 3
427 777
428 1066
429 1042
430 1092
431 111
432 1074
433 490
434 859
435 1087
436 919
437 661
438 866
439 739
440 925
441 600
442 956
443 274
444 22
445 554
446 116
447 672
448 203
449 142
450 1124
451 217
452 658
453 858
454 155
455 94
456 382
457 35
458 620
459 571
460 1014
461 307
462 154
463 426
464 43
465 694
466 1086
467 1
468 468
469 825
470 568
471 1000
472 113
473 71
474 836
475 957
476 437
477 647
478 325
479 828
480 1056
481 6
482 765
483 1020
484 84
485 590
486 586
487 1131
488 773
489 297
490 477
491 731
492 199
493 640
494 1090
495 976
496 1039
497 208
498 1100
499 1029
500 963
501 588
502 39
503 214
504 164
505 439
506 361
507 1121
508 266
509 556
510 888
511 564
512 1057
513 996
514 238
515 820
516 613
517 737
518 1111
519 228
520 252
521 377
522 388
523 183
524 277
525 552
526 354
527 245
528 261
529 691
530 665
531 532
532 643
533 851
534 117
535 510
536 993
537 147
538 549
539 771
540 472
541 180
542 821
543 120
544 1038
545 61
546 681
547 975
548 479
549 1064
550 2
551 580
552 169
553 178
554 1003
555 10
556 143
557 754
558 446
559 280
560 965
561 614
562 158
563 93
564 758
565 396
566 910
567 905
568 397
569 292
570 369
571 863
572 264
573 606
574 231
575 19
576 0
577 683
578 442
579 1104
580 384
581 722
582 270
583 55
584 152
585 462
586 1127
587 802
588 36
589 47
590 1023
591 807
592 31
593 344
594 649
595 780
596 688
597 246
598 317
599 926
600 125
601 473
602 400
603 430
604 684
605 267
606 1063
607 727
608 177
609 804
610 528
611 882
612 242
613 971
614 401
615 944
616 857
617 432
618 461
619 198
620 310
621 1120
622 185
623 983
624 923
625 150
626 928
627 1019
628 454
629 162
630 141
631 558
632 323
633 322
634 837
635 443
636 338
637 610
638 534
639 422
640 1110
641 332
642 425
643 711
644 982
645 593
646 951
647 251
648 628
649 232
650 405
651 91
652 768
653 724
654 1123
655 1081
656 460
657 762
658 215
659 494
660 457
661 123
662 105
663 134
664 144
665 407
666 281
667 75
668 492
669 378
670 674
671 321
672 179
673 273
674 348
675 906
676 313
677 390
678 1096
679 413
680 705
681 418
682 402
683 451
684 639
685 102
686 783
687 213
688 668
689 268
690 463
691 755
692 868
693 1119
694 92
695 759
696 757
697 20
698 496
699 848
700 379
701 798
702 1059
703 806
704 953
705 833
706 76
707 529
708 1052
709 870
710 750
711 999
712 1068
713 498
714 751
715 913
716 584
717 719
718 721
719 986
720 447
721 818
722 1129
723 978
724 1058
725 1078
726 531
727 308
728 1113
729 320
730 678
731 495
732 690
733 1013
734 8
735 521
736 881
737 173
738 541
739 735
740 504
741 368
742 119
743 371
744 257
745 12
746 335
747 172
748 810
749 950
750 295
751 314
752 511
753 752
754 803
755 391
756 253
757 964
758 1035
759 865
760 436
761 1054
762 191
763 666
764 844
765 262
766 700
767 567
768 227
769 70
770 974
771 500
772 635
773 669
774 416
775 467
776 946
777 981
778 958
779 952
780 517
781 107
782 324
783 949
784 853
785 126
786 1030
787 1032
788 619
789 480
790 992
791 892
792 862
793 352
794 334
795 38
796 52
797 445
798 846
799 914
800 577
801 149
802 908
803 747
804 263
805 367
806 797
807 1061
808 927
809 633
810 218
811 1098
812 104
813 404
814 53
815 896
816 137
817 86
818 50
819 269
820 456
821 478
822 551
823 764
824 508
825 392
826 244
827 507
828 603
829 471
830 1049
831 555
832 14
833 1084
834 895
835 778
836 206
837 637
838 631
839 499
840 738
841 303
842 616
843 79
844 515
845 589
846 874
847 693
848 329
849 469
850 373
851 98
852 726
853 359
854 839
855 843
856 922
857 932
858 611
859 730
860 501
861 345
862 181
863 877
864 386
865 394
866 355
867 814
868 182
869 489
870 1112
871 48
872 509
873 720
874 212
875 748
876 487
877 438
878 207
879 165
880 933
881 547
882 85
883 904
884 234
885 1040
886 1037
887 791
888 629
889 893
890 789
891 42
892 861
893 44
894 360
895 17
896 372
897 809
898 62
899 900
900 411
901 1051
902 265
903 380
904 659
905 653
906 452
907 331
908 591
909 663
910 1103
911 376
912 746
913 769
914 929
915 1093
916 291
917 800
918 1044
919 526
920 915
921 497
922 921
923 81
924 225
925 897
926 57
927 351
928 1082
929 193
930 545
931 840
932 100
933 909
934 984
935 78
936 247
937 742
938 87
939 872
940 823
941 884
942 412
943 482
944 7
945 935
946 503
947 328
948 911
949 1021
950 1118
951 1062
952 458
953 211
954 692
955 743
956 459
957 827
958 805
959 595
960 148
961 146
962 1116
963 608
964 1076
965 536
966 140
967 898
968 625
969 448
970 60
971 1115
972 648
973 592
974 80
975 937
976 530
977 11
978 822
979 187
980 316
981 817
982 365
983 646
984 901
985 455
986 655
987 309
988 1034
989 776
990 260
991 1102
992 175
993 278
994 707
995 714
996 1083
997 916
998 239
999 29
1000 782
1001 1028
1002 240
1003 342
1004 679
1005 131
1006 883
1007 596
1008 579
1009 736
1010 675
1011 706
1012 326
1013 1067
1014 574
1015 18
1016 943
1017 109
1018 562
1019 5
1020 793
1021 222
1022 622
1023 801
1024 1132
1025 1089
1026 1047
1027 330
1028 200
1029 917
1030 899
1031 151
1032 652
1033 311
1034 69
1035 572
1036 65
1037 389
1038 856
1039 732
1040 671
1041 204
1042 842
1043 1041
1044 133
1045 1055
1046 573
1047 967
1048 73
1049 486
1050 230
1051 566
1052 419
1053 630
1054 488
1055 969
1056 259
1057 627
1058 723
1059 167
1060 124
1061 879
1062 195
1063 624
1064 128
1065 286
1066 409
1067 74
1068 110
1069 587
1070 763
1071 346
1072 519
1073 68
1074 347
1075 563
1076 845
1077 209
1078 67
1079 880
1080 414
1081 576
1082 250
1083 553
1084 581
1085 23
1086 83
1087 912
1088 302
1089 560
1090 249
1091 1105
1092 930
1093 176
1094 970
1095 54
1096 787
1097 697
1098 243
1099 644
1100 673
1101 1079
1102 815
1103 715
1104 170
1105 399
1106 989
1107 936
1108 160
1109 64
1110 626
1111 847
1112 118
1113 58
1114 988
1115 343
1116 664
1117 192
1118 1091
1119 699
1120 850
1121 349
1122 960
1123 127
1124 205
1125 59
1126 602
1127 654
1128 383
1129 415
1130 641
1131 103
1132 46
