0 576
1 978
2 830
3 975
4 175
5 470
6 85
7 983
8 1055
9 393
10 33
11 595
12 1104
13 969
14 301
15 643
16 520
17 827
18 1062
19 959
20 1024
21 908
22 797
23 945
24 609
25 166
26 344
27 928
28 446
29 94
30 760
31 105
32 506
33 691
34 499
35 87
36 658
37 942
38 1001
39 1038
40 939
41 736
42 100
43 1114
44 1
45 148
46 892
47 3
48 213
49 298
50 934
51 351
52 1006
53 794
54 913
55 605
56 295
57 507
58 360
59 457
60 684
61 929
62 891
63 50
64 98
65 257
66 316
67 844
68 751
69 43
70 1043
71 314
72 726
73 514
74 399
75 650
76 193
77 76
78 926
79 771
80 31
81 1091
82 403
83 1125
84 401
85 256
86 1122
87 672
88 293
89 22
90 1101
91 13
92 230
93 150
94 247
95 564
96 572
97 189
98 616
99 330
100 690
101 158
102 419
103 592
104 971
105 1069
106 496
107 1039
108 876
109 319
110 935
111 177
112 170
113 125
114 694
115 865
116 1094
117 172
118 641
119 200
120 249
121 656
122 625
123 326
124 556
125 1117
126 811
127 252
128 467
129 108
130 205
131 19
132 196
133 379
134 1020
135 278
136 603
137 989
138 689
139 917
140 1034
141 242
142 1111
143 216
144 71
145 354
146 434
147 348
148 5
149 631
150 623
151 269
152 517
153 482
154 383
155 471
156 261
157 943
158 883
159 502
160 465
161 372
162 798
163 65
164 985
165 993
166 633
167 235
168 2
169 793
170 89
171 110
172 1048
173 45
174 396
175 47
176 32
177 964
178 280
179 1060
180 1031
181 720
182 931
183 102
184 1131
185 143
186 955
187 713
188 810
189 461
190 1124
191 1011
192 898
193 516
194 594
195 483
196 679
197 321
198 984
199 1082
200 657
201 277
202 233
203 789
204 1058
205 57
206 400
207 629
208 706
209 915
210 260
211 705
212 427
213 347
214 1025
215 167
216 498
217 709
218 421
219 156
220 304
221 58
222 1000
223 686
224 903
225 626
226 791
227 841
228 15
229 373
230 571
231 1066
232 589
233 946
234 950
235 21
236 855
237 1084
238 78
239 1045
240 788
241 276
242 1112
243 1021
244 890
245 356
246 671
247 357
248 436
249 611
250 820
251 382
252 902
253 557
254 450
255 212
256 718
257 1014
258 490
259 445
260 927
261 318
262 497
263 333
264 875
265 1128
266 693
267 117
268 839
269 636
270 790
271 185
272 127
273 743
274 53
275 796
276 268
277 55
278 284
279 1121
280 358
281 662
282 717
283 888
284 312
285 835
286 539
287 1015
288 962
289 982
290 715
291 712
292 111
293 695
294 51
295 90
296 141
297 254
298 487
299 163
300 52
301 716
302 463
303 683
304 519
305 504
306 136
307 77
308 555
309 777
310 667
311 1070
312 922
313 40
314 538
315 222
316 806
317 509
318 1063
319 766
320 429
321 857
322 227
323 826
324 997
325 327
326 315
327 996
328 232
329 340
330 418
331 599
332 265
333 308
334 663
335 92
336 965
337 1044
338 491
339 741
340 574
341 317
342 543
343 243
344 206
345 843
346 495
347 814
348 961
349 981
350 339
351 30
352 776
353 745
354 362
355 511
356 938
357 578
358 831
359 708
360 748
361 987
362 139
363 62
364 921
365 666
366 884
367 821
368 338
369 995
370 107
371 792
372 64
373 99
374 970
375 209
376 442
377 986
378 670
379 582
380 597
381 618
382 447
383 698
384 486
385 637
386 696
387 754
388 803
389 161
390 586
391 203
392 807
393 191
394 558
395 840
396 772
397 368
398 819
399 645
400 1071
401 787
402 292
403 1100
404 638
405 66
406 596
407 681
408 104
409 1072
410 133
411 441
412 699
413 710
414 162
415 647
416 775
417 183
418 432
419 885
420 669
421 951
422 452
423 138
424 610
425 834
426 478
427 739
428 848
429 296
430 747
431 561
432 425
433 4
434 410
435 300
436 365
437 1007
438 864
439 960
440 914
441 744
442 489
443 1047
444 408
445 818
446 1032
447 588
448 722
449 869
450 540
451 707
452 229
453 54
454 26
455 887
456 1061
457 1050
458 439
459 39
460 602
461 7
462 221
463 334
464 500
465 1089
466 145
467 364
468 687
469 900
470 332
471 976
472 759
473 134
474 88
475 116
476 492
477 96
478 905
479 44
480 593
481 635
482 575
483 779
484 63
485 859
486 998
487 476
488 580
489 414
490 475
491 331
492 866
493 537
494 1009
495 781
496 615
497 553
498 343
499 1097
500 398
501 36
502 994
503 374
504 1041
505 660
506 387
507 549
508 546
509 1022
510 251
511 91
512 0
513 632
514 82
515 646
516 585
517 515
518 349
519 190
520 735
521 886
522 738
523 176
524 882
525 665
526 773
527 513
528 740
529 407
530 299
531 523
532 952
533 980
534 873
535 224
536 757
537 872
538 730
539 972
540 559
541 737
542 1002
543 1051
544 335
545 130
546 120
547 402
548 822
549 144
550 512
551 675
552 1081
553 525
554 103
555 518
556 84
557 536
558 283
559 849
560 154
561 376
562 778
563 861
564 937
565 505
566 870
567 621
568 719
569 363
570 508
571 974
572 566
573 38
574 1010
575 608
576 988
577 302
578 215
579 1005
580 286
581 619
582 273
583 601
584 799
585 852
586 121
587 23
588 444
589 270
590 123
591 1130
592 920
593 226
594 838
595 999
596 714
597 727
598 375
599 871
600 160
601 990
602 451
603 704
604 173
605 313
606 462
607 201
608 106
609 812
610 1052
611 767
612 652
613 262
614 770
615 907
616 12
617 587
618 186
619 417
620 612
621 388
622 783
623 702
624 992
625 73
626 80
627 152
628 634
629 809
630 168
631 1008
632 948
633 6
634 721
635 731
636 570
637 448
638 366
639 653
640 1056
641 966
642 219
643 659
644 24
645 488
646 381
647 703
648 956
649 753
650 854
651 521
652 1113
653 749
654 174
655 1012
656 711
657 591
658 453
659 501
660 199
661 524
662 431
663 862
664 642
665 881
666 218
667 1036
668 1095
669 266
670 75
671 97
672 858
673 49
674 973
675 237
676 837
677 225
678 530
679 1103
680 769
681 466
682 648
683 991
684 651
685 977
686 785
687 101
688 909
689 1126
690 336
691 194
692 933
693 424
694 565
695 428
696 384
697 701
698 350
699 577
700 924
701 464
702 544
703 211
704 584
705 833
706 979
707 532
708 673
709 795
710 758
711 923
712 617
713 83
714 181
715 433
716 941
717 182
718 238
719 894
720 817
721 804
722 440
723 287
724 562
725 850
726 1086
727 236
728 311
729 122
730 644
731 630
732 1004
733 529
734 1106
735 294
736 1090
737 416
738 815
739 390
740 551
741 188
742 413
743 916
744 27
745 56
746 654
747 472
748 604
749 481
750 1120
751 377
752 61
753 816
754 761
755 805
756 901
757 896
758 430
759 823
760 411
761 627
762 649
763 1030
764 147
765 874
766 361
767 813
768 34
769 1042
770 228
771 1110
772 169
773 1068
774 1013
775 847
776 422
777 369
778 825
779 345
780 620
781 1029
782 552
783 322
784 234
785 957
786 879
787 1037
788 845
789 541
790 275
791 918
792 774
793 535
794 231
795 889
796 1046
797 1017
798 1109
799 240
800 655
801 281
802 677
803 728
804 802
805 395
806 17
807 480
808 824
809 676
810 72
811 851
812 569
813 1083
814 680
815 477
816 732
817 214
818 259
819 341
820 460
821 323
822 67
823 20
824 573
825 81
826 11
827 836
828 1053
829 567
830 25
831 1075
832 729
833 197
834 1108
835 954
836 1118
837 305
838 784
839 342
840 159
841 510
842 328
843 109
844 925
845 179
846 1116
847 306
848 877
849 220
850 290
851 674
852 1087
853 867
854 485
855 16
856 95
857 904
858 919
859 459
860 423
861 126
862 303
863 241
864 346
865 832
866 1085
867 380
868 756
869 967
870 1132
871 239
872 545
873 115
874 860
875 1105
876 443
877 28
878 1049
879 337
880 742
881 14
882 455
883 128
884 391
885 697
886 685
887 750
888 1077
889 285
890 137
891 853
892 968
893 522
894 258
895 267
896 359
897 42
898 527
899 274
900 131
901 70
902 420
903 1054
904 1018
905 1127
906 628
907 1064
908 263
909 29
910 60
911 940
912 1098
913 542
914 752
915 1102
916 688
917 355
918 1065
919 46
920 906
921 1067
922 246
923 764
924 547
925 1096
926 412
927 548
928 897
929 1119
930 371
931 210
932 208
933 846
934 378
935 528
936 245
937 494
938 600
939 1028
940 244
941 164
942 780
943 18
944 579
945 473
946 264
947 768
948 142
949 614
950 953
951 198
952 912
953 180
954 41
955 310
956 324
957 114
958 1123
959 389
960 930
961 1129
962 746
963 392
964 149
965 59
966 856
967 1040
968 606
969 639
970 1057
971 963
972 320
973 947
974 119
975 291
976 468
977 297
978 723
979 622
980 1088
981 68
982 370
983 8
984 598
985 944
986 762
987 146
988 581
989 842
990 202
991 1023
992 113
993 437
994 217
995 958
996 526
997 725
998 192
999 801
1000 936
1001 272
1002 1079
1003 288
1004 289
1005 307
1006 911
1007 93
1008 868
1009 878
1010 394
1011 733
1012 1073
1013 178
1014 828
1015 10
1016 79
1017 479
1018 932
1019 404
1020 250
1021 279
1022 755
1023 893
1024 607
1025 765
1026 1092
1027 863
1028 132
1029 484
1030 664
1031 1035
1032 786
1033 734
1034 661
1035 253
1036 207
1037 449
1038 140
1039 223
1040 583
1041 409
1042 426
1043 1016
1044 9
1045 613
1046 454
1047 309
1048 531
1049 118
1050 353
1051 406
1052 800
1053 899
1054 112
1055 204
1056 1115
1057 668
1058 397
1059 910
1060 386
1061 458
1062 590
1063 385
1064 829
1065 255
1066 568
1067 808
1068 1107
1069 48
1070 456
1071 271
1072 493
1073 153
1074 69
1075 563
1076 1080
1077 949
1078 692
1079 248
1080 165
1081 352
1082 1059
1083 129
1084 640
1085 682
1086 367
1087 155
1088 35
1089 1026
1090 135
1091 329
1092 171
1093 195
1094 74
1095 1003
1096 724
1097 503
1098 1093
1099 86
1100 1019
1101 325
1102 678
1103 1076
1104 415
1105 1099
1106 438
1107 550
1108 763
1109 474
1110 534
1111 895
1112 1078
1113 184
1114 151
1115 435
1116 554
1117 405
1118 187
1119 157
1120 1033
1121 1074
1122 782
1123 533
1124 124
1125 37
1126 880
1127 624
1128 1027
1129 469
1130 700
1131 282
1132 560
