0 71
0 350
0 369
0 92
0 832
0 364
0 262
0 1019
0 356
0 761
0 624
0 308
0 223
0 659
0 739
0 367
0 964
0 270
0 662
1 293
1 374
1 847
1 707
2 193
2 453
2 568
2 658
2 583
2 884
2 229
2 302
2 524
2 115
2 308
2 529
2 1025
2 847
3 673
3 1029
3 987
3 586
3 708
4 648
4 584
4 723
4 131
4 366
4 529
5 558
5 165
5 221
5 1103
5 147
6 74
6 466
6 84
6 676
6 361
6 1100
6 662
6 1131
6 944
6 573
6 534
7 154
8 357
9 656
9 1005
9 75
9 860
9 529
9 472
9 131
9 267
9 564
9 581
9 301
9 47
9 1041
9 338
9 821
9 344
9 230
10 1041
10 1098
10 482
10 767
10 944
10 400
10 518
10 191
10 821
11 620
11 1038
11 781
11 427
11 432
11 24
11 475
11 488
11 489
11 501
11 576
11 777
11 130
11 102
11 141
12 1045
12 522
12 481
12 918
12 507
12 512
12 689
13 1018
14 165
14 733
14 78
14 431
14 291
14 955
14 960
14 64
14 221
14 1053
14 192
15 866
15 1049
15 988
15 769
15 219
15 218
16 630
16 56
16 371
16 627
17 290
17 583
17 658
17 516
17 1023
17 175
17 529
17 787
18 460
18 201
18 855
18 221
19 293
20 287
20 90
20 615
20 141
20 505
20 775
21 299
21 863
22 805
22 297
22 980
22 989
22 1112
22 1053
22 991
22 783
22 918
23 115
24 1088
24 505
24 141
24 1096
24 369
24 777
24 897
24 130
24 944
24 629
24 690
24 1014
24 371
24 419
24 427
24 432
24 137
24 669
24 981
24 11
25 634
25 987
25 1067
25 917
25 724
25 950
25 354
26 1094
26 321
26 782
26 449
27 570
27 326
27 623
27 1021
27 705
27 222
27 656
27 249
27 971
28 843
29 1023
29 846
29 948
29 806
29 591
29 834
29 219
29 799
29 443
29 374
29 524
29 74
29 658
29 229
29 284
30 141
30 396
30 450
30 608
30 526
30 872
30 224
31 453
31 368
31 1029
32 1002
32 959
32 705
32 356
33 313
34 136
34 1031
34 847
35 733
35 1029
36 733
36 1074
36 394
36 189
36 1023
36 159
37 79
37 188
37 277
37 85
37 311
37 147
37 794
37 62
37 221
37 411
37 1019
37 943
38 330
39 297
39 367
39 396
39 265
39 387
39 60
39 391
39 611
39 845
40 94
40 95
40 1108
40 231
40 204
41 515
41 129
41 718
42 953
42 351
42 1108
42 380
43 836
43 379
43 137
44 632
44 501
44 490
44 305
44 580
44 913
44 1073
44 162
44 1087
44 661
44 245
44 616
44 1072
44 887
44 388
44 430
44 273
44 220
44 535
44 771
44 848
44 1028
45 1025
46 1100
46 219
46 639
47 117
47 908
47 890
47 448
47 268
47 357
47 9
47 1018
47 860
47 870
47 449
47 958
47 281
47 310
47 930
47 518
48 1018
48 94
48 258
49 246
50 412
50 841
50 274
50 280
50 71
50 871
50 1054
50 195
51 304
51 147
51 327
51 763
51 713
52 690
53 984
53 1065
53 878
54 965
54 821
54 578
54 880
54 222
54 803
54 740
55 630
55 82
55 836
55 224
55 1074
55 67
56 1049
56 283
56 306
56 16
57 1065
57 535
57 376
58 1043
58 965
58 190
58 1047
58 484
58 1036
58 935
58 505
58 669
58 264
58 137
58 572
58 427
58 567
58 555
58 997
58 959
58 882
59 765
59 349
59 806
59 757
59 343
59 1092
59 145
59 890
59 827
59 155
60 661
60 171
60 786
60 39
60 408
60 516
60 273
60 351
60 461
61 501
61 423
61 943
61 414
61 230
61 430
61 1057
61 223
61 171
61 723
61 157
61 87
61 632
61 399
61 152
61 1101
62 998
62 908
62 876
62 37
62 971
62 1019
62 117
62 277
63 660
64 14
64 266
64 314
64 972
64 261
64 967
64 143
64 921
64 701
64 982
64 1037
64 998
64 623
64 1028
64 547
65 723
65 404
65 595
66 565
66 661
66 273
66 1073
66 388
67 55
68 388
68 1072
68 372
68 720
69 354
69 634
69 663
70 872
70 262
70 684
70 979
70 396
71 876
71 944
71 0
71 277
71 625
71 412
71 1054
71 50
71 280
71 282
71 1123
72 193
72 556
72 734
72 784
72 745
72 922
73 895
73 597
73 322
73 797
74 374
74 693
74 638
74 448
74 6
74 29
74 757
74 806
74 906
75 257
75 9
75 401
75 380
75 1096
75 492
75 466
75 536
75 260
75 534
75 524
75 522
75 234
75 989
75 481
75 516
75 230
75 460
75 1065
75 918
75 751
75 86
75 793
75 771
75 291
75 1108
75 165
75 704
75 1005
75 301
75 1112
75 854
75 957
75 1009
75 335
75 175
75 805
75 638
75 1049
75 341
75 790
76 988
76 1049
76 845
77 297
77 141
77 299
77 991
77 507
77 1045
77 878
77 466
78 1130
78 14
78 1111
78 808
78 1065
78 1018
78 155
78 232
78 802
78 677
78 855
78 192
78 609
78 1053
79 1051
79 37
79 763
79 681
79 147
79 768
80 615
81 648
82 86
82 795
82 836
82 299
82 297
82 166
82 446
82 126
82 420
82 90
82 338
82 870
82 369
82 596
82 218
82 816
82 455
82 408
82 281
82 279
82 295
82 1074
82 1117
82 1086
82 991
82 55
82 1013
82 1045
83 343
83 595
83 600
83 388
83 718
83 323
83 733
84 573
84 257
84 571
84 967
84 536
84 676
84 200
84 662
84 534
84 178
84 6
84 1100
85 37
85 943
85 1125
85 251
85 656
85 188
85 350
85 411
86 82
86 991
86 754
86 265
86 840
86 75
87 386
87 92
87 1076
87 1084
87 273
87 399
87 230
87 220
87 1020
87 538
87 267
87 171
87 223
87 473
87 61
87 1010
87 1028
87 763
87 430
87 244
88 720
88 230
88 490
89 458
89 1064
89 91
89 125
89 829
90 493
90 287
90 505
90 1074
90 805
90 133
90 842
90 783
90 470
90 20
90 991
90 297
90 1110
90 82
90 980
90 391
90 775
90 1045
90 522
91 1064
91 654
91 1046
91 293
91 847
91 639
91 701
91 210
91 1093
91 1032
91 89
92 687
92 376
92 326
92 343
92 241
92 262
92 885
92 712
92 189
92 303
92 943
92 315
92 632
92 0
92 419
92 267
92 755
92 658
92 87
92 1028
92 580
93 552
93 123
93 684
93 1045
93 262
93 345
93 526
93 872
93 813
93 851
93 547
94 919
94 734
94 228
94 204
94 301
94 963
94 313
94 944
94 917
94 40
94 1128
94 766
94 639
94 1107
94 281
94 659
94 362
94 48
94 331
94 380
94 711
94 870
94 421
94 665
94 788
94 348
94 643
94 640
94 1061
94 343
95 367
95 351
95 1046
95 40
95 343
95 787
95 614
95 339
96 737
96 602
96 313
97 136
97 153
97 726
97 707
97 443
97 708
97 802
97 807
97 229
97 1025
98 787
99 1014
100 957
100 823
101 571
101 1046
101 241
102 909
102 154
102 1045
102 11
102 321
102 781
103 273
103 367
104 965
104 504
104 691
105 944
105 847
105 1091
105 905
106 232
106 1063
106 182
106 882
106 501
106 1045
106 1096
106 744
106 264
106 137
106 1088
106 567
107 1104
108 460
108 280
109 870
109 855
109 835
109 163
109 448
109 268
109 910
109 449
110 236
110 264
110 857
110 769
110 750
110 194
110 498
111 273
111 192
111 162
111 604
111 1103
112 586
112 115
113 1089
113 678
113 723
113 676
113 958
113 189
114 189
114 780
115 2
115 591
115 302
115 443
115 1039
115 1016
115 807
115 160
115 725
115 601
115 568
115 976
115 214
115 480
115 614
115 229
115 524
115 23
115 700
115 658
115 745
115 112
115 716
115 173
115 554
116 134
116 578
116 946
116 1092
116 757
116 402
116 456
117 908
117 62
117 47
117 674
118 267
118 906
118 571
119 1108
119 836
120 987
120 812
120 317
120 917
120 996
121 137
121 555
121 1122
121 1047
121 1108
121 1110
121 893
121 669
121 935
121 484
121 959
122 824
122 761
122 512
122 264
122 276
122 470
122 390
122 939
123 251
123 446
123 547
123 356
123 93
123 929
124 1074
124 696
124 281
124 278
124 343
125 978
125 89
126 82
126 579
126 218
126 297
126 345
126 1066
126 483
126 355
126 867
126 826
126 471
126 505
126 154
126 1102
127 1063
127 300
127 875
128 733
128 136
128 149
129 500
129 207
129 373
129 41
130 427
130 988
130 1050
130 449
130 587
130 1038
130 1049
130 11
130 24
131 890
131 396
131 676
131 946
131 1049
131 529
131 524
131 793
131 780
131 453
131 769
131 4
131 9
131 493
131 747
132 1122
133 824
133 297
133 783
133 505
133 470
133 997
133 1110
133 391
133 90
133 789
133 287
133 980
134 988
134 402
134 272
134 116
134 457
134 752
134 1049
134 810
134 141
134 796
134 186
134 972
134 419
134 1088
135 561
136 909
136 34
136 612
136 173
136 479
136 443
136 128
136 1031
136 668
136 97
136 229
136 707
136 696
137 775
137 810
137 769
137 43
137 471
137 287
137 24
137 403
137 766
137 58
137 1062
137 419
137 484
137 321
137 752
137 432
137 141
137 1118
137 1014
137 190
137 820
137 121
137 1110
137 639
137 519
137 516
137 1096
137 629
137 882
137 1043
137 182
137 505
137 1111
137 358
137 927
137 106
137 504
137 936
138 435
138 867
138 419
138 701
138 267
138 1122
138 310
138 186
138 335
138 161
138 449
138 870
138 580
139 634
139 654
139 476
139 293
139 559
139 448
139 384
139 266
139 1026
140 1035
140 547
140 179
140 396
141 77
141 30
141 148
141 633
141 820
141 576
141 24
141 299
141 972
141 1045
141 432
141 287
141 1110
141 1066
141 427
141 390
141 1108
141 752
141 11
141 1102
141 1088
141 1096
141 1118
141 512
141 590
141 182
141 20
141 246
141 232
141 505
141 936
141 565
141 335
141 321
141 355
141 297
141 935
141 877
141 825
141 878
141 965
141 488
141 137
141 406
141 134
141 318
141 1036
141 504
142 526
143 261
143 946
143 723
143 163
143 944
143 933
143 1094
143 793
143 155
143 64
143 425
143 528
144 803
145 59
145 155
145 982
145 836
146 261
147 5
147 79
147 37
147 153
147 713
147 1057
147 51
147 1051
147 1065
147 1063
147 768
148 882
148 182
148 965
148 605
148 935
148 730
148 1014
148 1042
148 488
148 141
148 705
148 329
149 443
149 1086
149 978
149 128
149 657
149 723
149 229
149 154
149 802
149 726
149 696
149 590
149 518
149 213
149 173
149 909
149 569
149 984
149 673
149 406
150 356
151 1064
151 573
151 571
151 651
151 728
151 536
151 453
151 227
151 662
151 155
151 693
151 637
151 597
151 676
151 462
151 727
151 476
151 200
151 448
151 1091
151 806
151 261
151 873
151 780
151 335
151 281
151 328
151 1102
152 430
152 525
152 854
152 171
152 399
152 1084
152 445
152 157
152 414
152 61
152 423
153 147
153 404
153 726
153 673
153 1031
153 707
153 577
153 784
153 858
153 486
153 613
153 191
153 97
153 1113
153 539
153 657
153 612
154 825
154 909
154 978
154 1066
154 606
154 569
154 975
154 802
154 612
154 903
154 723
154 641
154 396
154 229
154 102
154 518
154 7
154 173
154 224
154 522
154 614
154 657
154 269
154 611
154 367
154 126
154 684
154 441
154 149
154 776
154 449
155 635
155 310
155 1091
155 547
155 711
155 550
155 982
155 820
155 151
155 639
155 275
155 1094
155 351
155 917
155 78
155 787
155 145
155 483
155 406
155 258
155 1093
155 806
155 622
155 634
155 802
155 975
155 994
155 301
155 961
155 855
155 1001
155 59
155 442
155 843
155 1102
155 580
155 867
155 366
155 385
155 739
155 251
155 835
155 143
155 657
155 390
155 533
155 683
156 522
157 854
157 445
157 886
157 61
157 223
157 763
157 461
157 399
157 645
157 1084
157 525
157 230
157 388
157 414
157 152
157 423
157 572
157 430
157 616
158 191
158 518
158 668
158 452
158 726
158 173
158 404
159 36
159 568
159 784
159 229
159 583
159 394
160 554
160 614
160 214
160 115
161 192
161 1090
161 734
161 138
161 963
161 932
162 558
162 460
162 595
162 475
162 580
162 527
162 547
162 192
162 183
162 273
162 944
162 221
162 1103
162 1072
162 855
162 341
162 111
162 653
162 44
162 1018
163 143
163 910
163 793
163 109
163 835
163 817
163 662
164 397
164 473
165 221
165 181
165 14
165 1065
165 1130
165 802
165 1111
165 247
165 521
165 75
165 5
165 808
165 1056
165 836
165 201
165 1053
165 192
165 709
166 1074
166 818
166 258
166 799
166 82
166 917
167 231
167 258
168 1112
168 719
168 829
169 343
169 306
169 766
169 1115
169 1074
170 1029
171 61
171 414
171 854
171 430
171 1072
171 60
171 1028
171 1084
171 691
171 152
171 639
171 1065
171 525
171 701
171 1004
171 223
171 399
171 87
171 1101
171 1053
171 230
171 580
171 538
171 445
171 763
171 423
171 600
172 705
173 978
173 612
173 941
173 149
173 115
173 657
173 985
173 443
173 518
173 696
173 723
173 158
173 154
173 1031
173 802
173 229
173 136
174 376
174 1000
174 535
174 701
174 330
174 845
174 983
174 828
174 748
174 733
174 218
174 903
174 1065
174 661
174 1049
174 619
174 857
174 199
174 690
174 1020
174 198
174 598
174 697
174 305
174 705
175 1029
175 302
175 179
175 948
175 75
175 17
175 846
175 1069
175 453
176 1075
176 453
176 634
177 787
177 661
177 367
178 1009
178 84
178 210
178 987
178 425
178 260
178 1085
178 956
178 728
178 515
178 574
178 867
178 978
178 601
179 224
179 356
179 262
179 175
179 1045
179 1033
179 140
179 974
179 396
179 636
179 523
179 263
179 446
179 417
179 870
179 564
179 228
179 370
179 703
179 733
180 299
180 590
180 271
180 496
180 1045
180 228
180 508
181 251
181 947
181 712
181 709
181 165
181 291
181 491
182 936
182 1096
182 148
182 264
182 820
182 1118
182 935
182 1036
182 1014
182 106
182 781
182 769
182 141
182 137
182 504
182 1063
182 761
182 775
182 484
182 997
182 355
182 605
182 300
182 965
182 329
182 432
182 882
182 1110
182 427
183 251
183 430
183 399
183 223
183 903
183 162
183 414
183 334
183 1000
183 661
183 575
183 1020
183 595
183 580
183 1057
183 305
183 221
183 1072
183 273
183 461
183 983
183 529
183 199
183 230
183 869
183 802
184 805
184 1015
184 835
184 1044
185 1046
186 338
186 419
186 189
186 211
186 267
186 958
186 226
186 580
186 590
186 371
186 453
186 268
186 943
186 134
186 138
186 810
186 442
186 644
186 893
186 635
187 586
187 267
187 424
187 302
188 623
188 880
188 37
188 85
188 411
189 1063
189 315
189 267
189 376
189 453
189 524
189 1037
189 303
189 1096
189 301
189 113
189 262
189 114
189 36
189 572
189 1053
189 943
189 186
189 666
189 808
189 92
189 810
190 1066
190 58
190 1096
190 820
190 692
190 795
190 1049
190 752
190 137
190 352
190 805
190 1088
190 390
190 239
190 505
190 449
190 894
191 707
191 869
191 153
191 158
191 10
191 726
191 518
191 740
191 577
192 460
192 771
192 808
192 661
192 161
192 932
192 14
192 291
192 604
192 741
192 111
192 1002
192 1130
192 558
192 162
192 165
192 992
192 247
192 1103
192 1018
192 1053
192 341
192 653
192 78
192 201
193 72
193 1025
193 2
193 405
194 110
194 746
195 1054
195 705
195 50
195 963
196 597
196 738
197 866
198 748
198 174
198 619
198 934
198 598
198 465
198 1051
198 945
198 1065
198 1003
198 376
199 461
199 399
199 535
199 376
199 183
199 174
199 857
199 244
199 697
199 580
199 701
199 305
200 257
200 573
200 967
200 84
200 793
200 693
200 944
200 151
200 662
201 247
201 18
201 192
201 165
201 712
202 946
202 782
203 694
203 843
203 707
203 1029
203 803
204 351
204 639
204 258
204 94
204 516
204 565
204 40
204 963
204 254
204 231
205 461
205 1105
205 903
206 601
206 270
207 336
207 514
207 129
207 314
207 210
207 1085
207 281
207 870
207 378
207 500
208 221
209 995
210 207
210 514
210 1046
210 91
210 457
210 850
210 314
210 178
211 278
211 946
211 298
211 245
211 1041
211 186
211 639
211 757
211 1086
211 863
211 799
211 1093
212 645
212 736
212 720
212 577
212 511
213 818
213 281
213 231
213 1083
213 258
213 799
213 1029
213 149
213 878
213 984
213 248
213 241
213 806
213 251
213 958
213 733
213 1091
213 590
213 666
214 479
214 614
214 115
214 978
214 160
214 554
215 555
215 396
216 708
216 517
216 530
216 607
216 755
216 960
216 586
216 972
217 369
218 296
218 690
218 368
218 781
218 972
218 870
218 264
218 390
218 512
218 661
218 343
218 126
218 881
218 82
218 505
218 174
218 1117
218 587
218 371
218 504
218 936
218 660
218 1014
218 278
218 1088
218 564
218 15
218 988
218 769
218 875
218 1049
218 281
218 1096
219 374
219 1070
219 29
219 522
219 754
219 757
219 46
219 547
219 806
219 15
219 505
220 800
220 1076
220 1101
220 786
220 399
220 644
220 768
220 223
220 244
220 376
220 763
220 704
220 87
220 430
220 1020
220 44
221 357
221 1090
221 771
221 230
221 162
221 808
221 806
221 399
221 1018
221 460
221 165
221 803
221 14
221 802
221 475
221 18
221 855
221 723
221 712
221 267
221 558
221 183
221 653
221 341
221 5
221 943
221 656
221 37
221 273
221 208
221 580
221 1130
221 291
222 54
222 623
222 971
222 27
223 61
223 955
223 157
223 267
223 527
223 220
223 1040
223 632
223 230
223 1084
223 399
223 245
223 1072
223 550
223 854
223 705
223 998
223 171
223 183
223 0
223 423
223 414
223 1068
223 525
223 445
223 242
223 580
223 430
223 87
223 886
223 1101
223 600
223 746
223 737
224 867
224 516
224 154
224 621
224 267
224 179
224 1033
224 55
224 30
224 446
224 552
224 547
224 396
224 228
224 851
224 872
224 356
225 704
226 186
226 838
226 734
226 701
226 385
226 343
226 548
226 806
226 476
226 344
227 704
227 281
227 706
227 883
227 366
227 639
227 964
227 693
227 780
227 151
227 688
228 1045
228 710
228 94
228 508
228 450
228 1059
228 496
228 356
228 345
228 224
228 179
228 512
228 180
229 591
229 302
229 288
229 303
229 1117
229 723
229 159
229 173
229 657
229 2
229 612
229 802
229 700
229 136
229 284
229 716
229 115
229 29
229 518
229 97
229 807
229 443
229 776
229 569
229 149
229 978
229 154
229 975
230 723
230 490
230 414
230 1071
230 511
230 183
230 87
230 88
230 774
230 661
230 9
230 221
230 61
230 580
230 672
230 731
230 460
230 749
230 746
230 1031
230 1020
230 578
230 273
230 236
230 223
230 330
230 157
230 854
230 848
230 75
230 1072
230 171
230 1073
230 1005
230 399
230 701
231 590
231 933
231 204
231 406
231 167
231 278
231 683
231 957
231 1086
231 366
231 258
231 557
231 350
231 718
231 40
231 565
231 946
231 1083
231 984
231 213
232 106
232 836
232 542
232 449
232 802
232 1066
232 291
232 1111
232 78
232 677
232 580
232 471
232 141
232 1096
233 782
234 860
234 75
235 350
235 743
235 1125
236 887
236 913
236 372
236 1028
236 731
236 848
236 1087
236 746
236 110
236 230
237 972
237 505
237 936
238 761
238 321
239 190
239 403
239 972
239 449
239 875
240 1122
241 787
241 395
241 101
241 843
241 583
241 960
241 303
241 538
241 917
241 818
241 790
241 744
241 213
241 901
241 930
241 958
241 536
241 92
241 628
242 560
242 870
242 223
242 701
242 1064
242 794
243 488
243 355
243 1097
243 1038
243 773
243 1096
243 1110
243 576
244 510
244 406
244 1076
244 701
244 768
244 1065
244 199
244 580
244 870
244 697
244 87
244 836
244 386
244 731
244 251
244 538
244 220
244 955
245 281
245 1018
245 258
245 350
245 867
245 388
245 273
245 444
245 223
245 1086
245 460
245 718
245 694
245 211
245 44
245 1030
245 661
245 742
246 470
246 299
246 355
246 1088
246 1049
246 49
246 729
246 409
246 587
246 1017
246 988
246 141
246 845
246 1045
246 881
246 970
246 630
246 390
246 505
246 563
246 1118
246 512
246 1043
247 778
247 192
247 558
247 165
247 705
247 971
247 855
247 201
247 1056
247 790
247 932
248 213
248 281
248 718
249 971
249 27
250 388
250 1028
251 1104
251 356
251 1126
251 836
251 963
251 799
251 268
251 123
251 213
251 874
251 505
251 870
251 312
251 1044
251 371
251 950
251 806
251 1041
251 807
251 864
251 960
251 85
251 473
251 580
251 796
251 181
251 535
251 883
251 183
251 763
251 244
251 155
251 918
251 793
251 536
251 890
251 436
251 740
251 558
252 742
252 516
253 717
254 351
254 204
254 963
255 1063
255 787
255 1122
256 361
257 534
257 536
257 84
257 967
257 856
257 662
257 1131
257 325
257 200
257 676
257 946
257 75
258 245
258 957
258 167
258 306
258 204
258 1117
258 590
258 516
258 1074
258 281
258 926
258 1086
258 166
258 406
258 366
258 213
258 718
258 155
258 946
258 1108
258 1083
258 231
258 48
258 878
258 991
259 1095
260 769
260 973
260 956
260 338
260 505
260 515
260 1115
260 838
260 904
260 836
260 850
260 1049
260 805
260 178
260 408
260 1044
260 75
260 1094
260 1041
260 870
260 1074
260 964
260 662
261 646
261 146
261 143
261 706
261 64
261 780
261 723
261 151
261 961
262 179
262 547
262 189
262 92
262 93
262 943
262 849
262 343
262 512
262 960
262 826
262 70
262 431
262 0
263 179
264 730
264 645
264 182
264 110
264 427
264 122
264 1036
264 484
264 58
264 805
264 470
264 567
264 106
264 965
264 1043
264 585
264 997
264 565
264 1110
264 935
264 1047
264 218
265 840
265 729
265 86
265 507
265 1045
265 754
265 1099
265 39
265 795
265 512
265 783
265 444
266 694
266 268
266 139
266 64
266 1064
267 943
267 305
267 490
267 766
267 644
267 92
267 549
267 223
267 960
267 186
267 530
267 118
267 961
267 775
267 9
267 783
267 1063
267 355
267 221
267 566
267 902
267 893
267 1025
267 326
267 419
267 301
267 958
267 369
267 505
267 950
267 138
267 597
267 396
267 289
267 810
267 524
267 611
267 400
267 303
267 376
267 399
267 385
267 371
267 224
267 1096
267 187
267 616
267 189
267 87
267 701
267 998
268 870
268 47
268 322
268 453
268 186
268 1094
268 855
268 898
268 251
268 597
268 109
268 469
268 266
268 408
268 338
268 448
268 842
269 154
269 1086
269 795
270 969
270 206
270 1046
270 343
270 601
270 456
270 0
271 180
271 684
271 867
271 360
271 1114
271 529
272 321
272 972
272 1088
272 134
273 183
273 771
273 87
273 388
273 305
273 304
273 836
273 327
273 60
273 653
273 103
273 538
273 245
273 430
273 221
273 616
273 580
273 1018
273 66
273 501
273 44
273 111
273 399
273 230
273 1101
273 460
273 1076
273 162
274 442
274 50
274 672
274 541
274 1003
274 792
274 354
274 917
275 315
275 449
275 867
275 644
275 406
275 371
275 155
276 1096
276 1014
276 1049
276 122
276 972
276 321
276 690
276 810
277 876
277 37
277 619
277 1054
277 908
277 282
277 71
277 62
278 893
278 769
278 124
278 1101
278 358
278 231
278 408
278 218
278 866
278 487
278 516
278 211
278 903
278 366
279 82
279 1045
280 321
280 965
280 625
280 1054
280 876
280 108
280 50
280 71
281 988
281 662
281 683
281 693
281 124
281 516
281 227
281 207
281 846
281 303
281 1041
281 595
281 258
281 718
281 799
281 752
281 248
281 757
281 151
281 446
281 661
281 82
281 245
281 917
281 47
281 351
281 94
281 538
281 213
281 218
282 1054
282 625
282 277
282 908
282 876
282 71
283 515
283 306
283 518
283 516
283 385
283 612
283 595
283 56
283 408
283 1086
284 394
284 686
284 807
284 524
284 332
284 846
284 29
284 229
285 807
285 716
285 800
285 583
285 332
285 628
285 524
285 568
286 884
286 607
286 800
287 783
287 137
287 497
287 90
287 20
287 493
287 505
287 470
287 133
287 965
287 775
287 141
288 524
288 229
289 998
289 1041
289 560
289 675
289 267
289 869
290 683
290 17
291 989
291 558
291 1111
291 460
291 1130
291 527
291 1065
291 771
291 181
291 1090
291 221
291 855
291 192
291 1056
291 705
291 1018
291 14
291 232
291 75
291 709
291 808
291 341
291 1053
292 471
292 1045
292 825
293 914
293 335
293 1112
293 476
293 475
293 654
293 724
293 559
293 19
293 1
293 139
293 91
294 909
295 82
295 1045
295 670
295 550
295 584
295 863
296 537
296 564
296 307
296 846
296 218
296 998
296 705
296 527
296 505
296 379
296 1075
296 666
297 1129
297 82
297 729
297 126
297 754
297 1127
297 444
297 805
297 299
297 1045
297 562
297 840
297 454
297 455
297 596
297 762
297 590
297 795
297 680
297 39
297 77
297 335
297 611
297 522
297 493
297 1012
297 1029
297 1120
297 318
297 141
297 90
297 466
297 507
297 133
297 22
297 1099
298 211
298 343
298 437
299 297
299 21
299 77
299 670
299 816
299 565
299 1086
299 406
299 512
299 141
299 1042
299 878
299 82
299 875
299 466
299 246
299 180
299 1045
299 584
300 127
300 627
300 862
300 859
300 313
300 512
300 1050
300 1113
300 182
301 406
301 189
301 711
301 1094
301 943
301 522
301 1001
301 380
301 704
301 1053
301 855
301 9
301 831
301 639
301 448
301 267
301 836
301 695
301 1049
301 75
301 449
301 155
301 536
301 492
301 94
301 867
301 1112
301 919
301 958
301 1079
302 426
302 721
302 2
302 861
302 530
302 756
302 187
302 517
302 229
302 708
302 175
302 586
302 716
302 115
302 568
303 893
303 632
303 572
303 958
303 902
303 943
303 281
303 241
303 267
303 189
303 419
303 229
303 810
303 92
303 877
304 327
304 713
304 273
304 51
304 392
305 598
305 267
305 330
305 461
305 538
305 535
305 183
305 273
305 701
305 903
305 828
305 580
305 1020
305 44
305 414
305 174
305 697
305 199
305 857
305 489
305 1074
305 376
306 1117
306 283
306 1037
306 595
306 258
306 516
306 718
306 350
306 56
306 1115
306 588
306 169
306 483
306 806
306 836
306 785
307 296
308 683
308 0
308 870
308 2
308 524
309 639
309 327
310 533
310 739
310 635
310 757
310 836
310 457
310 155
310 47
310 657
310 483
310 138
311 37
312 251
312 639
313 665
313 953
313 640
313 695
313 96
313 380
313 33
313 466
313 300
313 711
313 94
313 1108
313 643
313 331
313 759
313 627
314 207
314 64
314 373
314 1009
314 210
315 949
315 615
315 189
315 275
315 644
315 826
315 92
315 943
316 778
317 382
317 120
317 987
317 812
318 512
318 297
318 141
319 867
319 350
320 814
321 1096
321 280
321 276
321 769
321 965
321 1066
321 26
321 1029
321 915
321 1049
321 403
321 272
321 866
321 818
321 632
321 972
321 549
321 141
321 137
321 894
321 102
321 238
322 842
322 597
322 73
322 797
322 268
323 83
323 796
324 518
325 257
325 662
325 646
325 536
325 383
326 1021
326 656
326 623
326 267
326 880
326 570
326 482
326 92
326 705
326 27
327 304
327 713
327 378
327 51
327 273
327 510
327 768
327 309
328 151
328 662
329 148
329 935
329 605
329 182
329 1118
330 857
330 230
330 174
330 598
330 305
330 1073
330 38
330 489
330 577
330 1004
330 1065
331 408
331 421
331 313
331 94
331 919
332 807
332 568
332 285
332 888
332 524
332 628
332 667
332 284
332 547
333 548
334 1105
334 1000
334 900
334 580
334 183
334 903
335 1102
335 565
335 886
335 1083
335 958
335 952
335 790
335 590
335 964
335 816
335 1108
335 151
335 981
335 984
335 293
335 890
335 878
335 138
335 75
335 141
335 518
335 297
335 406
335 1045
336 207
337 917
338 770
338 82
338 186
338 356
338 661
338 1049
338 1091
338 260
338 469
338 766
338 341
338 700
338 808
338 693
338 757
338 704
338 662
338 385
338 870
338 780
338 657
338 351
338 509
338 946
338 268
338 9
339 1092
339 870
339 95
340 836
340 547
340 684
341 726
341 527
341 855
341 162
341 192
341 808
341 1112
341 1018
341 802
341 75
341 291
341 944
341 653
341 661
341 338
341 771
341 460
341 221
342 591
343 226
343 169
343 572
343 83
343 399
343 262
343 446
343 846
343 270
343 218
343 92
343 124
343 586
343 975
343 739
343 94
343 814
343 901
343 424
343 917
343 673
343 632
343 59
343 657
343 298
343 95
343 631
343 957
343 988
343 600
344 528
344 666
344 9
344 957
344 226
344 915
344 796
345 872
345 93
345 126
345 813
345 228
345 547
346 1045
346 512
347 988
347 519
347 630
347 563
347 996
347 572
348 94
349 59
349 751
349 1050
349 789
350 1125
350 435
350 231
350 245
350 0
350 826
350 814
350 306
350 1074
350 516
350 85
350 235
350 319
351 204
351 1117
351 436
351 954
351 60
351 1108
351 42
351 793
351 917
351 254
351 963
351 95
351 155
351 799
351 924
351 766
351 950
351 367
351 1074
351 338
351 516
351 281
351 546
351 408
352 701
352 902
352 390
352 190
352 845
352 1066
352 1096
352 805
352 368
352 1042
353 1105
353 693
353 717
354 917
354 69
354 546
354 634
354 436
354 1067
354 25
354 274
355 141
355 566
355 632
355 893
355 832
355 935
355 182
355 1084
355 126
355 633
355 246
355 773
355 730
355 618
355 998
355 267
355 610
355 243
355 885
355 1096
355 960
355 940
355 400
355 544
356 703
356 179
356 446
356 450
356 705
356 684
356 150
356 32
356 870
356 0
356 739
356 1112
356 396
356 939
356 384
356 123
356 400
356 251
356 228
356 431
356 550
356 224
356 547
356 449
356 679
356 338
356 369
356 385
356 851
357 860
357 8
357 704
357 518
357 221
357 958
357 946
357 47
358 845
358 752
358 414
358 866
358 1088
358 1101
358 528
358 278
358 501
358 656
358 1049
358 137
359 672
359 917
359 1031
359 1003
359 442
360 271
361 967
361 468
361 256
361 6
362 963
362 1128
362 604
362 734
362 94
363 787
364 1097
364 0
364 799
365 979
366 4
366 258
366 780
366 699
366 231
366 509
366 227
366 155
366 278
366 1046
366 693
366 516
366 1089
366 793
367 982
367 39
367 946
367 154
367 0
367 95
367 103
367 1025
367 723
367 870
367 657
367 846
367 177
367 1015
367 351
367 787
367 800
367 806
368 1024
368 352
368 1088
368 1096
368 1049
368 1063
368 845
368 31
368 818
368 790
368 218
368 1029
369 704
369 24
369 573
369 754
369 455
369 1086
369 660
369 991
369 592
369 391
369 921
369 473
369 419
369 918
369 800
369 217
369 267
369 1047
369 356
369 0
369 82
369 547
370 896
370 179
370 396
370 684
371 470
371 24
371 16
371 275
371 218
371 527
371 267
371 867
371 1088
371 528
371 186
371 1102
371 251
371 981
371 701
371 1096
372 720
372 388
372 1072
372 68
372 736
372 746
372 236
373 314
373 944
373 129
373 500
374 999
374 74
374 834
374 1
374 948
374 219
374 29
374 757
374 438
374 725
374 806
374 1023
375 567
376 1020
376 386
376 198
376 267
376 943
376 1112
376 697
376 619
376 944
376 894
376 189
376 1065
376 903
376 701
376 489
376 857
376 305
376 535
376 92
376 174
376 199
376 598
376 57
376 220
377 575
378 327
378 207
378 1094
379 866
379 397
379 632
379 296
379 483
379 836
379 733
379 43
380 42
380 416
380 934
380 919
380 75
380 1044
380 711
380 665
380 1112
380 643
380 301
380 94
380 313
380 466
380 944
381 934
382 317
383 408
383 325
383 743
383 1100
383 967
383 1077
383 662
383 536
384 356
384 855
384 1053
384 139
384 448
385 226
385 656
385 870
385 527
385 338
385 836
385 766
385 881
385 711
385 867
385 595
385 469
385 635
385 155
385 283
385 483
385 855
385 701
385 893
385 406
385 356
385 267
385 1091
385 982
385 958
386 87
386 713
386 572
386 376
386 510
386 1076
386 244
386 461
386 1028
386 649
386 414
386 580
386 768
387 39
388 731
388 399
388 44
388 157
388 720
388 250
388 538
388 414
388 68
388 372
388 66
388 913
388 245
388 1028
388 273
388 83
388 1087
388 1072
388 749
388 490
388 848
388 516
388 461
388 746
389 845
390 218
390 409
390 122
390 471
390 972
390 593
390 1062
390 155
390 769
390 246
390 564
390 820
390 800
390 352
390 805
390 190
390 505
390 587
390 141
390 475
391 90
391 522
391 493
391 133
391 512
391 39
391 369
391 1074
391 939
391 754
391 806
391 991
391 783
392 645
392 304
392 575
392 416
392 900
392 592
392 828
392 1105
392 1000
392 868
392 903
393 557
394 36
394 1016
394 524
394 1121
394 658
394 999
394 159
394 667
394 846
394 700
394 725
394 284
395 529
395 459
395 518
395 865
395 821
395 860
395 241
396 547
396 30
396 450
396 70
396 872
396 684
396 215
396 39
396 705
396 224
396 356
396 267
396 131
396 370
396 179
396 154
396 140
397 164
397 379
398 944
399 157
399 199
399 616
399 430
399 733
399 230
399 221
399 580
399 445
399 763
399 267
399 414
399 461
399 388
399 152
399 423
399 220
399 600
399 343
399 1101
399 223
399 87
399 525
399 171
399 1084
399 183
399 273
399 645
399 854
399 704
399 61
399 903
400 267
400 696
400 972
400 355
400 531
400 1028
400 772
400 1014
400 769
400 941
400 356
400 528
400 536
400 621
400 10
400 404
401 1005
401 1112
401 751
401 989
401 1001
401 75
402 1088
402 867
402 116
402 810
402 134
403 239
403 137
403 935
403 321
403 893
403 972
403 965
403 599
403 1096
404 723
404 696
404 577
404 65
404 400
404 554
404 518
404 461
404 534
404 153
404 158
404 479
404 706
404 650
404 941
405 1094
405 524
405 517
405 1025
405 846
405 1023
405 1069
405 745
405 836
405 193
405 784
406 836
406 439
406 449
406 653
406 867
406 155
406 231
406 1049
406 657
406 984
406 701
406 385
406 958
406 483
406 149
406 550
406 299
406 301
406 972
406 565
406 1102
406 141
406 258
406 1115
406 335
406 816
406 875
406 275
406 1075
406 870
406 590
406 1083
406 244
407 723
407 516
407 584
408 754
408 421
408 946
408 60
408 260
408 82
408 1111
408 800
408 704
408 331
408 808
408 268
408 890
408 547
408 865
408 278
408 1119
408 954
408 817
408 919
408 680
408 351
408 283
408 973
408 383
408 1074
408 505
409 875
409 777
409 845
409 505
409 390
409 988
409 246
409 669
409 1049
409 633
410 617
411 590
411 85
411 656
411 578
411 803
411 704
411 188
411 37
411 460
412 803
412 876
412 1054
412 625
412 71
412 50
413 621
414 430
414 152
414 223
414 1076
414 423
414 1084
414 501
414 461
414 445
414 525
414 230
414 564
414 705
414 171
414 61
414 538
414 358
414 854
414 731
414 399
414 305
414 157
414 183
414 1028
414 386
414 600
414 388
414 1101
415 661
416 380
416 1076
416 475
416 392
417 684
417 179
417 636
417 1045
418 918
418 1029
419 701
419 369
419 1096
419 1055
419 267
419 24
419 943
419 870
419 92
419 134
419 810
419 138
419 1088
419 186
419 137
419 972
419 303
420 82
421 94
421 626
421 528
421 331
421 408
422 653
422 1018
423 525
423 399
423 854
423 61
423 223
423 430
423 445
423 1084
423 157
423 152
423 414
423 171
424 187
424 343
424 586
425 178
425 143
426 716
426 1069
426 302
427 997
427 629
427 141
427 264
427 781
427 777
427 965
427 432
427 182
427 11
427 1047
427 130
427 1118
427 610
427 576
427 935
427 769
427 484
427 1038
427 58
427 761
427 567
427 24
427 1110
428 1017
428 882
428 845
429 696
429 673
429 443
429 723
429 707
430 731
430 1101
430 525
430 423
430 598
430 501
430 223
430 1004
430 414
430 399
430 152
430 44
430 854
430 183
430 1112
430 1084
430 61
430 87
430 273
430 445
430 171
430 220
430 157
431 356
431 752
431 14
431 693
431 262
432 965
432 610
432 775
432 182
432 137
432 781
432 599
432 1038
432 433
432 141
432 690
432 11
432 669
432 427
432 24
432 576
432 936
432 1096
433 501
433 432
433 997
434 653
434 549
434 1056
434 491
434 932
434 626
434 947
434 535
435 138
435 595
435 350
435 955
436 351
436 251
436 1031
436 917
436 354
437 298
438 374
438 847
439 406
439 723
440 651
441 154
442 922
442 274
442 1003
442 855
442 982
442 928
442 359
442 987
442 1117
442 186
442 155
442 950
442 772
442 838
442 917
443 985
443 229
443 97
443 530
443 429
443 149
443 29
443 612
443 716
443 561
443 1051
443 173
443 136
443 115
443 696
443 1031
443 700
443 479
444 795
444 611
444 1099
444 265
444 245
444 754
444 991
444 297
444 680
444 562
444 789
444 840
445 414
445 430
445 171
445 1084
445 525
445 399
445 152
445 157
445 223
445 423
445 854
446 943
446 82
446 224
446 872
446 281
446 356
446 123
446 832
446 512
446 343
446 179
447 450
447 684
448 268
448 693
448 449
448 728
448 109
448 723
448 780
448 793
448 1070
448 384
448 836
448 47
448 982
448 139
448 74
448 571
448 855
448 835
448 873
448 1064
448 301
448 151
448 704
449 275
449 190
449 109
449 406
449 875
449 26
449 1049
449 701
449 138
449 232
449 130
449 47
449 301
449 547
449 1096
449 1098
449 239
449 972
449 1062
449 154
449 549
449 1063
449 356
449 867
449 657
449 855
449 448
450 636
450 30
450 872
450 396
450 807
450 356
450 447
450 228
451 885
452 518
452 158
453 682
453 175
453 723
453 704
453 960
453 855
453 982
453 189
453 1081
453 717
453 846
453 584
453 176
453 31
453 268
453 2
453 674
453 474
453 151
453 131
453 186
453 977
453 842
453 937
454 991
454 499
454 297
454 921
454 689
454 611
455 689
455 82
455 918
455 369
455 522
455 1045
455 481
455 512
455 297
456 578
456 944
456 116
456 956
456 270
456 799
456 515
457 210
457 701
457 958
457 469
457 787
457 134
457 855
457 647
457 1009
457 850
457 831
457 310
457 657
458 678
458 89
459 1083
459 395
460 75
460 653
460 18
460 741
460 245
460 656
460 108
460 411
460 273
460 291
460 162
460 855
460 230
460 1112
460 341
460 877
460 221
460 1018
460 192
460 577
461 900
461 414
461 60
461 903
461 305
461 183
461 199
461 205
461 399
461 575
461 386
461 388
461 404
461 961
461 157
461 501
461 1087
462 1070
462 151
463 783
464 987
465 1065
465 547
465 748
465 697
465 198
465 483
465 677
465 619
466 299
466 6
466 297
466 75
466 1005
466 711
466 77
466 1044
466 754
466 522
466 1112
466 957
466 313
466 836
466 590
466 380
467 988
468 571
468 693
468 1131
468 361
468 569
469 607
469 457
469 338
469 268
469 385
469 766
469 870
469 1091
469 998
469 1083
469 527
469 656
470 567
470 1066
470 371
470 246
470 972
470 775
470 133
470 997
470 944
470 1110
470 122
470 627
470 585
470 264
470 287
470 781
470 1049
470 505
470 1014
470 936
470 965
470 90
470 777
470 980
471 232
471 690
471 126
471 292
471 505
471 752
471 390
471 1111
471 1045
471 137
471 882
471 1066
472 9
473 836
473 806
473 251
473 1047
473 369
473 958
473 733
473 881
473 483
473 982
473 87
473 1083
473 1096
473 639
473 164
473 944
474 453
474 716
475 11
475 676
475 705
475 162
475 221
475 293
475 1096
475 390
475 488
475 1097
475 416
476 151
476 639
476 1026
476 659
476 1064
476 226
476 654
476 139
476 812
476 914
476 293
477 1089
478 909
479 657
479 873
479 985
479 214
479 601
479 978
479 909
479 612
479 696
479 136
479 1031
479 443
479 404
480 706
480 115
481 455
481 75
481 12
481 991
481 1053
481 689
481 522
481 901
481 918
481 499
482 326
482 10
482 570
482 518
483 155
483 310
483 739
483 656
483 306
483 803
483 1083
483 958
483 1096
483 635
483 867
483 657
483 580
483 855
483 701
483 571
483 379
483 126
483 733
483 870
483 385
483 547
483 836
483 1115
483 473
483 406
483 465
483 1028
484 182
484 498
484 1110
484 488
484 427
484 669
484 959
484 137
484 882
484 121
484 605
484 1014
484 1036
484 58
484 555
484 264
484 567
484 1047
485 1122
486 892
486 153
487 278
487 769
487 820
488 148
488 243
488 882
488 475
488 1014
488 512
488 769
488 599
488 484
488 141
488 935
488 605
488 498
488 11
489 619
489 828
489 857
489 945
489 525
489 330
489 598
489 305
489 376
489 11
489 1000
490 887
490 230
490 388
490 746
490 720
490 848
490 44
490 88
490 1087
490 267
491 434
491 181
492 809
492 648
492 301
492 75
492 699
492 1007
493 783
493 391
493 90
493 297
493 991
493 611
493 529
493 656
493 131
493 287
494 952
495 621
496 825
496 852
496 180
496 547
496 228
496 710
496 684
497 287
498 1110
498 935
498 488
498 484
498 1038
498 605
498 110
498 1066
498 882
498 599
498 1014
499 611
499 454
499 481
499 689
499 918
499 512
500 207
500 129
500 373
501 433
501 44
501 567
501 1028
501 61
501 1101
501 585
501 632
501 430
501 935
501 773
501 414
501 775
501 273
501 106
501 959
501 11
501 461
501 768
501 358
502 1036
503 872
504 572
504 141
504 104
504 1062
504 661
504 528
504 576
504 218
504 182
504 137
504 1096
504 960
505 260
505 1014
505 1096
505 390
505 777
505 593
505 90
505 685
505 820
505 936
505 237
505 296
505 781
505 219
505 141
505 564
505 1088
505 137
505 190
505 24
505 133
505 246
505 218
505 267
505 965
505 408
505 1114
505 972
505 251
505 409
505 877
505 549
505 471
505 882
505 470
505 58
505 1124
505 20
505 690
505 669
505 287
505 775
505 126
505 836
506 799
506 723
507 77
507 991
507 1086
507 265
507 297
507 12
508 180
508 852
508 228
509 648
509 842
509 631
509 1011
509 693
509 584
509 870
509 366
509 338
510 386
510 768
510 327
510 244
511 212
511 1073
511 645
511 230
511 547
511 879
511 1071
511 1072
511 1132
512 1086
512 262
512 878
512 122
512 1045
512 611
512 265
512 968
512 300
512 1108
512 141
512 499
512 670
512 522
512 299
512 391
512 918
512 246
512 446
512 991
512 318
512 228
512 218
512 488
512 1102
512 769
512 455
512 633
512 804
512 346
512 12
513 782
514 207
514 799
514 210
514 1112
514 757
514 956
515 987
515 260
515 835
515 516
515 652
515 283
515 1108
515 456
515 178
515 956
515 41
515 867
516 553
516 639
516 690
516 407
516 838
516 258
516 224
516 278
516 946
516 683
516 366
516 60
516 676
516 1091
516 816
516 1030
516 17
516 306
516 1041
516 281
516 1074
516 694
516 564
516 661
516 832
516 137
516 1086
516 757
516 350
516 888
516 554
516 252
516 820
516 283
516 351
516 388
516 75
516 204
516 515
517 524
517 999
517 216
517 586
517 530
517 755
517 607
517 1121
517 405
517 302
517 861
517 708
517 543
518 1031
518 191
518 908
518 404
518 229
518 324
518 874
518 452
518 860
518 657
518 570
518 776
518 976
518 723
518 978
518 283
518 482
518 173
518 357
518 10
518 696
518 395
518 935
518 47
518 569
518 335
518 158
518 149
518 154
519 137
519 935
519 347
519 761
520 564
521 165
522 918
522 154
522 90
522 301
522 455
522 12
522 466
522 1045
522 219
522 75
522 391
522 512
522 156
522 481
522 1019
522 297
522 1112
523 179
524 628
524 846
524 308
524 332
524 75
524 284
524 285
524 288
524 591
524 1006
524 267
524 658
524 2
524 745
524 529
524 784
524 607
524 115
524 394
524 861
524 131
524 676
524 1069
524 568
524 1013
524 29
524 586
524 189
524 1121
524 530
524 405
524 583
524 517
525 414
525 399
525 157
525 854
525 445
525 489
525 152
525 223
525 430
525 423
525 171
525 1084
526 142
526 944
526 30
526 921
526 611
526 93
526 621
526 547
526 608
527 915
527 803
527 809
527 701
527 1073
527 385
527 341
527 162
527 291
527 371
527 296
527 223
527 820
527 998
527 469
528 699
528 529
528 143
528 676
528 979
528 762
528 504
528 344
528 940
528 371
528 547
528 941
528 358
528 666
528 400
528 421
528 531
529 676
529 564
529 271
529 780
529 17
529 524
529 493
529 957
529 131
529 395
529 671
529 793
529 536
529 4
529 821
529 528
529 9
529 2
529 545
529 592
529 183
530 607
530 443
530 524
530 683
530 267
530 302
530 755
530 517
530 708
530 861
530 586
530 216
531 639
531 941
531 400
531 1091
531 528
531 666
531 729
531 925
532 621
533 956
533 1116
533 1102
533 155
533 310
533 867
534 676
534 662
534 404
534 915
534 573
534 257
534 84
534 577
534 6
534 75
534 793
534 944
534 704
535 251
535 598
535 199
535 44
535 174
535 434
535 857
535 57
535 828
535 697
535 305
535 376
535 701
536 257
536 1034
536 251
536 961
536 1100
536 75
536 151
536 241
536 573
536 400
536 529
536 662
536 639
536 301
536 676
536 705
536 383
536 84
536 325
537 296
537 805
538 305
538 600
538 273
538 244
538 1065
538 241
538 616
538 686
538 388
538 731
538 87
538 414
538 639
538 900
538 281
538 171
538 1072
538 870
539 153
539 933
539 982
540 878
541 274
541 917
542 232
543 591
543 1006
543 517
543 708
543 556
544 1096
544 355
544 768
544 566
545 529
546 351
546 354
546 917
547 64
547 872
547 345
547 979
547 684
547 356
547 396
547 162
547 262
547 340
547 465
547 496
547 511
547 1086
547 224
547 408
547 93
547 943
547 219
547 677
547 705
547 1028
547 140
547 701
547 732
547 611
547 369
547 998
547 526
547 449
547 123
547 853
547 753
547 851
547 483
547 155
547 332
547 528
547 958
548 766
548 581
548 226
548 333
549 321
549 972
549 434
549 267
549 558
549 505
549 449
549 1053
550 657
550 580
550 406
550 295
550 155
550 356
550 223
551 857
552 93
552 224
552 813
553 787
553 516
554 976
554 1031
554 614
554 160
554 404
554 707
554 577
554 516
554 806
554 115
554 214
555 484
555 669
555 58
555 215
555 121
555 1047
556 568
556 999
556 784
556 72
556 543
556 745
557 231
557 393
557 943
558 162
558 639
558 251
558 291
558 247
558 192
558 5
558 653
558 549
558 1018
558 221
559 293
559 639
559 139
559 914
560 242
560 289
560 869
561 135
561 443
562 998
562 680
562 444
562 754
562 297
562 845
562 1127
563 630
563 246
563 970
563 988
563 1113
563 347
564 9
564 529
564 1066
564 516
564 520
564 846
564 671
564 790
564 414
564 296
564 179
564 806
564 505
564 390
564 1090
564 957
564 1019
564 218
565 1108
565 66
565 1074
565 816
565 805
565 878
565 1001
565 1083
565 771
565 299
565 406
565 231
565 335
565 766
565 204
565 264
565 1075
565 790
565 590
565 141
565 984
566 882
566 960
566 610
566 1096
566 267
566 544
566 633
566 355
566 618
567 1000
567 501
567 470
567 264
567 484
567 1047
567 58
567 585
567 1055
567 106
567 1036
567 375
567 935
567 427
567 1019
568 332
568 586
568 302
568 285
568 524
568 159
568 2
568 847
568 1006
568 725
568 115
568 556
568 716
569 802
569 229
569 149
569 723
569 154
569 982
569 776
569 468
569 978
569 657
569 518
569 704
569 612
569 673
570 326
570 623
570 482
570 518
570 27
570 656
571 910
571 448
571 101
571 584
571 483
571 118
571 855
571 693
571 84
571 468
571 724
571 873
571 704
571 639
571 835
571 817
571 151
572 58
572 343
572 1019
572 718
572 1095
572 347
572 1037
572 504
572 303
572 691
572 386
572 825
572 1110
572 659
572 600
572 1057
572 1051
572 1055
572 768
572 189
572 157
573 662
573 84
573 1077
573 369
573 536
573 1131
573 676
573 1100
573 6
573 200
573 151
573 534
573 963
573 1067
573 693
574 1029
574 178
575 1000
575 392
575 183
575 377
575 461
575 1105
575 903
575 900
576 141
576 243
576 669
576 777
576 504
576 432
576 11
576 1019
576 427
576 1038
576 781
577 460
577 1068
577 780
577 726
577 554
577 1113
577 153
577 858
577 706
577 404
577 723
577 534
577 212
577 330
577 191
578 950
578 705
578 230
578 54
578 740
578 116
578 456
578 803
578 411
579 126
580 92
580 697
580 183
580 305
580 903
580 199
580 186
580 273
580 334
580 661
580 1000
580 386
580 138
580 1018
580 701
580 251
580 972
580 550
580 44
580 244
580 983
580 399
580 155
580 483
580 771
580 232
580 171
580 162
580 221
580 991
580 763
580 794
580 731
580 230
580 223
581 9
581 548
582 602
583 1094
583 683
583 285
583 716
583 624
583 524
583 241
583 1069
583 1121
583 159
583 2
583 700
583 17
583 628
584 693
584 295
584 639
584 571
584 299
584 873
584 453
584 816
584 631
584 766
584 509
584 407
584 863
584 4
584 671
584 1015
584 842
584 597
585 501
585 470
585 854
585 935
585 264
585 567
586 530
586 884
586 524
586 568
586 870
586 424
586 187
586 708
586 1082
586 302
586 799
586 343
586 801
586 3
586 683
586 766
586 861
586 912
586 716
586 756
586 112
586 216
586 846
586 1074
586 517
586 591
586 1006
587 130
587 1049
587 390
587 845
587 218
587 881
587 246
587 1043
587 1088
588 306
588 661
589 919
590 836
590 411
590 1045
590 186
590 1083
590 790
590 653
590 149
590 878
590 931
590 867
590 984
590 733
590 1091
590 180
590 213
590 141
590 1102
590 565
590 335
590 258
590 231
590 466
590 406
590 297
591 683
591 29
591 229
591 342
591 806
591 524
591 586
591 708
591 115
591 543
592 392
592 661
592 369
592 529
593 505
593 390
594 1086
594 646
595 65
595 435
595 83
595 903
595 283
595 306
595 281
595 1037
595 718
595 183
595 691
595 162
595 385
596 297
596 82
596 980
597 151
597 584
597 267
597 797
597 738
597 268
597 73
597 196
597 322
598 701
598 198
598 903
598 305
598 535
598 828
598 857
598 430
598 489
598 376
598 174
598 330
598 1065
599 498
599 432
599 403
599 488
599 1055
599 935
600 538
600 83
600 399
600 223
600 697
600 414
600 171
600 343
600 938
600 572
600 1065
600 832
601 829
601 850
601 178
601 115
601 479
601 270
601 978
601 206
602 96
602 1108
602 582
602 737
602 963
603 806
603 963
604 111
604 1130
604 192
604 362
604 737
604 1018
605 498
605 769
605 639
605 182
605 488
605 148
605 1096
605 329
605 484
606 614
606 154
606 909
606 1120
607 721
607 286
607 216
607 530
607 755
607 469
607 524
607 517
607 708
608 526
608 30
608 644
609 808
609 78
609 1053
609 1065
609 1090
610 769
610 820
610 427
610 432
610 940
610 566
610 1110
610 1096
610 355
611 39
611 991
611 680
611 512
611 154
611 754
611 267
611 444
611 526
611 1052
611 1120
611 499
611 921
611 547
611 1045
611 493
611 297
611 998
611 454
612 569
612 985
612 1115
612 909
612 173
612 657
612 818
612 1031
612 776
612 229
612 154
612 723
612 696
612 836
612 153
612 283
612 136
612 978
612 443
612 479
613 153
614 154
614 95
614 976
614 554
614 214
614 909
614 606
614 115
614 1113
614 160
615 80
615 997
615 315
615 775
615 20
616 903
616 1046
616 273
616 538
616 267
616 1073
616 157
616 868
616 786
616 399
616 955
616 655
616 44
616 836
617 723
617 780
617 410
618 940
618 355
618 1096
618 566
619 1065
619 465
619 489
619 376
619 748
619 174
619 198
619 277
619 944
620 11
621 400
621 786
621 532
621 413
621 526
621 495
621 998
621 706
621 1047
621 224
621 705
621 1034
622 155
623 188
623 27
623 570
623 326
623 971
623 64
623 222
624 0
624 846
624 700
624 583
625 412
625 282
625 280
625 876
625 1054
625 71
625 1123
626 421
626 917
626 434
627 1110
627 862
627 470
627 300
627 936
627 313
627 970
627 16
628 846
628 524
628 583
628 285
628 958
628 1069
628 332
628 241
629 137
629 427
629 24
629 730
630 563
630 16
630 825
630 246
630 970
630 988
630 55
630 347
631 509
631 584
631 343
631 873
632 61
632 303
632 739
632 836
632 1096
632 1101
632 343
632 92
632 44
632 501
632 223
632 379
632 321
632 903
632 943
632 1122
632 849
632 355
633 566
633 1096
633 355
633 512
633 409
633 141
634 139
634 69
634 155
634 25
634 176
634 354
635 483
635 155
635 385
635 186
635 855
635 310
635 867
635 701
635 1037
635 739
636 807
636 684
636 417
636 450
636 179
637 809
637 151
638 1070
638 798
638 793
638 923
638 74
638 75
639 917
639 476
639 787
639 301
639 473
639 775
639 94
639 204
639 933
639 155
639 531
639 724
639 605
639 961
639 536
639 516
639 538
639 1096
639 662
639 558
639 137
639 46
639 559
639 571
639 757
639 803
639 91
639 171
639 704
639 211
639 890
639 309
639 227
639 312
639 701
639 584
640 1108
640 953
640 1128
640 94
640 919
640 734
640 313
641 154
642 867
643 665
643 953
643 380
643 94
643 963
643 313
644 267
644 275
644 949
644 220
644 701
644 315
644 705
644 608
644 697
644 1028
644 1111
644 186
645 264
645 998
645 392
645 212
645 157
645 701
645 511
645 399
646 261
646 325
646 594
646 883
647 457
647 1028
647 1060
648 81
648 809
648 693
648 509
648 4
648 492
648 1019
649 386
650 723
650 404
651 151
651 676
651 440
652 515
653 460
653 1018
653 422
653 273
653 221
653 770
653 406
653 808
653 1130
653 192
653 1103
653 771
653 341
653 558
653 590
653 848
653 434
653 162
654 91
654 139
654 293
654 476
654 1064
655 616
655 944
656 998
656 358
656 701
656 860
656 27
656 570
656 9
656 85
656 1046
656 385
656 411
656 493
656 460
656 221
656 483
656 326
656 469
657 955
657 723
657 367
657 483
657 776
657 479
657 154
657 855
657 836
657 569
657 229
657 673
657 975
657 155
657 149
657 550
657 612
657 908
657 518
657 763
657 406
657 457
657 153
657 338
657 343
657 173
657 870
657 1115
657 766
657 449
657 978
657 696
657 802
657 310
658 846
658 683
658 92
658 394
658 948
658 2
658 1016
658 115
658 29
658 17
658 999
658 960
658 806
658 700
658 524
659 0
659 799
659 476
659 94
659 572
659 975
660 218
660 369
660 1118
660 63
661 504
661 763
661 752
661 580
661 230
661 516
661 693
661 183
661 60
661 415
661 588
661 341
661 662
661 66
661 44
661 245
661 1091
661 592
661 174
661 218
661 338
661 975
661 281
661 177
661 192
662 573
662 6
662 281
662 325
662 693
662 1131
662 151
662 766
662 967
662 676
662 328
662 1074
662 338
662 942
662 200
662 1077
662 534
662 1092
662 661
662 639
662 383
662 163
662 0
662 856
662 257
662 84
662 260
662 536
662 1100
663 1126
663 958
663 917
663 69
664 808
665 94
665 313
665 788
665 711
665 953
665 643
665 380
666 344
666 528
666 893
666 885
666 531
666 744
666 213
666 296
666 803
666 941
666 189
667 888
667 394
667 332
667 807
668 1068
668 707
668 723
668 136
668 1045
668 158
668 1031
669 409
669 484
669 576
669 58
669 121
669 505
669 555
669 432
669 24
669 777
669 1038
669 1047
670 295
670 991
670 299
670 1045
670 512
670 1086
671 529
671 831
671 821
671 564
671 1112
671 584
672 359
672 274
672 230
672 987
672 1003
673 153
673 569
673 802
673 806
673 429
673 726
673 978
673 343
673 657
673 3
673 149
673 707
674 453
674 908
674 876
674 705
674 117
675 289
675 1104
675 869
676 524
676 113
676 257
676 528
676 1077
676 793
676 1089
676 534
676 151
676 923
676 6
676 84
676 651
676 910
676 131
676 529
676 982
676 573
676 1131
676 662
676 516
676 536
676 475
677 78
677 1053
677 958
677 1065
677 232
677 808
677 547
677 465
678 113
678 458
679 356
680 408
680 297
680 444
680 918
680 1045
680 611
680 562
681 1051
681 79
682 453
682 1078
682 846
683 1069
683 586
683 733
683 281
683 155
683 909
683 516
683 591
683 658
683 290
683 530
683 231
683 308
683 583
684 340
684 271
684 872
684 356
684 447
684 154
684 417
684 1086
684 93
684 704
684 636
684 547
684 370
684 852
684 70
684 496
684 396
685 505
686 816
686 538
686 284
687 943
687 805
687 960
687 849
687 92
688 1074
688 227
688 1005
689 499
689 481
689 12
689 454
689 455
689 991
690 24
690 516
690 432
690 769
690 218
690 276
690 505
690 1055
690 174
690 845
690 1096
690 820
690 1014
690 52
690 471
690 903
690 1066
691 994
691 1051
691 595
691 1037
691 104
691 718
691 171
691 1057
691 572
691 1095
692 997
692 1049
692 190
693 74
693 661
693 584
693 662
693 571
693 353
693 573
693 366
693 431
693 727
693 835
693 200
693 468
693 648
693 870
693 338
693 1131
693 281
693 766
693 1034
693 1064
693 509
693 780
693 448
693 962
693 151
693 227
694 245
694 914
694 266
694 516
694 203
695 960
695 953
695 313
695 301
696 941
696 149
696 985
696 518
696 136
696 400
696 1031
696 479
696 443
696 657
696 404
696 612
696 429
696 975
696 173
696 124
697 644
697 600
697 580
697 376
697 305
697 244
697 701
697 174
697 199
697 535
697 465
697 857
698 963
699 366
699 528
699 492
699 809
700 443
700 624
700 846
700 583
700 229
700 115
700 756
700 1016
700 338
700 818
700 394
700 658
701 527
701 535
701 371
701 174
701 771
701 996
701 1096
701 242
701 244
701 1126
701 997
701 483
701 828
701 267
701 406
701 64
701 775
701 836
701 376
701 656
701 644
701 855
701 857
701 457
701 645
701 903
701 91
701 305
701 580
701 598
701 806
701 639
701 171
701 419
701 697
701 385
701 635
701 1028
701 998
701 138
701 449
701 199
701 961
701 547
701 864
701 226
701 1073
701 958
701 230
701 352
702 941
703 179
703 356
703 824
704 227
704 1018
704 569
704 225
704 870
704 982
704 962
704 369
704 399
704 220
704 534
704 338
704 639
704 408
704 684
704 411
704 448
704 357
704 780
704 75
704 453
704 711
704 301
704 571
704 1089
704 817
705 674
705 950
705 296
705 475
705 547
705 148
705 326
705 1096
705 27
705 247
705 536
705 172
705 621
705 1028
705 32
705 223
705 875
705 356
705 578
705 291
705 414
705 195
705 174
705 396
705 996
705 644
705 1126
705 882
705 769
706 261
706 227
706 480
706 621
706 404
706 577
706 1077
706 1094
706 1092
706 1067
707 429
707 668
707 203
707 1
707 136
707 153
707 726
707 97
707 191
707 673
707 554
708 530
708 216
708 952
708 756
708 517
708 801
708 1082
708 543
708 920
708 97
708 586
708 302
708 591
708 607
708 3
708 1006
709 165
709 181
709 291
710 496
710 228
711 301
711 94
711 1044
711 380
711 1112
711 704
711 665
711 466
711 919
711 155
711 385
711 313
711 958
712 201
712 92
712 960
712 221
712 181
712 1130
713 304
713 147
713 327
713 1051
713 51
713 386
714 805
715 1108
715 963
715 792
716 285
716 443
716 302
716 115
716 426
716 474
716 229
716 583
716 568
716 586
717 253
717 453
717 353
718 836
718 248
718 258
718 691
718 572
718 245
718 231
718 1115
718 83
718 595
718 306
718 41
718 281
719 168
719 829
720 88
720 372
720 1087
720 946
720 212
720 490
720 887
720 746
720 388
720 774
720 736
720 1028
720 68
721 922
721 1109
721 607
721 302
722 779
722 722
723 978
723 985
723 65
723 506
723 154
723 4
723 143
723 569
723 407
723 518
723 1028
723 404
723 367
723 439
723 650
723 221
723 453
723 1131
723 1068
723 668
723 429
723 173
723 577
723 448
723 802
723 230
723 229
723 612
723 149
723 113
723 261
723 657
723 975
723 617
723 61
723 776
724 639
724 571
724 998
724 25
724 293
724 1028
725 374
725 1023
725 1016
725 394
725 568
725 115
725 999
726 153
726 577
726 191
726 707
726 802
726 149
726 673
726 97
726 341
726 158
727 693
727 151
727 780
728 1070
728 448
728 1009
728 178
728 873
728 151
728 994
729 531
729 991
729 265
729 795
729 246
729 297
730 629
730 355
730 264
730 1096
730 1002
730 148
731 430
731 414
731 1072
731 848
731 230
731 774
731 580
731 244
731 388
731 236
731 538
732 547
733 483
733 836
733 174
733 931
733 867
733 213
733 35
733 399
733 36
733 473
733 14
733 802
733 683
733 179
733 83
733 590
733 804
733 1083
733 379
733 128
734 640
734 226
734 963
734 944
734 94
734 919
734 957
734 1046
734 362
734 161
734 1031
734 72
735 821
736 1072
736 212
736 720
736 372
737 1107
737 604
737 223
737 96
737 602
738 597
738 196
739 483
739 867
739 310
739 826
739 343
739 155
739 0
739 356
739 632
739 973
739 635
740 251
740 191
740 578
740 54
741 192
741 460
742 245
742 252
742 817
742 1064
743 901
743 383
743 235
744 241
744 106
744 666
745 115
745 524
745 784
745 405
745 846
745 904
745 72
745 556
746 230
746 194
746 372
746 720
746 490
746 388
746 236
746 887
746 848
746 913
746 223
747 131
748 174
748 198
748 465
748 619
748 945
748 1051
748 1065
749 1072
749 230
749 848
749 1028
749 388
750 110
751 349
751 75
751 989
751 401
751 1112
752 471
752 281
752 141
752 769
752 1055
752 1111
752 1066
752 661
752 358
752 972
752 832
752 820
752 190
752 431
752 137
752 1062
752 134
752 1014
753 547
754 466
754 795
754 219
754 845
754 444
754 408
754 369
754 611
754 297
754 265
754 391
754 562
754 991
754 1045
754 86
755 530
755 92
755 517
755 216
755 607
756 700
756 586
756 302
756 708
757 766
757 799
757 338
757 838
757 59
757 890
757 374
757 900
757 219
757 516
757 310
757 639
757 915
757 211
757 514
757 281
757 74
757 787
757 116
757 806
758 878
759 313
759 919
760 878
761 122
761 1055
761 0
761 1110
761 965
761 820
761 1058
761 427
761 1118
761 825
761 1050
761 935
761 1051
761 182
761 936
761 238
761 1042
761 519
762 297
762 528
762 980
763 580
763 251
763 661
763 51
763 220
763 657
763 87
763 79
763 157
763 1020
763 399
763 171
764 868
764 786
765 59
766 796
766 469
766 338
766 890
766 693
766 662
766 757
766 351
766 657
766 843
766 548
766 169
766 846
766 385
766 870
766 267
766 94
766 565
766 137
766 586
766 584
766 1091
767 10
767 1046
768 220
768 510
768 327
768 147
768 79
768 572
768 544
768 386
768 244
768 501
769 278
769 705
769 1008
769 1088
769 882
769 993
769 137
769 427
769 915
769 605
769 1110
769 488
769 400
769 487
769 1014
769 775
769 15
769 1045
769 321
769 610
769 260
769 866
769 1096
769 390
769 1114
769 805
769 690
769 131
769 218
769 512
769 781
769 1049
769 182
769 752
769 1066
769 110
770 338
770 653
771 75
771 701
771 341
771 1018
771 273
771 1103
771 653
771 565
771 291
771 192
771 580
771 848
771 44
771 221
772 838
772 442
772 400
772 1117
773 355
773 501
773 243
774 731
774 230
774 720
775 90
775 1124
775 972
775 1014
775 1096
775 615
775 470
775 287
775 182
775 1049
775 501
775 20
775 267
775 701
775 980
775 1038
775 505
775 882
775 936
775 432
775 639
775 769
775 137
776 978
776 612
776 229
776 657
776 518
776 154
776 1031
776 723
776 569
777 1110
777 505
777 669
777 1038
777 576
777 24
777 980
777 409
777 781
777 11
777 470
777 427
778 247
778 965
778 316
779 850
779 722
780 890
780 338
780 366
780 529
780 114
780 800
780 617
780 704
780 448
780 855
780 727
780 227
780 943
780 151
780 577
780 982
780 261
780 962
780 1067
780 131
780 693
780 958
780 793
781 1118
781 470
781 432
781 102
781 972
781 1124
781 11
781 427
781 935
781 182
781 997
781 1038
781 505
781 980
781 218
781 1045
781 777
781 576
781 769
782 513
782 946
782 26
782 1041
782 233
782 202
782 803
783 90
783 267
783 265
783 22
783 1112
783 790
783 287
783 463
783 493
783 391
783 133
783 991
784 153
784 745
784 159
784 524
784 556
784 72
784 846
784 1025
784 405
784 1069
785 825
785 306
786 764
786 616
786 60
786 621
786 998
786 1073
786 855
786 220
786 1101
787 98
787 990
787 241
787 457
787 836
787 177
787 95
787 553
787 363
787 946
787 639
787 367
787 17
787 155
787 757
787 255
788 94
788 665
788 919
789 974
789 349
789 1045
789 1050
789 444
789 133
789 799
789 980
789 991
790 368
790 75
790 564
790 335
790 247
790 877
790 590
790 565
790 783
790 241
791 803
792 274
792 715
792 987
792 917
792 950
792 1108
793 638
793 845
793 75
793 200
793 780
793 351
793 366
793 798
793 1089
793 529
793 676
793 163
793 131
793 1067
793 143
793 251
793 534
793 448
793 1092
794 242
794 37
794 1028
794 580
795 991
795 729
795 265
795 82
795 444
795 269
795 297
795 754
795 190
796 766
796 323
796 890
796 806
796 1092
796 251
796 1028
796 134
796 344
797 73
797 322
797 997
797 597
797 824
798 638
798 793
799 364
799 166
799 506
799 915
799 213
799 211
799 29
799 973
799 956
799 757
799 806
799 890
799 351
799 281
799 850
799 456
799 659
799 514
799 789
799 586
799 251
800 408
800 220
800 285
800 780
800 390
800 367
800 286
800 369
800 806
801 586
801 708
802 808
802 232
802 229
802 909
802 1111
802 154
802 78
802 173
802 97
802 149
802 723
802 978
802 726
802 221
802 1053
802 165
802 155
802 733
802 341
802 657
802 183
802 673
802 975
802 1090
802 569
803 483
803 782
803 527
803 221
803 1126
803 821
803 639
803 1041
803 54
803 950
803 411
803 203
803 791
803 412
803 1029
803 578
803 144
803 666
804 512
804 859
804 733
805 260
805 22
805 836
805 1096
805 75
805 264
805 297
805 714
805 390
805 997
805 565
805 352
805 1024
805 916
805 1044
805 90
805 944
805 537
805 980
805 184
805 769
805 1014
805 687
805 190
806 796
806 673
806 591
806 473
806 374
806 306
806 155
806 221
806 800
806 818
806 961
806 29
806 226
806 391
806 59
806 890
806 564
806 838
806 367
806 658
806 603
806 213
806 151
806 701
806 836
806 799
806 554
806 982
806 817
806 1092
806 847
806 74
806 757
806 1022
806 219
806 251
807 97
807 332
807 229
807 251
807 667
807 115
807 285
807 636
807 284
807 450
807 888
808 221
808 408
808 664
808 1018
808 677
808 78
808 653
808 961
808 192
808 291
808 609
808 855
808 189
808 341
808 165
808 1053
808 802
808 338
809 637
809 492
809 527
809 648
809 699
810 186
810 189
810 303
810 267
810 276
810 972
810 419
810 867
810 402
810 137
810 1096
810 134
811 987
812 987
812 120
812 476
812 317
813 552
813 345
813 93
814 350
814 343
814 320
815 937
816 516
816 406
816 565
816 1075
816 82
816 584
816 921
816 335
816 1108
816 686
816 299
817 571
817 704
817 1070
817 742
817 1034
817 408
817 806
817 163
817 1046
818 321
818 213
818 166
818 972
818 241
818 870
818 958
818 806
818 918
818 612
818 700
818 368
818 882
819 935
820 1014
820 1066
820 527
820 1096
820 141
820 972
820 487
820 155
820 182
820 390
820 845
820 873
820 752
820 690
820 867
820 190
820 505
820 516
820 761
820 610
820 939
820 882
820 137
821 10
821 1098
821 671
821 54
821 995
821 735
821 9
821 1112
821 395
821 865
821 529
821 860
821 803
822 1111
822 929
822 1096
823 100
824 122
824 133
824 1050
824 797
824 980
824 896
824 852
824 997
824 703
825 630
825 1066
825 1111
825 1037
825 761
825 292
825 154
825 785
825 141
825 882
825 496
825 572
826 262
826 126
826 988
826 350
826 867
826 739
826 1041
826 315
827 59
828 489
828 535
828 857
828 1065
828 598
828 392
828 174
828 701
828 305
829 601
829 89
829 168
829 978
829 719
830 867
831 890
831 982
831 301
831 457
831 838
831 1117
831 1093
831 671
831 847
831 946
832 1130
832 752
832 355
832 0
832 935
832 446
832 988
832 516
832 600
833 897
834 29
834 999
834 374
835 571
835 109
835 693
835 163
835 448
835 155
835 982
835 515
835 1089
835 184
836 946
836 55
836 385
836 924
836 119
836 612
836 310
836 590
836 632
836 701
836 1121
836 165
836 933
836 306
836 301
836 340
836 998
836 379
836 273
836 867
836 1014
836 1115
836 657
836 616
836 718
836 145
836 1081
836 466
836 979
836 448
836 805
836 787
836 505
836 473
836 1083
836 43
836 405
836 806
836 82
836 733
836 958
836 406
836 232
836 1067
836 483
836 251
836 260
836 244
837 1069
838 757
838 1117
838 226
838 831
838 806
838 260
838 867
838 946
838 442
838 893
838 915
838 772
838 870
838 516
839 917
840 991
840 297
840 444
840 265
840 86
841 917
841 865
841 871
841 966
841 987
841 908
841 50
841 1031
842 584
842 90
842 322
842 509
842 453
842 937
842 268
843 1046
843 28
843 155
843 847
843 203
843 241
843 867
843 766
844 1096
845 793
845 409
845 428
845 562
845 587
845 174
845 754
845 358
845 1049
845 882
845 988
845 368
845 246
845 1063
845 389
845 76
845 352
845 690
845 820
845 39
845 1066
846 367
846 628
846 586
846 281
846 343
846 564
846 394
846 658
846 284
846 1069
846 700
846 29
846 766
846 296
846 524
846 624
846 784
846 682
846 175
846 745
846 405
846 1078
846 453
847 91
847 438
847 568
847 958
847 806
847 34
847 1
847 860
847 843
847 2
847 831
847 890
847 105
848 887
848 236
848 749
848 913
848 490
848 230
848 44
848 653
848 388
848 1028
848 746
848 771
848 731
849 262
849 687
849 632
850 457
850 799
850 601
850 260
850 779
850 210
851 224
851 93
851 547
851 356
852 684
852 980
852 496
852 1050
852 824
852 508
853 547
853 893
853 881
854 423
854 430
854 171
854 414
854 75
854 1065
854 230
854 585
854 157
854 152
854 223
854 399
854 525
854 445
854 1084
855 635
855 1018
855 109
855 1089
855 571
855 1090
855 449
855 448
855 268
855 460
855 937
855 780
855 786
855 442
855 453
855 341
855 291
855 1053
855 891
855 657
855 1103
855 78
855 1028
855 247
855 155
855 1094
855 301
855 384
855 162
855 808
855 457
855 221
855 982
855 385
855 701
855 18
855 483
856 662
856 257
857 828
857 1065
857 199
857 330
857 701
857 697
857 174
857 489
857 535
857 945
857 376
857 598
857 110
857 305
857 551
858 577
858 153
859 804
859 300
860 901
860 357
860 865
860 234
860 847
860 656
860 821
860 9
860 995
860 395
860 518
860 47
861 586
861 302
861 524
861 958
861 517
861 530
862 627
862 300
863 584
863 211
863 295
863 21
863 1027
864 251
864 701
865 395
865 841
865 860
865 908
865 995
865 821
865 408
866 769
866 379
866 15
866 278
866 321
866 358
866 1096
866 197
867 838
867 406
867 978
867 126
867 319
867 301
867 836
867 590
867 1102
867 739
867 820
867 830
867 810
867 138
867 733
867 271
867 843
867 155
867 1096
867 402
867 533
867 1083
867 178
867 875
867 275
867 1048
867 642
867 483
867 1037
867 893
867 635
867 449
867 224
867 826
867 515
867 385
867 371
867 1066
867 245
868 616
868 392
868 764
869 675
869 289
869 183
869 1041
869 560
869 191
870 657
870 509
870 1018
870 586
870 1037
870 950
870 94
870 218
870 406
870 338
870 138
870 766
870 385
870 1046
870 367
870 483
870 356
870 308
870 469
870 82
870 818
870 109
870 244
870 47
870 339
870 207
870 838
870 693
870 419
870 1131
870 179
870 242
870 538
870 251
870 260
870 704
870 268
871 50
871 841
872 450
872 30
872 70
872 446
872 921
872 224
872 684
872 345
872 396
872 93
872 547
872 503
873 728
873 479
873 631
873 448
873 151
873 571
873 977
873 820
873 584
873 958
874 518
874 944
874 251
875 409
875 1096
875 406
875 449
875 972
875 705
875 881
875 239
875 1088
875 867
875 893
875 127
875 299
875 1049
875 218
876 908
876 1054
876 282
876 674
876 412
876 625
876 62
876 71
876 280
876 277
876 1123
877 972
877 303
877 141
877 460
877 902
877 505
877 790
878 53
878 1091
878 1102
878 335
878 213
878 1083
878 77
878 512
878 946
878 565
878 760
878 1045
878 984
878 299
878 590
878 1108
878 141
878 758
878 540
878 258
878 1075
879 1019
879 511
880 326
880 188
880 54
881 385
881 853
881 961
881 875
881 988
881 246
881 473
881 587
881 218
882 58
882 1014
882 484
882 488
882 818
882 182
882 137
882 775
882 428
882 106
882 820
882 1042
882 471
882 705
882 566
882 769
882 1096
882 845
882 1094
882 1066
882 825
882 505
882 148
882 498
883 227
883 646
883 963
883 944
883 1112
883 251
884 286
884 586
884 2
885 92
885 666
885 451
885 355
885 1122
886 157
886 335
886 223
887 1087
887 236
887 720
887 746
887 490
887 1072
887 848
887 913
887 44
888 516
888 944
888 807
888 667
888 332
889 1036
890 131
890 796
890 639
890 1092
890 251
890 915
890 47
890 408
890 1093
890 59
890 806
890 831
890 847
890 799
890 766
890 780
890 335
890 757
891 855
892 486
893 278
893 958
893 1062
893 186
893 303
893 121
893 355
893 267
893 853
893 1096
893 838
893 875
893 385
893 939
893 403
893 666
893 1122
893 867
894 190
894 376
894 321
895 73
896 824
896 370
897 833
897 24
898 268
899 987
900 575
900 903
900 392
900 461
900 538
900 1000
900 334
900 1105
900 757
901 241
901 481
901 860
901 995
901 743
901 343
902 352
902 267
902 877
902 303
903 632
903 575
903 461
903 376
903 334
903 1105
903 278
903 174
903 1065
903 205
903 305
903 701
903 1000
903 580
903 900
903 616
903 399
903 690
903 1020
903 183
903 598
903 392
903 1112
903 983
903 154
903 595
904 745
904 956
904 260
905 105
905 1078
906 74
906 118
907 1045
908 117
908 282
908 62
908 865
908 674
908 47
908 518
908 657
908 841
908 277
908 876
909 614
909 479
909 1113
909 606
909 136
909 294
909 802
909 149
909 1047
909 154
909 683
909 612
909 102
909 478
910 676
910 982
910 163
910 109
910 571
911 970
912 586
913 44
913 1097
913 848
913 236
913 1028
913 887
913 746
913 388
913 1087
913 1072
914 293
914 476
914 694
914 559
915 527
915 838
915 534
915 1061
915 890
915 344
915 799
915 769
915 757
915 321
916 957
916 805
917 359
917 841
917 120
917 987
917 663
917 966
917 343
917 792
917 354
917 1126
917 351
917 281
917 241
917 442
917 436
917 639
917 155
917 337
917 541
917 166
917 626
917 546
917 924
917 94
917 274
917 839
917 950
917 996
917 25
918 499
918 680
918 1086
918 22
918 481
918 455
918 512
918 12
918 991
918 1053
918 251
918 418
918 522
918 818
918 75
918 369
919 380
919 408
919 301
919 759
919 589
919 94
919 640
919 788
919 1061
919 711
919 934
919 734
919 331
920 708
921 961
921 872
921 369
921 454
921 1086
921 611
921 816
921 526
921 64
922 72
922 442
922 987
922 721
922 950
923 676
923 638
924 917
924 963
924 836
924 351
925 531
926 258
926 1096
927 137
928 963
928 442
929 822
929 123
930 241
930 47
931 733
931 590
931 1083
932 161
932 247
932 434
932 192
932 1053
933 539
933 1046
933 836
933 1074
933 946
933 1067
933 231
933 143
933 639
934 198
934 381
934 380
934 919
935 141
935 355
935 1110
935 121
935 1036
935 501
935 997
935 761
935 1058
935 58
935 264
935 518
935 781
935 519
935 832
935 585
935 403
935 819
935 1055
935 567
935 148
935 427
935 182
935 498
935 965
935 488
935 599
935 1118
935 329
936 432
936 218
936 505
936 761
936 775
936 137
936 470
936 237
936 1110
936 141
936 972
936 965
936 627
936 182
937 855
937 815
937 453
937 842
938 600
939 356
939 893
939 820
939 391
939 122
940 355
940 528
940 1096
940 618
940 610
941 528
941 666
941 531
941 400
941 696
941 702
941 404
941 173
942 1100
942 1080
942 662
943 557
943 221
943 262
943 301
943 189
943 267
943 446
943 1053
943 92
943 632
943 376
943 780
943 61
943 687
943 85
943 547
943 186
943 419
943 303
943 1059
943 37
943 315
944 373
944 1054
944 874
944 734
944 1123
944 1118
944 143
944 619
944 470
944 24
944 805
944 1096
944 71
944 6
944 534
944 94
944 1065
944 398
944 473
944 380
944 883
944 1128
944 526
944 1053
944 655
944 200
944 105
944 162
944 996
944 456
944 341
944 888
944 376
944 10
945 1065
945 489
945 198
945 748
945 857
946 367
946 933
946 1094
946 787
946 831
946 357
946 116
946 878
946 1083
946 838
946 516
946 1117
946 143
946 258
946 202
946 231
946 984
946 836
946 257
946 338
946 782
946 720
946 211
946 408
946 131
947 434
947 181
948 374
948 1016
948 29
948 658
948 1025
948 175
949 315
949 644
950 792
950 705
950 442
950 1126
950 922
950 578
950 25
950 351
950 267
950 917
950 870
950 251
950 803
951 958
952 494
952 335
952 986
952 708
953 695
953 313
953 665
953 643
953 640
953 42
954 408
954 351
955 244
955 1028
955 435
955 1096
955 957
955 657
955 616
955 14
955 223
955 1062
956 514
956 456
956 799
956 515
956 260
956 904
956 533
956 178
957 916
957 231
957 100
957 344
957 343
957 75
957 258
957 529
957 1116
957 466
957 955
957 1041
957 734
957 564
958 677
958 780
958 406
958 818
958 663
958 701
958 301
958 483
958 861
958 951
958 113
958 873
958 385
958 836
958 847
958 213
958 473
958 186
958 303
958 628
958 357
958 241
958 711
958 457
958 47
958 547
958 267
958 335
958 893
959 484
959 58
959 1047
959 121
959 1002
959 501
959 32
960 251
960 695
960 355
960 267
960 566
960 712
960 14
960 687
960 658
960 262
960 241
960 996
960 504
960 216
960 1096
960 453
961 261
961 267
961 701
961 982
961 998
961 461
961 806
961 881
961 808
961 639
961 1067
961 155
961 921
961 536
962 780
962 693
962 704
963 195
963 362
963 573
963 94
963 928
963 1078
963 204
963 603
963 251
963 643
963 883
963 715
963 351
963 602
963 698
963 924
963 161
963 734
963 1067
963 254
963 967
964 335
964 973
964 260
964 0
964 227
965 280
965 778
965 54
965 427
965 1050
965 148
965 997
965 58
965 264
965 1118
965 403
965 761
965 936
965 321
965 505
965 182
965 432
965 1043
965 287
965 104
965 935
965 972
965 470
965 1110
965 141
966 841
966 917
967 963
967 64
967 257
967 982
967 662
967 361
967 200
967 383
967 84
968 512
969 270
970 246
970 630
970 1008
970 627
970 563
970 911
971 247
971 623
971 27
971 1021
971 62
971 222
971 249
972 470
972 237
972 1062
972 752
972 505
972 781
972 775
972 239
972 449
972 1094
972 64
972 406
972 134
972 549
972 321
972 216
972 820
972 390
972 818
972 141
972 400
972 965
972 1049
972 218
972 580
972 403
972 272
972 875
972 877
972 810
972 1088
972 419
972 276
972 936
973 260
973 964
973 739
973 799
973 408
974 789
974 179
975 659
975 696
975 802
975 661
975 229
975 154
975 343
975 155
975 723
975 657
976 614
976 115
976 554
976 518
977 453
977 1070
977 873
977 982
978 776
978 657
978 802
978 229
978 214
978 125
978 569
978 829
978 154
978 867
978 612
978 673
978 173
978 149
978 479
978 601
978 518
978 723
978 178
979 365
979 70
979 836
979 528
979 547
980 997
980 852
980 596
980 789
980 1110
980 777
980 22
980 781
980 133
980 775
980 762
980 470
980 90
980 824
980 805
980 1050
981 335
981 371
981 24
982 910
982 569
982 539
982 385
982 855
982 473
982 1094
982 961
982 448
982 977
982 780
982 145
982 806
982 831
982 704
982 442
982 155
982 835
982 453
982 676
982 367
982 967
982 64
983 580
983 174
983 903
983 183
984 1102
984 1083
984 1091
984 590
984 53
984 565
984 213
984 946
984 878
984 1075
984 231
984 335
984 406
984 149
984 1108
985 479
985 696
985 723
985 173
985 612
985 443
986 952
987 917
987 792
987 317
987 442
987 464
987 25
987 841
987 811
987 3
987 922
987 178
987 1029
987 672
987 812
987 515
987 899
987 1009
987 120
988 1049
988 630
988 563
988 218
988 467
988 76
988 130
988 845
988 281
988 1096
988 347
988 343
988 832
988 881
988 15
988 246
988 409
988 826
988 134
989 751
989 401
989 22
989 1053
989 291
989 75
989 1112
990 787
991 1099
991 444
991 840
991 77
991 754
991 670
991 258
991 82
991 1045
991 86
991 1106
991 789
991 454
991 507
991 90
991 580
991 493
991 783
991 481
991 391
991 795
991 512
991 22
991 729
991 689
991 611
991 918
991 369
991 1120
992 192
993 769
994 1057
994 155
994 1037
994 728
994 691
995 821
995 865
995 209
995 860
995 901
996 917
996 701
996 705
996 120
996 347
996 960
996 944
997 781
997 692
997 433
997 182
997 133
997 264
997 797
997 1118
997 427
997 470
997 935
997 1110
997 1050
997 615
997 58
997 805
997 965
997 824
997 980
997 701
998 562
998 645
998 961
998 289
998 547
998 296
998 724
998 611
998 527
998 656
998 701
998 223
998 62
998 621
998 64
998 355
998 267
998 469
998 786
998 836
998 1028
999 725
999 374
999 394
999 1016
999 1023
999 556
999 834
999 517
999 658
1000 903
1000 900
1000 174
1000 183
1000 334
1000 392
1000 575
1000 489
1000 1105
1000 580
1000 567
1001 1112
1001 155
1001 301
1001 565
1001 401
1002 192
1002 32
1002 1053
1002 959
1002 730
1002 1036
1003 198
1003 359
1003 274
1003 442
1003 672
1004 330
1004 430
1004 171
1005 1112
1005 230
1005 401
1005 9
1005 688
1005 466
1005 75
1006 586
1006 708
1006 543
1006 524
1006 568
1007 492
1008 970
1008 769
1009 75
1009 314
1009 1044
1009 987
1009 457
1009 728
1009 178
1010 1065
1010 87
1011 1094
1011 509
1012 297
1012 1074
1013 82
1013 524
1014 470
1014 820
1014 218
1014 498
1014 137
1014 1088
1014 400
1014 752
1014 690
1014 182
1014 488
1014 24
1014 148
1014 484
1014 775
1014 99
1014 276
1014 769
1014 836
1014 1049
1014 805
1014 1096
1014 505
1014 882
1015 367
1015 1089
1015 584
1015 184
1016 394
1016 999
1016 1025
1016 115
1016 1023
1016 948
1016 700
1016 658
1016 725
1017 428
1017 246
1018 221
1018 291
1018 653
1018 855
1018 341
1018 558
1018 1130
1018 460
1018 704
1018 1090
1018 48
1018 78
1018 1053
1018 1103
1018 47
1018 870
1018 771
1018 580
1018 162
1018 604
1018 245
1018 13
1018 808
1018 273
1018 422
1018 192
1019 0
1019 567
1019 62
1019 1037
1019 564
1019 572
1019 879
1019 648
1019 522
1019 1057
1019 37
1019 1095
1019 576
1020 174
1020 903
1020 305
1020 87
1020 230
1020 763
1020 220
1020 1065
1020 376
1020 183
1021 27
1021 326
1021 971
1022 806
1022 1094
1022 1092
1023 725
1023 405
1023 374
1023 1016
1023 1121
1023 17
1023 999
1023 29
1023 36
1024 805
1024 368
1025 2
1025 267
1025 193
1025 367
1025 1069
1025 97
1025 948
1025 784
1025 45
1025 405
1025 1016
1026 476
1026 139
1027 863
1027 1086
1028 483
1028 647
1028 794
1028 720
1028 501
1028 705
1028 913
1028 250
1028 236
1028 1072
1028 400
1028 64
1028 749
1028 1087
1028 547
1028 87
1028 998
1028 386
1028 171
1028 388
1028 724
1028 44
1028 92
1028 723
1028 855
1028 701
1028 796
1028 955
1028 644
1028 414
1028 848
1029 418
1029 170
1029 213
1029 203
1029 987
1029 803
1029 35
1029 31
1029 368
1029 297
1029 574
1029 175
1029 321
1029 3
1030 516
1030 245
1031 668
1031 734
1031 518
1031 479
1031 230
1031 1128
1031 612
1031 173
1031 696
1031 841
1031 776
1031 34
1031 136
1031 443
1031 436
1031 1108
1031 359
1031 153
1031 554
1032 91
1033 224
1033 179
1034 621
1034 693
1034 536
1034 817
1035 140
1036 1066
1036 935
1036 141
1036 1002
1036 567
1036 264
1036 1110
1036 889
1036 502
1036 182
1036 58
1036 484
1037 572
1037 1051
1037 306
1037 1095
1037 1057
1037 595
1037 635
1037 867
1037 870
1037 64
1037 1019
1037 691
1037 825
1037 189
1037 994
1038 777
1038 576
1038 498
1038 427
1038 775
1038 432
1038 130
1038 243
1038 1097
1038 11
1038 669
1038 781
1039 115
1040 223
1041 826
1041 211
1041 957
1041 281
1041 782
1041 10
1041 260
1041 9
1041 251
1041 516
1041 289
1041 803
1041 1098
1041 869
1042 352
1042 299
1042 882
1042 761
1042 148
1043 58
1043 1049
1043 137
1043 587
1043 965
1043 246
1043 264
1044 380
1044 1009
1044 184
1044 711
1044 1053
1044 260
1044 805
1044 1066
1044 251
1044 466
1045 1099
1045 141
1045 102
1045 295
1045 106
1045 93
1045 668
1045 670
1045 228
1045 180
1045 279
1045 680
1045 346
1045 878
1045 179
1045 1102
1045 90
1045 754
1045 789
1045 781
1045 455
1045 265
1045 335
1045 769
1045 1062
1045 522
1045 297
1045 512
1045 77
1045 611
1045 907
1045 590
1045 299
1045 82
1045 12
1045 246
1045 471
1045 292
1045 417
1045 991
1046 101
1046 91
1046 95
1046 366
1046 870
1046 817
1046 656
1046 1089
1046 843
1046 734
1046 270
1046 767
1046 210
1046 616
1046 185
1046 933
1047 959
1047 369
1047 473
1047 567
1047 264
1047 669
1047 909
1047 427
1047 555
1047 58
1047 121
1047 621
1047 484
1048 867
1049 301
1049 76
1049 1053
1049 1066
1049 769
1049 875
1049 218
1049 368
1049 988
1049 587
1049 1050
1049 1014
1049 174
1049 246
1049 1043
1049 56
1049 15
1049 845
1049 358
1049 449
1049 260
1049 134
1049 75
1049 130
1049 1062
1049 1122
1049 406
1049 692
1049 276
1049 338
1049 321
1049 775
1049 470
1049 131
1049 190
1049 1088
1049 972
1049 1096
1049 409
1050 130
1050 761
1050 1110
1050 789
1050 965
1050 997
1050 980
1050 1113
1050 824
1050 300
1050 1049
1050 852
1050 349
1051 572
1051 147
1051 1037
1051 681
1051 79
1051 691
1051 1095
1051 748
1051 761
1051 443
1051 1065
1051 1110
1051 713
1051 198
1051 1057
1052 611
1053 855
1053 989
1053 677
1053 1002
1053 384
1053 165
1053 171
1053 802
1053 808
1053 944
1053 481
1053 14
1053 1044
1053 932
1053 1112
1053 301
1053 78
1053 609
1053 1018
1053 291
1053 943
1053 189
1053 22
1053 1049
1053 918
1053 1130
1053 192
1053 549
1054 282
1054 50
1054 625
1054 1123
1054 71
1054 195
1054 277
1054 412
1054 944
1054 280
1054 876
1055 572
1055 1096
1055 419
1055 690
1055 567
1055 752
1055 1088
1055 761
1055 599
1055 935
1056 434
1056 247
1056 291
1056 165
1057 1019
1057 1037
1057 572
1057 1073
1057 1051
1057 61
1057 994
1057 183
1057 147
1057 1095
1057 691
1058 935
1058 761
1059 943
1059 228
1060 647
1061 1112
1061 915
1061 94
1061 919
1062 1097
1062 1045
1062 752
1062 504
1062 955
1062 390
1062 137
1062 449
1062 893
1062 972
1062 1088
1062 1049
1063 189
1063 368
1063 106
1063 1088
1063 182
1063 255
1063 267
1063 127
1063 845
1063 449
1063 147
1064 151
1064 89
1064 654
1064 266
1064 742
1064 448
1064 91
1064 693
1064 476
1064 242
1065 828
1065 330
1065 903
1065 53
1065 854
1065 619
1065 609
1065 677
1065 165
1065 857
1065 75
1065 748
1065 600
1065 1020
1065 1112
1065 147
1065 171
1065 244
1065 376
1065 1010
1065 291
1065 78
1065 174
1065 944
1065 1051
1065 538
1065 57
1065 945
1065 198
1065 598
1065 465
1066 1036
1066 820
1066 154
1066 1110
1066 470
1066 471
1066 352
1066 190
1066 825
1066 867
1066 232
1066 1044
1066 498
1066 1049
1066 141
1066 752
1066 321
1066 769
1066 845
1066 126
1066 690
1066 882
1066 1088
1066 564
1067 780
1067 963
1067 836
1067 933
1067 354
1067 573
1067 961
1067 706
1067 25
1067 793
1068 1076
1068 577
1068 723
1068 223
1068 668
1069 683
1069 784
1069 628
1069 524
1069 1025
1069 426
1069 583
1069 175
1069 846
1069 837
1069 405
1070 638
1070 1119
1070 219
1070 448
1070 817
1070 462
1070 977
1070 728
1071 511
1071 1072
1071 230
1072 1087
1072 749
1072 1132
1072 1071
1072 511
1072 388
1072 372
1072 223
1072 736
1072 68
1072 162
1072 230
1072 1112
1072 44
1072 538
1072 171
1072 913
1072 887
1072 183
1072 731
1072 1028
1073 701
1073 1057
1073 616
1073 230
1073 527
1073 511
1073 66
1073 330
1073 786
1073 44
1074 55
1074 36
1074 516
1074 688
1074 586
1074 1088
1074 1086
1074 124
1074 305
1074 1012
1074 933
1074 350
1074 351
1074 662
1074 565
1074 90
1074 166
1074 258
1074 82
1074 408
1074 260
1074 169
1074 391
1075 984
1075 565
1075 878
1075 176
1075 406
1075 296
1075 816
1076 414
1076 386
1076 273
1076 1068
1076 87
1076 220
1076 244
1076 416
1077 573
1077 662
1077 383
1077 706
1077 676
1078 682
1078 963
1078 846
1078 905
1079 301
1080 942
1081 453
1081 836
1082 708
1082 586
1083 565
1083 231
1083 483
1083 469
1083 931
1083 473
1083 733
1083 406
1083 590
1083 836
1083 984
1083 946
1083 335
1083 459
1083 867
1083 258
1083 213
1083 878
1084 87
1084 171
1084 355
1084 399
1084 414
1084 430
1084 445
1084 152
1084 223
1084 157
1084 423
1084 525
1084 854
1085 207
1085 178
1086 299
1086 258
1086 1120
1086 283
1086 921
1086 269
1086 82
1086 918
1086 369
1086 245
1086 1027
1086 684
1086 516
1086 507
1086 231
1086 547
1086 149
1086 670
1086 211
1086 1074
1086 594
1086 512
1087 887
1087 461
1087 1028
1087 913
1087 236
1087 388
1087 44
1087 490
1087 1072
1087 720
1088 24
1088 1049
1088 402
1088 1063
1088 1066
1088 1074
1088 218
1088 419
1088 141
1088 272
1088 1014
1088 358
1088 505
1088 106
1088 134
1088 1122
1088 875
1088 1055
1088 587
1088 190
1088 1062
1088 972
1088 368
1088 769
1088 246
1088 371
1089 835
1089 1015
1089 1094
1089 704
1089 676
1089 1046
1089 855
1089 366
1089 477
1089 793
1089 113
1090 1111
1090 1018
1090 161
1090 609
1090 564
1090 1130
1090 855
1090 291
1090 802
1090 221
1091 766
1091 151
1091 984
1091 338
1091 213
1091 661
1091 1115
1091 155
1091 385
1091 469
1091 878
1091 516
1091 105
1091 531
1091 590
1092 339
1092 59
1092 706
1092 116
1092 1022
1092 890
1092 793
1092 806
1092 796
1092 662
1092 1094
1093 211
1093 831
1093 91
1093 890
1093 155
1094 972
1094 706
1094 260
1094 155
1094 882
1094 405
1094 1092
1094 26
1094 982
1094 1011
1094 301
1094 1022
1094 1089
1094 1096
1094 378
1094 583
1094 946
1094 855
1094 268
1094 143
1095 259
1095 1037
1095 572
1095 1051
1095 1057
1095 1019
1095 691
1096 867
1096 844
1096 944
1096 1049
1096 822
1096 1111
1096 267
1096 866
1096 218
1096 701
1096 705
1096 690
1096 352
1096 505
1096 544
1096 368
1096 355
1096 1014
1096 504
1096 955
1096 1110
1096 1055
1096 1102
1096 371
1096 820
1096 475
1096 639
1096 473
1096 106
1096 566
1096 75
1096 633
1096 893
1096 632
1096 141
1096 419
1096 618
1096 24
1096 189
1096 190
1096 610
1096 769
1096 243
1096 449
1096 432
1096 926
1096 775
1096 605
1096 882
1096 276
1096 321
1096 232
1096 810
1096 988
1096 1094
1096 940
1096 137
1096 403
1096 182
1096 960
1096 483
1096 805
1096 730
1096 875
1097 1062
1097 364
1097 1038
1097 243
1097 913
1097 475
1097 1110
1098 821
1098 1041
1098 10
1098 449
1098 1112
1099 1045
1099 444
1099 265
1099 297
1099 991
1100 942
1100 573
1100 383
1100 6
1100 84
1100 46
1100 536
1100 662
1101 61
1101 273
1101 399
1101 430
1101 414
1101 220
1101 278
1101 786
1101 358
1101 501
1101 632
1101 223
1101 171
1102 406
1102 1096
1102 126
1102 590
1102 984
1102 335
1102 867
1102 151
1102 533
1102 1045
1102 512
1102 371
1102 878
1102 1108
1102 155
1102 141
1103 1018
1103 111
1103 653
1103 5
1103 855
1103 192
1103 162
1103 771
1104 107
1104 251
1104 675
1105 334
1105 1000
1105 900
1105 903
1105 353
1105 392
1105 575
1105 205
1106 991
1107 737
1107 94
1108 1102
1108 121
1108 119
1108 640
1108 42
1108 75
1108 878
1108 602
1108 1122
1108 816
1108 258
1108 351
1108 313
1108 715
1108 792
1108 565
1108 141
1108 984
1108 515
1108 1031
1108 40
1108 335
1108 512
1109 721
1110 141
1110 133
1110 761
1110 1050
1110 965
1110 182
1110 980
1110 1096
1110 1036
1110 498
1110 484
1110 627
1110 777
1110 1066
1110 137
1110 1051
1110 243
1110 90
1110 427
1110 769
1110 572
1110 1097
1110 610
1110 121
1110 997
1110 470
1110 936
1110 264
1110 935
1111 1096
1111 825
1111 232
1111 822
1111 291
1111 471
1111 1090
1111 752
1111 78
1111 408
1111 137
1111 165
1111 802
1111 644
1112 401
1112 1072
1112 75
1112 341
1112 989
1112 751
1112 293
1112 466
1112 883
1112 1001
1112 1061
1112 821
1112 301
1112 1098
1112 671
1112 356
1112 1053
1112 168
1112 514
1112 1065
1112 783
1112 1005
1112 430
1112 1128
1112 903
1112 22
1112 522
1112 711
1112 460
1112 380
1112 376
1113 577
1113 300
1113 153
1113 614
1113 909
1113 1050
1113 563
1114 769
1114 271
1114 505
1115 1091
1115 836
1115 169
1115 612
1115 657
1115 483
1115 306
1115 260
1115 718
1115 406
1116 533
1116 957
1117 772
1117 306
1117 442
1117 351
1117 831
1117 82
1117 229
1117 946
1117 258
1117 218
1117 838
1118 660
1118 141
1118 761
1118 1124
1118 427
1118 965
1118 182
1118 137
1118 935
1118 944
1118 246
1118 329
1118 997
1118 781
1119 1070
1119 408
1120 297
1120 606
1120 611
1120 991
1120 1086
1121 394
1121 583
1121 1023
1121 836
1121 517
1121 524
1122 132
1122 1108
1122 121
1122 885
1122 255
1122 138
1122 1049
1122 1088
1122 893
1122 485
1122 632
1122 240
1123 71
1123 944
1123 625
1123 876
1123 1054
1124 1118
1124 775
1124 505
1124 781
1125 85
1125 235
1125 350
1126 917
1126 251
1126 950
1126 663
1126 803
1126 701
1126 705
1127 562
1127 297
1128 94
1128 1112
1128 640
1128 362
1128 1031
1128 944
1129 297
1130 221
1130 604
1130 78
1130 291
1130 192
1130 712
1130 1053
1130 1090
1130 1018
1130 832
1130 653
1130 165
1131 6
1131 870
1131 693
1131 257
1131 468
1131 723
1131 662
1131 573
1131 676
1132 511
1132 1072
