0 670
0 253
0 1088
0 762
0 540
0 437
0 1076
0 310
0 528
0 428
0 564
0 11
0 671
0 667
0 421
0 999
0 376
0 573
0 596
0 519
0 905
0 499
0 291
0 402
0 796
0 536
0 888
0 850
0 1097
0 237
0 182
1 300
1 684
1 893
1 1127
1 416
1 939
1 322
1 498
2 561
2 368
2 217
2 287
2 137
3 805
3 578
4 168
4 540
5 837
5 684
5 1125
5 6
5 695
6 385
6 689
6 526
6 1103
6 379
6 837
6 1009
6 416
6 626
6 600
6 448
6 301
6 536
6 164
6 261
6 5
6 284
6 744
6 812
6 735
7 889
7 308
7 960
7 717
7 261
7 500
7 944
8 911
8 944
8 867
8 1041
8 686
9 523
9 506
9 708
9 905
9 551
9 795
10 419
10 1053
10 429
10 1103
10 688
10 69
10 274
10 685
10 269
10 908
10 827
10 581
10 87
10 870
10 850
11 960
11 538
11 193
11 142
11 866
11 738
11 187
11 905
11 545
11 546
11 971
11 685
11 109
11 339
11 989
11 53
11 102
11 1006
11 87
11 85
11 74
11 69
11 1047
11 1073
11 529
11 0
11 467
11 474
12 252
12 237
12 692
12 668
13 932
14 218
14 1051
15 696
15 52
15 1075
16 1063
16 252
16 476
17 1028
17 383
17 207
17 1046
18 508
18 922
18 877
19 269
19 971
19 785
19 1103
19 474
19 492
19 128
19 69
19 827
19 426
19 659
19 688
19 1053
19 88
19 685
19 581
19 74
20 831
20 1029
20 1091
20 1096
20 543
20 119
20 718
21 541
21 818
21 242
21 205
22 692
22 1063
22 476
23 1058
23 263
23 982
23 1111
23 424
23 184
23 646
24 668
24 767
24 692
25 377
25 217
26 651
26 540
26 510
26 168
26 759
26 231
26 642
26 78
26 148
26 694
26 566
26 946
26 213
27 549
27 1052
27 766
28 75
28 1017
28 1122
28 829
28 433
28 428
28 926
28 811
28 602
28 957
28 835
28 620
29 57
29 263
29 999
29 693
30 810
30 350
30 905
31 1009
32 433
33 580
33 180
33 1076
34 515
34 868
34 1015
34 993
34 634
34 123
34 218
34 127
34 851
34 128
35 78
35 327
35 614
35 510
35 1130
35 138
35 779
35 566
35 165
35 210
36 554
36 287
36 415
36 564
36 734
36 1131
36 115
36 217
37 126
37 814
37 944
37 421
37 1007
37 177
37 821
37 231
38 912
39 309
39 986
39 656
39 633
39 1096
39 1118
39 488
40 642
40 982
40 1058
40 412
40 351
40 1079
40 481
40 716
40 717
40 253
40 206
40 570
40 1098
40 1097
40 295
40 848
40 447
40 98
40 801
40 671
40 883
40 670
40 424
40 774
40 650
40 321
40 141
40 562
40 184
40 368
40 434
41 908
41 243
41 54
41 1006
41 594
41 274
41 196
42 744
43 77
44 472
45 1010
45 563
45 466
45 668
45 855
45 517
46 1049
46 442
46 990
46 99
47 295
48 364
49 205
50 564
51 390
51 412
51 177
51 126
52 941
52 616
52 221
52 365
52 968
52 716
52 974
52 1090
52 766
52 15
52 230
52 896
53 11
53 688
53 1062
53 637
53 862
53 785
53 512
54 196
54 784
54 923
54 705
54 1121
54 41
54 922
54 685
55 413
56 1111
56 447
56 681
56 736
56 225
56 203
56 555
56 219
56 716
57 941
57 602
57 155
57 970
57 268
57 712
57 922
57 559
57 446
57 859
57 532
57 557
57 340
57 538
57 1119
57 905
57 163
57 999
57 776
57 663
57 895
57 29
57 1077
57 530
58 774
58 278
58 243
58 277
58 932
58 862
58 1079
58 594
59 336
59 622
60 989
60 1029
60 277
60 775
61 506
62 554
62 285
62 1018
62 65
62 321
62 324
62 353
62 905
62 858
62 110
62 410
62 424
63 499
64 377
64 115
64 415
65 450
65 460
65 944
65 511
65 358
65 885
65 717
65 231
65 219
65 895
65 324
65 905
65 126
65 433
65 1131
65 432
65 141
65 541
65 796
65 62
65 961
65 366
65 1116
65 519
65 498
65 602
65 579
65 168
65 379
65 652
65 1018
65 550
65 964
65 749
66 1039
66 398
66 467
66 180
66 474
66 429
66 128
66 425
66 85
66 1024
67 611
67 1070
67 1058
67 222
67 213
68 142
69 839
69 688
69 90
69 577
69 240
69 261
69 278
69 426
69 952
69 982
69 796
69 923
69 451
69 1058
69 849
69 659
69 579
69 408
69 19
69 191
69 113
69 11
69 233
69 10
69 827
69 908
69 778
69 187
69 85
69 685
69 1006
69 774
69 738
69 263
69 650
69 269
69 907
70 738
70 492
70 1024
70 1009
70 451
71 138
72 1113
72 407
73 938
74 19
74 11
74 908
75 28
76 526
77 402
77 1020
77 1041
77 43
78 773
78 416
78 35
78 26
78 542
79 129
79 1065
79 546
79 685
79 241
79 1053
80 867
80 770
80 791
80 1002
80 944
81 671
81 460
81 616
81 996
81 905
81 528
81 499
81 769
81 453
81 1041
82 611
82 282
82 827
82 472
82 119
82 494
82 1046
82 211
82 831
83 219
83 273
83 549
83 367
83 183
83 444
84 646
84 885
84 365
85 336
85 429
85 1029
85 467
85 11
85 935
85 361
85 425
85 88
85 1103
85 66
85 128
85 688
85 69
86 647
86 264
86 168
86 677
86 877
86 138
86 1033
86 542
86 779
86 540
86 397
86 897
87 1008
87 512
87 650
87 858
87 554
87 1073
87 187
87 11
87 113
87 1053
87 765
87 10
87 699
87 389
87 971
87 571
88 688
88 1006
88 474
88 238
88 659
88 785
88 85
88 19
88 525
88 1005
88 128
89 887
90 982
90 279
90 69
90 223
90 236
90 671
90 778
90 291
90 713
90 261
90 1058
90 789
90 263
90 551
90 579
90 923
90 646
90 214
91 706
91 286
91 832
91 995
91 666
92 358
92 212
92 862
92 1062
92 775
92 398
93 822
93 263
93 514
93 806
93 440
94 862
94 106
95 995
95 858
95 897
95 703
95 709
95 882
95 584
95 706
95 626
96 483
96 896
96 702
96 875
96 854
96 810
97 273
97 1091
97 847
98 1112
98 858
98 520
98 937
98 814
98 188
98 266
98 754
98 147
98 359
98 40
98 615
98 1025
99 544
99 46
99 952
99 990
100 274
100 240
100 249
100 488
100 858
100 445
100 537
100 650
101 372
101 990
101 604
101 451
101 952
102 650
102 240
102 688
102 11
102 575
102 187
102 738
103 766
103 1131
103 537
103 192
103 716
103 105
104 841
104 897
104 734
104 124
105 1014
105 1002
105 749
105 358
105 395
105 572
105 840
105 818
105 180
105 584
105 332
105 752
105 708
105 958
105 141
105 1023
105 1000
105 941
105 103
105 205
106 94
106 935
107 407
107 197
107 261
107 716
107 643
107 282
108 541
108 958
108 118
108 347
108 942
109 11
109 528
109 901
109 352
109 271
109 826
109 573
109 512
109 1048
109 833
109 948
110 576
110 664
110 141
110 62
110 219
110 625
110 708
110 810
110 421
110 905
110 213
110 1124
110 432
111 848
111 271
111 1027
111 570
111 883
112 134
112 604
112 372
112 564
112 184
112 1004
113 765
113 1073
113 69
113 699
113 650
113 87
114 984
114 522
114 710
114 473
114 368
115 36
115 892
115 353
115 1078
115 982
115 217
115 445
115 368
115 539
115 415
115 377
115 137
115 287
115 64
115 734
116 878
117 147
117 270
117 868
117 486
117 188
117 473
117 537
117 599
117 998
117 692
117 668
117 554
117 718
117 533
117 1059
117 422
117 905
117 252
117 567
117 1055
117 615
117 826
117 488
117 194
118 670
118 332
118 622
118 1079
118 577
118 424
118 1064
118 723
118 108
118 818
119 964
119 718
119 941
119 1029
119 20
119 944
119 1097
119 609
119 82
119 278
119 1091
119 831
120 308
121 739
121 1104
122 433
122 981
123 591
123 656
123 488
123 850
123 554
123 1076
123 198
123 352
123 295
123 512
123 323
123 775
123 584
123 309
123 34
123 316
123 218
123 986
123 359
123 436
123 633
124 104
124 141
124 133
124 1098
124 761
124 691
125 1100
125 609
125 842
125 590
125 878
125 156
125 948
125 417
126 51
126 37
126 203
126 428
126 65
126 1051
126 766
126 716
126 324
127 34
127 1015
127 515
127 634
127 341
128 484
128 34
128 1008
128 85
128 785
128 88
128 830
128 866
128 1103
128 154
128 474
128 66
128 1048
128 19
129 1053
129 907
129 827
129 79
129 456
129 1006
130 416
130 694
131 253
131 156
131 182
132 1028
132 896
132 164
132 902
132 232
132 972
133 124
134 372
134 112
134 952
134 788
134 990
135 184
135 820
135 736
135 602
135 769
135 762
136 1075
137 217
137 1091
137 115
137 445
137 2
137 868
137 692
137 663
137 368
137 734
137 541
137 287
137 292
137 892
138 71
138 779
138 566
138 416
138 86
138 548
138 735
138 1003
138 35
138 245
138 651
138 1033
138 600
138 694
138 327
139 905
139 532
139 192
139 485
139 630
139 1019
139 219
139 1066
140 678
140 209
140 542
140 397
140 598
140 694
141 206
141 124
141 65
141 769
141 938
141 403
141 105
141 156
141 448
141 445
141 1023
141 1018
141 798
141 110
141 302
141 563
141 650
141 1030
141 621
141 904
141 824
141 941
141 1041
141 40
141 877
141 806
142 412
142 1085
142 344
142 935
142 685
142 833
142 328
142 887
142 11
142 459
142 573
142 650
142 68
142 474
142 775
142 187
142 512
142 849
142 1008
142 850
142 796
143 1027
144 773
144 231
144 245
144 247
144 148
144 694
144 786
144 397
145 404
145 908
146 748
146 1076
147 984
147 970
147 668
147 473
147 359
147 326
147 868
147 295
147 615
147 734
147 98
147 740
147 285
147 567
147 422
147 886
147 117
147 356
147 237
147 194
147 901
147 533
147 198
147 534
147 998
147 1059
147 368
148 462
148 144
148 694
148 909
148 26
148 439
148 759
149 231
149 535
150 206
150 634
150 1118
150 198
150 986
150 533
150 1011
150 344
151 500
151 249
151 537
151 706
151 217
152 300
152 351
153 1040
153 157
153 452
153 635
154 128
154 1103
154 850
154 833
154 1029
154 573
154 960
154 381
155 57
156 521
156 1058
156 141
156 496
156 982
156 551
156 182
156 291
156 1018
156 295
156 447
156 131
156 1012
156 213
156 223
156 125
157 364
157 716
157 613
157 974
157 1040
157 1051
157 219
157 153
158 501
159 1039
160 549
160 811
161 1017
162 381
162 738
163 530
163 557
163 859
163 57
163 1119
163 959
163 340
163 895
163 432
163 874
163 896
164 213
164 232
164 580
164 902
164 6
164 304
164 132
165 209
165 541
165 35
165 598
165 694
165 510
166 182
166 528
166 970
166 762
167 716
167 811
167 219
167 836
167 663
167 430
168 65
168 26
168 86
168 516
168 1130
168 291
168 4
168 531
168 189
168 521
168 295
168 1024
169 811
170 1097
171 688
171 772
171 706
172 252
172 203
172 485
172 321
172 246
173 648
173 602
173 689
173 560
173 433
174 606
175 1076
176 896
177 51
177 37
177 1111
177 748
178 958
178 455
179 1009
179 970
179 532
179 1076
179 416
179 379
179 498
179 940
179 273
180 541
180 664
180 442
180 593
180 33
180 66
180 184
180 908
180 534
180 398
180 756
180 858
180 990
180 105
180 960
180 1004
180 768
180 437
180 896
180 424
180 950
181 248
182 1091
182 602
182 184
182 1076
182 453
182 197
182 868
182 207
182 291
182 166
182 219
182 833
182 0
182 1000
182 131
182 769
182 156
182 407
182 253
182 397
182 1123
182 854
182 596
182 856
182 1041
183 83
184 40
184 990
184 1000
184 941
184 1079
184 180
184 205
184 135
184 442
184 23
184 838
184 654
184 451
184 469
184 437
184 762
184 224
184 852
184 896
184 775
184 112
184 911
184 346
184 182
185 997
185 206
185 524
185 1048
185 984
185 653
185 674
185 1029
185 710
186 1130
187 877
187 412
187 833
187 881
187 564
187 240
187 69
187 1108
187 524
187 754
187 1047
187 935
187 193
187 408
187 386
187 1057
187 87
187 870
187 360
187 932
187 979
187 738
187 796
187 770
187 512
187 905
187 584
187 659
187 468
187 590
187 650
187 231
187 850
187 685
187 828
187 960
187 328
187 907
187 774
187 545
187 609
187 331
187 733
187 883
187 1002
187 11
187 775
187 271
187 102
187 1070
187 1084
187 1006
187 142
188 117
188 941
188 901
188 98
188 206
188 473
188 213
188 678
188 323
188 1015
189 722
189 168
189 458
189 1018
189 641
190 718
191 785
191 69
191 778
191 450
191 762
191 1058
191 646
191 538
191 999
191 496
191 263
192 716
192 554
192 707
192 1019
192 885
192 485
192 139
192 103
193 187
193 546
193 1029
193 1076
193 948
193 827
193 11
193 775
193 877
194 1055
194 615
194 567
194 998
194 147
194 901
194 422
194 117
194 356
195 576
195 854
196 41
196 54
197 896
197 390
197 854
197 564
197 391
197 182
197 800
197 428
197 811
197 971
197 434
197 107
197 612
197 834
197 650
197 762
197 1090
197 412
197 312
198 344
198 554
198 150
198 123
198 986
198 323
198 147
198 206
198 634
198 868
199 417
200 854
200 231
200 366
200 589
200 728
200 399
200 490
200 1018
200 938
201 1039
202 205
202 788
203 1051
203 1052
203 172
203 126
203 1124
203 438
203 56
203 534
203 219
203 661
203 1131
203 751
203 1111
203 435
204 276
205 1000
205 846
205 451
205 611
205 941
205 823
205 184
205 49
205 884
205 670
205 872
205 105
205 295
205 622
205 21
205 439
205 958
205 202
205 275
205 873
205 758
206 40
206 554
206 488
206 185
206 141
206 997
206 150
206 941
206 710
206 984
206 473
206 188
206 754
206 198
207 182
207 1028
207 349
207 589
207 902
207 17
207 447
207 301
207 717
207 1002
208 805
208 527
208 656
208 290
208 357
208 578
208 1046
209 598
209 165
209 140
209 332
209 510
209 275
209 416
210 722
210 312
210 35
210 647
210 773
211 1044
211 82
211 973
211 535
211 660
212 911
212 590
212 92
212 541
213 26
213 188
213 905
213 446
213 164
213 447
213 759
213 856
213 1116
213 110
213 961
213 156
213 67
213 897
213 842
213 820
214 90
215 719
216 276
216 823
216 447
216 836
216 555
216 252
216 717
216 230
216 391
216 408
216 1131
216 379
217 500
217 892
217 353
217 2
217 720
217 325
217 377
217 1098
217 539
217 137
217 36
217 238
217 691
217 610
217 115
217 706
217 841
217 415
217 537
217 151
217 25
217 734
218 359
218 515
218 34
218 1015
218 14
218 123
219 716
219 157
219 719
219 139
219 793
219 461
219 664
219 261
219 551
219 1060
219 182
219 814
219 167
219 421
219 110
219 83
219 65
219 482
219 56
219 1056
219 203
219 579
219 854
219 1018
220 806
220 763
220 263
221 52
222 726
222 1073
222 858
222 704
222 756
222 67
222 990
222 699
222 1057
223 90
223 156
223 551
223 671
223 713
223 261
223 725
223 496
223 646
223 982
223 263
223 521
224 604
224 184
224 990
224 523
224 331
224 372
224 952
225 940
225 893
225 689
225 548
225 56
225 293
225 322
225 787
225 1024
226 241
226 569
226 887
226 668
226 568
226 252
226 382
226 1115
227 807
227 571
227 804
227 788
227 705
227 455
228 387
228 391
229 650
229 240
230 216
230 292
230 52
230 687
230 1090
230 739
230 538
230 321
231 37
231 603
231 324
231 432
231 935
231 549
231 671
231 1131
231 65
231 144
231 149
231 200
231 187
231 26
231 1110
232 878
232 465
232 164
232 812
232 580
232 972
232 902
232 924
232 466
232 132
233 69
234 1051
234 662
235 742
236 90
237 692
237 1112
237 1115
237 901
237 732
237 636
237 499
237 615
237 382
237 1063
237 147
237 252
237 0
237 568
237 12
237 894
237 368
237 285
238 537
238 217
238 88
238 425
238 979
239 384
239 397
239 645
239 806
240 408
240 597
240 575
240 1047
240 796
240 512
240 69
240 650
240 444
240 102
240 274
240 328
240 820
240 546
240 100
240 229
240 1129
240 833
240 890
240 187
240 1002
240 982
240 573
240 868
240 839
241 569
241 1114
241 79
241 226
241 252
241 692
241 1112
241 382
242 21
243 58
243 977
243 41
244 433
244 863
244 312
245 694
245 397
245 834
245 144
245 138
245 773
246 1089
246 172
246 631
246 648
246 885
246 371
247 1033
247 1022
247 992
247 144
247 540
247 264
247 642
248 181
248 893
249 903
249 100
249 151
249 761
249 1011
250 944
250 1047
250 517
250 573
250 408
251 273
251 963
251 893
251 939
252 1112
252 172
252 117
252 732
252 276
252 584
252 444
252 473
252 321
252 1048
252 382
252 897
252 16
252 1114
252 708
252 692
252 241
252 791
252 273
252 12
252 216
252 226
252 237
252 1131
253 718
253 291
253 131
253 338
253 182
253 0
253 40
253 434
253 1097
253 1091
254 768
254 537
254 952
254 571
254 990
254 412
254 318
255 485
256 1122
256 554
256 877
256 663
257 1072
258 1047
259 490
260 805
260 1074
260 861
260 578
260 933
260 290
261 219
261 564
261 90
261 447
261 107
261 223
261 451
261 7
261 6
261 485
261 764
261 1114
261 69
261 495
261 589
261 952
261 579
261 982
261 1058
262 596
262 999
262 806
263 191
263 689
263 308
263 763
263 446
263 90
263 596
263 923
263 564
263 982
263 29
263 467
263 220
263 69
263 428
263 223
263 23
263 291
263 914
263 579
263 93
263 1058
264 1018
264 247
264 731
264 694
264 397
264 769
264 1056
264 893
264 677
264 906
264 86
264 416
265 904
265 876
266 1112
266 554
266 711
266 98
266 767
266 1016
266 831
266 937
266 292
267 794
267 606
267 378
267 611
267 521
267 557
267 1041
267 913
267 580
267 564
268 57
268 1018
268 806
269 282
269 908
269 1048
269 637
269 827
269 780
269 492
269 443
269 10
269 1053
269 69
269 993
269 19
270 993
270 998
270 117
270 567
270 356
270 422
271 738
271 109
271 971
271 1086
271 187
271 111
271 521
271 528
272 584
273 549
273 97
273 734
273 179
273 522
273 1132
273 803
273 1125
273 526
273 871
273 847
273 252
273 600
273 716
273 1038
273 994
273 251
273 83
273 293
273 668
273 405
273 787
274 688
274 650
274 100
274 1008
274 41
274 1006
274 381
274 240
274 10
275 818
275 209
275 884
275 205
275 332
276 216
276 836
276 252
276 204
277 60
277 862
277 58
278 659
278 899
278 119
278 1009
278 935
278 1029
278 69
278 58
279 90
280 1024
281 347
281 670
281 782
281 942
282 857
282 748
282 381
282 805
282 1080
282 686
282 107
282 82
282 532
282 1065
282 269
282 867
282 854
282 402
282 422
282 587
283 971
284 6
285 901
285 615
285 843
285 847
285 1015
285 368
285 147
285 237
285 710
285 382
285 62
285 486
285 868
285 359
286 91
286 466
286 666
286 995
287 115
287 415
287 2
287 36
287 305
287 137
287 1131
288 910
289 920
289 488
290 260
290 578
290 805
290 724
290 1074
290 208
290 663
291 990
291 263
291 671
291 981
291 253
291 437
291 499
291 896
291 999
291 496
291 1077
291 90
291 168
291 701
291 1097
291 182
291 320
291 551
291 156
291 0
291 982
292 892
292 137
292 358
292 422
292 417
292 649
292 770
292 878
292 321
292 266
292 796
292 230
293 787
293 893
293 273
293 689
293 225
293 322
293 940
294 653
294 674
294 781
295 123
295 1058
295 40
295 47
295 168
295 498
295 697
295 400
295 944
295 147
295 156
295 496
295 848
295 398
295 1022
295 205
295 931
296 1066
296 394
296 808
297 861
297 648
297 933
297 1017
297 805
297 502
297 724
298 848
298 964
298 970
298 944
298 717
298 883
298 643
299 849
299 381
299 935
299 778
300 1107
300 847
300 1132
300 939
300 787
300 773
300 684
300 501
300 152
300 478
300 1
301 447
301 6
301 671
301 755
301 534
301 207
302 141
302 687
302 355
302 357
303 1098
304 164
305 445
305 287
305 1098
305 653
306 544
306 990
306 437
306 952
307 426
307 849
307 685
307 386
308 479
308 463
308 618
308 683
308 590
308 573
308 467
308 120
308 7
308 263
309 591
309 488
309 344
309 993
309 323
309 359
309 711
309 998
309 39
309 1011
309 986
309 123
310 0
310 499
311 548
312 244
312 370
312 773
312 557
312 197
312 210
313 338
313 1123
313 655
313 1031
314 818
314 332
315 1103
316 359
316 123
316 868
317 402
317 944
318 564
318 537
318 1120
318 691
318 794
318 254
318 809
319 1061
320 291
321 422
321 937
321 687
321 292
321 1039
321 62
321 40
321 358
321 907
321 544
321 444
321 388
321 980
321 326
321 858
321 1046
321 172
321 252
321 230
322 293
322 506
322 416
322 225
322 1
322 893
322 939
322 721
322 600
322 1024
323 591
323 368
323 123
323 1057
323 762
323 554
323 198
323 188
323 1011
323 309
323 1112
323 344
323 868
323 901
323 359
323 436
323 634
323 986
324 534
324 398
324 748
324 823
324 716
324 875
324 231
324 365
324 751
324 1018
324 126
324 65
324 62
324 662
324 444
324 421
324 681
325 217
325 353
326 767
326 554
326 321
326 515
326 700
326 147
326 615
326 785
327 1021
327 779
327 786
327 439
327 396
327 991
327 566
327 863
327 947
327 138
327 416
327 462
327 35
328 1047
328 187
328 240
328 727
328 738
328 142
328 512
329 991
329 1130
330 392
331 659
331 816
331 187
331 553
331 412
331 650
331 1002
331 833
331 573
331 597
331 224
331 575
332 556
332 209
332 577
332 314
332 958
332 118
332 275
332 105
333 863
334 991
335 905
336 474
336 467
336 59
336 85
336 429
337 536
337 512
337 594
337 1097
338 253
338 313
339 11
340 57
340 508
340 574
340 663
340 1030
340 1057
340 342
340 163
340 895
340 464
340 922
341 127
342 464
342 859
342 340
342 895
342 508
343 905
344 198
344 142
344 554
344 150
344 309
344 898
344 663
344 323
344 993
344 887
344 1011
344 757
345 1056
346 184
346 451
347 782
347 942
347 451
347 1023
347 818
347 541
347 1106
347 281
347 686
347 108
348 1130
349 207
350 430
350 1004
350 541
350 650
350 30
350 731
350 453
350 1056
351 549
351 40
351 905
351 490
351 662
351 814
351 152
351 762
352 850
352 980
352 866
352 1067
352 1070
352 730
352 862
352 1004
352 475
352 109
352 935
352 975
352 123
352 1062
352 512
352 796
352 742
352 932
353 217
353 415
353 920
353 62
353 115
353 1131
353 325
353 498
353 1042
353 892
353 734
353 537
354 452
354 526
354 391
354 1080
355 897
355 867
355 1000
355 616
355 960
355 609
355 856
355 883
355 541
355 357
355 753
355 432
355 302
355 1059
355 986
355 493
355 662
355 858
356 1059
356 615
356 1055
356 901
356 194
356 270
356 422
356 998
356 886
356 147
357 1046
357 1036
357 608
357 208
357 653
357 1010
357 355
357 302
357 1032
357 623
358 858
358 321
358 1091
358 1090
358 538
358 554
358 895
358 1066
358 1131
358 92
358 292
358 944
358 536
358 848
358 105
358 964
358 590
358 65
359 316
359 218
359 850
359 147
359 1009
359 123
359 309
359 436
359 98
359 986
359 868
359 1091
359 883
359 515
359 528
359 1015
359 323
359 285
360 858
360 907
360 881
360 1108
360 524
360 828
360 187
360 935
361 685
361 816
361 492
361 412
361 727
361 381
361 85
361 419
361 688
361 705
361 571
361 765
361 497
362 566
363 682
364 48
364 499
364 157
364 1052
365 1111
365 397
365 383
365 84
365 409
365 779
365 52
365 562
365 439
365 1131
365 384
365 968
365 934
365 910
365 534
365 681
365 324
366 978
366 453
366 65
366 797
366 970
366 983
366 589
366 200
366 802
367 576
367 83
367 669
367 490
367 588
368 781
368 1048
368 377
368 323
368 473
368 115
368 868
368 137
368 114
368 285
368 499
368 2
368 40
368 427
368 674
368 237
368 147
368 486
368 415
368 1016
368 634
368 1112
369 1095
369 534
369 576
369 1132
369 663
369 649
369 421
369 564
369 854
370 312
370 1127
370 779
371 602
371 596
371 246
371 689
372 101
372 499
372 788
372 134
372 980
372 544
372 952
372 990
372 967
372 224
372 604
372 112
373 710
374 934
375 447
376 598
376 0
376 663
377 691
377 115
377 368
377 892
377 25
377 771
377 1057
377 1131
377 1099
377 734
377 564
377 668
377 217
377 687
377 415
377 64
378 1066
378 267
378 744
378 948
378 417
378 649
379 725
379 538
379 526
379 970
379 6
379 940
379 600
379 216
379 679
379 1028
379 1002
379 749
379 787
379 498
379 179
379 848
379 531
379 944
379 941
379 748
379 65
379 717
380 731
380 614
380 1116
380 485
381 685
381 282
381 1103
381 299
381 1054
381 162
381 796
381 1006
381 727
381 154
381 361
381 274
382 237
382 241
382 226
382 692
382 1112
382 252
382 569
382 285
382 636
383 1028
383 17
383 365
384 239
384 365
385 416
385 787
385 679
385 526
385 1009
385 6
385 689
386 459
386 971
386 187
386 474
386 905
386 307
386 685
386 1085
387 228
387 387
388 639
388 321
388 1041
389 426
389 87
389 492
390 836
390 197
390 659
390 412
390 895
390 51
390 794
391 197
391 228
391 1123
391 354
391 555
391 216
392 330
392 441
393 765
394 296
395 105
396 327
396 411
396 858
396 1130
397 1130
397 239
397 694
397 759
397 144
397 651
397 542
397 182
397 264
397 365
397 140
397 773
397 245
397 86
397 538
397 946
397 417
397 748
397 611
398 848
398 905
398 663
398 295
398 496
398 66
398 180
398 324
398 473
398 92
398 1018
398 447
399 200
400 725
400 295
401 982
402 1105
402 521
402 762
402 0
402 282
402 499
402 77
402 317
403 141
404 145
405 273
405 662
405 1068
406 650
407 490
407 107
407 72
407 588
407 182
407 905
407 662
407 534
407 1051
408 240
408 69
408 1047
408 187
408 616
408 216
408 890
408 960
408 512
408 250
408 932
409 1012
409 1070
409 365
410 662
410 490
410 62
410 664
410 904
410 1089
410 806
411 1130
411 396
412 785
412 564
412 142
412 571
412 254
412 331
412 493
412 40
412 468
412 361
412 976
412 990
412 51
412 714
412 197
412 699
412 879
412 597
412 971
412 952
412 390
412 187
413 55
413 1095
413 875
414 1024
414 735
414 1009
414 693
414 1013
414 888
415 368
415 36
415 868
415 1131
415 1077
415 531
415 539
415 610
415 537
415 115
415 941
415 353
415 892
415 734
415 561
415 445
415 287
415 499
415 377
415 217
415 64
416 526
416 264
416 679
416 1009
416 651
416 130
416 981
416 138
416 725
416 327
416 322
416 566
416 600
416 498
416 385
416 78
416 1
416 893
416 6
416 179
416 787
416 856
416 209
416 779
417 292
417 378
417 611
417 199
417 646
417 584
417 397
417 650
417 714
417 125
418 451
419 1048
419 10
419 361
420 972
421 0
421 904
421 1124
421 580
421 719
421 576
421 110
421 649
421 948
421 369
421 1007
421 37
421 443
421 743
421 324
421 854
421 751
421 219
421 1095
422 568
422 692
422 1059
422 522
422 668
422 194
422 868
422 292
422 321
422 822
422 634
422 567
422 901
422 270
422 754
422 1055
422 858
422 615
422 282
422 356
422 547
422 984
422 998
422 499
422 117
422 584
422 147
422 495
422 613
423 428
424 544
424 118
424 40
424 62
424 180
424 444
424 1106
424 23
425 474
425 840
425 85
425 238
425 66
426 492
426 307
426 19
426 389
426 663
426 69
426 685
426 862
427 368
427 748
428 800
428 28
428 944
428 536
428 423
428 197
428 0
428 126
428 811
428 263
429 827
429 474
429 10
429 581
429 85
429 1053
429 336
429 650
429 66
430 716
430 1060
430 350
430 876
430 1052
430 167
431 541
432 512
432 163
432 660
432 1131
432 534
432 944
432 858
432 823
432 1002
432 609
432 716
432 537
432 616
432 450
432 930
432 564
432 744
432 472
432 447
432 982
432 355
432 65
432 231
432 110
432 895
432 905
432 1057
433 612
433 560
433 981
433 32
433 122
433 616
433 173
433 602
433 244
433 1131
433 28
433 563
433 65
434 848
434 197
434 1097
434 40
434 787
434 253
434 551
434 518
435 203
435 814
436 488
436 634
436 123
436 359
436 668
436 984
436 473
436 323
436 740
437 536
437 725
437 441
437 0
437 451
437 180
437 818
437 291
437 541
437 778
437 680
437 923
437 762
437 184
437 306
437 582
437 768
437 499
437 669
438 203
439 1012
439 564
439 365
439 820
439 205
439 148
439 677
439 327
440 93
441 392
441 437
442 184
442 1049
442 952
442 472
442 180
442 790
442 923
442 46
442 451
443 584
443 574
443 485
443 269
443 1085
443 421
444 252
444 324
444 962
444 875
444 424
444 321
444 240
444 554
444 83
445 305
445 141
445 659
445 137
445 100
445 905
445 691
445 115
445 415
446 213
446 263
446 57
446 557
447 895
447 56
447 216
447 590
447 1089
447 541
447 375
447 616
447 1042
447 213
447 759
447 398
447 820
447 982
447 301
447 207
447 858
447 614
447 554
447 856
447 662
447 156
447 40
447 261
447 432
447 985
447 1047
448 141
448 663
448 6
449 1009
450 65
450 1018
450 1057
450 1120
450 191
450 432
451 967
451 923
451 790
451 184
451 546
451 789
451 838
451 778
451 971
451 788
451 205
451 680
451 1009
451 69
451 544
451 261
451 699
451 819
451 884
451 952
451 862
451 579
451 866
451 442
451 1004
451 70
451 418
451 101
451 347
451 604
451 437
451 529
451 899
451 346
451 860
452 354
452 586
452 1061
452 526
452 153
453 731
453 1015
453 1090
453 1018
453 586
453 182
453 350
453 366
453 589
453 612
453 896
453 769
453 81
453 961
453 1056
454 1131
455 227
455 178
455 571
455 556
455 705
456 1048
456 907
456 129
457 734
458 189
459 474
459 887
459 142
459 1085
459 1103
459 1006
459 1053
459 386
459 915
459 935
460 65
460 823
460 81
460 589
460 1040
461 219
461 854
462 327
462 566
462 148
463 308
463 961
463 975
464 508
464 806
464 340
464 342
464 922
465 580
465 823
465 232
465 1111
465 1057
466 45
466 882
466 688
466 232
466 286
466 621
466 878
467 308
467 336
467 85
467 1103
467 11
467 263
467 66
467 1006
468 796
468 1070
468 187
468 493
468 412
468 554
468 659
469 184
470 952
470 980
471 764
472 923
472 768
472 790
472 432
472 564
472 44
472 756
472 442
472 952
472 82
473 147
473 252
473 368
473 114
473 206
473 547
473 436
473 117
473 188
473 398
473 668
473 998
474 386
474 66
474 429
474 88
474 11
474 935
474 425
474 19
474 459
474 142
474 336
474 1085
474 128
474 785
475 352
475 932
476 568
476 16
476 692
476 1063
476 22
477 691
477 1098
478 300
478 705
479 308
480 885
480 985
480 689
481 40
481 818
481 541
482 973
482 219
483 854
483 490
483 664
483 1095
483 96
484 128
485 707
485 443
485 1040
485 1057
485 261
485 255
485 624
485 139
485 172
485 380
485 630
485 192
486 1076
486 117
486 596
486 937
486 368
486 896
486 285
486 742
487 862
488 591
488 1057
488 633
488 498
488 920
488 1093
488 1098
488 533
488 1042
488 713
488 1096
488 663
488 653
488 986
488 711
488 564
488 117
488 39
488 123
488 289
488 309
488 206
488 100
488 436
489 718
489 688
490 483
490 407
490 351
490 410
490 847
490 367
490 259
490 200
490 1132
491 1063
491 1115
491 668
492 1008
492 19
492 571
492 389
492 1053
492 361
492 1073
492 1103
492 685
492 70
492 971
492 426
492 269
492 581
493 468
493 877
493 897
493 412
493 355
494 82
494 767
495 261
495 422
496 944
496 156
496 671
496 191
496 848
496 291
496 398
496 223
496 697
496 295
496 1058
497 696
497 361
498 353
498 634
498 679
498 774
498 734
498 963
498 488
498 379
498 179
498 65
498 610
498 1009
498 545
498 725
498 416
498 537
498 1
498 892
498 295
498 684
499 0
499 368
499 364
499 634
499 1112
499 81
499 1016
499 422
499 372
499 415
499 402
499 291
499 437
499 63
499 310
499 944
499 237
500 217
500 557
500 806
500 7
500 151
501 158
501 300
502 297
503 753
504 1012
505 944
506 9
506 61
506 322
506 600
506 725
506 948
506 940
507 662
507 1090
508 18
508 342
508 340
508 922
508 1030
508 464
509 1012
510 566
510 759
510 35
510 165
510 209
510 26
510 694
511 65
512 564
512 1129
512 934
512 187
512 408
512 53
512 142
512 775
512 637
512 109
512 546
512 432
512 573
512 1062
512 1067
512 738
512 932
512 862
512 537
512 971
512 328
512 850
512 87
512 659
512 352
512 1008
512 123
512 1090
512 705
512 1002
512 337
512 816
512 240
513 696
514 922
514 822
514 93
515 326
515 1015
515 591
515 359
515 34
515 127
515 218
515 1025
516 966
516 168
516 1021
516 694
516 858
516 1130
516 893
516 1117
516 991
516 739
517 250
517 45
517 671
517 855
518 1097
518 434
518 538
519 1038
519 528
519 535
519 521
519 1051
519 65
519 0
520 98
520 663
521 267
521 999
521 223
521 156
521 671
521 1058
521 528
521 701
521 753
521 402
521 271
521 982
521 519
521 168
522 114
522 273
522 422
522 1132
523 604
523 862
523 952
523 224
523 9
524 187
524 360
524 185
525 88
526 6
526 76
526 679
526 273
526 379
526 548
526 385
526 354
526 944
526 416
526 1009
526 725
526 787
526 452
526 963
526 600
527 878
527 208
528 166
528 826
528 521
528 0
528 590
528 971
528 792
528 271
528 109
528 359
528 519
528 1111
528 896
528 81
529 774
529 850
529 451
529 597
529 545
529 11
529 935
529 899
529 833
529 911
529 650
530 896
530 163
530 1119
530 57
531 168
531 379
531 415
532 769
532 282
532 139
532 57
532 1029
532 179
533 970
533 150
533 901
533 894
533 853
533 147
533 488
533 752
533 587
533 117
534 1026
534 1010
534 365
534 941
534 203
534 716
534 180
534 1050
534 1090
534 407
534 818
534 1131
534 1052
534 432
534 369
534 301
534 896
534 661
534 324
534 564
534 895
534 147
535 1111
535 149
535 519
535 1051
535 968
535 1090
535 736
535 211
536 437
536 337
536 0
536 358
536 787
536 428
536 6
537 1049
537 151
537 1042
537 539
537 610
537 920
537 609
537 512
537 117
537 318
537 217
537 1131
537 1057
537 238
537 432
537 691
537 1098
537 794
537 254
537 498
537 564
537 353
537 100
537 103
537 415
538 11
538 596
538 379
538 941
538 191
538 589
538 938
538 397
538 230
538 1111
538 1130
538 1116
538 1051
538 57
538 1076
538 358
538 1090
538 858
538 518
539 537
539 217
539 415
539 587
539 115
539 892
539 561
539 745
539 610
539 1098
539 691
540 26
540 247
540 0
540 961
540 542
540 86
540 4
541 21
541 481
541 948
541 544
541 670
541 767
541 108
541 180
541 137
541 1106
541 1023
541 1002
541 212
541 431
541 165
541 1126
541 556
541 355
541 554
541 447
541 686
541 613
541 347
541 815
541 437
541 1042
541 818
541 350
541 65
541 584
541 622
542 78
542 642
542 540
542 397
542 1033
542 1022
542 140
542 992
542 647
542 86
542 694
542 598
543 20
544 990
544 672
544 967
544 451
544 923
544 424
544 1009
544 704
544 372
544 541
544 306
544 925
544 1106
544 742
544 321
544 99
545 791
545 745
545 1098
545 11
545 498
545 896
545 187
545 529
545 733
545 833
546 451
546 597
546 573
546 775
546 240
546 512
546 79
546 11
546 193
547 473
547 422
548 526
548 311
548 225
548 138
548 888
549 83
549 948
549 27
549 160
549 231
549 671
549 351
549 904
549 273
550 65
550 944
551 1058
551 1090
551 291
551 607
551 982
551 90
551 156
551 9
551 219
551 223
551 434
552 1106
552 577
552 791
553 738
553 986
553 331
554 982
554 964
554 192
554 668
554 358
554 986
554 798
554 613
554 117
554 1131
554 791
554 1066
554 344
554 868
554 36
554 123
554 1040
554 687
554 256
554 468
554 87
554 444
554 848
554 1018
554 858
554 447
554 206
554 266
554 326
554 541
554 198
554 1011
554 323
554 770
554 62
555 216
555 56
555 1123
555 391
555 811
555 586
556 860
556 332
556 455
556 818
556 958
556 869
556 541
557 267
557 57
557 312
557 663
557 446
557 163
557 631
557 1066
557 922
557 500
557 806
558 660
558 973
558 948
559 1057
559 922
559 57
560 173
560 433
560 648
560 829
561 2
561 822
561 539
561 415
562 40
562 365
563 433
563 602
563 878
563 798
563 584
563 596
563 45
563 141
563 763
564 1113
564 744
564 576
564 1055
564 768
564 809
564 537
564 836
564 112
564 1057
564 0
564 412
564 267
564 668
564 261
564 1098
564 187
564 50
564 318
564 892
564 1049
564 512
564 439
564 432
564 694
564 488
564 534
564 377
564 904
564 369
564 472
564 660
564 36
564 263
564 197
564 1120
565 1094
566 327
566 510
566 416
566 26
566 362
566 35
566 462
566 1130
566 138
566 893
567 1059
567 270
567 998
567 147
567 117
567 901
567 194
567 422
567 1055
568 668
568 422
568 226
568 569
568 943
568 1114
568 636
568 476
568 237
569 226
569 568
569 241
569 382
569 1063
569 1114
569 636
569 692
570 111
570 40
571 361
571 699
571 804
571 87
571 705
571 412
571 1087
571 492
571 227
571 581
571 455
571 254
571 1008
572 105
573 775
573 890
573 650
573 331
573 659
573 866
573 308
573 975
573 250
573 154
573 960
573 512
573 971
573 546
573 762
573 1070
573 240
573 142
573 862
573 0
573 109
573 1129
573 908
573 1062
574 340
574 443
575 1002
575 331
575 102
575 240
576 793
576 421
576 854
576 875
576 367
576 369
576 195
576 664
576 671
576 871
576 110
576 1124
576 564
577 118
577 1106
577 69
577 552
577 670
577 332
577 622
578 933
578 805
578 3
578 861
578 260
578 1028
578 290
578 208
578 1074
579 219
579 261
579 982
579 69
579 923
579 65
579 770
579 862
579 944
579 652
579 90
579 263
579 451
580 164
580 232
580 465
580 1038
580 694
580 421
580 634
580 662
580 948
580 987
580 682
580 611
580 267
580 33
580 744
580 704
581 429
581 1067
581 492
581 908
581 1006
581 19
581 571
581 10
582 952
582 604
582 437
582 789
582 790
583 922
584 622
584 187
584 901
584 935
584 123
584 849
584 95
584 105
584 541
584 971
584 443
584 422
584 791
584 563
584 1039
584 272
584 252
584 706
584 1129
584 727
584 724
584 417
585 640
586 453
586 1123
586 1057
586 769
586 555
586 452
587 1000
587 907
587 833
587 533
587 282
587 539
588 1057
588 367
588 663
588 806
588 407
589 614
589 538
589 823
589 453
589 200
589 261
589 460
589 366
589 649
589 938
589 662
589 207
590 528
590 125
590 212
590 187
590 358
590 856
590 858
590 1129
590 612
590 308
590 907
590 447
590 616
591 515
591 488
591 123
591 323
591 309
592 648
592 602
593 1018
593 597
593 180
593 984
594 770
594 58
594 41
594 337
594 908
595 922
596 769
596 563
596 1030
596 602
596 262
596 538
596 263
596 486
596 981
596 0
596 631
596 182
596 748
596 801
596 806
596 896
596 619
596 693
596 371
596 762
596 999
596 1090
596 904
597 971
597 529
597 546
597 1067
597 862
597 727
597 331
597 611
597 240
597 412
597 845
597 593
598 165
598 542
598 376
598 140
598 209
599 711
599 117
599 998
600 506
600 416
600 379
600 138
600 526
600 273
600 940
600 787
600 689
600 322
600 1009
600 6
601 660
602 917
602 1089
602 173
602 65
602 563
602 28
602 801
602 596
602 592
602 905
602 903
602 763
602 135
602 371
602 605
602 433
602 57
602 182
602 1017
602 970
602 1122
602 648
603 1094
603 738
603 1002
603 231
604 372
604 101
604 923
604 523
604 582
604 742
604 112
604 224
604 451
604 1004
605 602
606 174
606 267
607 645
607 551
608 357
608 1096
608 864
608 653
609 537
609 975
609 867
609 1047
609 125
609 858
609 1029
609 694
609 187
609 119
609 432
609 856
609 1022
609 616
609 355
609 986
610 1131
610 931
610 539
610 920
610 1042
610 415
610 537
610 774
610 498
610 217
611 650
611 612
611 267
611 744
611 901
611 876
611 745
611 659
611 417
611 580
611 205
611 397
611 67
611 825
611 82
611 597
611 1018
612 1018
612 590
612 823
612 649
612 453
612 197
612 944
612 671
612 981
612 611
612 433
613 422
613 157
613 750
613 554
613 644
613 541
614 35
614 823
614 447
614 1018
614 902
614 589
614 779
614 721
614 1040
614 1116
614 891
614 380
615 98
615 194
615 147
615 326
615 422
615 285
615 356
615 740
615 237
615 117
615 668
615 1059
615 998
615 886
615 901
616 590
616 1090
616 81
616 355
616 975
616 791
616 432
616 408
616 770
616 52
616 964
616 433
616 609
616 447
616 858
617 1080
618 839
618 308
618 856
619 596
619 896
620 28
620 1122
620 628
621 141
621 695
621 466
621 878
622 670
622 858
622 584
622 118
622 1009
622 818
622 59
622 205
622 577
622 758
622 541
623 868
623 357
624 485
625 110
625 1039
625 1051
626 687
626 6
626 95
626 666
626 995
626 703
627 1116
628 746
628 1122
628 620
629 990
630 139
630 485
631 246
631 557
631 596
632 1121
632 923
633 1118
633 656
633 1096
633 488
633 39
633 757
633 123
634 498
634 901
634 198
634 34
634 851
634 1076
634 323
634 499
634 831
634 998
634 436
634 692
634 422
634 639
634 150
634 580
634 368
634 127
635 880
635 153
636 382
636 965
636 858
636 237
636 1115
636 1112
636 568
636 1063
636 569
637 269
637 1053
637 1002
637 512
637 908
637 53
637 1062
637 827
637 705
638 961
639 388
639 634
639 644
639 1041
640 585
640 971
641 991
641 694
641 722
641 1130
641 189
642 40
642 542
642 26
642 247
643 769
643 298
643 896
643 107
644 639
644 613
645 239
645 607
646 417
646 191
646 23
646 223
646 90
646 1058
646 84
646 982
647 542
647 1033
647 731
647 906
647 86
647 786
647 210
648 829
648 763
648 246
648 602
648 297
648 592
648 173
648 560
649 421
649 738
649 769
649 612
649 369
649 378
649 292
649 589
649 934
650 858
650 839
650 845
650 833
650 141
650 699
650 935
650 142
650 529
650 229
650 850
650 406
650 611
650 102
650 350
650 1067
650 573
650 40
650 113
650 100
650 274
650 804
650 862
650 1008
650 1034
650 87
650 240
650 688
650 197
650 187
650 331
650 796
650 429
650 69
650 775
650 417
651 946
651 26
651 397
651 1033
651 820
651 138
651 416
651 893
652 944
652 665
652 717
652 579
652 65
652 800
653 831
653 1096
653 488
653 305
653 185
653 294
653 813
653 357
653 608
653 975
654 184
654 952
655 1031
655 313
656 1118
656 208
656 993
656 123
656 986
656 633
656 39
657 774
658 1009
659 1006
659 1009
659 331
659 69
659 833
659 445
659 944
659 187
659 796
659 390
659 911
659 850
659 468
659 774
659 512
659 278
659 88
659 971
659 573
659 611
659 775
659 19
660 564
660 558
660 432
660 601
660 211
661 534
661 203
661 1051
662 1051
662 934
662 447
662 355
662 407
662 324
662 589
662 234
662 904
662 716
662 1050
662 1090
662 351
662 410
662 405
662 580
662 507
663 812
663 376
663 448
663 694
663 167
663 256
663 290
663 488
663 369
663 426
663 398
663 892
663 137
663 1074
663 712
663 1031
663 57
663 793
663 557
663 340
663 855
663 1008
663 588
663 986
663 344
663 927
663 908
663 1106
663 520
664 180
664 110
664 854
664 483
664 576
664 410
664 793
664 871
664 806
664 1124
664 1051
664 810
664 219
665 652
666 91
666 687
666 832
666 709
666 626
666 995
666 286
667 0
668 689
668 226
668 767
668 1055
668 692
668 377
668 45
668 1059
668 734
668 568
668 273
668 491
668 473
668 829
668 24
668 12
668 615
668 422
668 554
668 436
668 564
668 117
668 711
668 1115
668 1113
668 1076
668 901
668 147
668 868
669 367
669 437
670 541
670 782
670 0
670 1000
670 118
670 40
670 205
670 577
670 1009
670 622
670 1079
670 281
670 858
671 291
671 496
671 0
671 90
671 517
671 223
671 231
671 301
671 549
671 81
671 612
671 961
671 40
671 1090
671 1063
671 896
671 1094
671 576
671 981
671 823
671 521
672 544
672 1049
672 768
673 1106
674 368
674 997
674 294
674 813
674 781
674 1110
674 185
675 812
675 1041
675 1002
676 1098
676 691
677 1033
677 86
677 264
677 1127
677 731
677 439
678 188
678 140
679 787
679 1009
679 526
679 498
679 379
679 963
679 725
679 385
679 416
680 923
680 451
680 838
680 778
680 437
680 990
681 365
681 324
681 56
682 944
682 580
682 363
682 860
683 308
684 5
684 300
684 498
684 939
684 725
684 963
684 1132
684 892
684 1
685 381
685 69
685 79
685 935
685 386
685 11
685 426
685 688
685 187
685 796
685 492
685 54
685 10
685 727
685 142
685 907
685 866
685 307
685 849
685 19
685 361
685 971
686 8
686 282
686 541
686 1043
686 877
686 897
686 347
686 970
687 814
687 995
687 230
687 902
687 321
687 666
687 302
687 377
687 1010
687 554
687 626
687 704
687 734
687 1018
687 848
688 489
688 650
688 849
688 1073
688 69
688 171
688 1006
688 19
688 861
688 1008
688 102
688 361
688 685
688 88
688 705
688 53
688 85
688 10
688 274
688 466
689 712
689 1125
689 173
689 787
689 371
689 888
689 668
689 940
689 6
689 1132
689 480
689 263
689 385
689 600
689 293
689 225
690 923
691 477
691 774
691 1042
691 676
691 318
691 931
691 124
691 1098
691 745
691 217
691 377
691 539
691 1131
691 537
691 445
692 668
692 22
692 817
692 1112
692 252
692 1057
692 569
692 137
692 422
692 476
692 237
692 241
692 382
692 24
692 1115
692 117
692 634
692 12
693 29
693 970
693 414
693 596
693 814
693 748
693 961
693 728
694 397
694 140
694 510
694 516
694 580
694 245
694 542
694 130
694 773
694 663
694 138
694 26
694 609
694 739
694 144
694 264
694 1021
694 564
694 934
694 858
694 148
694 165
694 641
695 621
695 812
695 5
695 939
695 1132
696 513
696 15
696 497
697 496
697 295
697 1058
698 814
699 222
699 571
699 87
699 650
699 990
699 804
699 756
699 762
699 113
699 952
699 1073
699 1006
699 451
699 704
699 412
699 1008
700 767
700 326
700 1063
700 1132
701 291
701 521
702 854
702 96
703 626
703 812
703 882
703 95
704 699
704 990
704 687
704 1073
704 756
704 580
704 952
704 544
704 222
705 637
705 361
705 478
705 455
705 802
705 788
705 571
705 512
705 688
705 54
705 227
705 1006
706 171
706 1131
706 584
706 1098
706 217
706 91
706 95
706 841
706 151
707 905
707 192
707 485
708 105
708 1039
708 858
708 252
708 110
708 940
708 9
708 948
708 971
708 812
708 907
709 95
709 666
710 997
710 285
710 1029
710 114
710 206
710 986
710 901
710 373
710 185
711 1132
711 777
711 599
711 993
711 488
711 266
711 668
711 309
712 689
712 1057
712 663
712 57
712 776
713 90
713 223
713 488
714 417
714 412
714 991
715 958
716 1002
716 107
716 324
716 126
716 157
716 192
716 40
716 56
716 103
716 1056
716 52
716 1051
716 273
716 534
716 430
716 219
716 432
716 662
716 167
717 40
717 848
717 7
717 298
717 207
717 379
717 216
717 65
717 652
718 117
718 119
718 253
718 1091
718 190
718 1096
718 20
718 489
719 219
719 421
719 215
720 217
721 322
721 614
722 641
722 189
722 210
722 786
723 118
724 290
724 806
724 584
724 297
725 223
725 379
725 506
725 526
725 400
725 1024
725 437
725 498
725 684
725 416
725 679
725 893
726 222
727 381
727 923
727 328
727 1008
727 685
727 584
727 1014
727 597
727 361
727 785
728 693
728 200
728 941
729 1132
730 352
731 677
731 891
731 453
731 992
731 380
731 350
731 1056
731 264
731 647
732 252
732 237
733 1101
733 545
733 187
734 1098
734 878
734 457
734 858
734 104
734 273
734 668
734 771
734 377
734 687
734 147
734 1018
734 931
734 745
734 115
734 137
734 415
734 36
734 498
734 353
734 217
734 1131
735 888
735 414
735 138
735 6
736 535
736 135
736 1111
736 56
736 970
737 812
737 814
738 512
738 70
738 883
738 187
738 102
738 603
738 69
738 328
738 11
738 162
738 971
738 1012
738 271
738 820
738 553
738 649
739 694
739 863
739 516
739 991
739 966
739 121
739 230
740 1076
740 147
740 436
740 813
740 615
741 1100
742 235
742 756
742 544
742 604
742 486
742 952
742 352
742 990
743 876
743 421
744 934
744 564
744 808
744 902
744 432
744 858
744 378
744 6
744 1041
744 42
744 580
744 611
745 545
745 1131
745 691
745 539
745 611
745 734
746 628
747 970
747 902
747 1020
747 972
748 324
748 1127
748 941
748 177
748 397
748 379
748 693
748 146
748 596
748 282
748 427
748 961
748 1018
748 1009
749 65
749 838
749 982
749 105
749 379
750 613
751 421
751 324
751 203
752 931
752 105
752 533
752 833
753 503
753 355
753 521
754 422
754 98
754 187
754 931
754 889
754 206
755 301
756 804
756 699
756 180
756 472
756 762
756 742
756 222
756 704
756 1004
757 993
757 344
757 633
758 622
758 807
758 205
759 447
759 213
759 148
759 397
759 510
759 26
760 1079
761 124
761 249
762 437
762 351
762 402
762 191
762 573
762 896
762 135
762 0
762 1079
762 197
762 756
762 184
762 596
762 699
762 1022
762 323
762 854
762 166
763 1017
763 648
763 563
763 602
763 263
763 220
764 1102
764 471
764 261
765 87
765 393
765 113
765 867
765 361
766 1002
766 103
766 126
766 52
766 27
766 941
767 541
767 494
767 817
767 24
767 700
767 326
767 266
767 668
768 672
768 564
768 180
768 820
768 472
768 254
768 990
768 1049
768 929
768 437
768 790
768 967
769 532
769 135
769 1065
769 182
769 141
769 649
769 1018
769 264
769 81
769 596
769 800
769 453
769 803
769 1130
769 586
769 643
769 855
770 775
770 616
770 594
770 579
770 554
770 948
770 80
770 187
770 858
770 908
770 944
770 292
771 377
771 734
771 841
772 171
773 210
773 312
773 694
773 78
773 300
773 144
773 397
773 245
774 868
774 657
774 529
774 69
774 498
774 1042
774 659
774 1002
774 40
774 187
774 691
774 610
774 866
774 58
775 512
775 650
775 923
775 941
775 123
775 1083
775 770
775 546
775 92
775 142
775 193
775 184
775 659
775 60
775 971
775 1129
775 187
775 932
775 785
775 573
776 922
776 712
776 806
776 57
777 711
778 451
778 69
778 90
778 789
778 680
778 437
778 860
778 299
778 1129
778 982
778 191
778 952
778 1111
778 794
779 614
779 1090
779 86
779 857
779 35
779 138
779 416
779 365
779 370
779 1104
779 327
780 269
781 294
781 368
781 674
782 347
782 281
782 670
783 971
784 1129
784 975
784 54
785 19
785 887
785 830
785 1006
785 326
785 866
785 53
785 412
785 727
785 88
785 775
785 474
785 128
785 191
785 979
786 966
786 144
786 647
786 722
786 991
786 1130
786 327
786 1021
786 1117
787 679
787 385
787 379
787 820
787 300
787 536
787 940
787 893
787 689
787 225
787 273
787 526
787 416
787 600
787 434
787 293
788 705
788 451
788 372
788 202
788 227
788 804
788 134
788 802
789 90
789 990
789 451
789 778
789 794
789 582
789 952
790 472
790 768
790 442
790 451
790 1049
790 582
790 923
791 799
791 584
791 545
791 554
791 616
791 80
791 552
791 252
792 528
792 796
792 971
793 1124
793 219
793 663
793 1051
793 875
793 904
793 664
793 576
794 1058
794 1095
794 789
794 537
794 895
794 267
794 778
794 390
794 318
794 1004
795 9
796 468
796 142
796 381
796 685
796 69
796 65
796 187
796 971
796 833
796 352
796 650
796 792
796 659
796 292
796 1014
796 0
796 240
797 366
798 985
798 554
798 141
798 878
798 563
799 867
799 791
800 769
800 197
800 652
800 834
800 428
800 811
801 806
801 596
801 602
801 40
802 788
802 705
802 366
803 769
803 273
804 952
804 1008
804 571
804 788
804 650
804 227
804 699
804 756
804 1073
805 260
805 1074
805 578
805 208
805 290
805 282
805 3
805 297
806 1128
806 141
806 875
806 904
806 464
806 557
806 268
806 262
806 410
806 588
806 664
806 239
806 801
806 724
806 93
806 220
806 500
806 596
806 999
806 776
807 227
807 758
808 744
808 296
809 1120
809 318
809 564
810 1095
810 912
810 96
810 664
810 110
810 1124
810 30
811 1124
811 555
811 800
811 197
811 167
811 169
811 160
811 28
811 428
812 1041
812 695
812 708
812 6
812 675
812 737
812 703
812 663
812 232
813 740
813 674
813 653
814 351
814 219
814 1080
814 737
814 1111
814 1116
814 698
814 941
814 37
814 693
814 98
814 1052
814 435
814 1040
814 687
815 541
816 512
816 361
816 331
817 692
817 767
818 541
818 314
818 884
818 1064
818 118
818 275
818 622
818 556
818 21
818 481
818 437
818 1009
818 347
818 105
818 534
819 451
820 439
820 135
820 768
820 651
820 738
820 447
820 240
820 935
820 213
820 787
820 1018
821 37
822 422
822 561
822 93
822 936
822 514
823 324
823 671
823 460
823 589
823 614
823 432
823 205
823 465
823 216
823 612
824 141
824 988
825 611
826 883
826 1048
826 528
826 937
826 109
826 117
827 1053
827 637
827 10
827 429
827 19
827 69
827 82
827 269
827 129
827 193
828 907
828 187
828 881
828 360
829 560
829 648
829 28
829 668
830 1103
830 1008
830 785
830 1055
830 128
830 1048
831 266
831 1059
831 82
831 20
831 1029
831 634
831 119
831 653
832 666
832 91
833 650
833 659
833 944
833 182
833 796
833 187
833 240
833 971
833 752
833 142
833 587
833 529
833 331
833 109
833 154
833 545
834 245
834 197
834 800
835 28
836 276
836 216
836 167
836 564
836 962
836 390
837 5
837 6
838 680
838 451
838 1111
838 184
838 749
839 650
839 69
839 618
839 240
840 105
840 425
841 1098
841 771
841 104
841 217
841 706
842 866
842 125
842 213
843 285
844 959
844 1057
845 597
845 650
846 205
847 490
847 888
847 1132
847 273
847 940
847 1125
847 994
847 97
847 300
847 285
848 941
848 868
848 944
848 878
848 379
848 358
848 298
848 982
848 1131
848 40
848 295
848 554
848 964
848 111
848 496
848 717
848 434
848 398
848 1097
848 1118
848 687
849 935
849 688
849 1085
849 979
849 1103
849 307
849 69
849 685
849 142
849 584
849 299
850 10
850 659
850 0
850 142
850 908
850 154
850 650
850 187
850 916
850 123
850 359
850 352
850 512
850 1009
850 529
851 868
851 634
851 34
852 184
853 533
854 200
854 421
854 483
854 197
854 182
854 461
854 282
854 195
854 219
854 905
854 702
854 912
854 1076
854 664
854 96
854 762
854 1090
854 369
854 875
854 1095
854 576
855 517
855 769
855 663
855 45
856 416
856 447
856 883
856 858
856 897
856 618
856 355
856 182
856 1047
856 609
856 960
856 590
856 213
857 282
857 941
857 779
858 856
858 734
858 422
858 897
858 616
858 516
858 744
858 358
858 222
858 975
858 554
858 941
858 694
858 62
858 321
858 907
858 360
858 986
858 609
858 447
858 538
858 432
858 87
858 770
858 590
858 622
858 636
858 355
858 98
858 396
858 960
858 670
858 180
858 708
858 100
858 650
858 95
859 342
859 163
859 57
860 958
860 682
860 451
860 778
860 556
861 688
861 297
861 260
861 1099
861 578
862 907
862 487
862 1067
862 908
862 53
862 1062
862 92
862 1058
862 94
862 58
862 579
862 573
862 923
862 597
862 523
862 352
862 512
862 932
862 426
862 650
862 277
862 451
863 244
863 739
863 327
863 333
864 608
864 1096
865 991
866 842
866 11
866 352
866 573
866 451
866 128
866 785
866 1048
866 774
866 685
867 80
867 799
867 355
867 765
867 897
867 8
867 282
867 609
868 668
868 117
868 774
868 851
868 34
868 316
868 147
868 415
868 1076
868 1115
868 240
868 198
868 182
868 897
868 422
868 359
868 623
868 137
868 554
868 368
868 323
868 285
868 848
869 556
870 881
870 971
870 187
870 10
871 664
871 1051
871 1095
871 941
871 576
871 273
872 205
873 205
874 163
875 1124
875 806
875 793
875 413
875 444
875 576
875 854
875 96
875 324
876 743
876 430
876 611
876 265
876 1056
876 904
877 1117
877 907
877 18
877 193
877 493
877 686
877 86
877 141
877 256
877 931
877 187
878 232
878 621
878 563
878 798
878 527
878 1035
878 116
878 933
878 466
878 734
878 848
878 292
878 1094
878 1012
878 125
878 905
879 412
880 635
880 1007
881 1108
881 907
881 828
881 187
881 360
881 870
882 95
882 703
882 466
882 1036
883 298
883 1112
883 355
883 1048
883 826
883 907
883 970
883 40
883 1059
883 187
883 359
883 111
883 856
883 738
884 818
884 451
884 275
884 205
885 84
885 1089
885 65
885 246
885 192
885 480
886 615
886 356
886 147
886 901
886 907
886 1055
887 344
887 943
887 142
887 785
887 971
887 459
887 89
887 226
888 414
888 0
888 939
888 548
888 1132
888 735
888 847
888 689
889 754
889 1091
889 7
890 408
890 573
890 240
891 731
891 614
892 115
892 353
892 663
892 292
892 539
892 498
892 137
892 1057
892 217
892 1076
892 377
892 564
892 1090
892 415
892 684
893 264
893 651
893 725
893 516
893 251
893 248
893 1096
893 293
893 940
893 322
893 566
893 787
893 225
893 416
893 1
894 237
894 970
894 1091
894 533
895 342
895 794
895 358
895 163
895 534
895 340
895 1057
895 57
895 65
895 390
895 447
895 922
895 432
896 534
896 197
896 530
896 176
896 1119
896 528
896 486
896 619
896 453
896 184
896 762
896 671
896 96
896 132
896 180
896 643
896 596
896 545
896 1052
896 163
896 1004
896 967
896 52
896 291
897 868
897 867
897 966
897 970
897 986
897 86
897 493
897 213
897 1100
897 858
897 104
897 686
897 856
897 355
897 95
897 252
898 344
899 451
899 278
899 529
900 961
901 285
901 567
901 611
901 188
901 422
901 147
901 194
901 109
901 533
901 356
901 1055
901 323
901 615
901 237
901 634
901 584
901 998
901 1048
901 668
901 886
901 710
902 232
902 744
902 687
902 972
902 207
902 132
902 614
902 164
902 747
903 1119
903 602
903 249
904 596
904 806
904 793
904 421
904 564
904 549
904 662
904 410
904 265
904 876
904 934
904 141
905 11
905 65
905 110
905 854
905 213
905 1040
905 139
905 0
905 999
905 432
905 386
905 878
905 335
905 9
905 81
905 30
905 187
905 1111
905 398
905 57
905 602
905 343
905 351
905 117
905 707
905 62
905 445
905 407
906 647
906 264
906 1033
907 685
907 911
907 321
907 69
907 979
907 456
907 828
907 881
907 858
907 587
907 708
907 1103
907 129
907 862
907 877
907 590
907 886
907 360
907 1100
907 883
907 187
908 74
908 850
908 145
908 10
908 269
908 928
908 862
908 663
908 594
908 180
908 581
908 41
908 69
908 637
908 770
908 573
908 960
909 148
910 288
910 365
911 944
911 8
911 969
911 1009
911 184
911 212
911 907
911 529
911 952
911 659
912 854
912 810
912 38
913 267
914 263
915 459
915 1085
915 1103
916 850
917 602
918 1075
919 1009
920 488
920 353
920 289
920 537
920 610
921 1039
922 583
922 57
922 595
922 54
922 776
922 895
922 508
922 340
922 514
922 559
922 557
922 18
922 464
923 451
923 579
923 54
923 690
923 437
923 1108
923 632
923 790
923 971
923 442
923 69
923 680
923 1085
923 604
923 263
923 775
923 990
923 472
923 544
923 1000
923 727
923 862
923 1058
923 90
924 232
925 544
926 1130
926 963
926 991
926 28
927 663
928 908
929 768
929 1012
930 432
931 754
931 295
931 734
931 610
931 877
931 691
931 752
932 1067
932 13
932 862
932 58
932 408
932 775
932 187
932 1083
932 352
932 1062
932 970
932 475
932 512
933 297
933 578
933 878
933 260
934 904
934 374
934 694
934 649
934 971
934 744
934 512
934 662
934 365
935 685
935 360
935 85
935 849
935 459
935 278
935 352
935 650
935 187
935 231
935 142
935 299
935 1085
935 529
935 584
935 820
935 106
935 474
936 822
937 826
937 1039
937 486
937 984
937 321
937 98
937 266
937 1092
938 200
938 538
938 141
938 73
938 589
938 1018
939 888
939 322
939 695
939 300
939 1035
939 684
939 1
939 251
939 1125
939 963
940 225
940 179
940 893
940 708
940 600
940 379
940 689
940 506
940 787
940 847
940 293
941 205
941 848
941 748
941 534
941 858
941 1123
941 119
941 814
941 184
941 57
941 105
941 538
941 415
941 141
941 1130
941 206
941 871
941 728
941 1051
941 379
941 775
941 766
941 857
941 52
941 188
941 982
941 960
942 347
942 281
942 108
943 568
943 887
944 770
944 579
944 1129
944 682
944 954
944 964
944 80
944 550
944 119
944 496
944 1047
944 848
944 250
944 432
944 833
944 1002
944 298
944 982
944 65
944 659
944 295
944 428
944 379
944 499
944 612
944 652
944 911
944 1058
944 526
944 505
944 1116
944 37
944 317
944 358
944 7
944 8
945 996
946 397
946 651
946 26
947 1130
947 991
947 327
948 1087
948 125
948 558
948 541
948 708
948 109
948 193
948 378
948 580
948 506
948 1126
948 549
948 1119
948 770
948 421
949 1123
950 180
951 1080
952 472
952 742
952 254
952 582
952 911
952 69
952 470
952 789
952 1012
952 778
952 1058
952 451
952 523
952 1071
952 412
952 980
952 704
952 134
952 224
952 1045
952 261
952 99
952 101
952 654
952 372
952 804
952 442
952 1004
952 699
952 306
953 1105
954 944
955 1073
956 1094
957 28
958 205
958 105
958 178
958 108
958 715
958 556
958 860
958 332
959 844
959 163
960 154
960 187
960 858
960 408
960 908
960 573
960 180
960 964
960 7
960 355
960 1047
960 941
960 11
960 856
961 453
961 748
961 638
961 463
961 900
961 65
961 693
961 671
961 1037
961 540
961 213
962 1123
962 836
962 444
962 1031
963 926
963 526
963 679
963 939
963 251
963 498
963 684
963 970
963 1018
964 554
964 298
964 616
964 358
964 119
964 944
964 960
964 65
964 848
965 636
966 1117
966 897
966 739
966 786
966 516
967 451
967 372
967 980
967 896
967 768
967 544
968 1072
968 52
968 365
968 1111
968 535
969 911
970 1066
970 147
970 747
970 963
970 366
970 298
970 179
970 894
970 693
970 602
970 1029
970 736
970 999
970 897
970 533
970 932
970 1130
970 379
970 166
970 883
970 686
970 57
970 1000
971 451
971 796
971 1085
971 775
971 1006
971 597
971 792
971 708
971 833
971 685
971 1034
971 283
971 640
971 19
971 870
971 584
971 934
971 271
971 412
971 528
971 923
971 887
971 659
971 492
971 783
971 386
971 11
971 87
971 738
971 573
971 197
971 1083
971 512
972 232
972 902
972 132
972 420
972 747
973 482
973 558
973 211
974 157
974 1116
974 52
975 784
975 609
975 352
975 463
975 616
975 858
975 653
975 573
975 1002
976 412
976 1070
977 243
978 366
979 238
979 187
979 907
979 849
979 785
980 952
980 352
980 470
980 372
980 967
980 321
981 416
981 433
981 671
981 596
981 612
981 1097
981 291
981 122
982 240
982 432
982 521
982 554
982 447
982 1058
982 23
982 646
982 944
982 551
982 263
982 401
982 848
982 69
982 941
982 115
982 40
982 778
982 749
982 261
982 156
982 291
982 579
982 223
982 1002
982 90
983 366
984 998
984 986
984 206
984 1112
984 593
984 147
984 436
984 422
984 937
984 185
984 114
985 447
985 480
985 798
986 554
986 323
986 858
986 309
986 663
986 1093
986 993
986 1057
986 488
986 710
986 609
986 359
986 198
986 150
986 656
986 123
986 1011
986 897
986 355
986 39
986 553
986 984
987 580
988 824
989 11
989 60
989 1103
990 46
990 699
990 306
990 291
990 101
990 1049
990 704
990 544
990 99
990 742
990 789
990 1004
990 768
990 254
990 680
990 184
990 629
990 412
990 222
990 372
990 134
990 180
990 224
990 923
991 786
991 865
991 641
991 1130
991 714
991 329
991 327
991 1117
991 926
991 334
991 947
991 739
991 516
992 731
992 542
992 247
992 1033
993 656
993 986
993 711
993 344
993 757
993 309
993 270
993 34
993 269
994 847
994 273
995 626
995 286
995 666
995 95
995 687
995 1036
995 91
996 81
996 945
997 206
997 185
997 674
997 710
998 147
998 270
998 1115
998 615
998 984
998 117
998 567
998 422
998 194
998 901
998 1112
998 356
998 309
998 599
998 1057
998 634
998 473
999 905
999 806
999 191
999 970
999 291
999 262
999 29
999 596
999 57
999 521
999 0
1000 355
1000 184
1000 105
1000 970
1000 587
1000 923
1000 205
1000 182
1000 670
1001 1024
1002 331
1002 240
1002 1009
1002 603
1002 575
1002 637
1002 379
1002 1131
1002 432
1002 207
1002 944
1002 105
1002 982
1002 675
1002 512
1002 80
1002 716
1002 541
1002 187
1002 774
1002 766
1002 975
1003 138
1004 896
1004 794
1004 756
1004 451
1004 990
1004 352
1004 112
1004 952
1004 604
1004 180
1004 350
1005 88
1006 1029
1006 699
1006 69
1006 971
1006 459
1006 1096
1006 1008
1006 688
1006 659
1006 129
1006 88
1006 467
1006 41
1006 785
1006 11
1006 581
1006 705
1006 187
1006 381
1006 274
1007 421
1007 37
1007 880
1008 699
1008 512
1008 87
1008 142
1008 128
1008 804
1008 663
1008 492
1008 688
1008 274
1008 650
1008 1073
1008 830
1008 571
1008 1006
1008 727
1009 498
1009 911
1009 850
1009 622
1009 1002
1009 818
1009 658
1009 526
1009 748
1009 451
1009 416
1009 179
1009 679
1009 919
1009 1013
1009 278
1009 600
1009 385
1009 31
1009 359
1009 414
1009 544
1009 70
1009 6
1009 659
1009 670
1009 449
1010 534
1010 1058
1010 357
1010 45
1010 687
1011 150
1011 554
1011 344
1011 323
1011 249
1011 1112
1011 986
1011 309
1012 156
1012 1070
1012 929
1012 1035
1012 738
1012 952
1012 878
1012 509
1012 439
1012 504
1012 409
1013 1024
1013 414
1013 1009
1014 105
1014 727
1014 796
1015 34
1015 218
1015 453
1015 359
1015 285
1015 188
1015 127
1015 515
1016 1076
1016 266
1016 499
1016 368
1017 602
1017 28
1017 161
1017 1028
1017 297
1017 763
1018 1056
1018 820
1018 1052
1018 141
1018 156
1018 1097
1018 189
1018 963
1018 593
1018 450
1018 200
1018 769
1018 611
1018 748
1018 938
1018 1066
1018 324
1018 453
1018 268
1018 612
1018 734
1018 264
1018 687
1018 554
1018 65
1018 219
1018 62
1018 614
1018 398
1019 139
1019 192
1020 77
1020 747
1021 694
1021 327
1021 786
1021 516
1021 1130
1022 542
1022 247
1022 609
1022 762
1022 295
1023 105
1023 347
1023 1101
1023 141
1023 541
1024 1001
1024 280
1024 66
1024 168
1024 322
1024 225
1024 70
1024 1013
1024 725
1024 414
1025 515
1025 98
1025 1092
1026 534
1027 111
1027 143
1028 207
1028 578
1028 1017
1028 17
1028 132
1028 383
1028 379
1028 1046
1029 1091
1029 193
1029 20
1029 154
1029 1096
1029 60
1029 609
1029 532
1029 970
1029 85
1029 1006
1029 119
1029 831
1029 710
1029 278
1029 185
1030 508
1030 340
1030 596
1030 141
1031 663
1031 655
1031 313
1031 962
1032 357
1033 247
1033 992
1033 647
1033 138
1033 1127
1033 542
1033 86
1033 677
1033 651
1033 906
1034 650
1034 971
1035 939
1035 1012
1035 878
1035 1116
1036 357
1036 995
1036 882
1037 961
1038 580
1038 519
1038 273
1039 921
1039 201
1039 625
1039 708
1039 159
1039 321
1039 937
1039 66
1039 584
1040 554
1040 153
1040 460
1040 614
1040 814
1040 485
1040 157
1040 905
1041 639
1041 77
1041 267
1041 744
1041 812
1041 388
1041 182
1041 1094
1041 81
1041 675
1041 8
1041 141
1042 1118
1042 774
1042 488
1042 691
1042 447
1042 537
1042 353
1042 541
1042 610
1043 686
1044 211
1045 952
1046 1028
1046 17
1046 208
1046 357
1046 82
1046 321
1047 944
1047 408
1047 240
1047 11
1047 328
1047 609
1047 187
1047 250
1047 258
1047 856
1047 960
1047 447
1048 185
1048 109
1048 419
1048 1059
1048 456
1048 368
1048 252
1048 866
1048 826
1048 269
1048 883
1048 901
1048 830
1048 128
1049 537
1049 46
1049 990
1049 672
1049 442
1049 790
1049 768
1049 564
1050 534
1050 1051
1050 662
1051 234
1051 941
1051 625
1051 664
1051 14
1051 716
1051 535
1051 1076
1051 1111
1051 662
1051 157
1051 1090
1051 871
1051 126
1051 538
1051 519
1051 1050
1051 407
1051 203
1051 793
1051 661
1052 534
1052 896
1052 27
1052 1018
1052 430
1052 364
1052 203
1052 814
1053 19
1053 87
1053 10
1053 492
1053 429
1053 129
1053 79
1053 269
1053 459
1053 637
1053 827
1054 381
1055 668
1055 117
1055 422
1055 901
1055 564
1055 194
1055 356
1055 886
1055 567
1055 830
1056 716
1056 345
1056 1095
1056 453
1056 264
1056 876
1056 731
1056 219
1056 1018
1056 350
1057 892
1057 986
1057 537
1057 844
1057 222
1057 559
1057 485
1057 377
1057 323
1057 712
1057 488
1057 586
1057 1061
1057 450
1057 588
1057 692
1057 564
1057 465
1057 340
1057 998
1057 187
1057 432
1057 895
1058 67
1058 697
1058 263
1058 794
1058 295
1058 496
1058 982
1058 1010
1058 944
1058 40
1058 69
1058 862
1058 156
1058 646
1058 261
1058 551
1058 923
1058 90
1058 191
1058 23
1058 952
1058 521
1059 356
1059 567
1059 615
1059 117
1059 422
1059 1048
1059 831
1059 355
1059 147
1059 883
1059 668
1060 430
1060 219
1061 319
1061 452
1061 1057
1062 637
1062 512
1062 932
1062 352
1062 862
1062 53
1062 92
1062 573
1063 636
1063 700
1063 491
1063 476
1063 22
1063 16
1063 569
1063 671
1063 237
1064 1126
1064 818
1064 118
1065 79
1065 282
1065 769
1066 378
1066 970
1066 139
1066 554
1066 358
1066 296
1066 1131
1066 1018
1066 557
1067 650
1067 862
1067 1108
1067 512
1067 581
1067 1129
1067 352
1067 932
1067 597
1068 405
1069 1127
1070 352
1070 67
1070 187
1070 409
1070 468
1070 976
1070 1012
1070 573
1071 952
1072 968
1072 257
1073 699
1073 222
1073 955
1073 704
1073 113
1073 11
1073 804
1073 1008
1073 87
1073 688
1073 492
1074 290
1074 663
1074 805
1074 578
1074 260
1075 918
1075 136
1075 15
1075 1111
1076 123
1076 146
1076 854
1076 1016
1076 486
1076 740
1076 1090
1076 175
1076 634
1076 193
1076 179
1076 1051
1076 668
1076 538
1076 868
1076 33
1076 0
1076 182
1076 892
1077 57
1077 291
1077 415
1078 115
1079 58
1079 118
1079 670
1079 762
1079 40
1079 184
1079 760
1080 951
1080 354
1080 617
1080 282
1080 814
1081 1097
1082 1094
1083 971
1083 932
1083 775
1084 187
1085 386
1085 474
1085 915
1085 971
1085 935
1085 1103
1085 443
1085 849
1085 142
1085 923
1085 459
1086 271
1087 571
1087 948
1088 0
1088 1111
1089 410
1089 602
1089 246
1089 447
1089 885
1090 1076
1090 854
1090 551
1090 662
1090 512
1090 453
1090 197
1090 358
1090 538
1090 535
1090 52
1090 534
1090 1051
1090 892
1090 779
1090 616
1090 230
1090 596
1090 671
1090 507
1091 1029
1091 182
1091 359
1091 718
1091 97
1091 137
1091 894
1091 1097
1091 358
1091 889
1091 20
1091 253
1091 119
1092 937
1092 1025
1093 488
1093 986
1094 878
1094 1082
1094 671
1094 603
1094 565
1094 1041
1094 956
1095 369
1095 794
1095 421
1095 1124
1095 483
1095 810
1095 413
1095 871
1095 1056
1095 854
1096 653
1096 1006
1096 864
1096 893
1096 608
1096 718
1096 488
1096 633
1096 1029
1096 20
1096 39
1097 1081
1097 253
1097 170
1097 1018
1097 981
1097 848
1097 119
1097 291
1097 518
1097 0
1097 337
1097 434
1097 1091
1097 40
1098 477
1098 676
1098 545
1098 691
1098 706
1098 564
1098 539
1098 841
1098 124
1098 217
1098 537
1098 488
1098 303
1098 734
1098 305
1098 40
1099 377
1099 861
1100 741
1100 897
1100 907
1100 125
1101 733
1101 1023
1102 764
1103 381
1103 128
1103 459
1103 849
1103 467
1103 6
1103 830
1103 315
1103 1085
1103 915
1103 989
1103 10
1103 492
1103 154
1103 85
1103 19
1103 907
1104 1130
1104 779
1104 121
1105 402
1105 953
1106 577
1106 663
1106 552
1106 347
1106 544
1106 673
1106 541
1106 424
1107 300
1108 360
1108 1067
1108 923
1108 187
1108 881
1109 1126
1110 231
1110 674
1110 1123
1111 365
1111 177
1111 814
1111 528
1111 56
1111 538
1111 465
1111 1088
1111 1051
1111 23
1111 968
1111 1075
1111 535
1111 905
1111 838
1111 778
1111 203
1111 736
1112 1114
1112 368
1112 323
1112 984
1112 266
1112 998
1112 382
1112 237
1112 241
1112 1011
1112 883
1112 98
1112 252
1112 499
1112 636
1112 692
1113 72
1113 564
1113 1120
1113 668
1114 569
1114 241
1114 261
1114 568
1114 252
1114 1112
1114 1115
1115 237
1115 491
1115 692
1115 868
1115 1114
1115 668
1115 998
1115 636
1115 226
1116 814
1116 213
1116 627
1116 538
1116 614
1116 944
1116 1035
1116 65
1116 380
1116 974
1117 877
1117 516
1117 966
1117 1130
1117 991
1117 786
1118 1042
1118 848
1118 656
1118 633
1118 150
1118 39
1119 530
1119 896
1119 903
1119 163
1119 57
1119 948
1120 450
1120 564
1120 1113
1120 809
1120 318
1121 632
1121 54
1122 620
1122 628
1122 28
1122 256
1122 602
1123 586
1123 1110
1123 313
1123 391
1123 962
1123 555
1123 182
1123 949
1123 941
1124 664
1124 810
1124 203
1124 811
1124 421
1124 875
1124 1095
1124 110
1124 793
1124 576
1125 5
1125 939
1125 273
1125 847
1125 689
1126 1109
1126 948
1126 541
1126 1064
1127 1
1127 1033
1127 677
1127 370
1127 1069
1127 748
1128 806
1129 573
1129 778
1129 240
1129 1067
1129 784
1129 584
1129 590
1129 944
1129 512
1129 775
1130 970
1130 941
1130 1021
1130 786
1130 991
1130 1104
1130 926
1130 397
1130 566
1130 35
1130 516
1130 329
1130 396
1130 641
1130 411
1130 769
1130 348
1130 168
1130 186
1130 947
1130 1117
1130 538
1131 103
1131 216
1131 377
1131 231
1131 65
1131 534
1131 734
1131 432
1131 691
1131 358
1131 610
1131 252
1131 1002
1131 353
1131 433
1131 36
1131 537
1131 415
1131 554
1131 706
1131 848
1131 1066
1131 203
1131 287
1131 365
1131 454
1131 745
1132 888
1132 522
1132 273
1132 369
1132 700
1132 490
1132 689
1132 729
1132 847
1132 684
1132 300
1132 711
1132 695
