0 649
1 449
1 456
1 461
1 472
1 930
1 782
1 305
1 273
1 771
1 766
1 272
1 228
1 226
1 555
1 1021
1 268
1 163
1 1053
1 1057
1 68
1 171
1 615
2 444
2 879
2 398
2 36
2 44
2 1106
2 1132
2 915
2 487
2 611
2 1095
2 274
2 119
2 1057
2 874
2 760
2 577
2 571
2 440
3 895
3 1058
4 307
4 913
5 1124
5 301
5 508
5 986
5 782
5 554
5 1013
5 914
5 747
5 910
5 1046
5 1035
5 1071
5 694
5 880
5 633
5 641
5 1113
5 132
5 494
6 718
7 394
7 416
8 979
9 305
9 171
9 420
9 327
10 938
11 760
12 1130
12 686
13 116
14 548
14 973
14 982
14 156
15 155
15 380
15 738
15 470
15 717
15 822
15 823
15 874
15 654
15 828
15 391
15 309
15 780
15 563
15 555
15 352
15 973
15 227
15 252
15 439
15 510
15 255
15 484
15 939
16 531
16 81
16 98
16 963
16 131
16 140
16 927
16 377
16 603
16 284
17 318
17 26
17 793
17 580
17 255
17 371
18 756
18 273
18 513
18 330
18 916
18 1003
18 514
18 833
18 659
18 968
18 441
18 218
18 609
18 370
18 226
18 512
18 749
18 306
18 448
18 396
18 1043
18 456
18 42
18 691
18 372
18 824
19 894
19 980
20 624
20 729
20 725
21 229
21 123
21 132
21 40
21 399
21 946
21 558
21 979
21 393
21 566
21 772
21 118
21 438
21 797
21 964
21 52
21 440
21 643
22 997
23 1092
23 1002
23 954
23 1015
23 378
23 971
24 863
24 665
24 1086
24 1120
24 90
24 747
24 916
24 197
24 410
25 598
26 17
27 111
27 31
27 1106
27 539
27 1059
27 988
28 116
28 372
28 531
29 432
29 1132
29 520
30 46
30 702
30 681
31 1059
31 27
32 1003
32 1054
33 317
33 988
34 957
34 347
34 79
34 70
34 150
34 321
34 1014
34 760
34 979
34 756
34 145
34 715
34 399
34 525
34 1106
34 123
34 1131
35 363
35 372
35 1131
35 350
35 979
35 611
35 476
35 164
35 243
35 878
36 89
36 2
36 524
36 611
36 317
36 780
36 610
36 640
36 1057
36 843
37 668
37 197
37 347
37 622
37 1128
37 477
37 530
37 611
38 289
38 121
38 682
38 398
39 523
39 429
39 1025
39 765
39 46
39 100
39 1126
40 1055
40 473
40 1077
40 461
40 651
40 445
40 44
40 724
40 802
40 1054
40 21
40 265
40 263
40 1003
40 318
40 363
40 371
40 697
40 770
41 556
42 486
42 824
42 448
42 387
42 427
42 18
42 274
42 609
42 729
43 64
43 358
43 114
43 473
43 263
43 418
44 473
44 40
44 157
44 836
44 378
44 2
45 424
45 487
45 655
46 1132
46 594
46 372
46 802
46 705
46 83
46 771
46 286
46 30
46 89
46 640
46 857
46 354
46 650
46 119
46 342
46 571
46 178
46 39
47 387
47 1054
47 399
48 1025
48 922
49 1021
49 942
49 960
49 826
49 1050
50 424
50 386
50 853
50 1130
51 705
51 688
51 160
51 840
51 1115
52 758
52 62
52 658
52 228
52 21
52 979
53 913
53 979
53 608
53 537
53 178
53 311
54 225
55 569
55 801
55 640
55 119
55 681
55 506
55 834
55 1020
55 86
55 176
56 503
57 1003
58 403
59 502
59 687
59 588
59 593
60 519
60 1018
61 777
61 624
61 782
61 1017
61 285
61 1035
61 99
61 1126
62 203
62 378
62 214
62 411
62 566
62 722
62 947
62 1109
62 122
62 52
62 216
62 371
62 372
62 69
62 475
62 488
63 836
63 929
64 307
64 150
64 43
65 1073
66 701
66 369
66 949
66 794
67 564
67 248
67 287
67 488
67 78
67 1123
67 579
67 955
67 896
67 884
68 1
68 431
68 545
68 334
68 1021
68 871
68 826
69 62
69 1013
70 701
70 34
70 515
70 267
70 620
70 444
70 541
70 896
70 121
70 847
71 348
71 387
71 940
72 95
73 104
73 794
73 1106
73 242
74 460
74 466
74 436
74 1048
74 192
74 932
74 432
74 126
74 99
74 152
74 541
74 542
74 486
74 553
75 480
76 603
76 992
77 761
78 884
78 174
78 950
78 67
78 630
78 971
78 287
78 963
78 1014
78 141
78 839
78 370
78 579
78 772
78 209
78 1082
78 268
78 336
78 564
78 900
78 899
78 525
78 521
78 97
78 748
78 1126
79 608
79 34
79 178
80 749
81 693
81 140
81 886
81 16
81 341
82 193
83 541
83 1012
83 232
83 46
83 376
84 1127
84 415
84 677
84 555
84 154
85 672
86 887
86 588
86 687
86 55
86 596
86 889
86 452
87 178
88 394
89 860
89 344
89 46
89 36
89 756
89 550
89 104
89 440
89 493
89 760
90 197
90 224
90 481
90 24
90 215
90 333
90 106
90 1120
90 411
91 587
91 752
91 1042
91 988
92 619
93 781
94 569
94 834
94 799
95 725
95 72
96 904
96 348
96 460
96 663
97 78
98 284
98 140
98 894
98 834
98 531
98 16
98 577
99 610
99 762
99 973
99 882
99 666
99 355
99 334
99 74
99 405
99 130
99 160
99 673
99 1116
99 504
99 653
99 705
99 482
99 61
99 1085
99 163
99 919
99 1103
99 177
99 386
99 908
99 320
99 487
99 700
99 916
99 802
100 39
100 968
100 810
100 970
100 1025
100 756
100 879
100 695
100 672
100 856
100 730
100 423
100 119
100 765
100 610
101 1132
101 186
101 717
101 716
101 305
101 1085
101 1021
101 821
101 916
101 368
101 1111
101 327
101 911
101 933
101 1057
101 1088
102 643
102 352
102 178
102 340
102 583
102 979
102 1109
102 758
103 709
103 315
103 815
103 477
103 559
103 189
103 420
103 740
103 846
103 411
103 304
103 880
103 957
104 1000
104 493
104 484
104 89
104 1023
104 73
104 398
104 242
104 808
105 748
105 226
105 135
105 456
105 833
105 771
106 863
106 90
106 1120
106 215
106 665
106 333
106 622
106 732
106 481
107 446
108 465
109 283
110 283
110 258
111 27
111 631
111 901
112 863
112 224
112 732
113 216
113 427
113 513
113 448
113 802
113 940
113 580
113 371
113 387
113 655
114 334
114 611
114 43
114 301
114 252
115 957
115 461
115 979
115 1015
115 1014
115 392
115 913
115 122
116 647
116 301
116 28
116 156
116 13
116 347
116 1095
116 901
116 524
116 910
116 378
117 692
118 568
118 21
118 644
118 201
118 144
119 407
119 1058
119 359
119 46
119 100
119 767
119 523
119 480
119 410
119 749
119 610
119 611
119 972
119 55
119 429
119 540
119 541
119 444
119 1104
119 921
119 1039
119 1025
119 1095
119 1005
119 372
119 697
119 860
119 2
119 957
119 736
119 882
119 741
119 623
120 597
120 871
120 774
120 847
120 225
121 276
121 1106
121 388
121 541
121 1011
121 70
121 454
121 429
121 636
121 38
121 845
121 620
122 115
122 62
122 363
122 655
122 301
122 1054
122 371
122 307
122 321
123 181
123 21
123 34
123 743
123 580
123 558
124 862
124 484
124 768
124 789
124 930
125 575
125 855
125 1003
125 686
125 290
125 918
125 142
125 1036
125 1130
126 152
126 74
127 531
128 650
128 612
129 449
129 272
129 771
130 99
130 611
131 1090
131 489
131 593
131 588
131 419
131 16
131 983
131 627
131 997
131 463
131 764
131 681
131 549
131 825
131 569
131 604
131 159
131 894
131 603
131 963
132 1035
132 1071
132 5
132 285
132 21
132 1113
132 629
132 505
133 182
134 303
135 584
135 105
135 387
135 394
135 441
136 1051
137 701
137 212
137 448
137 969
138 424
139 587
140 1007
140 755
140 927
140 1132
140 569
140 603
140 98
140 834
140 666
140 531
140 380
140 775
140 852
140 16
140 997
140 244
140 422
140 81
140 858
140 891
141 1097
141 263
141 856
141 78
141 662
141 307
141 525
142 431
142 1047
142 568
142 1053
142 125
142 1110
142 1054
142 232
142 686
142 424
143 523
143 369
143 554
143 1106
143 1126
143 487
143 916
144 425
144 461
144 118
144 440
144 173
144 349
144 164
144 576
144 359
144 1087
144 565
145 301
145 735
145 957
145 1131
145 1109
145 178
145 640
145 802
145 1005
145 1099
145 525
145 340
145 848
145 558
145 34
145 243
145 150
145 979
146 466
146 356
146 612
146 650
146 871
146 398
146 943
147 1011
148 598
149 922
150 1097
150 476
150 735
150 352
150 743
150 580
150 722
150 954
150 380
150 383
150 957
150 802
150 756
150 643
150 1055
150 34
150 392
150 979
150 145
150 64
150 1006
150 658
150 1005
150 508
150 214
150 265
150 848
150 613
150 854
150 173
150 427
151 301
151 363
151 689
151 979
151 188
151 241
151 587
151 1092
151 1074
152 590
152 771
152 126
152 1114
152 74
152 324
153 1024
153 860
153 805
153 753
153 1083
154 84
154 367
154 179
154 555
154 1127
154 677
154 574
154 948
155 594
155 362
155 1107
155 15
155 708
155 780
155 828
155 484
155 199
155 510
156 246
156 380
156 784
156 1089
156 799
156 563
156 631
156 593
156 910
156 506
156 548
156 502
156 174
156 14
156 687
156 116
156 1020
156 569
157 611
157 44
157 1046
157 412
157 861
157 192
157 305
157 577
158 999
158 699
158 626
158 1078
158 873
158 602
158 286
158 783
158 693
158 1072
158 922
159 963
159 799
159 246
159 593
159 894
159 1099
159 755
159 131
160 1046
160 51
160 846
160 554
160 197
160 385
160 99
160 624
160 629
160 1039
160 505
160 729
160 916
160 268
160 910
160 1084
160 373
160 1017
160 791
160 188
160 879
160 189
160 863
160 716
161 817
161 1106
161 530
161 856
161 515
162 403
163 1
163 498
163 99
163 525
163 930
163 874
163 597
163 372
164 207
164 1029
164 144
164 35
165 459
166 665
166 197
166 732
167 379
167 274
167 503
167 945
167 1050
167 301
167 577
167 1010
167 934
168 956
168 571
168 352
168 972
168 563
168 666
168 756
168 586
168 242
168 610
168 994
168 598
168 550
168 591
168 594
168 1065
168 380
169 585
169 546
169 773
169 310
170 245
170 392
170 1002
171 938
171 472
171 420
171 987
171 1
171 638
171 9
172 197
172 592
173 440
173 722
173 150
173 144
173 580
173 353
173 269
173 1022
173 1109
173 566
174 742
174 614
174 892
174 598
174 156
174 1126
174 572
174 238
174 610
174 900
174 520
174 1132
174 398
174 78
175 816
176 883
176 1020
176 55
176 506
176 801
176 577
176 213
176 588
177 352
177 99
178 363
178 735
178 461
178 187
178 372
178 689
178 947
178 608
178 1003
178 816
178 53
178 550
178 411
178 486
178 1054
178 979
178 438
178 46
178 580
178 525
178 643
178 1014
178 378
178 102
178 79
178 301
178 145
178 776
178 87
179 154
179 811
179 913
179 677
179 184
180 584
180 218
180 330
181 123
181 979
181 348
181 393
181 964
182 538
182 459
182 133
182 907
182 1093
182 748
182 232
182 856
182 910
182 1033
182 475
183 318
184 296
184 179
185 408
185 811
185 908
185 1001
185 1010
185 403
186 101
186 1126
186 858
187 178
188 403
188 686
188 151
188 821
188 160
188 1057
188 1085
188 1039
188 434
188 296
188 622
188 1111
189 103
189 559
189 916
189 846
189 1046
189 880
189 160
189 492
189 304
190 250
190 1058
190 747
190 1025
190 879
191 747
192 973
192 407
192 157
192 890
192 539
192 757
192 74
192 1059
193 760
193 380
193 511
193 443
193 1000
193 754
193 1106
193 82
193 1094
194 1006
194 420
194 577
194 802
194 1085
194 913
194 1015
194 971
195 698
195 785
196 850
196 802
197 166
197 975
197 1017
197 782
197 1120
197 624
197 1035
197 215
197 665
197 296
197 771
197 900
197 611
197 821
197 172
197 863
197 986
197 629
197 313
197 1013
197 285
197 1001
197 37
197 789
197 1086
197 90
197 554
197 1039
197 160
197 477
197 24
198 938
199 155
199 255
199 550
199 449
200 666
200 354
200 1099
200 1044
200 252
200 968
201 118
202 991
203 62
203 632
203 725
203 611
203 1095
203 1035
204 542
205 675
205 895
205 386
205 731
206 918
207 802
207 1015
207 263
207 164
207 399
207 567
208 545
208 771
208 1068
208 784
208 729
208 1101
208 968
208 524
208 1038
208 705
208 601
208 910
209 900
209 660
209 963
209 896
209 78
209 1126
209 785
209 268
209 233
209 630
209 540
209 764
209 827
210 1027
211 1027
212 1044
212 571
212 388
212 137
212 701
212 1093
212 1067
213 176
214 1030
214 461
214 445
214 62
214 150
215 747
215 1120
215 90
215 732
215 554
215 665
215 224
215 197
215 333
215 106
215 786
216 307
216 940
216 371
216 1055
216 298
216 113
216 566
216 413
216 905
216 62
216 611
216 580
216 643
216 776
216 811
216 372
216 655
217 554
217 1035
217 376
218 485
218 387
218 824
218 180
218 584
218 586
218 930
218 306
218 18
218 370
218 1003
218 330
218 1131
219 1064
219 1045
220 648
221 630
222 303
222 578
223 749
223 569
224 747
224 261
224 112
224 732
224 90
224 215
225 54
225 711
225 842
225 1132
225 563
225 120
225 847
225 1028
226 544
226 1112
226 771
226 394
226 1054
226 659
226 737
226 723
226 18
226 105
226 1
226 273
227 973
227 15
228 262
228 52
228 269
228 1
228 938
229 946
229 21
230 1082
230 814
230 918
230 595
230 487
230 1037
230 516
231 907
232 745
232 246
232 1074
232 650
232 554
232 659
232 672
232 326
232 797
232 415
232 182
232 307
232 487
232 142
232 83
233 209
234 494
234 911
234 437
234 900
235 447
235 415
235 677
235 574
236 555
236 1104
237 372
238 624
238 174
238 598
239 1108
240 470
240 645
240 443
240 255
241 494
241 151
241 309
241 725
242 610
242 380
242 104
242 591
242 1000
242 594
242 352
242 486
242 376
242 73
242 666
242 168
242 436
242 933
243 145
243 35
243 758
244 140
244 626
244 531
245 473
245 1002
245 392
245 383
245 320
245 843
245 976
245 170
245 715
245 1023
245 979
245 461
245 1015
246 924
246 232
246 159
246 156
247 757
247 682
247 900
247 650
247 1132
248 67
249 826
250 190
251 424
252 293
252 767
252 15
252 819
252 281
252 200
252 443
252 539
252 428
252 500
252 497
252 1059
252 482
252 912
252 1106
252 114
252 352
252 849
252 1048
252 783
252 762
252 606
253 872
254 772
255 645
255 874
255 199
255 534
255 866
255 780
255 259
255 708
255 17
255 510
255 439
255 361
255 15
255 793
255 353
255 240
256 304
256 476
256 913
257 595
258 1064
258 110
259 645
259 334
259 255
260 295
260 631
260 447
261 732
261 863
261 641
261 224
261 747
262 487
262 228
263 207
263 616
263 141
263 473
263 623
263 40
263 358
263 318
263 43
264 367
264 973
265 40
265 957
265 504
265 383
265 150
265 616
265 270
265 1022
265 1002
265 399
265 1074
265 1014
265 952
265 706
265 979
266 345
266 271
267 398
267 70
267 631
267 590
268 78
268 1106
268 1058
268 420
268 660
268 209
268 160
268 883
268 827
268 911
268 1
268 900
268 826
268 739
268 1126
268 1097
268 884
268 821
269 228
269 722
269 488
269 694
269 173
270 265
271 266
271 800
272 1021
272 449
272 1
272 862
272 930
272 273
272 129
272 771
273 449
273 940
273 372
273 226
273 18
273 609
273 1
273 272
274 610
274 355
274 503
274 42
274 727
274 2
274 296
274 429
274 821
274 167
274 379
274 789
274 611
274 934
275 623
276 707
276 594
276 1094
276 1011
276 590
276 610
276 932
276 121
277 610
277 586
277 452
277 868
277 596
277 887
277 754
278 412
279 1009
280 591
281 606
281 252
281 1059
281 1078
281 308
281 367
281 592
282 484
282 862
282 931
282 449
282 1106
283 110
283 109
284 834
284 444
284 98
284 341
284 16
284 569
285 410
285 914
285 986
285 577
285 788
285 1039
285 782
285 995
285 494
285 554
285 132
285 568
285 1073
285 61
285 505
285 642
285 197
285 629
285 641
286 760
286 897
286 158
286 454
286 1028
286 515
286 46
286 1090
286 847
286 597
286 922
287 78
287 67
287 951
288 889
288 858
289 932
289 971
289 541
289 1057
289 669
289 38
290 125
291 760
291 1106
292 1103
292 454
292 812
292 328
292 757
292 888
292 356
293 602
293 252
293 1072
294 457
294 436
294 900
295 260
295 447
296 323
296 821
296 942
296 184
296 1039
296 1111
296 449
296 188
296 316
296 911
296 197
296 274
296 1057
297 872
298 216
298 513
298 811
298 955
298 793
298 461
298 580
298 526
298 940
299 424
300 443
300 933
301 559
301 409
301 979
301 151
301 653
301 1082
301 122
301 1021
301 836
301 554
301 641
301 487
301 758
301 178
301 5
301 503
301 167
301 332
301 114
301 116
301 145
302 547
303 883
303 773
303 222
303 955
303 506
303 660
303 634
303 430
303 578
303 313
303 688
303 649
303 759
303 134
304 615
304 880
304 189
304 492
304 449
304 103
304 315
304 559
304 1053
304 832
304 1017
304 577
304 555
304 256
304 336
305 1021
305 911
305 571
305 615
305 157
305 472
305 1
305 101
305 826
305 1057
305 938
305 594
305 9
306 839
306 218
306 396
306 476
306 387
306 18
306 584
306 330
307 64
307 232
307 141
307 561
307 122
307 4
307 566
307 643
307 216
307 613
307 947
307 811
307 580
308 606
308 832
308 281
308 592
309 771
309 673
309 449
309 874
309 930
309 361
309 555
309 645
309 15
309 484
309 738
309 241
310 656
310 546
310 1039
310 585
310 962
310 169
311 53
311 473
311 461
312 943
313 779
313 1016
313 604
313 353
313 197
313 592
313 762
313 896
313 578
313 470
313 437
313 783
313 894
313 739
313 303
313 630
313 906
314 555
315 385
315 815
315 1071
315 1052
315 103
315 740
315 477
315 304
315 492
316 296
317 36
317 620
317 352
317 587
317 820
317 33
317 752
318 263
318 17
318 183
318 40
319 319
319 806
320 524
320 432
320 380
320 245
320 641
320 610
320 99
321 34
321 487
321 122
322 1020
323 403
323 1001
323 1011
323 296
323 459
323 697
324 152
325 756
325 1048
325 1101
325 968
325 822
325 973
325 352
325 784
326 232
326 569
326 603
326 858
326 1132
327 638
327 1021
327 9
327 101
327 670
328 352
328 292
328 586
329 367
329 783
330 691
330 218
330 584
330 18
330 1043
330 370
330 180
330 716
330 737
330 306
330 387
331 354
332 301
333 1092
333 106
333 481
333 90
333 215
333 1120
333 641
333 747
333 863
334 775
334 593
334 68
334 954
334 259
334 99
334 114
334 443
334 960
334 979
335 910
336 879
336 492
336 1014
336 985
336 1017
336 78
336 385
336 916
336 725
336 304
336 611
336 420
336 375
336 629
336 1046
336 1104
336 880
336 994
336 449
336 608
336 791
336 359
336 373
337 668
338 772
338 686
339 1117
339 405
340 802
340 525
340 145
340 566
340 1119
340 580
340 689
340 102
340 790
340 1109
340 957
341 710
341 81
341 569
341 284
341 834
341 531
341 775
341 992
342 780
342 506
342 46
342 681
343 1048
343 782
343 1039
343 594
343 1046
343 624
343 742
344 89
344 493
344 606
344 438
345 900
345 553
345 266
345 682
345 444
346 943
346 388
346 1011
346 827
347 403
347 116
347 1095
347 658
347 34
347 554
347 904
347 504
347 911
347 611
347 550
347 37
348 682
348 547
348 96
348 686
348 181
348 644
348 71
348 1051
348 508
348 438
348 524
348 828
348 729
349 1132
349 972
349 611
349 577
349 383
349 971
349 760
349 144
349 376
350 679
350 1131
350 929
350 979
350 626
350 35
350 461
350 491
351 571
351 1111
352 1085
352 1011
352 701
352 252
352 794
352 782
352 242
352 484
352 882
352 611
352 443
352 1012
352 102
352 177
352 168
352 150
352 1103
352 1051
352 389
352 15
352 1042
352 325
352 735
352 317
352 650
352 328
353 1078
353 255
353 1105
353 399
353 635
353 1077
353 1048
353 968
353 523
353 173
353 822
353 652
353 931
353 673
353 313
353 922
353 771
354 650
354 200
354 331
354 880
354 594
354 394
354 1098
354 407
354 749
354 961
354 1002
354 968
354 448
354 672
354 623
354 931
354 46
355 672
355 459
355 99
355 1080
355 274
355 787
356 1103
356 501
356 146
356 292
356 751
356 594
356 1125
356 650
357 1013
357 1035
357 554
357 1113
357 629
357 505
357 1124
358 263
358 43
359 554
359 694
359 551
359 1029
359 336
359 647
359 119
359 144
359 1053
359 986
359 633
359 784
359 568
359 622
360 1008
360 1090
361 645
361 309
361 255
362 155
362 832
362 768
363 178
363 614
363 399
363 1106
363 724
363 1014
363 372
363 445
363 35
363 40
363 802
363 1015
363 122
363 735
363 910
363 818
363 151
363 476
363 1005
364 663
365 888
366 630
366 941
367 329
367 783
367 948
367 281
367 415
367 154
367 264
368 101
369 143
369 701
369 1003
369 749
369 66
369 1049
370 737
370 977
370 686
370 1054
370 861
370 78
370 951
370 218
370 1003
370 512
370 742
370 1095
370 1036
370 18
370 330
370 1112
370 387
371 40
371 1015
371 957
371 580
371 216
371 504
371 555
371 62
371 802
371 122
371 952
371 776
371 17
371 448
371 525
371 811
371 113
371 475
372 62
372 555
372 273
372 237
372 771
372 163
372 216
372 18
372 940
372 119
372 448
372 498
372 35
372 178
372 476
372 46
372 28
372 363
372 957
372 878
372 689
372 931
373 336
373 916
373 160
373 559
374 1015
374 1006
374 476
374 971
375 985
375 336
376 872
376 83
376 217
376 349
376 387
376 931
376 523
376 444
376 635
376 1077
376 991
376 242
376 652
376 587
376 499
376 620
377 997
377 16
378 62
378 563
378 954
378 613
378 44
378 1015
378 749
378 1054
378 461
378 836
378 910
378 23
378 525
378 624
378 473
378 957
378 178
378 493
378 608
378 504
378 784
378 116
378 1002
378 816
378 776
378 1132
378 772
379 503
379 274
379 167
380 650
380 384
380 156
380 610
380 703
380 1126
380 931
380 150
380 168
380 15
380 320
380 242
380 193
380 388
380 140
380 765
380 1132
381 383
382 420
383 1002
383 1015
383 245
383 392
383 150
383 659
383 577
383 1029
383 265
383 1053
383 568
383 349
383 381
383 979
384 969
384 1132
384 571
384 1095
384 1023
384 380
384 499
385 475
385 315
385 559
385 916
385 160
385 725
385 791
385 336
386 721
386 963
386 99
386 675
386 205
386 895
386 883
386 731
386 50
387 47
387 396
387 697
387 951
387 958
387 306
387 71
387 376
387 218
387 485
387 370
387 930
387 691
387 42
387 113
387 742
387 737
387 441
387 507
387 749
387 998
387 448
387 135
387 330
388 757
388 404
388 522
388 563
388 541
388 796
388 1114
388 121
388 380
388 431
388 1012
388 1093
388 752
388 346
388 436
388 460
388 212
389 352
390 1055
390 735
390 776
391 15
391 406
392 760
392 170
392 1029
392 979
392 843
392 615
392 383
392 150
392 1121
392 245
392 577
392 115
392 444
393 21
393 558
393 181
394 7
394 794
394 226
394 1049
394 659
394 1101
394 749
394 695
394 135
394 968
394 1054
394 88
394 884
394 354
394 756
394 1130
394 686
394 770
395 427
396 18
396 387
396 1051
396 306
397 634
397 660
397 754
397 1016
397 604
397 618
397 511
398 436
398 606
398 610
398 726
398 2
398 146
398 926
398 1106
398 1011
398 682
398 1057
398 640
398 267
398 38
398 882
398 827
398 174
398 104
399 613
399 516
399 743
399 692
399 991
399 1033
399 441
399 353
399 931
399 265
399 913
399 643
399 811
399 1054
399 1055
399 658
399 714
399 363
399 34
399 1003
399 523
399 964
399 758
399 1074
399 525
399 1015
399 207
399 427
399 21
399 987
399 1077
399 802
399 47
399 979
399 954
399 689
399 1049
399 722
399 770
399 566
400 591
401 463
402 423
402 626
402 444
402 563
402 703
402 666
402 644
402 884
402 443
402 610
402 968
402 991
402 652
402 1058
403 644
403 185
403 511
403 162
403 58
403 188
403 347
403 1001
403 821
403 948
403 653
403 705
403 908
403 323
404 388
404 436
405 99
405 487
405 875
405 686
405 339
406 534
406 1105
406 391
407 1101
407 119
407 192
407 860
407 1094
407 759
407 354
407 436
407 890
407 542
408 185
408 792
409 843
409 611
409 835
409 641
409 301
409 642
409 745
409 867
409 1070
409 846
410 914
410 846
410 285
410 523
410 420
410 611
410 1073
410 916
410 24
410 119
410 642
411 62
411 90
411 178
411 786
411 103
411 864
411 957
412 900
412 620
412 416
412 871
412 157
412 436
412 278
412 890
413 216
413 461
414 1003
414 814
414 595
414 893
415 84
415 1127
415 367
415 948
415 232
415 235
416 612
416 1125
416 7
416 412
416 890
416 700
417 1131
418 856
418 561
418 43
418 1025
418 713
418 580
418 817
418 1029
418 879
418 1073
418 615
418 784
418 722
418 954
418 530
418 823
418 962
419 764
419 604
419 131
420 492
420 782
420 995
420 477
420 1052
420 103
420 527
420 740
420 382
420 1017
420 815
420 713
420 832
420 771
420 336
420 773
420 559
420 826
420 410
420 472
420 1013
420 589
420 9
420 171
420 194
420 268
420 712
421 473
422 531
422 140
423 402
423 563
423 1025
423 100
424 814
424 1082
424 487
424 45
424 299
424 1132
424 1058
424 446
424 1003
424 781
424 50
424 993
424 251
424 875
424 138
424 749
424 502
424 853
424 142
424 480
425 144
426 831
427 395
427 802
427 735
427 113
427 150
427 42
427 811
427 776
427 399
427 609
428 252
429 527
429 523
429 121
429 979
429 647
429 39
429 915
429 641
429 444
429 1132
429 551
429 772
429 499
429 119
429 1126
429 1057
429 760
429 274
430 1046
430 900
430 303
430 437
430 438
430 630
430 617
430 547
430 1061
430 604
431 715
431 142
431 388
431 68
431 619
431 487
432 936
432 610
432 74
432 650
432 320
432 956
432 29
432 591
433 1007
433 506
433 909
433 681
434 967
434 1041
434 938
434 885
434 188
434 1111
435 1048
436 398
436 242
436 388
436 412
436 294
436 1057
436 486
436 1012
436 460
436 614
436 407
436 1053
436 404
436 620
436 729
436 1011
436 74
436 442
436 541
436 571
436 444
437 900
437 313
437 234
437 430
437 1016
437 941
438 1103
438 348
438 178
438 906
438 547
438 430
438 344
438 644
438 21
438 577
438 1051
438 1027
439 1088
439 780
439 470
439 255
439 973
439 15
440 144
440 2
440 608
440 444
440 836
440 1029
440 979
440 843
440 89
440 173
440 577
440 644
440 760
440 21
441 387
441 135
441 18
441 991
441 1003
441 770
441 399
442 1011
442 436
443 352
443 252
443 193
443 1029
443 240
443 924
443 914
443 959
443 300
443 568
443 598
443 1103
443 557
443 402
443 1118
443 334
443 1089
444 523
444 611
444 402
444 685
444 539
444 429
444 1000
444 1023
444 1029
444 345
444 472
444 436
444 440
444 933
444 119
444 376
444 874
444 484
444 2
444 284
444 1099
444 686
444 718
444 70
444 392
444 577
445 1030
445 1131
445 473
445 363
445 214
445 40
445 461
445 1002
446 424
446 107
446 1082
447 677
447 630
447 295
447 235
447 933
447 1126
447 574
447 877
447 260
448 42
448 372
448 354
448 609
448 749
448 1003
448 940
448 714
448 113
448 748
448 137
448 387
448 371
448 18
448 802
449 336
449 273
449 199
449 880
449 587
449 609
449 645
449 698
449 876
449 863
449 1
449 309
449 129
449 768
449 282
449 272
449 930
449 505
449 296
449 979
449 470
449 874
449 304
450 882
451 1057
452 834
452 277
452 588
452 86
452 593
452 596
452 887
453 859
454 1103
454 286
454 757
454 682
454 612
454 292
454 650
454 466
454 617
454 121
454 812
455 611
455 869
455 752
455 686
455 467
456 1118
456 18
456 771
456 1112
456 105
456 1
456 748
456 723
457 294
458 1078
459 1053
459 323
459 773
459 467
459 182
459 538
459 1080
459 574
459 355
459 821
459 165
459 777
460 479
460 553
460 1012
460 436
460 96
460 968
460 74
460 756
460 608
460 1101
460 1106
460 1094
460 388
461 735
461 178
461 445
461 350
461 730
461 571
461 1
461 473
461 525
461 728
461 214
461 559
461 298
461 724
461 1002
461 413
461 486
461 1015
461 913
461 979
461 311
461 1131
461 40
461 144
461 245
461 378
461 115
461 971
461 1014
462 752
462 969
462 988
462 871
463 909
463 858
463 852
463 610
463 963
463 401
463 131
464 704
464 615
464 799
464 1058
465 108
465 577
466 555
466 146
466 757
466 74
466 454
467 641
467 455
467 459
468 898
469 1058
469 499
470 449
470 313
470 240
470 15
470 439
471 876
472 686
472 420
472 928
472 1
472 527
472 987
472 444
472 171
472 1021
472 305
473 979
473 461
473 445
473 43
473 378
473 311
473 421
473 784
473 728
473 797
473 40
473 245
473 1047
473 263
473 724
473 1030
473 1131
473 44
474 905
475 722
475 694
475 676
475 182
475 848
475 385
475 371
475 566
475 561
475 62
475 692
476 363
476 150
476 374
476 35
476 979
476 256
476 722
476 525
476 372
476 715
476 306
476 1002
476 971
477 103
477 492
477 966
477 315
477 37
477 420
477 535
477 197
477 559
478 991
479 460
479 486
479 701
479 900
479 1093
480 1082
480 75
480 577
480 119
480 424
480 623
480 487
480 756
480 516
480 875
481 333
481 732
481 1046
481 747
481 106
481 90
481 622
481 641
481 863
482 99
482 693
482 1078
482 606
482 1132
482 653
482 252
483 972
483 760
483 1106
483 1077
484 155
484 760
484 282
484 1011
484 124
484 1057
484 981
484 771
484 444
484 1106
484 104
484 309
484 640
484 15
484 874
484 663
484 541
484 352
484 1103
484 843
484 971
484 789
484 577
484 1053
484 615
485 218
485 958
485 387
486 550
486 729
486 242
486 682
486 479
486 42
486 860
486 1082
486 436
486 671
486 74
486 178
486 631
486 461
487 1079
487 405
487 143
487 45
487 659
487 230
487 1132
487 424
487 571
487 686
487 99
487 551
487 431
487 1082
487 971
487 262
487 301
487 232
487 480
487 321
487 809
487 669
487 2
488 62
488 67
488 269
488 1027
488 659
488 1022
488 947
489 131
490 789
491 350
492 315
492 559
492 1062
492 336
492 815
492 420
492 189
492 832
492 304
492 505
492 880
492 477
492 611
493 344
493 378
493 860
493 89
493 606
493 1048
493 104
493 749
493 963
493 968
494 234
494 642
494 241
494 1039
494 1073
494 285
494 5
495 876
495 705
495 971
496 1106
497 252
498 372
498 572
498 163
498 726
499 674
499 652
499 384
499 760
499 1058
499 429
499 882
499 1101
499 523
499 991
499 968
499 376
499 469
500 252
501 356
501 650
501 682
501 757
501 890
502 626
502 631
502 1020
502 156
502 889
502 1099
502 424
502 771
502 59
503 792
503 167
503 379
503 934
503 301
503 829
503 56
503 274
504 265
504 371
504 760
504 577
504 611
504 378
504 347
504 843
504 99
504 706
505 1124
505 449
505 285
505 1035
505 132
505 633
505 782
505 160
505 694
505 492
505 554
505 1039
505 629
505 357
505 535
505 1013
505 622
505 1113
505 986
506 156
506 303
506 55
506 1020
506 433
506 176
506 704
506 342
507 387
507 940
508 694
508 348
508 633
508 1002
508 5
508 608
508 150
509 793
509 798
510 155
510 255
510 15
510 594
511 193
511 626
511 397
511 403
512 1112
512 833
512 370
512 861
512 18
513 940
513 298
513 993
513 666
513 113
513 18
513 655
513 691
513 526
514 18
515 597
515 590
515 161
515 70
515 286
515 620
515 541
516 867
516 1036
516 480
516 230
516 1082
516 399
516 918
517 686
518 802
519 60
520 29
520 598
520 174
520 1094
520 822
520 579
520 1048
521 78
522 388
522 1103
523 760
523 1126
523 652
523 1101
523 931
523 884
523 143
523 1106
523 119
523 835
523 770
523 991
523 399
523 39
523 667
523 376
523 410
523 499
523 971
523 635
523 429
523 968
523 901
523 444
523 353
524 348
524 320
524 116
524 550
524 208
524 36
525 461
525 580
525 947
525 1131
525 772
525 340
525 34
525 913
525 399
525 692
525 178
525 1005
525 1014
525 1002
525 371
525 145
525 476
525 78
525 760
525 378
525 979
525 163
525 715
525 141
526 591
526 298
526 513
527 420
527 472
527 686
527 1052
527 429
527 832
527 712
528 553
529 984
530 856
530 907
530 418
530 37
530 986
530 713
530 773
530 161
531 98
531 28
531 341
531 422
531 852
531 683
531 16
531 244
531 140
531 872
531 127
531 775
532 766
532 1111
532 599
532 1091
533 626
534 406
534 255
534 1105
535 505
535 782
535 477
536 821
537 53
538 182
538 792
538 1095
538 459
538 574
539 252
539 27
539 192
539 444
540 1016
540 1034
540 739
540 827
540 896
540 1099
540 695
540 894
540 906
540 209
540 119
540 900
540 1126
541 119
541 388
541 971
541 121
541 436
541 969
541 484
541 620
541 752
541 83
541 726
541 900
541 515
541 289
541 1057
541 74
541 70
542 74
542 932
542 1106
542 555
542 871
542 204
542 407
542 900
543 756
543 716
544 226
545 979
545 641
545 68
545 1056
545 554
545 208
545 1104
546 585
546 310
546 725
546 1039
546 169
547 906
547 302
547 884
547 430
547 1051
547 438
547 1016
547 348
548 156
548 631
548 14
549 604
549 630
549 131
550 486
550 347
550 178
550 89
550 199
550 666
550 168
550 682
550 524
550 913
551 857
551 784
551 487
551 359
551 1106
551 760
551 915
551 429
552 624
553 760
553 1011
553 528
553 460
553 682
553 345
553 1057
553 726
553 74
554 1113
554 788
554 1095
554 505
554 782
554 285
554 545
554 916
554 217
554 197
554 716
554 1035
554 232
554 986
554 347
554 863
554 357
554 1013
554 301
554 5
554 359
554 215
554 160
554 577
554 143
555 569
555 309
555 812
555 84
555 154
555 466
555 304
555 314
555 1
555 1040
555 1036
555 882
555 780
555 372
555 911
555 371
555 700
555 919
555 15
555 979
555 895
555 1052
555 617
555 542
555 236
555 774
555 1076
556 811
556 41
557 876
557 630
557 727
557 674
557 443
558 1069
558 123
558 979
558 393
558 21
558 577
558 145
559 1062
559 103
559 712
559 611
559 1052
559 420
559 301
559 304
559 846
559 1017
559 880
559 1014
559 189
559 385
559 492
559 373
559 461
559 1058
559 477
560 1054
561 1014
561 307
561 418
561 979
561 566
561 475
562 968
562 979
563 1012
563 225
563 875
563 858
563 15
563 1098
563 402
563 716
563 666
563 650
563 933
563 749
563 388
563 968
563 1025
563 705
563 620
563 879
563 916
563 423
563 756
563 378
563 156
563 715
563 624
563 914
563 168
564 1003
564 67
564 1074
564 776
564 78
564 913
565 598
565 144
566 399
566 173
566 62
566 580
566 694
566 1055
566 776
566 573
566 1006
566 689
566 216
566 758
566 947
566 561
566 743
566 475
566 692
566 643
566 841
566 583
566 307
566 21
566 340
566 630
566 1119
567 1050
567 609
567 207
567 771
567 697
568 960
568 615
568 118
568 383
568 142
568 745
568 784
568 443
568 916
568 710
568 1053
568 641
568 359
568 285
568 593
568 878
569 681
569 731
569 682
569 603
569 687
569 593
569 615
569 577
569 94
569 1089
569 341
569 156
569 55
569 140
569 223
569 131
569 555
569 852
569 1007
569 924
569 1020
569 858
569 326
569 771
569 799
569 284
570 659
571 351
571 384
571 1048
571 487
571 843
571 305
571 1132
571 749
571 703
571 624
571 46
571 871
571 789
571 650
571 860
571 212
571 461
571 1011
571 657
571 168
571 436
571 603
571 2
572 174
572 498
572 701
573 566
574 538
574 235
574 154
574 459
574 447
575 686
575 125
576 144
577 304
577 484
577 438
577 821
577 504
577 927
577 440
577 929
577 444
577 615
577 285
577 194
577 383
577 840
577 569
577 465
577 480
577 735
577 1082
577 629
577 98
577 611
577 157
577 1064
577 349
577 1132
577 558
577 392
577 1029
577 2
577 1104
577 665
577 554
577 880
577 843
577 176
577 167
578 617
578 604
578 632
578 313
578 303
578 222
578 688
578 634
578 900
579 67
579 78
579 764
579 520
579 604
580 216
580 952
580 940
580 946
580 178
580 613
580 371
580 811
580 123
580 307
580 1109
580 566
580 113
580 418
580 947
580 298
580 713
580 173
580 525
580 17
580 1092
580 150
580 340
580 979
581 963
582 844
582 1057
582 631
583 643
583 1055
583 102
583 758
583 566
584 1054
584 306
584 330
584 742
584 135
584 1043
584 180
584 218
584 609
585 310
585 1073
585 773
585 169
585 546
586 277
586 802
586 218
586 610
586 590
586 748
586 686
586 1114
586 687
586 168
586 328
587 845
587 139
587 820
587 91
587 449
587 376
587 1042
587 151
587 965
587 754
587 317
588 593
588 131
588 176
588 86
588 887
588 799
588 452
588 59
588 596
589 991
589 420
589 652
590 267
590 152
590 804
590 515
590 276
590 586
591 242
591 526
591 280
591 400
591 432
591 168
592 281
592 313
592 606
592 172
592 308
593 452
593 159
593 59
593 334
593 799
593 156
593 687
593 569
593 588
593 858
593 131
593 889
593 568
593 603
594 608
594 828
594 242
594 168
594 1011
594 343
594 356
594 276
594 860
594 305
594 1048
594 737
594 46
594 510
594 857
594 969
594 968
594 621
594 659
594 686
594 695
594 1097
594 155
594 614
594 749
594 354
595 990
595 230
595 414
595 257
595 814
596 452
596 887
596 86
596 687
596 588
596 277
597 120
597 515
597 163
597 771
597 1108
597 286
598 148
598 174
598 605
598 520
598 1023
598 889
598 1066
598 168
598 1106
598 443
598 860
598 238
598 25
598 565
599 1116
599 532
600 784
601 208
601 1096
602 158
602 838
602 293
602 1072
603 593
603 16
603 76
603 569
603 131
603 571
603 326
603 1007
603 963
603 729
603 924
603 1000
603 140
603 631
604 131
604 397
604 313
604 610
604 430
604 419
604 549
604 756
604 579
604 578
604 764
605 756
605 598
606 308
606 281
606 493
606 252
606 843
606 344
606 482
606 1106
606 398
606 592
606 1057
606 637
606 693
607 811
607 817
608 336
608 178
608 440
608 1098
608 594
608 508
608 79
608 633
608 756
608 701
608 53
608 378
608 460
608 1101
609 18
609 273
609 448
609 824
609 449
609 584
609 42
609 920
609 567
609 427
610 586
610 1114
610 320
610 620
610 119
610 380
610 1106
610 168
610 1099
610 910
610 463
610 614
610 611
610 666
610 274
610 276
610 277
610 174
610 99
610 432
610 402
610 1000
610 398
610 100
610 882
610 660
610 604
610 824
610 242
610 36
610 821
611 203
611 157
611 988
611 1023
611 349
611 915
611 274
611 641
611 347
611 916
611 871
611 2
611 504
611 653
611 559
611 352
611 492
611 36
611 130
611 610
611 114
611 880
611 1057
611 846
611 336
611 35
611 455
611 444
611 119
611 885
611 216
611 735
611 577
611 197
611 410
611 979
611 971
611 1062
611 409
611 37
611 815
612 650
612 617
612 454
612 128
612 1103
612 682
612 146
612 416
612 771
613 378
613 735
613 307
613 811
613 399
613 802
613 580
613 1015
613 978
613 743
613 150
613 643
614 642
614 992
614 721
614 610
614 594
614 436
614 659
614 363
614 174
615 569
615 657
615 577
615 304
615 568
615 418
615 392
615 1053
615 979
615 843
615 305
615 1029
615 1
615 929
615 484
615 745
615 464
615 644
616 263
616 265
617 454
617 555
617 650
617 430
617 1011
617 812
617 771
617 578
617 612
617 682
618 900
618 660
618 894
618 397
619 846
619 797
619 92
619 784
619 431
619 914
619 629
620 1004
620 317
620 70
620 563
620 1064
620 1094
620 376
620 898
620 1114
620 610
620 804
620 1103
620 703
620 631
620 541
620 1129
620 650
620 515
620 412
620 1077
620 121
620 436
620 752
620 1106
621 594
622 188
622 641
622 1120
622 642
622 624
622 665
622 1039
622 1062
622 37
622 481
622 863
622 505
622 694
622 880
622 106
622 747
622 359
622 916
623 749
623 918
623 263
623 275
623 354
623 119
623 480
624 954
624 916
624 622
624 756
624 61
624 716
624 680
624 715
624 552
624 160
624 703
624 343
624 20
624 238
624 911
624 950
624 650
624 378
624 197
624 563
624 571
625 1016
625 1000
626 913
626 679
626 350
626 511
626 533
626 158
626 402
626 897
626 502
626 244
627 131
628 991
629 986
629 633
629 357
629 577
629 132
629 505
629 694
629 1071
629 1013
629 1046
629 642
629 784
629 160
629 1113
629 336
629 285
629 782
629 197
629 1035
629 1104
629 619
629 916
629 1039
629 821
630 1126
630 78
630 779
630 447
630 789
630 430
630 221
630 695
630 718
630 313
630 209
630 684
630 366
630 688
630 919
630 566
630 549
630 557
630 945
630 933
630 900
630 941
631 736
631 548
631 260
631 111
631 582
631 900
631 603
631 502
631 679
631 620
631 701
631 156
631 486
631 267
632 203
632 578
632 732
632 668
633 505
633 1039
633 1128
633 694
633 359
633 5
633 629
633 608
633 508
634 303
634 660
634 578
634 883
634 397
634 911
635 701
635 901
635 697
635 749
635 353
635 931
635 861
635 376
635 523
635 770
636 121
636 1094
637 606
638 327
638 826
638 1088
638 1111
638 938
638 171
638 911
638 960
639 878
640 936
640 1015
640 1057
640 805
640 145
640 1067
640 46
640 484
640 1106
640 860
640 969
640 55
640 398
640 979
640 36
641 747
641 481
641 1023
641 782
641 568
641 1095
641 545
641 622
641 467
641 320
641 1057
641 333
641 301
641 285
641 611
641 261
641 5
641 694
641 871
641 409
641 1120
641 975
641 732
641 429
642 622
642 410
642 494
642 409
642 614
642 1011
642 629
642 285
642 1128
642 1017
643 21
643 1109
643 613
643 150
643 811
643 957
643 954
643 947
643 566
643 307
643 735
643 929
643 758
643 848
643 399
643 793
643 583
643 102
643 216
643 178
644 118
644 615
644 402
644 959
644 440
644 1051
644 438
644 348
644 403
645 738
645 309
645 361
645 240
645 673
645 255
645 259
645 449
646 870
646 1082
647 359
647 741
647 803
647 116
647 429
647 1058
648 1131
648 220
649 0
649 303
650 46
650 888
650 432
650 624
650 146
650 354
650 563
650 232
650 1129
650 454
650 356
650 757
650 501
650 612
650 352
650 571
650 1125
650 620
650 617
650 1103
650 128
650 247
650 380
650 932
651 40
652 1101
652 884
652 353
652 376
652 523
652 697
652 402
652 499
652 901
652 1077
652 860
652 703
652 931
652 589
653 99
653 301
653 482
653 403
653 611
654 15
655 216
655 122
655 940
655 513
655 113
655 45
656 310
657 571
657 615
658 52
658 150
658 399
658 947
658 347
659 594
659 383
659 226
659 570
659 1011
659 614
659 232
659 686
659 487
659 394
659 824
659 816
659 488
659 757
659 18
659 882
660 756
660 268
660 634
660 397
660 618
660 209
660 303
660 610
661 957
662 1003
662 141
663 1093
663 771
663 364
663 484
663 96
664 729
665 622
665 24
665 577
665 732
665 166
665 215
665 106
665 197
666 687
666 1048
666 857
666 168
666 513
666 402
666 842
666 794
666 837
666 823
666 550
666 1065
666 200
666 99
666 610
666 563
666 242
666 140
666 750
667 900
667 523
668 37
668 863
668 690
668 337
668 686
668 632
669 988
669 1057
669 289
669 487
670 780
670 327
670 766
670 938
671 486
672 1101
672 787
672 1047
672 719
672 1056
672 232
672 355
672 756
672 100
672 354
672 85
673 309
673 645
673 99
673 1048
673 353
674 557
674 499
675 205
675 778
675 386
675 731
676 475
677 447
677 154
677 179
677 84
677 235
678 1116
679 631
679 626
679 350
680 1039
680 747
680 931
680 624
681 569
681 30
681 433
681 342
681 131
681 55
682 569
682 757
682 501
682 1103
682 553
682 454
682 38
682 398
682 247
682 486
682 729
682 612
682 756
682 345
682 348
682 617
682 550
682 898
682 812
683 531
684 705
684 696
684 876
684 630
684 945
685 444
686 394
686 472
686 659
686 971
686 918
686 731
686 1053
686 594
686 487
686 575
686 865
686 12
686 444
686 370
686 781
686 188
686 831
686 586
686 871
686 125
686 348
686 1036
686 405
686 517
686 668
686 527
686 1095
686 142
686 1106
686 338
686 455
687 86
687 596
687 963
687 59
687 586
687 156
687 593
687 569
687 666
687 894
688 630
688 303
688 578
688 51
689 957
689 1109
689 340
689 372
689 1074
689 399
689 1054
689 946
689 566
689 151
689 178
689 758
690 668
690 863
691 18
691 330
691 513
691 387
692 399
692 746
692 1109
692 117
692 475
692 947
692 566
692 525
692 722
692 811
693 482
693 606
693 81
693 158
694 962
694 1046
694 735
694 629
694 508
694 566
694 505
694 359
694 5
694 986
694 475
694 622
694 269
694 641
694 1019
694 633
695 394
695 630
695 594
695 730
695 922
695 879
695 100
695 540
696 684
696 1094
697 1101
697 1058
697 567
697 901
697 40
697 931
697 652
697 119
697 760
697 968
697 930
697 387
697 843
697 1111
697 635
697 991
697 323
697 1077
697 1003
698 195
698 449
699 158
700 416
700 99
700 555
700 973
700 1012
701 352
701 212
701 808
701 369
701 635
701 137
701 631
701 479
701 572
701 70
701 66
701 608
701 770
701 1044
702 30
702 922
702 1076
703 991
703 402
703 624
703 756
703 968
703 1040
703 1051
703 652
703 620
703 571
703 380
704 799
704 464
704 506
704 1007
704 924
704 963
705 495
705 403
705 756
705 563
705 789
705 46
705 684
705 51
705 840
705 208
705 99
706 504
706 265
707 716
707 752
707 276
707 937
708 255
708 155
709 103
710 568
710 775
710 341
710 834
711 225
711 774
712 713
712 740
712 832
712 559
712 527
712 420
713 420
713 580
713 856
713 418
713 817
713 773
713 894
713 777
713 530
713 712
714 399
714 448
714 735
714 802
715 802
715 245
715 34
715 957
715 624
715 525
715 979
715 476
715 431
715 797
715 563
715 1005
715 1097
716 160
716 563
716 554
716 624
716 1075
716 707
716 756
716 1039
716 747
716 330
716 543
716 101
716 794
716 1025
717 968
717 101
717 15
718 933
718 821
718 6
718 1011
718 444
718 727
718 630
719 672
720 1027
721 1089
721 1007
721 614
721 386
721 924
721 997
721 731
722 399
722 692
722 1022
722 62
722 1109
722 150
722 475
722 476
722 802
722 418
722 269
722 173
722 947
722 1030
723 226
723 833
723 1003
723 749
723 456
723 748
724 1022
724 802
724 1131
724 952
724 363
724 40
724 964
724 473
724 461
725 546
725 241
725 985
725 20
725 385
725 994
725 791
725 203
725 95
725 336
726 541
726 900
726 498
726 553
726 1106
726 932
726 398
726 922
727 876
727 1118
727 718
727 789
727 557
727 1000
727 984
727 274
727 933
727 769
728 473
728 1131
728 461
729 682
729 208
729 1103
729 20
729 348
729 436
729 876
729 160
729 664
729 603
729 910
729 486
729 850
729 889
729 42
729 808
730 695
730 100
730 461
731 1089
731 205
731 686
731 1007
731 895
731 721
731 386
731 569
731 675
732 112
732 166
732 641
732 665
732 1086
732 747
732 481
732 860
732 224
732 261
732 106
732 632
732 215
733 1093
734 1014
735 694
735 178
735 743
735 905
735 790
735 363
735 643
735 427
735 957
735 714
735 390
735 352
735 150
735 145
735 613
735 802
735 940
735 611
735 1131
735 577
735 461
736 631
736 119
737 226
737 330
737 1003
737 387
737 370
737 594
738 645
738 874
738 15
738 939
738 309
739 540
739 884
739 1126
739 268
739 894
739 900
739 313
739 963
739 906
739 1016
740 103
740 712
740 315
740 420
741 647
741 119
742 343
742 1131
742 1082
742 584
742 387
742 1026
742 824
742 174
742 370
743 952
743 399
743 123
743 776
743 613
743 566
743 150
743 1014
743 1033
743 735
743 790
743 811
743 1019
743 1074
743 947
743 1119
743 979
744 748
745 232
745 1047
745 409
745 615
745 905
745 1053
745 835
745 568
746 692
747 191
747 622
747 224
747 5
747 190
747 1046
747 716
747 732
747 975
747 261
747 863
747 481
747 641
747 24
747 333
747 215
747 680
747 756
747 1120
747 914
748 456
748 1003
748 448
748 105
748 930
748 78
748 723
748 744
748 182
748 771
748 824
748 586
749 18
749 623
749 594
749 119
749 1132
749 369
749 493
749 571
749 448
749 723
749 424
749 223
749 354
749 80
749 772
749 944
749 387
749 378
749 635
749 394
749 875
749 1003
749 563
750 1092
750 666
751 356
751 1118
752 620
752 541
752 91
752 388
752 317
752 455
752 707
752 462
752 800
753 153
754 193
754 587
754 277
754 1000
754 397
755 159
755 140
755 997
756 703
756 660
756 168
756 89
756 716
756 682
756 747
756 624
756 480
756 325
756 895
756 1048
756 604
756 150
756 910
756 889
756 797
756 705
756 672
756 460
756 1075
756 902
756 608
756 543
756 605
756 18
756 858
756 394
756 922
756 968
756 100
756 563
756 34
757 659
757 1103
757 973
757 292
757 247
757 682
757 454
757 388
757 192
757 650
757 466
757 501
758 301
758 643
758 102
758 52
758 243
758 399
758 811
758 689
758 583
758 566
759 407
759 303
760 525
760 915
760 935
760 836
760 440
760 697
760 1047
760 291
760 1077
760 429
760 499
760 11
760 1058
760 1126
760 523
760 349
760 34
760 850
760 484
760 193
760 504
760 922
760 392
760 483
760 89
760 971
760 553
760 551
760 772
760 286
760 2
761 77
761 784
762 99
762 313
762 1048
762 252
763 791
764 604
764 209
764 131
764 896
764 579
764 419
765 39
765 380
765 100
766 1050
766 670
766 1
766 938
766 532
767 1048
767 252
767 119
767 973
768 362
768 449
768 124
769 727
769 771
770 635
770 1049
770 701
770 836
770 399
770 40
770 441
770 1054
770 523
770 394
770 1003
770 930
771 769
771 129
771 617
771 789
771 1011
771 152
771 1021
771 663
771 612
771 46
771 484
771 1013
771 567
771 208
771 930
771 197
771 105
771 885
771 862
771 226
771 911
771 502
771 420
771 309
771 979
771 1
771 597
771 748
771 569
771 272
771 1103
771 353
771 456
771 372
772 855
772 254
772 78
772 378
772 21
772 338
772 954
772 429
772 525
772 1077
772 749
772 1005
772 760
773 169
773 459
773 713
773 777
773 530
773 967
773 303
773 585
773 420
773 929
774 555
774 711
774 120
774 903
775 710
775 334
775 341
775 1015
775 531
775 140
775 834
776 371
776 1003
776 566
776 178
776 427
776 802
776 564
776 940
776 378
776 1015
776 390
776 947
776 1074
776 1055
776 1033
776 216
776 743
777 962
777 923
777 773
777 459
777 61
777 713
778 675
779 313
779 1126
779 630
779 963
779 900
780 255
780 36
780 15
780 849
780 439
780 342
780 670
780 155
780 973
780 1094
780 555
781 424
781 93
781 686
781 1130
782 505
782 197
782 61
782 817
782 916
782 1013
782 285
782 1035
782 554
782 352
782 420
782 535
782 986
782 343
782 1
782 5
782 641
782 1124
782 1071
782 629
782 863
782 914
783 367
783 329
783 851
783 1078
783 313
783 252
783 158
783 877
784 761
784 619
784 1118
784 208
784 1008
784 473
784 418
784 359
784 551
784 325
784 600
784 378
784 1126
784 568
784 629
784 1044
784 875
784 156
784 1009
785 209
785 1090
785 800
785 195
786 411
786 215
787 672
787 355
788 554
788 285
789 705
789 274
789 490
789 876
789 1018
789 771
789 571
789 727
789 197
789 124
789 630
789 484
789 910
790 1033
790 952
790 1030
790 946
790 1092
790 743
790 1022
790 947
790 735
790 1074
790 340
791 336
791 763
791 1084
791 385
791 160
791 725
791 1046
792 934
792 538
792 503
792 1050
792 408
793 298
793 643
793 17
793 509
793 255
793 955
794 394
794 352
794 73
794 860
794 843
794 66
794 666
794 716
795 1073
795 962
796 388
796 985
796 859
797 756
797 232
797 715
797 21
797 473
797 619
798 1058
798 509
799 569
799 94
799 588
799 593
799 704
799 159
799 156
799 887
799 464
800 752
800 785
800 271
801 176
801 55
802 194
802 448
802 371
802 1006
802 715
802 113
802 735
802 586
802 714
802 145
802 613
802 340
802 1002
802 957
802 196
802 518
802 776
802 40
802 427
802 46
802 1015
802 979
802 910
802 150
802 952
802 978
802 399
802 722
802 818
802 363
802 99
802 1014
802 207
802 724
803 647
804 590
804 620
805 153
805 640
805 913
806 319
806 842
807 830
808 104
808 876
808 729
808 701
809 487
810 100
811 947
811 692
811 556
811 399
811 185
811 371
811 179
811 643
811 613
811 307
811 580
811 607
811 427
811 913
811 758
811 1006
811 1015
811 298
811 743
811 216
812 454
812 292
812 555
812 1114
812 682
812 930
812 617
813 1105
814 1060
814 230
814 893
814 1054
814 595
814 414
814 424
814 1003
815 103
815 1062
815 315
815 420
815 611
815 492
816 378
816 175
816 1055
816 659
816 178
817 713
817 856
817 607
817 782
817 161
817 879
817 1025
817 907
817 418
818 363
818 802
819 252
820 587
820 317
821 911
821 826
821 403
821 610
821 101
821 1039
821 629
821 197
821 967
821 536
821 296
821 1085
821 577
821 885
821 916
821 938
821 1053
821 718
821 960
821 268
821 188
821 274
821 459
822 15
822 1101
822 325
822 520
822 353
823 418
823 15
823 950
823 666
824 1054
824 18
824 610
824 218
824 659
824 748
824 42
824 742
824 609
825 890
825 131
826 928
826 249
826 1021
826 305
826 268
826 821
826 638
826 49
826 967
826 1050
826 420
826 938
826 68
827 268
827 1126
827 884
827 398
827 346
827 540
827 1011
827 209
828 348
828 15
828 594
828 155
829 503
830 807
830 1053
831 686
831 426
832 492
832 712
832 308
832 304
832 420
832 362
832 527
833 105
833 723
833 18
833 512
834 94
834 710
834 140
834 341
834 284
834 55
834 452
834 775
834 98
834 909
835 745
835 409
835 1106
835 523
835 971
836 63
836 979
836 378
836 760
836 44
836 301
836 971
836 1002
836 770
836 440
837 900
837 666
838 602
839 78
839 306
840 705
840 51
840 577
840 1115
840 869
841 566
842 806
842 666
842 225
843 36
843 794
843 916
843 577
843 440
843 245
843 969
843 571
843 504
843 484
843 392
843 606
843 915
843 615
843 409
843 697
843 1053
844 582
845 587
845 1095
845 121
846 1062
846 916
846 189
846 410
846 619
846 559
846 160
846 611
846 409
846 103
846 880
847 225
847 1042
847 1065
847 1094
847 70
847 120
847 1023
847 286
848 1002
848 475
848 1131
848 1003
848 959
848 150
848 987
848 643
848 145
848 979
849 1059
849 780
849 1048
849 252
850 881
850 1130
850 760
850 196
850 729
851 783
852 463
852 531
852 140
852 1007
852 909
852 569
853 1130
853 50
853 1003
853 424
854 150
855 772
855 125
855 918
855 1130
856 907
856 817
856 713
856 530
856 141
856 871
856 161
856 915
856 100
856 1132
856 182
856 418
857 551
857 594
857 46
857 666
858 563
858 186
858 593
858 326
858 140
858 288
858 924
858 463
858 1020
858 569
858 756
858 1101
858 968
858 1058
859 796
859 453
860 594
860 407
860 153
860 598
860 640
860 732
860 119
860 493
860 1083
860 794
860 652
860 956
860 991
860 571
860 89
860 486
861 370
861 1036
861 635
861 157
861 871
861 512
862 282
862 124
862 771
862 272
863 261
863 747
863 622
863 481
863 449
863 160
863 24
863 106
863 554
863 782
863 690
863 668
863 197
863 112
863 333
863 914
864 411
865 686
866 255
867 409
867 516
867 1036
868 277
869 455
869 840
870 1109
870 1022
870 646
871 462
871 542
871 686
871 611
871 412
871 856
871 934
871 641
871 68
871 861
871 571
871 120
871 146
872 531
872 297
872 253
872 376
873 158
874 1106
874 309
874 163
874 444
874 2
874 738
874 255
874 449
874 484
874 930
874 15
875 480
875 1053
875 424
875 1054
875 784
875 749
875 563
875 405
876 557
876 877
876 808
876 789
876 495
876 729
876 471
876 984
876 449
876 727
876 684
877 447
877 876
877 783
878 639
878 372
878 1053
878 35
878 568
879 695
879 100
879 907
879 1061
879 817
879 336
879 160
879 190
879 563
879 418
879 2
880 1017
880 916
880 336
880 577
880 846
880 622
880 914
880 559
880 304
880 103
880 449
880 1062
880 189
880 492
880 354
880 611
880 5
881 850
882 352
882 610
882 659
882 979
882 555
882 119
882 398
882 450
882 499
882 99
883 176
883 634
883 303
883 386
883 1016
883 268
884 652
884 547
884 523
884 78
884 1031
884 402
884 1126
884 906
884 894
884 394
884 827
884 739
884 268
884 67
884 900
885 911
885 1111
885 1120
885 611
885 434
885 771
885 821
885 1057
885 916
885 1021
886 81
887 596
887 1007
887 277
887 452
887 588
887 799
887 86
888 650
888 365
888 292
889 288
889 756
889 593
889 729
889 502
889 86
889 598
889 924
890 407
890 412
890 501
890 192
890 825
890 416
891 140
892 1039
892 174
893 414
893 990
893 814
894 540
894 896
894 963
894 687
894 159
894 713
894 906
894 618
894 98
894 884
894 1016
894 19
894 1034
894 739
894 997
894 313
894 131
895 756
895 205
895 555
895 731
895 3
895 386
896 313
896 1034
896 70
896 894
896 1126
896 540
896 1016
896 67
896 764
896 209
897 626
897 286
898 620
898 468
898 682
899 78
900 1126
900 268
900 294
900 963
900 234
900 247
900 986
900 902
900 726
900 739
900 430
900 540
900 197
900 1061
900 345
900 667
900 479
900 437
900 578
900 884
900 950
900 618
900 630
900 631
900 174
900 1122
900 78
900 209
900 542
900 541
900 412
900 837
900 779
901 111
901 931
901 697
901 523
901 652
901 116
901 635
902 900
902 756
903 774
904 1004
904 347
904 96
904 1093
905 216
905 474
905 745
905 735
906 313
906 1034
906 950
906 1098
906 894
906 540
906 1126
906 739
906 438
906 884
906 547
907 182
907 856
907 817
907 530
907 231
907 879
908 99
908 185
908 403
909 852
909 834
909 463
909 433
910 160
910 378
910 208
910 363
910 335
910 156
910 756
910 182
910 610
910 802
910 789
910 116
910 729
910 5
911 634
911 821
911 268
911 347
911 885
911 101
911 234
911 296
911 771
911 624
911 555
911 1111
911 638
911 938
911 1021
911 305
912 252
913 1006
913 53
913 626
913 1015
913 1099
913 550
913 805
913 256
913 979
913 461
913 179
913 115
913 399
913 811
913 525
913 4
913 564
913 194
914 1039
914 1104
914 563
914 443
914 285
914 782
914 1132
914 619
914 5
914 747
914 863
914 880
914 994
914 410
915 1057
915 760
915 429
915 856
915 611
915 2
915 972
915 843
915 551
916 880
916 624
916 622
916 101
916 160
916 782
916 629
916 189
916 563
916 568
916 1046
916 1084
916 410
916 99
916 18
916 336
916 373
916 885
916 24
916 143
916 611
916 385
916 821
916 846
916 987
916 554
916 843
916 1106
917 1048
918 516
918 206
918 686
918 230
918 1082
918 125
918 1130
918 855
918 623
919 630
919 555
919 99
920 609
921 119
922 158
922 702
922 726
922 695
922 286
922 756
922 760
922 48
922 149
922 353
923 777
924 443
924 704
924 1020
924 721
924 1089
924 997
924 889
924 246
924 569
924 603
924 858
925 1032
925 1115
926 398
926 1106
927 577
927 140
927 16
928 1116
928 472
928 826
928 1021
929 615
929 773
929 350
929 63
929 971
929 643
929 1002
929 577
930 748
930 449
930 770
930 387
930 163
930 771
930 1
930 812
930 874
930 218
930 697
930 124
930 272
930 309
931 372
931 991
931 680
931 380
931 354
931 399
931 635
931 697
931 282
931 1101
931 652
931 901
931 353
931 376
931 523
932 650
932 276
932 542
932 289
932 74
932 726
933 718
933 242
933 447
933 300
933 444
933 1132
933 972
933 630
933 971
933 969
933 101
933 727
933 563
934 871
934 167
934 1080
934 792
934 503
934 274
935 760
936 432
936 640
937 707
938 821
938 171
938 670
938 305
938 434
938 1085
938 766
938 1088
938 1041
938 228
938 826
938 638
938 911
938 1111
938 198
938 10
938 1050
939 738
939 15
940 776
940 735
940 71
940 513
940 372
940 507
940 952
940 273
940 113
940 580
940 448
940 216
940 298
940 655
941 366
941 630
941 437
942 49
942 296
943 346
943 146
943 312
944 749
944 1003
945 684
945 167
945 630
945 1010
946 1092
946 229
946 21
946 580
946 790
946 689
946 1033
946 979
947 525
947 488
947 62
947 790
947 811
947 743
947 178
947 722
947 580
947 776
947 566
947 307
947 658
947 692
947 1033
947 1109
947 1074
947 1030
947 643
947 1055
948 154
948 1127
948 367
948 403
948 415
949 66
950 900
950 78
950 823
950 906
950 624
950 1126
950 1106
951 287
951 387
951 370
952 580
952 790
952 265
952 940
952 371
952 724
952 1033
952 802
952 1074
952 743
952 1022
953 1036
954 23
954 334
954 378
954 150
954 624
954 1033
954 772
954 643
954 399
954 418
955 298
955 793
955 303
955 67
956 860
956 1076
956 168
956 1001
956 432
957 145
957 340
957 1014
957 979
957 265
957 411
957 378
957 661
957 1109
957 689
957 802
957 103
957 119
957 643
957 150
957 115
957 371
957 735
957 1002
957 372
957 715
957 34
958 387
958 485
959 443
959 644
959 848
960 49
960 1116
960 334
960 821
960 568
960 638
961 354
962 418
962 1073
962 694
962 795
962 310
962 1069
962 777
963 209
963 997
963 739
963 1029
963 386
963 704
963 493
963 1126
963 779
963 159
963 894
963 900
963 16
963 603
963 581
963 463
963 78
963 687
963 1016
963 131
964 724
964 399
964 181
964 21
964 979
964 1054
965 587
966 477
967 1085
967 773
967 826
967 821
967 434
968 562
968 18
968 717
968 353
968 991
968 697
968 703
968 974
968 402
968 100
968 756
968 325
968 523
968 394
968 493
968 499
968 460
968 1101
968 200
968 594
968 354
968 858
968 208
968 563
969 933
969 843
969 137
969 1102
969 541
969 462
969 384
969 1057
969 640
969 594
970 100
971 541
971 484
971 374
971 487
971 349
971 760
971 194
971 523
971 987
971 495
971 979
971 1126
971 929
971 835
971 289
971 836
971 686
971 476
971 461
971 1057
971 933
971 78
971 23
971 611
972 349
972 168
972 119
972 933
972 915
972 1126
972 483
972 1106
973 700
973 15
973 14
973 767
973 192
973 757
973 1063
973 439
973 99
973 780
973 264
973 325
973 227
974 1101
974 968
975 197
975 641
975 747
976 1002
976 1015
976 245
977 370
978 613
978 802
978 1015
979 558
979 115
979 301
979 245
979 440
979 178
979 1069
979 743
979 611
979 836
979 181
979 561
979 771
979 946
979 913
979 1002
979 102
979 1077
979 957
979 987
979 35
979 1097
979 848
979 449
979 640
979 715
979 429
979 334
979 555
979 545
979 21
979 580
979 383
979 1029
979 525
979 1006
979 562
979 392
979 882
979 265
979 802
979 350
979 8
979 53
979 473
979 151
979 52
979 399
979 971
979 150
979 615
979 476
979 145
979 34
979 461
979 964
980 19
981 484
982 14
982 1040
983 131
984 1118
984 727
984 529
984 876
985 375
985 725
985 1084
985 796
985 336
985 994
986 359
986 1053
986 1035
986 694
986 554
986 285
986 197
986 782
986 1124
986 629
986 530
986 900
986 5
986 505
987 1097
987 1081
987 848
987 971
987 472
987 399
987 916
987 979
987 171
987 1021
988 611
988 27
988 33
988 669
988 91
988 462
989 1094
990 595
990 1130
990 893
991 628
991 931
991 202
991 589
991 478
991 860
991 697
991 399
991 441
991 499
991 1003
991 376
991 968
991 523
991 402
991 703
992 614
992 341
992 76
993 424
993 513
994 914
994 725
994 985
994 336
994 1084
994 168
995 420
995 285
996 1008
997 963
997 377
997 755
997 140
997 894
997 721
997 131
997 22
997 1007
997 924
998 387
999 158
1000 754
1000 610
1000 603
1000 1007
1000 625
1000 1042
1000 1040
1000 193
1000 727
1000 242
1000 444
1000 104
1001 323
1001 1076
1001 956
1001 403
1001 185
1001 197
1002 476
1002 1015
1002 802
1002 265
1002 848
1002 525
1002 378
1002 976
1002 23
1002 461
1002 979
1002 929
1002 245
1002 383
1002 836
1002 508
1002 957
1002 445
1002 354
1002 170
1003 1005
1003 776
1003 40
1003 57
1003 1043
1003 399
1003 370
1003 414
1003 853
1003 1049
1003 848
1003 424
1003 723
1003 944
1003 178
1003 697
1003 814
1003 448
1003 18
1003 441
1003 737
1003 662
1003 564
1003 749
1003 770
1003 125
1003 369
1003 32
1003 748
1003 218
1003 1054
1003 991
1004 620
1004 904
1005 150
1005 1003
1005 772
1005 715
1005 363
1005 525
1005 145
1005 119
1006 979
1006 1119
1006 566
1006 150
1006 374
1006 194
1006 802
1006 811
1006 913
1007 852
1007 603
1007 721
1007 433
1007 731
1007 569
1007 997
1007 140
1007 1000
1007 887
1007 704
1008 996
1008 1094
1008 784
1008 360
1008 1076
1008 1090
1009 279
1009 784
1010 945
1010 185
1010 1080
1010 167
1011 571
1011 484
1011 1012
1011 617
1011 1132
1011 276
1011 771
1011 147
1011 121
1011 346
1011 659
1011 553
1011 718
1011 827
1011 436
1011 442
1011 398
1011 1130
1011 323
1011 352
1011 642
1011 594
1012 436
1012 388
1012 352
1012 460
1012 700
1012 563
1012 1011
1012 83
1013 357
1013 505
1013 771
1013 554
1013 420
1013 629
1013 69
1013 5
1013 197
1013 1124
1013 782
1014 363
1014 802
1014 78
1014 461
1014 957
1014 525
1014 178
1014 115
1014 1131
1014 743
1014 336
1014 559
1014 561
1014 34
1014 265
1014 734
1015 194
1015 802
1015 461
1015 640
1015 374
1015 399
1015 776
1015 363
1015 811
1015 245
1015 775
1015 115
1015 978
1015 378
1015 976
1015 1099
1015 383
1015 913
1015 207
1015 371
1015 23
1015 1002
1015 613
1016 540
1016 739
1016 437
1016 397
1016 894
1016 547
1016 313
1016 896
1016 625
1016 883
1016 1034
1016 963
1017 61
1017 559
1017 160
1017 304
1017 880
1017 336
1017 197
1017 642
1017 420
1018 789
1018 60
1019 743
1019 694
1020 506
1020 156
1020 858
1020 1089
1020 322
1020 55
1020 176
1020 569
1020 924
1020 502
1021 68
1021 771
1021 826
1021 272
1021 1057
1021 885
1021 305
1021 49
1021 301
1021 987
1021 1091
1021 472
1021 911
1021 101
1021 327
1021 1085
1021 928
1021 1116
1021 1
1022 1033
1022 1109
1022 870
1022 952
1022 488
1022 724
1022 173
1022 265
1022 790
1022 722
1023 641
1023 611
1023 444
1023 245
1023 1057
1023 598
1023 104
1023 847
1023 384
1023 1126
1023 1108
1024 153
1025 418
1025 119
1025 817
1025 190
1025 39
1025 423
1025 48
1025 1101
1025 716
1025 563
1025 100
1026 742
1027 210
1027 720
1027 488
1027 211
1027 1036
1027 438
1027 1095
1028 225
1028 286
1029 963
1029 577
1029 392
1029 383
1029 443
1029 418
1029 979
1029 615
1029 440
1029 1053
1029 444
1029 164
1029 359
1030 214
1030 473
1030 790
1030 722
1030 1074
1030 445
1030 947
1031 884
1031 1058
1032 925
1033 182
1033 399
1033 954
1033 1074
1033 1022
1033 790
1033 743
1033 776
1033 952
1033 946
1033 947
1034 906
1034 540
1034 896
1034 1016
1034 894
1035 197
1035 505
1035 1046
1035 1071
1035 61
1035 782
1035 5
1035 629
1035 217
1035 203
1035 132
1035 357
1035 554
1035 986
1036 370
1036 953
1036 125
1036 686
1036 1027
1036 867
1036 861
1036 516
1036 555
1037 230
1038 208
1039 505
1039 1046
1039 188
1039 1041
1039 629
1039 343
1039 285
1039 716
1039 494
1039 310
1039 546
1039 296
1039 914
1039 197
1039 821
1039 1104
1039 622
1039 892
1039 119
1039 633
1039 680
1039 160
1040 555
1040 982
1040 1000
1040 703
1041 1039
1041 1088
1041 434
1041 938
1042 587
1042 352
1042 1121
1042 1094
1042 1000
1042 91
1042 847
1043 18
1043 1003
1043 330
1043 584
1044 784
1044 212
1044 200
1044 701
1045 219
1046 629
1046 157
1046 916
1046 160
1046 189
1046 430
1046 747
1046 481
1046 1035
1046 694
1046 1073
1046 343
1046 1039
1046 5
1046 336
1046 791
1047 142
1047 760
1047 473
1047 672
1047 745
1048 594
1048 353
1048 520
1048 435
1048 767
1048 343
1048 571
1048 325
1048 762
1048 1106
1048 666
1048 673
1048 74
1048 252
1048 849
1048 917
1048 493
1048 756
1049 1003
1049 369
1049 1054
1049 399
1049 394
1049 770
1050 167
1050 938
1050 1085
1050 49
1050 567
1050 766
1050 826
1050 792
1050 1057
1051 348
1051 547
1051 396
1051 703
1051 644
1051 438
1051 352
1051 136
1052 420
1052 555
1052 559
1052 527
1052 315
1053 1060
1053 821
1053 436
1053 359
1053 568
1053 459
1053 745
1053 142
1053 1
1053 383
1053 843
1053 875
1053 615
1053 986
1053 830
1053 1029
1053 484
1053 878
1053 686
1053 304
1054 370
1054 824
1054 1049
1054 378
1054 399
1054 875
1054 560
1054 394
1054 47
1054 689
1054 40
1054 1003
1054 142
1054 964
1054 1077
1054 122
1054 178
1054 814
1054 770
1054 32
1054 1112
1054 226
1054 584
1055 390
1055 40
1055 776
1055 399
1055 566
1055 816
1055 150
1055 947
1055 583
1055 216
1056 672
1056 545
1057 305
1057 451
1057 436
1057 188
1057 429
1057 971
1057 398
1057 885
1057 969
1057 915
1057 289
1057 101
1057 36
1057 296
1057 1106
1057 1021
1057 1023
1057 641
1057 640
1057 484
1057 1
1057 669
1057 1126
1057 541
1057 1050
1057 2
1057 553
1057 1128
1057 582
1057 611
1057 606
1058 469
1058 3
1058 559
1058 798
1058 858
1058 424
1058 760
1058 499
1058 268
1058 464
1058 697
1058 402
1058 647
1058 190
1058 119
1058 1031
1059 27
1059 31
1059 192
1059 849
1059 281
1059 252
1060 1053
1060 814
1061 879
1061 900
1061 430
1062 559
1062 846
1062 492
1062 815
1062 622
1062 611
1062 880
1063 973
1064 577
1064 219
1064 258
1064 620
1065 666
1065 847
1065 168
1066 598
1067 640
1067 212
1068 208
1069 962
1069 979
1069 558
1070 409
1071 1113
1071 629
1071 1035
1071 132
1071 5
1071 782
1071 315
1072 293
1072 158
1072 602
1073 494
1073 585
1073 410
1073 1046
1073 285
1073 65
1073 418
1073 795
1073 962
1074 1030
1074 790
1074 1033
1074 399
1074 1100
1074 776
1074 564
1074 952
1074 265
1074 743
1074 232
1074 947
1074 689
1074 151
1075 756
1075 716
1076 1008
1076 555
1076 702
1076 956
1076 1001
1077 1106
1077 353
1077 376
1077 979
1077 652
1077 40
1077 772
1077 697
1077 1054
1077 399
1077 483
1077 760
1077 620
1078 281
1078 783
1078 353
1078 458
1078 482
1078 158
1079 487
1080 355
1080 1010
1080 934
1080 459
1081 987
1082 646
1082 742
1082 487
1082 516
1082 78
1082 1130
1082 577
1082 486
1082 480
1082 230
1082 301
1082 918
1082 424
1082 446
1083 153
1083 860
1084 791
1084 994
1084 985
1084 916
1084 160
1085 821
1085 101
1085 194
1085 1050
1085 938
1085 352
1085 1021
1085 967
1085 188
1085 99
1086 197
1086 732
1086 24
1087 144
1088 638
1088 938
1088 101
1088 439
1088 1041
1089 156
1089 569
1089 1020
1089 731
1089 721
1089 924
1089 443
1090 1008
1090 785
1090 360
1090 131
1090 286
1091 532
1091 1021
1092 151
1092 946
1092 580
1092 333
1092 750
1092 23
1092 790
1093 479
1093 212
1093 388
1093 663
1093 182
1093 733
1093 904
1094 620
1094 1042
1094 276
1094 696
1094 636
1094 1104
1094 460
1094 1132
1094 780
1094 989
1094 1008
1094 847
1094 520
1094 407
1094 193
1095 641
1095 1027
1095 845
1095 538
1095 119
1095 554
1095 347
1095 384
1095 1128
1095 370
1095 116
1095 203
1095 686
1095 2
1096 601
1097 268
1097 979
1097 150
1097 715
1097 594
1097 987
1097 141
1098 563
1098 906
1098 608
1098 354
1099 1132
1099 1015
1099 502
1099 159
1099 200
1099 913
1099 444
1099 145
1099 610
1099 540
1100 1074
1101 523
1101 407
1101 499
1101 968
1101 652
1101 394
1101 1025
1101 460
1101 931
1101 325
1101 858
1101 822
1101 672
1101 608
1101 208
1101 974
1101 697
1102 969
1103 729
1103 443
1103 484
1103 292
1103 438
1103 620
1103 454
1103 356
1103 352
1103 650
1103 612
1103 99
1103 757
1103 771
1103 682
1103 522
1104 577
1104 914
1104 1094
1104 545
1104 629
1104 119
1104 236
1104 1039
1104 336
1104 1128
1105 813
1105 406
1105 534
1105 353
1106 27
1106 252
1106 606
1106 972
1106 950
1106 398
1106 686
1106 598
1106 874
1106 268
1106 610
1106 291
1106 363
1106 282
1106 916
1106 34
1106 926
1106 143
1106 161
1106 1048
1106 640
1106 484
1106 121
1106 1057
1106 483
1106 460
1106 1077
1106 523
1106 193
1106 542
1106 835
1106 551
1106 73
1106 2
1106 726
1106 620
1106 1126
1106 496
1107 155
1108 597
1108 239
1108 1023
1109 957
1109 643
1109 62
1109 580
1109 102
1109 173
1109 1022
1109 340
1109 692
1109 870
1109 689
1109 947
1109 145
1109 722
1110 142
1110 1130
1111 1120
1111 188
1111 351
1111 101
1111 434
1111 532
1111 938
1111 296
1111 638
1111 697
1111 885
1111 911
1112 512
1112 456
1112 370
1112 1054
1112 226
1113 357
1113 1071
1113 132
1113 505
1113 1124
1113 629
1113 5
1113 554
1114 620
1114 586
1114 812
1114 152
1114 610
1114 388
1115 840
1115 51
1115 925
1116 928
1116 678
1116 1021
1116 960
1116 99
1116 599
1117 339
1118 727
1118 984
1118 456
1118 751
1118 443
1118 784
1119 566
1119 340
1119 1006
1119 743
1120 1111
1120 197
1120 641
1120 622
1120 90
1120 106
1120 747
1120 24
1120 885
1120 215
1120 333
1121 1042
1121 392
1122 900
1123 67
1124 357
1124 505
1124 782
1124 1013
1124 986
1124 5
1124 1113
1125 650
1125 356
1125 416
1126 143
1126 884
1126 760
1126 380
1126 523
1126 61
1126 896
1126 540
1126 78
1126 1057
1126 779
1126 209
1126 268
1126 827
1126 429
1126 972
1126 900
1126 447
1126 906
1126 39
1126 630
1126 174
1126 186
1126 971
1126 739
1126 784
1126 963
1126 1023
1126 1106
1126 950
1127 948
1127 84
1127 415
1127 154
1128 642
1128 633
1128 1095
1128 37
1128 1104
1128 1057
1129 620
1129 650
1130 12
1130 990
1130 1011
1130 1110
1130 918
1130 50
1130 394
1130 855
1130 853
1130 850
1130 125
1130 1082
1130 781
1131 724
1131 525
1131 35
1131 1014
1131 34
1131 742
1131 350
1131 848
1131 735
1131 648
1131 145
1131 461
1131 417
1131 445
1131 728
1131 473
1131 218
1132 174
1132 1099
1132 140
1132 1011
1132 1094
1132 101
1132 46
1132 349
1132 2
1132 487
1132 482
1132 429
1132 424
1132 571
1132 577
1132 856
1132 384
1132 380
1132 29
1132 914
1132 749
1132 933
1132 326
1132 247
1132 225
1132 378
