73 437
73 36
73 362
73 758
73 1043
73 86
73 161
73 693
73 1007
73 623
73 92
73 594
73 542
73 856
73 95
73 871
73 64
73 251
73 303
73 828
73 1099
73 701
73 363
73 495
73 753
73 532
73 983
73 488
73 733
73 904
437 36
437 362
437 1043
437 86
437 161
437 693
437 1007
437 623
437 594
437 95
437 64
437 251
437 303
437 1099
437 363
437 1024
437 252
437 745
437 770
437 238
437 535
437 1102
36 362
36 1043
36 86
36 161
36 693
36 623
36 92
36 594
36 95
36 64
36 251
36 303
36 828
36 1099
36 701
36 532
36 983
36 745
36 609
36 72
36 309
36 812
36 84
36 811
36 108
36 946
36 297
36 866
36 77
36 677
36 827
36 882
36 810
36 1055
36 149
36 975
362 623
362 1099
362 946
362 579
362 205
362 937
362 100
362 227
362 409
362 987
362 548
362 245
362 1010
362 371
362 656
362 61
362 209
362 550
362 877
758 1043
758 594
758 406
758 457
758 242
758 1112
758 556
758 1111
758 602
1043 86
1043 161
1043 594
1043 95
1043 64
1043 1099
1043 532
1043 983
1043 745
1043 138
1043 980
1043 295
1043 231
1043 1039
1043 1060
1043 739
1043 329
86 693
86 1007
86 594
86 856
86 95
86 251
86 1099
86 983
86 1112
86 776
86 384
86 960
86 652
86 518
86 813
86 321
86 500
86 473
86 996
86 590
86 369
86 193
161 1099
161 983
161 599
161 1129
693 1007
693 594
693 95
693 828
693 1099
693 363
693 733
693 309
693 715
693 534
693 183
693 844
693 429
1007 95
1007 363
1007 733
1007 745
1007 209
1007 415
1007 509
1007 730
1007 949
1007 605
1007 106
1007 772
1007 998
1007 101
1007 350
1007 96
1007 298
1007 586
1007 562
1007 33
1007 195
1007 934
1007 869
1007 111
1007 1125
1007 768
1007 51
1007 218
623 64
623 251
623 303
623 1099
623 495
623 532
623 108
623 406
623 19
623 917
623 400
623 933
623 178
623 1130
623 107
623 754
92 1039
92 546
92 464
92 1058
92 523
92 1087
92 675
92 632
92 439
92 319
92 847
92 34
92 0
92 379
92 480
92 551
594 542
594 95
594 64
594 1099
594 363
594 983
594 108
594 61
594 1112
594 844
594 551
594 99
594 168
594 560
594 459
594 924
594 39
594 994
542 856
542 95
542 363
542 252
542 745
542 138
542 429
542 730
542 605
542 195
542 934
542 1130
542 94
542 490
542 243
542 280
542 508
542 872
542 1123
542 54
542 727
542 769
542 576
542 343
542 741
542 1070
542 88
542 1108
542 368
542 389
542 598
542 403
542 258
542 927
856 701
856 252
856 745
856 1112
856 813
856 934
856 54
856 909
856 544
856 725
856 103
856 862
856 561
856 734
856 947
856 463
95 363
95 733
95 252
95 745
95 975
95 556
95 183
95 415
95 195
95 1125
95 51
95 430
95 165
95 1124
95 673
95 903
95 110
95 313
95 478
95 510
95 1079
95 489
95 152
95 31
95 133
95 46
95 475
95 427
95 171
95 201
95 399
95 1115
95 16
95 177
95 381
95 104
95 1034
95 977
95 577
95 719
95 751
95 752
871 363
871 745
871 998
871 789
871 640
871 892
64 251
64 828
64 1099
64 701
64 495
64 753
64 532
64 1102
64 609
64 670
64 1037
64 174
251 303
251 532
251 1102
251 309
251 209
251 295
251 739
251 586
251 107
251 103
251 505
251 604
251 226
251 290
251 460
251 314
251 322
251 282
251 972
251 383
251 198
251 657
303 1099
303 309
303 84
303 677
303 980
303 844
303 174
303 460
303 672
303 153
303 990
303 1002
828 701
828 495
828 609
828 72
828 309
828 946
828 297
828 677
828 1055
828 149
828 937
828 652
828 715
828 534
828 183
828 429
828 459
828 46
828 201
828 177
828 789
828 198
828 320
828 555
828 517
828 491
828 690
828 619
828 311
828 1071
828 221
828 711
828 2
828 1061
828 225
828 187
828 75
828 318
828 380
1099 532
1099 1024
1099 1102
701 495
701 1102
701 609
701 812
701 84
701 811
701 108
701 946
701 677
701 1055
701 138
701 996
701 933
701 178
701 1087
701 927
701 903
701 152
701 1037
701 604
701 657
701 555
701 2
701 563
701 123
701 618
701 359
701 1056
701 289
701 581
701 986
701 851
701 436
701 568
701 887
701 142
701 606
701 995
701 28
701 1075
701 431
701 296
701 1078
701 570
701 294
701 1054
363 733
363 252
363 745
363 205
363 209
363 415
363 509
363 730
363 605
363 998
363 101
363 298
363 586
363 562
363 934
363 1123
363 54
363 1070
363 1108
363 927
363 123
363 899
363 273
363 766
363 496
363 666
363 647
363 661
363 240
363 865
363 792
363 1050
363 323
363 767
495 753
495 609
495 100
495 409
495 111
495 1037
495 383
495 359
495 766
495 639
495 617
495 682
495 506
495 1104
495 1113
532 1102
532 209
532 739
532 500
532 103
532 604
532 290
532 322
532 383
532 606
532 1127
532 742
532 6
532 524
983 745
983 927
983 460
983 296
983 839
983 962
488 319
488 916
488 814
488 663
488 537
488 864
488 69
488 90
733 745
733 77
733 389
733 1124
733 903
733 510
733 1079
733 399
733 977
733 820
733 283
733 654
733 255
733 818
733 790
733 520
733 248
733 182
733 668
733 1067
733 239
904 108
904 1055
904 534
904 459
904 489
904 672
904 320
904 311
904 75
904 1044
904 1048
904 584
904 738
904 50
904 1028
904 474
904 648
904 447
904 888
904 503
904 959
1024 301
252 745
252 586
252 727
745 149
745 209
745 415
745 927
745 839
745 335
745 974
1102 827
1102 226
1102 460
1102 972
1102 672
1102 711
1102 851
1102 606
1102 1048
1102 785
1102 1092
1102 451
1102 119
1102 1076
1102 260
1102 148
1102 164
1102 956
1102 229
609 309
609 812
609 84
609 108
609 946
609 677
609 882
609 183
609 429
609 1037
609 657
609 320
609 555
609 619
609 359
609 537
609 864
609 738
609 477
609 940
609 571
609 957
609 275
72 812
72 946
72 297
72 77
72 1055
72 149
72 975
72 205
72 183
72 459
72 152
72 581
72 865
72 648
72 477
72 940
72 1065
72 1073
72 117
72 625
72 706
72 364
72 130
72 293
72 902
309 946
309 297
309 866
309 677
309 827
309 1055
309 409
309 329
309 321
309 715
309 844
309 933
309 178
309 463
309 1124
309 201
309 322
309 383
309 320
309 555
309 517
309 619
309 318
309 563
309 851
309 738
309 1028
309 229
309 477
309 940
309 275
309 18
309 658
309 863
309 1053
309 32
309 250
309 732
309 583
309 615
309 938
309 274
309 507
812 811
812 108
812 677
812 1039
812 534
812 183
812 933
812 459
812 320
812 436
812 1113
812 864
812 738
812 50
812 474
812 447
812 888
812 477
812 940
812 571
812 32
812 274
812 890
812 761
812 921
812 698
812 186
812 484
812 454
812 1046
812 291
812 616
812 875
812 665
812 38
812 522
812 157
812 394
812 1016
812 326
812 809
812 156
812 288
812 267
812 575
812 300
812 308
84 946
84 604
84 657
84 986
84 570
84 356
811 882
811 178
811 738
811 301
811 698
811 454
811 1040
811 125
811 1012
811 659
811 210
811 1069
811 802
811 1038
811 573
108 677
108 1055
108 406
108 400
108 463
108 1037
108 311
108 75
108 50
108 260
108 940
108 625
108 156
108 543
108 253
108 331
108 807
108 728
108 216
108 304
108 749
108 630
108 572
108 645
946 866
946 882
946 579
946 205
946 937
946 409
946 548
946 1010
946 656
946 61
946 550
946 877
946 980
946 672
946 555
946 570
946 164
946 477
946 250
946 156
946 573
946 1031
946 533
946 412
946 1098
946 333
946 982
946 121
297 534
297 447
297 620
866 323
866 738
866 902
866 991
77 1055
77 149
77 975
77 1112
77 602
77 518
77 183
77 101
77 768
77 725
77 1079
77 489
77 46
77 16
77 672
77 986
77 142
77 865
77 1113
77 820
77 818
77 790
77 182
77 1067
77 239
77 785
77 117
77 706
77 875
77 137
77 731
77 1118
77 413
77 462
77 775
77 906
77 422
677 882
677 980
677 463
677 174
677 672
677 320
677 75
677 436
677 864
677 248
677 50
677 888
677 477
677 902
677 18
677 308
677 342
677 265
827 1055
827 975
827 183
827 225
827 986
827 1075
827 888
827 959
827 229
827 477
827 293
827 18
827 259
827 1074
827 694
827 440
827 965
827 212
827 936
882 980
882 768
882 400
882 178
882 439
882 459
882 927
882 174
882 672
882 491
882 711
882 986
882 766
882 90
882 50
882 474
882 959
882 164
882 625
882 130
882 902
882 575
882 1038
882 316
882 43
882 985
882 1084
882 1064
882 891
882 708
882 78
882 1042
882 458
810 877
1055 1112
1055 329
1055 934
1055 909
1055 725
1055 862
1055 734
1055 463
1055 581
1055 90
1055 1044
1055 584
1055 50
1055 451
1055 477
1055 274
1055 985
1055 978
1055 328
1055 539
1055 1025
1055 499
1055 684
149 975
149 183
149 768
149 1079
149 75
149 820
149 248
149 1073
149 1020
149 784
975 556
975 183
975 768
975 400
975 1124
975 903
975 1079
975 489
975 475
975 201
975 1115
975 16
975 177
975 311
975 666
975 865
975 1067
975 738
975 474
975 1073
975 364
975 875
975 38
975 1118
975 353
975 633
975 486
975 7
975 798
579 205
579 937
579 409
579 548
579 245
579 1010
579 61
579 877
579 226
579 570
579 250
579 216
579 1031
579 970
579 582
579 1047
579 968
579 662
579 30
579 627
579 679
579 420
579 91
579 624
579 950
579 597
205 937
205 409
205 548
205 1010
205 371
205 61
205 877
205 429
205 605
205 934
205 430
205 46
205 2
205 570
205 273
205 164
205 250
205 522
205 1031
205 462
205 17
205 747
205 1126
205 638
205 286
205 410
205 843
205 172
937 409
937 548
937 1010
937 61
937 550
937 877
937 1061
937 570
937 1031
937 333
937 674
937 492
937 514
937 1063
100 624
227 548
227 656
227 917
227 1002
227 353
227 624
227 208
227 883
227 1089
409 987
409 548
409 1010
409 371
409 550
409 877
409 464
409 632
409 0
409 725
409 152
409 289
409 301
409 1053
409 250
409 582
409 907
409 414
409 797
987 550
987 0
987 533
987 582
987 144
987 860
987 102
987 942
548 245
548 656
548 61
548 877
548 960
548 570
548 420
548 624
548 144
548 848
245 656
245 960
245 570
245 333
245 970
245 582
245 1047
245 627
245 420
245 624
245 848
245 943
245 287
245 800
245 817
1010 61
1010 550
1010 877
1010 570
1010 90
1010 18
1010 1031
1010 450
371 383
371 570
371 273
371 333
371 624
371 1126
371 638
371 1008
371 1091
371 213
371 858
656 61
656 960
656 570
656 250
656 333
656 353
656 624
656 208
656 848
656 943
656 202
61 877
61 960
61 577
61 260
61 625
61 1031
61 121
61 265
61 499
61 208
61 144
61 942
61 366
61 644
61 1117
61 189
61 981
61 973
61 1097
61 405
61 5
209 295
209 415
209 350
209 727
209 769
209 927
209 460
209 198
209 296
209 1048
209 940
209 265
209 286
209 172
209 377
209 469
209 564
550 933
550 460
550 533
550 1098
550 102
550 943
550 612
877 464
877 581
877 570
877 899
877 503
877 164
877 229
877 571
877 658
877 250
877 1016
877 630
877 1031
877 1084
877 208
877 860
877 848
877 943
877 455
877 707
877 339
877 214
877 20
877 324
877 118
877 1021
877 358
406 384
406 400
406 318
406 851
406 615
406 274
406 1038
406 216
406 749
406 694
406 684
406 405
406 588
406 1032
406 671
406 341
406 344
406 271
457 599
457 768
457 933
457 103
457 1124
457 903
457 46
457 460
457 711
457 766
457 499
457 414
457 797
457 778
457 167
457 246
457 498
457 1106
457 955
457 382
242 847
242 480
242 289
242 477
242 1020
242 360
242 113
242 315
242 395
242 23
242 93
1112 138
1112 1039
1112 183
1112 350
1112 298
1112 934
1112 319
1112 0
1112 909
1112 725
1112 103
1112 862
1112 734
1112 947
1112 460
1112 289
1112 986
1112 90
1112 301
1112 956
1112 1016
1112 978
1112 499
1112 684
1112 1106
1112 850
1112 1036
1112 1114
1112 211
1112 566
1112 799
1112 179
1112 874
1112 140
1112 27
1112 967
1112 276
556 319
556 903
556 520
556 216
556 434
1111 106
1111 586
1111 562
1111 94
1111 490
1111 1108
1111 258
1111 909
1111 110
1111 50
1111 755
602 183
602 768
602 400
602 1130
602 1079
602 790
602 648
602 288
602 180
602 348
138 1060
138 183
138 101
138 586
138 1125
138 94
138 1108
138 544
138 1124
138 986
138 142
138 117
138 288
138 267
138 348
138 338
138 926
138 794
138 1066
138 188
138 162
138 147
980 321
980 933
980 168
980 31
980 174
980 672
980 990
980 318
980 839
980 50
980 356
980 316
980 985
980 1042
980 955
980 220
980 68
980 376
980 922
295 321
295 106
295 1108
295 403
295 927
295 1079
295 460
295 314
295 972
295 986
295 606
295 28
295 506
295 6
295 761
295 356
295 1042
295 202
295 922
295 42
231 1087
231 198
231 990
231 291
231 278
1039 464
1039 1058
1039 1087
1039 439
1039 0
1039 480
1039 551
1039 738
1039 477
1039 276
1039 1093
1060 768
1060 218
1060 165
1060 313
1060 133
1060 1115
1060 381
1060 577
1060 752
1060 661
1060 1067
1060 239
1060 809
1060 267
1060 213
1060 1023
1060 945
1060 163
1060 567
1060 82
739 321
739 500
739 460
739 274
739 1098
739 985
739 736
739 941
329 933
329 909
329 799
776 518
776 165
776 313
776 31
776 577
776 75
776 213
776 163
776 861
776 3
776 432
384 813
384 985
384 539
384 145
384 1095
384 1083
960 570
960 899
960 1016
960 1031
960 533
960 333
960 624
960 860
960 848
960 1095
960 1083
960 636
960 729
960 900
960 12
960 884
960 361
652 460
652 1061
652 986
652 658
652 265
652 726
652 914
652 759
652 418
652 56
518 459
518 1079
518 75
518 1054
518 434
518 999
518 396
518 4
518 112
518 1120
813 96
813 734
813 463
813 985
813 1025
813 145
813 1095
813 173
813 750
813 416
813 699
813 593
813 1105
813 554
813 984
813 129
321 369
321 19
321 107
321 226
321 460
321 972
321 672
321 1056
321 164
321 615
321 891
321 179
321 736
321 941
321 729
321 482
321 1122
321 744
321 270
500 985
500 744
473 193
473 615
473 891
473 361
473 914
473 681
590 941
590 554
590 589
590 285
369 178
369 734
369 145
193 941
599 768
599 917
599 903
599 359
599 436
599 308
599 1020
599 955
599 188
599 312
599 1013
1129 503
1129 863
715 555
715 418
715 837
534 183
534 768
534 178
534 99
534 1079
534 977
534 1067
534 50
534 308
534 883
534 988
183 101
183 768
183 51
183 909
183 903
183 313
183 510
183 1079
183 489
183 152
183 31
183 133
183 46
183 201
183 16
183 177
183 104
183 1034
183 977
183 1037
183 282
183 311
183 75
183 142
183 1054
183 661
183 524
183 818
183 584
183 50
183 474
183 117
183 274
183 875
183 288
183 573
183 216
183 1118
183 462
183 1074
183 1020
183 486
183 907
183 671
183 338
183 82
183 823
183 29
183 228
183 120
183 325
183 116
183 449
183 1033
183 815
183 466
183 1101
844 933
844 107
844 581
844 503
844 275
844 665
844 543
844 645
844 316
844 708
844 684
844 20
844 922
844 493
844 536
844 631
844 786
844 932
844 697
844 150
844 832
844 269
844 417
844 783
844 128
844 411
844 419
429 768
429 927
429 903
429 510
429 46
429 1034
429 1071
429 123
429 929
429 530
429 720
415 586
415 323
730 350
730 298
730 934
730 927
730 564
730 874
730 1109
605 772
605 586
605 243
605 508
605 1123
605 54
605 769
605 598
605 258
605 436
605 296
605 50
605 940
605 722
605 762
106 586
106 934
106 933
106 490
106 243
106 54
106 1108
106 258
106 564
106 516
772 350
772 598
772 874
772 1109
998 640
998 892
998 2
998 766
998 902
998 985
998 720
998 910
998 87
998 678
101 1125
101 768
101 1124
101 313
101 1079
101 31
101 133
101 46
101 201
101 16
101 177
101 381
101 986
101 142
101 666
101 742
101 524
101 785
101 875
101 137
101 462
101 1074
101 1020
101 353
101 945
101 29
101 1033
101 743
101 771
101 175
101 1011
101 292
101 578
350 298
350 586
350 934
350 400
350 178
350 94
350 1123
350 725
350 564
350 874
350 951
96 133
96 906
96 784
96 1091
96 129
96 85
96 1072
298 934
298 727
298 874
298 1109
586 94
586 243
586 508
586 872
586 54
586 727
586 769
586 343
586 1070
586 1108
586 389
586 598
586 258
586 927
586 460
586 767
586 738
586 564
586 1036
586 874
586 1109
586 969
562 243
562 508
562 872
562 54
562 727
562 343
562 1070
562 389
562 1036
33 1071
33 766
33 647
33 1044
33 584
33 940
33 1098
33 588
33 671
33 650
33 826
33 881
33 931
934 1108
934 909
934 382
934 874
934 760
934 746
869 107
869 927
869 2
869 766
869 1044
869 902
869 1098
869 1005
869 222
869 471
111 1072
1125 478
1125 427
1125 577
1125 142
1125 1074
1125 163
1125 449
1125 1033
1125 815
1125 98
1125 456
768 107
768 927
768 1124
768 903
768 1079
768 46
768 475
768 1034
768 226
768 990
768 142
768 666
768 865
768 1113
768 742
768 818
768 248
768 182
768 1098
768 137
768 462
768 292
768 838
51 510
51 820
51 823
51 228
218 1124
218 133
218 1067
218 267
218 1118
218 1020
218 516
218 717
218 989
19 933
19 178
19 107
19 168
19 314
19 767
19 1048
19 1042
19 627
19 339
19 220
19 726
19 418
19 771
19 592
19 603
19 230
19 465
19 334
917 1002
917 75
917 537
917 584
917 353
917 883
917 344
917 396
917 1013
400 933
400 16
400 314
400 570
400 1074
400 970
400 211
933 178
933 464
933 168
933 1037
933 657
933 711
933 864
933 888
933 164
933 18
933 32
933 938
933 807
933 259
933 440
933 627
933 597
933 220
933 68
933 900
933 128
933 746
933 1090
933 397
933 1029
933 915
933 831
178 847
178 168
178 544
178 903
178 1037
178 814
178 738
178 959
178 902
178 1046
178 157
178 326
178 982
178 891
178 684
178 30
178 414
178 189
178 671
178 179
178 68
178 941
178 729
178 222
178 885
178 716
178 80
178 961
178 1027
178 918
1130 16
1130 1104
1130 537
1130 612
1130 211
1130 180
1130 914
1130 951
1130 816
1130 387
1130 136
107 754
107 927
107 177
107 604
107 460
107 383
107 198
107 990
107 986
107 818
107 738
107 625
107 615
107 1038
107 216
107 342
107 316
107 985
107 78
107 202
107 955
107 220
107 922
107 783
107 716
754 604
754 657
546 439
546 319
464 523
464 1087
464 632
464 439
464 319
464 847
464 34
464 0
464 480
464 289
464 617
464 682
464 663
464 537
464 864
464 1044
464 738
464 50
464 260
464 477
464 1016
464 414
464 797
464 276
464 815
464 1003
464 653
464 206
464 13
1058 523
1058 439
1058 480
1058 477
1058 1003
1058 404
523 1087
523 439
523 319
523 847
523 0
523 480
523 537
523 738
523 477
523 940
523 308
523 342
523 414
523 338
523 1093
523 815
523 404
523 651
1087 439
1087 319
1087 198
1087 995
1087 617
1087 738
1087 761
1087 1016
1087 210
1087 1069
1087 1038
1087 414
1087 278
1087 1093
1087 270
1087 404
1087 204
1087 8
1087 83
1087 580
1087 241
1087 1062
1087 146
675 364
675 1046
675 360
675 395
675 66
675 676
675 801
632 439
632 0
632 480
632 725
632 972
632 672
632 289
632 584
632 477
632 1053
632 32
632 253
632 276
632 15
632 703
439 319
439 847
439 34
439 0
439 480
439 725
439 505
439 198
439 90
439 738
439 477
439 625
439 1053
439 412
439 797
439 276
439 1088
319 0
319 480
319 909
319 198
319 864
319 477
319 1016
319 860
319 276
319 653
319 176
319 782
847 480
847 46
847 364
847 274
847 276
847 1003
34 0
34 480
34 725
34 289
34 1053
34 797
34 276
34 1005
34 206
34 1088
0 480
0 909
0 672
0 990
0 477
0 308
0 118
0 276
0 338
379 672
480 725
480 990
480 289
480 682
480 1053
480 113
480 395
480 276
480 404
480 15
480 1088
480 782
480 702
480 528
480 952
551 571
551 1016
551 802
551 278
551 1093
551 407
551 453
551 426
551 398
551 256
551 898
99 977
168 972
168 785
168 451
168 625
168 583
168 938
168 274
168 543
168 807
168 259
168 220
168 68
168 771
560 581
560 986
560 783
560 826
560 230
459 555
459 738
459 50
459 474
459 528
459 840
924 909
924 665
924 394
924 815
924 417
924 964
924 1000
924 680
924 302
924 756
924 299
39 991
39 154
994 643
994 124
994 131
94 909
94 725
94 947
94 147
490 1108
490 903
490 110
490 313
490 767
490 1067
490 267
490 147
490 989
243 790
243 164
243 747
243 270
243 1128
280 508
280 1123
280 54
280 741
280 436
280 790
508 872
508 1123
508 54
508 343
508 1070
508 198
508 767
508 1036
872 54
872 389
872 927
872 117
872 286
1123 972
1123 564
54 972
54 790
54 564
54 1036
54 746
769 1126
576 883
576 147
343 767
343 1036
1108 258
1108 927
1108 903
1108 110
1108 313
1108 719
1108 1067
1108 875
1108 147
1108 25
368 927
368 147
389 1002
598 296
598 1109
258 110
258 864
258 785
258 778
927 226
927 314
927 972
927 672
927 28
927 766
927 240
927 323
927 564
927 1036
927 89
927 928
909 725
909 862
909 734
909 947
909 463
909 301
909 1065
909 902
909 761
909 186
909 522
909 246
909 566
909 799
909 145
909 1083
909 593
909 592
909 918
909 651
909 8
909 531
909 52
909 135
544 725
544 734
544 463
544 46
544 986
544 967
544 926
725 947
725 289
725 682
725 1044
725 584
725 477
725 364
725 1053
725 616
725 253
725 395
725 874
725 276
725 338
725 703
725 952
725 1041
103 573
103 1098
103 778
103 794
103 1095
103 1013
103 837
103 716
103 958
862 1016
862 499
862 799
862 42
862 135
561 1084
561 684
561 850
561 338
561 922
561 631
561 269
561 128
561 425
561 317
561 247
561 737
734 463
734 985
734 539
734 338
734 145
734 750
734 416
734 105
734 886
947 566
947 799
947 276
463 90
463 985
463 539
463 750
430 46
430 640
430 491
430 496
430 520
430 1074
430 907
430 717
430 879
430 1119
165 903
165 31
165 1115
165 381
165 577
165 752
165 239
165 117
165 706
165 267
165 1074
165 213
165 1023
165 163
165 861
165 3
165 432
165 879
1124 903
1124 31
1124 201
1124 123
1124 865
1124 820
1124 182
1124 117
1124 875
1124 288
1124 462
1124 815
1124 1090
1124 196
673 2
673 747
673 762
673 678
673 471
673 787
903 110
903 1079
903 31
903 475
903 201
903 1115
903 177
903 977
903 719
903 972
903 123
903 986
903 142
903 666
903 820
903 1067
903 50
903 117
903 364
903 875
903 462
903 1074
903 486
903 7
903 861
903 175
903 746
903 98
903 196
903 1081
903 378
903 370
110 31
110 1115
110 719
110 666
110 1067
110 875
110 378
110 467
313 31
313 133
313 46
313 475
313 1115
313 381
313 577
313 752
313 1067
313 267
313 906
313 287
313 147
313 163
313 129
313 29
313 449
313 98
313 717
313 879
313 378
313 423
478 381
478 104
478 977
478 751
478 273
478 666
478 706
478 815
478 826
478 204
478 378
478 696
478 1110
478 574
510 133
510 577
510 75
510 436
510 1054
510 50
510 353
510 671
510 82
510 396
510 823
510 29
510 228
510 325
510 116
510 449
510 1005
510 63
510 607
1079 489
1079 46
1079 977
1079 460
1079 187
1079 142
1079 661
1079 865
1079 182
1079 474
1079 648
1079 117
1079 413
1079 798
1079 466
489 177
489 311
489 187
489 818
489 474
489 1076
489 156
489 798
489 68
152 46
152 123
152 661
152 520
152 738
152 1053
152 253
152 907
152 276
152 65
31 133
31 475
31 171
31 201
31 399
31 16
31 177
31 104
31 1034
31 977
31 460
31 311
31 123
31 568
31 142
31 661
31 865
31 239
31 474
31 117
31 274
31 875
31 413
31 1074
31 486
31 907
31 163
31 97
31 114
133 475
133 427
133 201
133 399
133 1115
133 381
133 104
133 1034
133 577
133 752
133 142
133 666
133 661
133 648
133 875
133 267
133 1074
133 163
133 1033
133 717
133 423
133 704
46 201
46 16
46 177
46 381
46 752
46 123
46 790
46 1067
46 117
46 288
46 462
46 1074
46 98
475 1115
475 16
475 104
475 1067
475 364
475 875
475 7
475 129
475 717
427 1115
427 577
427 142
427 974
427 1074
427 1020
427 82
427 1033
427 704
171 381
171 977
171 308
171 82
201 177
201 460
201 142
201 790
201 117
201 288
201 308
201 645
201 462
201 1074
201 29
201 516
201 743
201 717
399 1115
399 381
399 577
399 666
399 267
399 338
399 292
399 717
399 370
399 704
1115 16
1115 381
1115 104
1115 577
1115 752
1115 1067
1115 239
1115 267
1115 906
1115 486
1115 23
1115 717
1115 704
1115 203
1115 876
1115 375
16 1054
16 273
16 524
16 364
16 293
16 1118
16 486
16 798
16 771
16 203
16 244
16 695
177 990
177 123
177 142
177 865
177 117
177 1098
177 413
177 907
177 466
177 881
177 1005
381 104
381 977
381 577
381 751
381 752
381 666
381 706
381 267
381 213
381 1023
381 163
381 29
381 717
381 378
381 574
104 977
104 577
104 751
104 666
104 875
104 462
104 861
104 29
104 456
104 378
104 574
104 626
1034 751
1034 990
1034 865
1034 883
1034 671
1034 879
1034 876
977 142
977 474
977 706
977 462
977 564
977 338
977 861
977 129
977 988
977 378
977 190
577 752
577 666
577 267
577 486
577 1023
577 567
577 466
577 1005
577 98
577 456
577 717
577 204
577 97
577 704
577 894
577 346
719 875
719 310
751 666
751 706
751 382
751 861
751 449
751 378
751 574
752 1023
752 163
752 952
752 194
752 512
789 172
789 778
789 175
789 452
640 940
640 172
640 87
640 678
640 805
892 805
670 405
1037 248
1037 18
1037 274
1037 210
1037 213
1037 564
1037 338
1037 748
174 672
174 436
174 864
174 959
174 156
174 308
174 476
505 985
604 460
604 198
604 657
604 639
604 342
604 759
604 879
604 45
226 657
226 990
226 711
226 1028
226 451
226 236
460 322
460 383
460 198
460 657
460 990
460 711
460 2
460 570
460 742
460 6
460 274
460 462
460 265
460 455
460 220
460 278
460 900
460 270
460 269
460 1005
460 716
460 1059
460 796
460 897
460 833
460 948
460 846
314 615
314 401
322 225
322 742
322 543
322 316
322 1064
322 708
322 1021
322 179
322 783
322 723
972 986
972 742
972 90
972 959
972 940
972 265
972 539
972 907
972 564
972 220
972 699
972 1122
972 270
972 230
972 1090
972 1029
972 923
972 724
972 191
972 585
383 412
383 694
383 43
383 1042
383 597
383 800
383 1114
383 831
383 777
383 272
198 990
198 6
198 1048
198 991
198 414
198 278
198 1093
198 796
198 897
198 181
657 491
657 6
657 356
657 775
657 342
657 265
657 1119
657 774
672 990
672 986
672 90
672 959
672 902
672 38
672 543
672 316
672 1064
672 499
672 970
672 91
672 220
672 922
672 852
153 807
153 338
153 55
990 1113
990 738
990 250
990 1016
990 982
990 316
990 414
990 922
990 1093
990 270
990 774
990 971
990 441
990 224
1002 274
1002 353
1002 883
1002 127
320 555
320 491
320 619
320 474
320 477
555 619
555 625
555 156
555 220
491 584
491 507
491 38
491 342
491 287
491 382
491 879
491 45
491 48
491 854
690 6
619 1071
619 1054
619 902
619 1098
619 826
619 230
311 187
311 584
311 50
311 474
311 216
311 1118
311 836
1071 6
1071 818
1071 620
1071 716
711 75
711 986
711 1028
711 888
711 451
711 220
711 771
711 236
2 28
2 766
2 50
2 940
2 902
2 747
2 471
2 521
2 519
2 62
2 37
1061 986
1061 1063
1061 967
1061 914
1061 418
1061 832
1061 816
1061 425
1061 649
1061 1014
1061 791
225 90
225 477
225 658
225 630
225 708
225 179
225 269
225 845
225 351
187 1076
75 865
75 742
75 50
75 216
75 486
75 929
75 516
318 807
318 708
318 136
318 299
318 829
318 494
563 18
563 938
123 496
123 462
123 1074
123 907
618 694
618 1114
618 1019
618 718
618 740
359 568
359 1054
359 524
359 855
1056 615
1056 941
289 682
289 301
289 907
289 360
289 113
289 276
289 885
289 1003
289 849
289 993
581 90
581 959
581 477
581 275
581 625
581 130
581 18
581 658
581 394
581 543
581 645
581 316
581 179
581 697
581 832
581 128
581 1041
581 497
986 922
986 418
986 603
986 230
986 716
986 710
986 700
851 164
851 274
851 156
851 220
851 1120
851 744
851 948
851 846
851 971
851 822
851 10
851 824
436 864
436 50
436 940
436 571
436 32
436 38
436 809
436 308
436 991
436 964
436 521
436 687
436 141
436 433
887 940
887 883
887 931
887 997
142 1067
142 921
142 875
142 1118
142 462
142 1074
142 353
142 945
142 163
142 98
142 233
606 431
606 229
606 274
606 543
606 936
606 708
606 935
995 617
995 50
995 291
995 522
995 1038
995 573
995 708
995 1093
995 154
995 687
995 569
995 591
28 520
28 471
28 688
1075 955
1075 1114
1075 272
1075 1019
1075 718
1075 713
1075 1082
1075 513
1075 373
431 32
431 543
431 331
431 936
431 179
431 941
431 631
431 553
296 32
296 38
296 564
296 762
296 471
1078 503
570 1031
570 533
570 333
570 265
570 624
570 848
294 940
294 172
1054 1044
1054 522
1054 216
1054 1098
1054 991
1054 358
1054 588
1054 1093
1054 650
1054 204
1054 241
899 624
899 208
899 144
899 102
899 118
273 666
766 1050
766 451
766 902
766 747
766 211
766 37
766 515
766 126
766 757
766 547
766 721
766 143
766 613
666 1067
666 267
666 147
666 378
666 370
666 574
647 940
647 172
647 720
647 762
647 222
647 471
647 519
647 62
647 634
661 790
661 648
661 1074
661 344
661 1023
661 204
865 573
865 423
1050 172
1050 757
323 839
323 472
767 906
767 147
767 989
767 721
767 1116
639 1098
639 342
639 278
639 336
639 14
617 90
617 738
617 50
617 454
617 616
617 522
617 1016
617 809
617 659
617 210
617 1098
617 982
617 991
617 414
617 358
617 498
617 27
617 278
617 204
617 8
617 241
617 1062
617 154
617 607
617 14
617 529
617 870
617 913
617 11
682 1053
682 38
682 573
682 671
682 276
682 881
506 584
506 679
506 1019
506 740
1104 1059
1113 790
1113 301
1113 890
1113 761
1113 921
1113 698
1113 186
1113 484
1113 454
1113 1046
1113 522
1113 462
1113 1020
1113 979
1113 60
1113 122
1113 842
1113 461
1113 487
1113 549
1113 197
1127 1044
1127 853
742 524
742 839
742 1048
742 522
742 413
742 202
742 743
742 241
6 814
6 826
6 840
6 53
6 442
6 421
524 137
524 413
524 660
839 503
839 275
839 274
839 645
839 316
839 1064
839 708
839 455
839 1021
839 246
839 150
839 25
839 401
839 351
839 472
962 1038
962 662
916 814
916 663
916 263
916 76
814 663
814 864
814 1044
814 442
663 1044
663 382
663 141
663 1077
663 132
663 511
663 357
663 919
537 69
537 148
537 274
537 326
537 308
537 891
537 716
537 80
537 136
537 52
537 375
537 438
537 9
537 281
864 413
864 708
864 499
864 1117
864 1097
864 315
864 263
864 207
69 1076
69 1016
69 891
69 1020
69 726
69 80
69 375
90 503
90 260
90 477
90 275
90 18
90 274
90 659
90 543
90 172
90 450
90 564
90 850
90 783
90 1029
90 852
90 355
90 215
820 818
820 790
820 861
820 378
654 139
255 818
255 520
255 668
255 1091
255 838
818 790
818 520
818 248
818 182
818 706
818 1098
818 137
818 422
818 1005
818 838
818 954
790 182
790 648
790 875
790 288
790 413
790 462
790 422
790 1074
790 179
790 139
790 1085
520 668
520 988
520 838
248 182
248 32
248 929
182 239
182 706
668 129
668 578
668 388
1067 875
1067 267
1067 338
1067 147
1067 1023
1067 567
1067 129
1067 378
239 706
1044 584
1044 738
1044 50
1044 474
1044 940
1044 186
1044 543
1044 216
1044 620
1044 358
1044 588
1044 1066
1044 910
1048 583
1048 274
1048 220
1048 716
1048 472
1048 109
584 50
584 648
584 503
584 186
584 216
584 630
584 620
584 588
584 1114
584 879
584 852
738 761
738 698
738 454
738 616
738 522
738 1016
738 125
738 802
738 982
738 991
738 414
738 588
738 1093
738 651
738 1062
738 461
738 549
738 132
738 264
50 474
50 648
50 447
50 364
50 32
50 761
50 186
50 875
50 210
50 216
50 991
50 891
50 499
50 353
50 747
50 800
50 564
50 588
50 671
50 315
50 1114
50 434
50 823
50 150
50 407
50 433
50 513
50 279
50 691
1028 477
1028 18
1028 615
1028 891
1028 12
1028 914
1028 681
1028 236
1028 600
1028 184
1028 115
474 216
474 564
474 588
474 466
474 901
648 784
648 1120
648 919
447 571
447 698
447 659
447 620
447 1020
447 907
447 787
447 911
888 477
888 1098
888 376
888 1095
888 1013
888 417
503 959
503 785
503 477
503 18
503 91
503 671
503 955
503 211
503 180
503 25
503 1068
503 340
503 254
503 501
503 873
503 595
959 477
959 625
959 130
959 150
959 25
959 494
959 1009
959 1017
301 957
301 364
301 1053
301 890
301 921
301 186
301 484
301 616
301 522
301 1038
301 253
301 287
301 27
301 276
301 338
301 703
301 14
301 979
301 60
301 122
301 842
301 197
301 919
301 352
301 841
301 235
335 472
974 288
974 1074
974 717
785 543
785 499
785 747
785 1021
785 778
785 1114
785 179
785 269
785 771
785 559
1092 148
451 18
451 583
451 156
451 807
451 246
119 571
119 278
119 407
119 398
119 898
119 830
119 629
119 622
119 468
119 155
119 70
119 1026
1076 259
1076 220
1076 726
260 625
260 1117
260 134
148 293
148 716
148 735
148 393
164 18
164 955
164 744
164 826
164 1090
164 83
164 971
164 351
164 513
956 1084
956 684
956 850
956 922
956 631
956 932
956 269
956 425
956 166
956 669
956 262
956 655
229 38
229 883
229 20
229 179
229 338
229 1014
229 307
477 571
477 275
477 130
477 18
477 1053
477 156
477 543
477 797
477 276
477 653
477 1041
477 687
477 254
477 372
940 571
940 957
940 902
940 38
940 575
940 253
940 1020
940 747
940 172
940 883
940 564
940 929
940 720
940 762
940 746
940 222
940 471
940 62
940 126
940 284
940 332
940 714
940 448
571 616
571 38
571 156
571 125
571 210
571 573
571 1020
571 353
571 588
571 498
571 68
571 278
571 1093
571 651
571 204
571 453
571 426
571 256
571 964
571 132
571 70
571 1026
571 26
571 859
957 698
957 253
957 979
957 122
957 197
275 658
275 274
275 645
275 316
275 450
275 271
275 1029
275 964
275 425
275 279
275 692
1065 366
1065 716
1065 52
1073 117
1073 486
117 288
117 731
117 244
625 121
625 499
625 1117
625 1032
625 608
706 906
706 574
364 486
130 658
130 1041
130 307
130 692
902 1020
902 353
902 747
902 172
902 564
902 516
902 678
902 826
902 881
902 222
902 1041
902 62
902 613
902 1051
902 976
902 621
18 658
18 32
18 38
18 543
18 269
18 935
18 340
18 655
18 692
658 316
658 926
658 307
863 394
863 331
863 884
863 553
1053 253
1053 907
1053 703
32 274
32 684
32 20
32 1062
250 1098
250 334
583 665
615 274
615 326
615 300
615 331
615 304
615 1098
615 985
615 891
615 729
615 12
615 361
615 914
615 482
615 681
615 801
615 553
615 408
615 483
615 966
615 327
615 635
938 1098
938 259
938 220
938 1116
938 540
938 485
274 616
274 875
274 665
274 1038
274 985
274 684
274 220
274 922
274 1033
274 417
274 783
274 961
274 964
274 302
274 1015
274 764
507 832
507 45
507 48
890 761
890 921
890 484
890 1046
890 696
890 261
761 921
761 698
761 186
761 484
761 454
761 1046
761 522
761 1038
761 414
761 498
761 1093
761 1062
761 696
761 60
761 842
921 698
921 186
921 484
921 454
921 1046
921 338
921 945
921 696
921 60
921 352
921 349
698 186
698 454
698 1046
698 414
698 14
186 484
186 454
186 1046
186 522
186 125
186 659
186 588
186 338
186 696
186 244
186 122
186 842
186 197
186 235
484 454
484 1046
484 522
484 8
484 696
484 60
484 197
454 1046
454 414
454 1062
1046 1093
1046 235
291 1016
291 308
291 1093
291 48
291 687
291 60
291 714
616 1016
616 210
616 1038
616 982
616 991
616 358
616 498
616 27
616 270
616 651
616 8
616 241
616 154
616 607
616 45
616 14
616 529
616 870
616 913
616 11
616 57
875 1074
875 147
875 204
875 370
875 574
875 310
665 807
665 708
665 697
665 680
665 836
665 649
665 390
38 20
38 494
38 263
38 655
38 525
522 462
522 342
522 414
522 1062
522 842
522 461
522 487
522 549
522 264
522 261
522 637
522 664
522 44
394 417
394 680
394 302
394 1041
394 494
394 446
1016 210
1016 802
1016 991
1016 499
1016 414
1016 358
1016 498
1016 27
1016 651
1016 407
1016 426
1016 256
1016 898
1016 154
1016 60
1016 842
1016 468
1016 155
1016 714
1016 896
1016 963
326 304
326 891
326 1020
809 154
809 622
809 714
809 261
156 967
156 603
156 649
156 26
288 434
288 1066
267 731
267 906
267 147
267 717
267 989
267 626
267 310
267 587
575 991
575 697
575 132
575 237
575 249
300 1020
300 671
300 338
300 838
300 483
308 991
308 276
308 771
308 444
356 1098
1040 125
1040 1012
1040 146
125 1012
125 210
125 1069
125 498
125 1062
125 879
125 878
125 169
1012 659
1012 116
1012 204
1012 146
1012 879
1012 1077
1012 919
659 210
659 1069
659 982
659 991
659 1093
659 1090
659 8
659 241
659 687
659 842
210 1069
210 1038
210 982
210 991
210 358
210 588
210 8
210 607
210 842
210 841
210 642
1069 118
1069 498
1069 105
802 1038
802 498
802 278
802 651
802 8
802 407
802 426
802 468
1038 498
1038 278
1038 651
1038 14
1038 44
573 991
573 840
543 316
543 860
543 707
543 20
543 778
543 179
543 493
543 783
543 1090
543 852
543 215
253 276
253 849
331 891
331 914
331 964
331 553
807 91
807 1117
807 636
807 299
807 857
807 151
728 1042
728 950
728 800
728 1114
728 476
728 718
216 588
216 434
216 879
304 884
749 694
749 955
749 1114
749 272
749 332
749 912
630 269
630 667
645 333
645 832
645 401
645 649
645 340
533 582
533 208
533 860
533 102
533 942
533 1091
533 935
533 713
533 919
533 1052
533 47
533 1035
1098 985
1098 1042
1098 202
1098 588
1098 341
1098 955
1098 744
1098 879
1098 401
1098 14
1098 53
1098 109
1098 686
1098 392
333 624
333 492
333 1063
333 208
333 848
982 154
982 842
982 1077
982 386
121 361
121 585
121 141
121 357
121 873
121 608
121 908
121 354
620 588
620 826
620 310
620 911
991 1020
991 414
991 118
991 358
991 498
991 27
991 285
991 826
991 651
991 8
991 241
991 898
991 154
991 607
991 14
991 529
991 870
991 913
991 11
991 642
137 746
1118 462
413 883
413 498
413 204
413 241
462 466
462 1094
775 265
775 988
906 1091
906 147
906 717
906 989
906 805
906 1116
342 265
342 414
342 324
342 840
342 879
342 45
342 854
259 440
259 936
259 458
259 179
259 68
259 922
1074 1020
1074 163
1074 823
1074 98
1074 139
694 970
694 1047
694 679
694 91
694 1114
694 846
694 272
694 912
694 1045
965 1064
212 78
212 146
936 208
936 860
936 20
936 783
936 737
936 521
936 166
936 685
316 1084
316 1064
316 450
316 922
316 493
316 631
316 932
316 697
316 783
316 128
316 881
316 215
316 443
316 81
316 40
43 91
43 1114
43 826
985 539
985 338
985 941
985 1095
985 1083
985 173
985 750
985 416
985 699
985 593
985 334
985 915
985 191
985 402
985 895
985 1086
1084 450
1084 922
1084 631
1084 269
1064 25
1064 401
1064 443
891 1020
891 600
708 271
708 1095
708 744
708 1029
708 649
708 686
708 74
708 992
78 592
78 603
78 649
78 791
78 525
78 71
78 21
78 277
1042 633
1042 1047
1042 91
1042 950
1042 597
1042 800
1042 612
1042 955
1042 1114
1042 643
1042 718
1042 691
1042 151
1042 392
1042 596
1042 159
1042 867
1042 192
1042 160
1042 374
1042 424
1042 804
458 744
978 723
978 444
978 443
978 1030
539 1095
539 699
539 593
539 1105
539 886
539 191
539 895
539 834
1025 671
1025 145
499 1117
499 778
499 1013
499 716
499 52
499 185
499 803
684 1020
684 353
684 778
684 922
684 631
684 269
684 425
684 317
684 923
684 262
684 81
1020 747
1020 498
1020 315
1020 276
1020 815
1020 521
1020 207
1020 873
1020 976
1020 683
1020 49
353 208
353 883
353 366
353 236
353 521
633 800
633 671
633 643
633 476
633 718
633 1080
486 456
970 420
970 955
970 831
970 740
970 1045
970 596
970 939
582 30
582 624
582 102
582 643
582 513
1047 420
1047 950
1047 595
1047 151
1047 912
1047 596
1047 428
968 1114
662 30
662 627
662 955
662 1114
662 740
662 332
662 266
30 420
30 678
30 1059
30 757
30 332
30 912
30 266
627 597
627 955
627 1114
627 128
627 746
627 397
627 831
627 1019
627 22
627 538
679 740
679 713
679 151
420 91
420 950
420 597
420 638
420 492
420 1063
420 644
420 1114
420 900
420 831
420 1082
420 151
420 685
420 867
420 939
420 788
420 257
420 893
420 1057
91 950
91 778
91 1114
91 831
91 513
91 373
91 151
91 160
624 102
624 848
624 636
950 800
950 211
950 643
950 718
950 691
950 151
950 596
950 192
950 428
597 1114
597 643
597 424
597 641
597 232
747 172
747 678
747 931
747 471
747 126
747 143
747 526
1126 638
638 492
638 1091
638 644
638 900
638 744
638 257
172 720
172 931
172 471
172 805
172 126
172 757
172 143
172 889
674 390
492 900
492 257
514 1063
514 592
514 531
514 390
514 763
1063 603
1063 686
1063 1103
208 144
208 860
208 102
208 214
208 324
208 850
208 900
208 1062
883 778
883 1013
883 228
883 269
883 723
883 191
907 797
907 276
907 1101
414 778
414 498
414 651
414 8
414 1062
414 48
414 842
414 461
414 549
414 264
414 637
414 35
797 276
797 703
797 528
144 942
144 981
860 942
860 1091
860 118
860 850
860 900
860 60
860 622
860 47
102 942
102 943
102 900
102 136
102 299
942 366
942 80
942 35
287 717
287 879
287 45
287 48
287 854
287 979
287 197
287 1077
287 919
287 169
287 905
800 1114
800 643
800 476
800 718
800 1080
817 780
450 247
213 564
213 1023
213 163
213 861
213 3
213 432
213 521
366 5
366 338
366 716
366 52
366 992
644 900
1117 405
1117 341
1117 140
1117 52
1117 585
1117 470
189 338
1097 5
1097 315
1097 263
1097 207
1097 481
405 778
405 52
405 585
5 315
5 76
377 166
469 472
564 631
564 292
564 826
564 1090
564 224
564 435
612 914
612 643
707 67
20 166
20 170
1021 778
1021 443
358 498
358 204
358 8
358 241
358 154
358 48
358 870
358 11
588 315
588 1066
588 396
588 826
588 831
588 206
588 1080
671 1066
671 823
671 831
671 206
341 874
341 470
341 558
778 246
778 1114
778 179
778 269
778 52
778 846
778 224
778 59
246 52
498 27
498 278
498 204
498 8
498 241
498 1062
498 154
498 607
498 14
498 529
498 870
498 913
498 11
1106 179
1106 128
1106 497
1106 1006
1106 611
955 1114
955 211
955 831
955 272
955 740
955 713
955 1082
955 1068
955 1045
955 367
382 1023
382 826
382 879
382 48
382 854
382 141
382 443
382 868
360 276
113 276
113 653
113 206
315 263
315 76
315 207
315 481
395 528
23 765
93 141
93 263
93 207
93 481
93 795
93 391
850 179
850 338
850 922
850 631
850 269
850 771
850 425
1114 338
1114 269
1114 831
1114 89
1114 476
1114 272
1114 718
1114 740
1114 713
1114 1082
1114 332
1114 151
1114 912
1114 424
211 846
211 272
211 22
566 799
566 1116
179 941
179 932
179 269
179 307
179 611
874 1109
27 567
27 8
27 154
27 607
27 529
27 870
27 913
27 11
967 914
967 832
967 26
967 525
276 885
276 849
338 1095
338 1083
338 726
338 932
338 832
338 762
338 918
338 1059
338 591
338 122
338 1049
338 199
338 552
338 479
338 337
926 351
1066 650
188 643
147 989
147 378
147 805
220 128
220 771
220 746
220 592
220 397
220 44
68 1013
68 336
376 803
376 502
922 631
922 786
922 932
922 269
922 826
922 425
922 317
922 737
922 923
922 669
922 262
922 655
922 307
922 601
42 783
278 1093
278 651
278 1062
278 407
278 453
278 256
278 898
278 154
278 830
278 70
278 1026
278 859
1093 651
1093 204
1093 8
1093 407
1093 453
1093 398
1093 70
1023 163
1023 567
1023 466
1023 204
1023 549
1023 330
945 98
945 426
945 41
945 781
163 861
163 3
163 432
163 1033
163 98
567 204
82 952
82 574
736 941
941 1095
941 173
941 416
941 631
941 915
941 918
941 528
941 115
941 655
941 683
941 367
941 712
861 432
861 378
861 574
3 204
3 952
3 976
432 526
145 750
145 416
1095 173
1095 482
1095 528
1095 700
1083 173
729 553
900 257
12 681
12 184
12 896
884 553
361 914
361 585
361 408
361 953
361 1100
726 418
726 686
914 600
914 483
914 896
914 1
914 646
914 385
914 920
914 1018
759 277
418 592
418 710
396 445
173 1088
750 416
750 895
699 191
593 771
554 285
129 988
129 85
482 553
270 1062
270 687
681 553
681 184
681 966
681 896
681 953
285 1088
285 1086
1013 771
823 29
823 228
823 325
823 116
29 228
228 325
449 423
449 574
449 63
1033 98
1033 704
815 269
815 105
815 423
466 456
466 717
466 879
1101 365
536 497
631 932
631 269
631 425
631 317
631 737
932 425
932 655
697 417
697 680
697 181
697 494
697 390
150 1017
150 587
150 234
150 806
150 545
832 497
269 411
269 771
269 425
269 737
269 692
269 1006
417 334
417 680
417 756
417 446
417 1018
783 918
128 746
128 397
128 705
411 79
419 444
720 471
720 634
762 787
762 521
762 1001
678 471
678 757
678 889
292 200
826 1005
826 717
826 465
826 334
826 686
826 1045
826 1049
881 14
931 471
746 397
746 497
746 764
1005 14
222 365
471 819
98 456
98 574
838 879
838 97
717 97
717 695
717 346
989 805
989 613
989 587
989 779
592 649
603 649
603 793
465 423
334 879
1090 912
1090 835
397 299
397 1019
397 857
397 22
397 538
397 1057
397 219
1029 181
1029 497
1029 307
1029 81
831 846
831 740
831 939
831 22
831 219
885 206
885 66
885 676
885 849
716 433
716 421
716 35
80 375
1027 237
1027 944
918 166
136 796
1003 919
404 1088
651 453
651 398
651 256
651 830
651 629
651 70
651 1026
651 714
651 963
651 1004
204 8
204 241
204 1062
204 63
204 626
8 241
8 154
8 607
8 529
8 870
8 913
8 11
8 57
580 146
580 261
580 169
580 386
241 687
1062 154
1062 70
1062 637
1062 664
1062 44
146 1015
146 169
146 386
801 191
703 841
176 203
952 976
407 398
407 898
407 155
407 70
453 426
453 398
453 898
453 423
453 70
426 398
426 898
426 830
426 70
398 898
398 70
898 830
898 41
964 553
302 756
756 796
154 879
154 607
154 529
154 870
154 913
154 11
643 476
643 718
643 596
643 374
643 424
643 804
643 232
643 930
25 254
25 1017
531 763
52 375
52 585
52 470
52 1096
135 886
958 825
425 317
425 655
317 923
317 764
317 601
247 655
247 58
737 923
105 261
886 197
879 45
879 48
879 854
879 14
378 574
423 574
696 529
696 60
696 122
696 549
696 352
607 529
607 870
607 913
607 11
203 354
203 1049
203 552
203 953
203 628
876 45
375 76
375 391
190 901
310 773
748 855
476 718
476 192
476 1080
476 835
45 48
45 854
1059 332
1059 266
796 494
833 181
846 777
846 1019
846 740
723 444
923 262
923 655
923 558
724 497
585 470
272 713
272 513
272 428
272 541
55 367
224 261
48 854
48 919
854 610
521 687
521 81
521 709
521 689
521 1107
519 62
519 634
649 525
1019 939
1019 538
1019 1057
1019 219
718 1080
718 232
718 219
740 939
740 266
740 1057
740 219
497 340
710 1082
700 713
700 1082
700 373
700 600
700 306
687 1132
141 357
141 608
141 354
433 237
433 249
433 35
569 261
569 1132
713 1082
713 513
713 306
1082 306
513 373
513 939
513 22
513 880
126 345
143 779
14 24
529 870
529 913
529 11
870 913
870 11
913 11
979 122
979 197
979 352
60 57
60 808
122 197
122 357
487 549
487 264
487 261
487 637
487 664
487 44
487 40
549 264
549 261
549 637
549 44
197 184
197 352
53 158
442 421
421 558
263 207
263 391
1077 919
1077 905
357 281
357 908
357 354
357 1049
357 552
919 169
919 386
9 354
9 1049
9 552
9 953
9 628
207 481
207 795
207 391
109 1131
264 637
264 44
279 705
691 392
600 192
184 896
1068 367
254 565
501 40
501 504
873 608
873 354
1017 587
1017 234
830 629
830 1026
629 622
622 714
166 262
307 692
332 151
332 912
332 266
714 963
714 868
714 1004
26 1022
483 1
483 1018
261 637
261 44
390 1121
525 199
637 44
637 347
587 234
237 35
249 35
444 443
169 386
151 912
151 424
151 1057
151 306
667 1121
1052 557
686 1103
686 223
908 354
908 1049
908 552
908 628
354 1049
354 552
354 479
354 628
443 527
71 277
71 199
277 199
192 614
160 835
424 232
683 552
683 953
939 22
939 538
939 1057
939 219
538 1057
538 219
1057 219
232 306
470 268
391 628
1049 552
1049 479
1049 953
1049 628
552 479
552 953
552 628
479 628
601 925
953 1100
1 1018
1 217
234 305
806 545
793 821
219 306
821 821
