902 391
902 333
902 154
902 449
902 935
902 1089
902 233
902 10
902 817
902 200
902 1005
902 652
902 635
902 869
902 450
902 304
902 525
902 1017
902 756
902 241
902 41
902 1002
902 762
902 302
902 475
902 8
902 436
902 717
902 349
902 312
391 333
391 154
391 935
391 1089
391 233
391 10
391 817
391 200
391 652
391 450
391 525
391 1017
391 756
391 41
391 762
391 815
391 813
391 326
391 90
391 730
391 345
391 647
333 154
333 935
333 1089
333 233
333 10
333 200
333 1005
333 652
333 450
333 525
333 1017
333 756
333 241
333 41
333 1002
333 8
333 436
333 326
333 262
333 955
333 220
333 631
333 898
333 254
333 374
333 850
333 695
333 741
333 1073
333 1079
333 461
333 767
333 920
333 332
333 432
333 529
154 200
154 41
154 850
154 472
154 454
154 966
154 17
154 687
154 986
154 247
154 674
154 48
154 502
154 928
154 1041
154 66
154 560
154 959
154 960
449 935
449 652
449 1060
449 846
449 281
449 699
449 1086
449 476
449 206
935 1089
935 233
935 652
935 450
935 525
935 41
935 8
935 436
935 326
935 1023
935 749
935 810
935 235
935 85
935 39
935 405
935 23
1089 10
1089 817
1089 652
1089 869
1089 450
1089 1017
1089 41
1089 436
1089 699
1089 58
1089 44
1089 1040
1089 1026
1089 1131
1089 383
1089 1048
1089 892
1089 843
1089 939
1089 308
1089 739
1089 175
233 41
233 436
233 787
233 816
10 817
10 652
10 450
10 241
10 41
10 762
10 349
10 220
10 554
10 80
10 954
10 789
10 314
817 450
817 762
817 349
817 326
817 560
817 86
817 186
817 546
817 578
817 771
817 222
817 1106
817 918
817 831
817 808
817 916
817 9
817 713
817 216
817 423
817 941
817 457
817 102
817 551
817 242
817 748
817 949
817 833
200 525
200 1017
200 756
200 41
200 302
200 8
200 374
200 1060
200 177
200 234
200 698
200 968
200 811
200 1042
200 913
200 630
1005 85
1005 469
1005 1055
1005 766
1005 961
1005 651
1005 804
1005 153
1005 1098
1005 124
1005 367
1005 403
1005 72
1005 732
1005 261
1005 982
652 635
652 450
652 525
652 41
652 762
652 436
652 374
652 66
652 699
652 789
652 982
652 662
652 32
652 870
652 731
652 344
652 897
652 385
635 869
635 450
635 762
635 813
635 326
635 1023
635 314
635 546
635 771
635 941
635 457
635 1042
635 445
635 181
635 54
635 805
635 136
635 934
635 974
635 26
635 694
635 5
635 91
635 395
635 287
635 588
635 1108
635 956
635 689
635 923
635 777
635 735
635 518
635 226
869 1002
869 813
869 326
869 699
869 383
869 457
869 26
869 1126
869 889
869 709
869 305
869 493
869 884
869 321
869 921
869 592
450 762
450 349
450 813
450 326
450 529
450 1086
450 954
450 86
450 941
450 242
450 949
450 919
450 375
450 402
450 1031
450 285
450 453
450 315
450 342
450 660
450 646
450 505
450 569
450 768
450 1082
450 390
450 1114
450 579
450 520
450 716
450 416
450 840
450 125
450 196
450 224
450 69
450 903
450 137
450 55
450 655
450 772
450 1039
304 762
304 326
304 918
304 368
304 12
304 106
525 1017
525 241
525 41
525 1002
525 302
525 475
525 8
525 647
525 262
525 83
525 857
525 641
1017 756
1017 8
1017 647
1017 220
1017 560
1017 810
1017 405
1017 713
1017 913
1017 305
1017 164
1017 851
1017 479
1017 487
1017 244
1017 433
1017 0
1017 616
1017 382
1017 504
1017 260
1017 865
756 41
756 220
756 898
756 1079
756 749
756 789
756 641
756 244
756 217
756 605
756 617
756 271
241 1002
241 302
241 262
241 955
241 220
241 850
241 695
241 1079
241 332
241 432
241 966
241 1026
241 554
241 80
241 954
241 314
241 731
241 390
241 716
241 196
241 368
241 260
241 268
241 1097
241 1105
241 1025
241 915
241 1076
241 276
241 275
241 535
241 540
241 336
241 142
241 1053
241 95
241 396
241 1099
241 1030
41 8
41 815
41 647
1002 302
1002 647
1002 262
1002 631
1002 898
1002 254
1002 374
1002 850
1002 1079
1002 332
1002 1023
1002 939
1002 968
1002 811
1002 651
1002 226
1002 285
1002 569
1002 857
1002 851
1002 865
1002 1097
1002 336
1002 1100
1002 567
1002 573
1002 486
1002 725
1002 942
1002 311
1002 355
1002 347
1002 36
1002 513
1002 821
1002 294
1002 100
1002 1004
1002 193
1002 371
1002 13
1002 667
1002 428
1002 832
1002 860
1002 225
762 349
762 813
762 326
762 454
762 560
762 86
762 186
762 546
762 771
762 918
762 831
762 9
762 713
762 216
762 457
762 974
762 26
762 588
762 956
762 226
762 567
762 62
762 999
762 848
762 786
762 418
762 981
762 978
762 932
762 566
762 668
762 900
762 770
762 117
302 475
302 262
302 17
302 986
302 551
302 857
302 504
302 486
302 848
302 944
302 489
302 50
302 663
302 544
302 149
8 647
8 560
8 405
8 892
8 305
8 851
8 487
8 0
8 504
8 100
8 361
8 577
8 122
8 47
436 326
436 226
436 244
436 667
436 97
436 328
717 124
717 227
717 180
717 940
717 273
717 886
717 98
717 306
349 326
349 1073
349 923
349 402
349 285
349 660
349 646
349 416
349 137
349 632
349 497
349 950
349 593
349 364
349 1028
349 184
349 28
349 995
349 74
349 1123
349 945
312 374
312 332
312 80
312 731
312 505
312 217
312 268
312 276
312 396
312 829
312 81
312 582
312 681
312 1081
312 348
312 1085
312 926
312 4
312 133
312 737
312 747
815 715
813 326
813 713
813 694
326 432
326 560
326 86
326 226
326 97
326 930
326 460
647 461
647 479
647 244
647 382
647 217
647 540
647 347
647 100
647 81
647 1103
647 214
647 78
647 519
647 586
647 521
647 93
647 736
647 751
647 536
262 220
262 631
262 898
262 374
262 850
262 1079
262 767
262 954
262 314
262 857
262 865
262 268
262 1097
262 1076
262 486
262 273
262 886
262 681
262 108
262 907
262 512
262 444
262 1127
955 631
955 850
955 695
955 1073
955 332
955 432
955 529
955 454
955 954
955 731
955 569
955 311
955 566
955 926
955 108
955 907
955 409
955 541
955 765
955 43
955 564
955 1077
955 936
955 169
955 123
220 850
220 695
220 741
220 1079
220 461
220 332
220 986
220 23
220 1048
220 554
220 789
220 968
220 811
220 592
220 402
220 716
220 0
220 504
220 268
220 1097
220 1105
220 1076
220 1099
220 1100
220 347
220 681
220 348
220 536
220 108
220 907
220 1127
220 807
220 455
220 727
220 194
220 650
220 676
220 1049
220 724
220 459
220 755
220 556
220 965
631 254
631 374
631 1079
631 85
631 80
631 954
631 968
631 731
631 268
631 36
631 149
631 886
631 681
631 1081
631 1085
631 4
631 133
631 108
631 907
631 512
631 650
631 556
631 543
631 290
631 931
631 134
631 911
631 557
631 754
631 723
631 212
631 746
631 764
631 131
631 187
631 75
631 661
631 700
631 392
631 146
631 34
631 132
631 362
631 523
631 775
631 929
631 388
898 850
898 851
898 865
898 355
898 832
898 506
254 767
254 811
254 681
254 715
254 134
254 754
254 379
254 1093
254 957
254 958
254 1036
254 738
254 49
254 257
254 218
374 1079
374 332
374 1060
374 698
374 592
374 857
374 276
374 396
374 1081
374 521
374 907
374 43
374 132
374 677
374 319
374 862
374 408
374 951
374 818
374 688
374 853
374 623
374 962
374 547
850 741
850 767
850 472
850 454
850 966
850 986
850 674
850 502
850 1041
850 66
850 959
850 960
850 749
850 217
850 1097
850 832
850 736
850 108
850 676
850 132
850 218
850 827
850 606
850 103
850 250
850 914
850 938
850 1019
695 80
695 4
695 356
741 770
741 681
741 123
741 223
1073 332
1073 432
1073 529
1073 699
1073 206
1073 1131
1073 954
1073 831
1073 748
1073 709
1073 646
1073 505
1073 390
1073 125
1073 217
1073 355
1073 294
1073 566
1073 149
1073 632
1073 364
1073 1028
1073 995
1073 1123
1073 945
1073 1103
1073 765
1073 564
1073 764
1073 1069
1073 614
1073 1065
1073 1090
1073 565
1073 583
1073 908
1073 340
1079 767
1079 749
1079 592
1079 641
1079 217
1079 268
1079 396
1079 36
1079 886
1079 28
1079 1081
1079 133
1079 108
1079 123
1079 807
1079 388
1079 998
1079 67
461 332
461 529
461 954
461 1053
461 355
461 371
461 133
461 747
461 536
461 108
461 169
461 807
461 783
461 693
461 880
461 976
461 289
461 1092
461 1021
767 749
767 748
767 698
767 811
767 1098
767 731
767 226
767 641
767 217
767 1025
767 540
767 355
767 848
767 306
767 1081
767 1085
767 747
767 736
767 43
767 936
767 123
767 775
767 257
767 671
767 31
767 161
767 542
767 77
767 507
767 924
767 490
767 626
767 266
920 960
332 699
332 23
332 457
332 1126
332 709
332 493
332 321
332 592
332 311
332 306
332 829
332 582
332 1081
332 78
332 108
332 556
332 161
332 1009
332 300
332 1034
332 863
332 1075
332 802
432 529
432 954
432 748
432 646
432 396
432 632
432 28
432 541
432 500
432 477
529 1086
529 954
529 748
529 698
529 402
529 285
529 646
529 505
529 1114
529 716
529 840
529 125
529 196
529 276
529 418
529 566
529 1123
529 681
529 1085
529 541
529 1077
529 764
529 187
529 1065
529 659
529 197
529 587
529 683
529 782
472 454
472 966
472 986
472 674
472 48
472 502
472 66
472 960
472 479
472 832
472 676
472 818
472 827
472 269
472 221
472 270
472 492
472 65
472 634
472 70
472 130
472 946
472 834
472 163
472 437
472 128
454 966
454 986
454 674
454 502
454 928
454 66
454 960
454 314
454 771
454 457
454 919
454 390
454 336
454 832
454 999
454 736
454 676
454 75
454 827
454 565
454 790
454 1029
454 167
454 670
454 760
454 1007
454 624
454 152
966 986
966 674
966 502
966 66
966 959
966 960
966 142
966 832
966 827
966 914
966 714
966 15
966 309
966 1067
17 163
687 674
687 1041
687 234
687 271
687 659
687 163
687 574
687 363
687 743
986 247
986 674
986 502
986 928
986 959
986 960
986 1055
986 153
986 72
986 709
986 569
986 942
986 715
986 194
986 676
986 221
986 120
986 291
986 517
247 959
247 72
247 606
247 221
247 515
247 359
247 352
247 933
674 48
674 1041
674 66
674 960
674 1040
674 832
674 946
674 163
674 515
674 1068
48 1041
48 1040
48 832
48 914
48 269
48 221
48 270
48 70
48 946
48 163
48 1068
48 1125
48 61
48 899
48 705
502 66
502 959
502 960
502 832
502 306
502 807
502 827
502 33
928 504
928 832
928 999
928 914
928 163
928 167
928 670
928 64
928 887
928 470
928 237
1041 66
1041 1040
1041 832
1041 676
1041 914
1041 659
1041 163
1041 574
1041 1068
1041 1125
1041 837
66 960
66 1040
66 55
66 521
66 43
66 827
66 1019
66 67
66 1075
66 574
66 515
66 933
66 278
66 1121
66 591
66 1088
66 277
66 665
66 243
66 971
66 696
560 810
560 86
560 808
560 694
560 5
560 226
560 244
560 260
560 667
560 81
560 907
560 67
560 760
560 152
560 905
560 980
560 1024
959 968
959 244
959 606
959 250
959 352
959 1125
959 527
960 1055
960 311
960 832
960 62
960 737
960 736
960 536
960 512
960 455
960 676
960 392
960 623
960 827
960 542
960 574
960 359
960 1068
960 1125
960 369
960 18
960 684
960 622
960 596
960 1015
960 208
960 761
960 839
1060 44
1060 698
1060 1099
1060 347
1060 459
1060 556
1060 257
1060 818
1060 853
1060 880
1060 802
1060 971
1060 534
1060 231
1060 1058
1060 1115
1060 425
1060 794
846 787
846 748
846 968
846 305
846 402
846 285
846 390
846 244
846 540
846 848
846 1075
846 291
846 517
846 866
846 283
846 380
846 973
846 84
846 414
846 697
281 367
281 261
281 942
281 108
281 500
281 317
281 657
281 1006
281 104
281 151
281 830
699 1023
699 85
699 954
699 808
699 9
699 457
699 124
699 72
699 1126
699 709
699 305
699 493
699 321
699 921
699 244
699 942
699 355
699 306
699 715
699 751
699 392
699 1009
699 1075
699 802
699 84
699 1038
699 1094
699 92
699 1104
699 720
699 1
699 922
699 365
699 1047
699 29
699 996
699 121
1086 124
1086 285
1086 184
1086 818
1086 528
476 222
476 713
476 216
476 445
476 181
476 956
476 518
476 1126
476 453
476 1081
476 211
206 954
206 748
206 698
206 1042
206 646
206 1028
206 926
206 362
206 824
206 89
1023 39
1023 954
1023 831
1023 713
1023 242
1023 445
1023 956
1023 889
1023 402
1023 355
1023 294
1023 765
1023 362
1023 523
1023 89
1023 611
1023 491
1023 341
1023 296
1023 548
1023 1091
1023 150
749 1048
749 968
749 32
749 768
749 641
749 217
749 617
749 1099
749 97
749 1081
749 506
749 671
749 161
749 626
749 414
749 135
749 245
749 607
749 112
810 1048
810 222
810 956
810 735
810 226
810 646
810 244
810 433
810 382
810 355
810 100
810 193
810 663
810 122
810 290
810 506
810 626
810 837
810 112
810 185
235 651
235 260
235 617
235 212
235 937
85 1055
85 766
85 651
85 1098
85 72
85 261
85 982
85 681
85 108
85 121
85 893
39 748
39 833
39 375
39 315
39 1082
39 840
39 224
39 55
39 1039
39 978
39 1123
39 945
39 34
39 523
39 470
39 343
39 303
39 176
39 377
39 284
405 1048
405 892
405 244
405 556
405 250
405 161
405 526
405 594
23 968
23 1126
23 1
58 1131
58 375
58 315
58 768
58 55
58 396
58 470
58 176
58 192
58 466
58 251
44 383
44 161
44 1034
44 509
44 471
44 809
1040 832
1040 62
1040 392
1040 827
1040 606
1040 914
1040 163
1040 359
1040 1068
1040 471
1040 809
1040 664
1040 1020
1040 439
1040 427
1040 292
1040 977
1026 244
1026 142
1026 355
1026 455
1026 67
1026 127
1026 42
1026 533
1026 1001
1026 59
1131 731
1131 646
1131 396
1131 225
1131 528
1131 719
1131 393
1131 836
1131 854
1131 482
383 916
383 321
383 592
383 161
383 863
383 509
383 471
383 413
383 335
383 63
383 603
383 883
383 141
383 179
383 3
383 40
1048 739
1048 177
1048 913
1048 479
1048 244
1048 382
1048 217
1048 725
1048 736
1048 459
1048 507
1048 922
1048 526
1048 594
1048 1020
1048 293
1048 397
1048 94
1048 27
892 161
892 94
843 175
843 459
843 507
843 977
843 42
843 598
308 594
308 179
308 1057
308 232
739 811
739 321
739 509
175 594
787 748
787 234
787 285
787 486
787 36
787 388
787 500
787 414
787 548
787 894
787 495
816 737
816 727
554 1097
554 1001
554 143
80 954
80 748
80 811
80 662
80 646
80 137
80 1123
80 1081
80 388
80 363
80 1054
954 831
954 748
954 949
954 1126
954 285
954 315
954 660
954 646
954 505
954 569
954 768
954 1082
954 390
954 716
954 125
954 196
954 69
954 903
954 137
954 857
954 616
954 276
954 396
954 294
954 225
954 978
954 47
954 364
954 582
954 1081
954 1085
954 765
954 556
954 764
954 362
954 218
954 818
954 1065
954 565
954 693
954 500
954 587
954 120
954 1058
954 611
954 284
954 499
954 559
954 599
954 873
954 6
954 442
954 643
954 637
954 174
954 609
954 481
789 968
789 913
789 311
789 737
789 1127
789 131
789 677
789 547
789 671
789 924
789 802
789 596
789 112
789 514
789 496
789 190
789 539
789 888
789 1084
789 990
789 610
789 458
789 1014
789 316
789 639
789 612
789 595
314 748
314 226
314 285
314 660
314 390
314 903
314 275
314 567
314 568
314 901
314 238
86 713
86 770
546 808
546 9
546 457
546 226
546 1024
546 365
546 464
771 1106
771 713
771 54
771 136
771 974
771 26
771 5
771 777
771 518
771 36
771 667
771 1081
771 907
771 115
771 389
222 713
222 457
222 968
222 181
222 54
222 26
222 956
222 518
222 1024
222 274
1106 808
1106 777
1106 365
1106 464
918 12
918 106
918 336
918 848
918 123
918 161
918 238
918 201
918 426
918 195
831 242
831 748
831 402
831 315
831 646
831 768
831 1082
831 390
831 716
831 125
831 196
831 224
831 355
831 294
831 418
831 577
831 47
831 1103
831 764
831 1069
831 565
831 693
831 500
831 659
831 303
831 559
831 637
831 24
831 404
831 985
831 441
831 1087
831 209
808 9
808 713
808 457
808 698
808 811
808 445
808 974
808 709
808 1024
808 365
808 140
916 1082
916 908
916 477
916 887
916 40
916 7
916 1003
9 457
9 694
9 365
9 464
713 445
713 54
713 136
713 934
713 26
713 694
713 5
713 395
713 588
713 956
713 923
713 777
713 518
713 226
713 244
713 117
713 681
713 1024
713 1094
713 365
713 464
713 1080
216 54
216 136
216 934
216 26
216 694
216 395
216 588
216 923
216 1094
423 275
423 848
423 981
423 829
423 582
423 907
423 250
423 534
423 1058
423 71
423 183
423 510
423 338
457 956
457 1126
457 697
457 365
457 842
457 763
102 913
102 226
102 336
102 848
102 829
102 123
102 250
102 1059
102 964
102 909
551 1003
242 342
242 579
242 55
242 294
242 693
242 176
242 643
242 637
242 174
242 101
242 205
748 913
748 226
748 402
748 285
748 646
748 390
748 1114
748 903
748 479
748 617
748 294
748 418
748 566
748 149
748 577
748 364
748 28
748 995
748 250
748 1069
748 565
748 1087
748 1116
949 660
949 632
949 499
949 599
833 402
833 1082
833 1123
833 523
833 1065
833 500
833 274
833 640
833 680
177 968
177 811
177 913
177 32
177 433
177 117
177 81
177 626
177 70
177 684
177 135
177 127
177 1001
177 404
177 774
177 156
177 171
177 601
177 780
234 271
234 396
234 273
234 582
234 659
234 363
234 425
234 393
234 495
698 968
698 125
698 433
698 832
698 693
698 269
698 1104
968 811
968 1055
968 32
968 857
968 865
968 540
968 886
968 133
968 736
968 807
968 650
968 755
968 408
968 783
968 976
968 70
968 128
968 135
968 245
968 439
968 639
968 763
968 943
968 757
968 259
968 750
968 265
811 367
811 32
811 889
811 285
811 857
811 180
811 681
811 747
811 123
811 723
811 661
811 146
811 938
811 507
811 802
811 634
811 291
811 1088
811 1058
811 922
811 245
811 594
811 1020
811 964
811 337
811 79
811 1051
811 703
811 867
811 378
1042 125
1042 544
1042 273
1042 527
1042 1104
1042 824
1042 42
1042 140
1042 53
1042 440
1042 718
913 630
913 226
913 196
913 851
913 244
913 504
913 260
913 617
913 355
913 364
913 681
913 43
913 459
913 257
913 818
913 998
913 671
913 161
913 490
913 837
913 414
913 135
913 112
913 316
913 79
630 851
630 865
469 1098
469 124
1055 961
1055 651
1055 153
1055 1098
1055 124
1055 367
1055 403
1055 72
1055 261
1055 942
1055 489
1055 50
1055 940
1055 273
1055 886
1055 829
1055 681
1055 1081
1055 521
1055 108
1055 392
1055 291
1055 517
1055 121
1055 174
1055 1018
1055 706
1055 56
1055 992
766 961
766 1098
766 261
766 108
766 1018
766 401
961 651
961 1098
961 124
961 367
961 72
961 261
961 273
961 681
961 108
961 907
961 388
961 998
961 291
961 611
961 893
961 174
961 401
961 1117
651 1098
651 124
651 260
651 1004
651 489
651 681
651 290
651 392
651 1036
651 738
651 257
651 291
651 937
651 893
651 27
651 401
651 570
651 798
651 129
651 838
651 210
651 742
651 68
804 1077
804 723
804 317
804 104
804 480
804 139
804 896
153 1098
153 72
153 261
153 709
153 382
153 217
153 942
153 582
153 108
153 194
153 650
153 319
153 121
153 1109
153 1008
1098 124
1098 367
1098 403
1098 72
1098 261
1098 709
1098 164
1098 260
1098 306
1098 681
1098 108
1098 43
1098 194
1098 103
1098 517
1098 121
1098 752
124 72
124 261
124 1126
124 260
124 886
124 108
124 392
124 359
124 121
124 706
124 669
124 881
367 261
367 390
367 1077
367 556
367 121
367 1018
403 72
403 261
403 709
403 942
403 194
403 517
403 121
403 1059
403 56
403 752
72 261
72 1126
72 217
72 617
72 108
72 388
72 208
72 121
72 611
732 217
261 709
261 617
261 942
261 50
261 194
261 657
261 104
261 121
261 401
261 1109
261 752
261 881
261 826
261 545
261 1070
982 512
982 392
982 49
982 937
982 893
982 1071
982 704
982 776
982 925
982 279
982 229
662 137
32 382
32 1103
32 78
32 43
32 724
32 755
32 556
32 677
32 408
32 783
32 135
32 245
32 404
870 311
870 355
870 316
870 183
870 171
731 1097
731 681
731 1081
731 1085
731 545
731 874
344 1126
344 131
344 700
344 174
344 1014
344 516
344 116
344 297
344 803
344 1011
344 784
897 223
897 868
385 463
385 323
385 856
445 1126
445 709
445 921
445 150
181 956
181 285
181 453
181 315
181 117
181 1123
181 523
181 150
181 680
54 1028
54 736
54 1029
54 27
54 172
805 136
805 974
805 26
805 287
805 36
805 1028
136 934
136 974
136 26
136 395
136 588
136 260
136 117
136 1094
934 26
934 923
934 226
934 765
934 760
974 382
974 1024
26 382
26 1028
26 1024
26 1094
26 763
5 167
91 363
91 150
395 117
395 1094
956 518
956 226
956 285
956 453
956 315
956 655
956 1123
956 764
956 150
956 690
689 226
689 150
923 271
777 667
777 464
518 453
518 886
518 1103
518 866
226 479
226 433
226 382
226 217
226 193
226 848
226 932
226 770
226 1024
226 1094
226 478
226 844
1126 709
1126 493
1126 321
1126 921
1126 592
1126 715
1126 409
1126 123
1126 290
1126 911
1126 75
1126 380
1126 720
1126 1
1126 509
1126 809
1126 883
1126 774
1126 378
1126 1117
1126 798
1126 562
1126 386
1126 467
889 709
889 321
889 592
889 390
889 355
889 996
889 491
709 921
709 942
709 50
709 829
709 582
709 108
709 1077
709 194
709 746
709 319
709 104
709 365
709 121
709 611
709 1008
709 1070
709 38
305 218
305 250
305 866
305 341
305 471
305 495
305 143
305 79
305 111
493 392
493 1075
493 1
493 185
493 467
884 542
884 802
884 1038
884 611
884 112
884 190
884 458
884 639
884 1033
884 126
884 113
884 891
321 592
321 161
321 1034
321 611
321 509
321 335
321 63
321 511
321 399
921 720
921 1
921 121
592 306
592 161
592 1034
592 335
919 390
919 12
919 1025
919 786
919 184
919 693
919 120
919 640
919 198
919 376
375 285
375 768
375 840
375 224
375 55
375 1039
375 945
375 765
375 564
375 523
375 693
375 470
375 343
375 176
375 192
375 466
375 251
375 198
402 285
402 768
402 716
402 567
402 566
402 632
402 995
402 765
402 764
402 362
402 565
402 174
402 943
402 673
1031 336
1031 1029
1031 389
1031 195
1031 909
1031 191
285 453
285 646
285 768
285 1114
285 716
285 840
285 196
285 137
285 655
285 382
285 567
285 355
285 294
285 418
285 632
285 1123
285 1081
285 765
285 1077
285 764
285 565
285 693
285 587
285 683
285 192
285 985
285 763
285 101
285 673
285 14
285 1102
285 384
453 768
453 840
453 655
453 418
453 1123
453 764
453 1102
453 1107
315 768
315 1082
315 390
315 1114
315 840
315 224
315 55
315 1039
315 1123
315 523
315 908
315 61
315 150
315 176
315 40
315 559
315 643
315 101
315 640
315 198
315 1102
315 799
342 224
342 69
342 137
342 772
342 999
342 418
342 564
342 174
342 183
342 570
342 1102
342 1046
342 679
342 249
660 1082
660 55
660 396
660 36
660 225
660 1081
660 659
660 1058
660 284
660 393
660 499
660 559
660 599
660 6
660 442
660 643
660 1059
660 620
660 672
646 505
646 390
646 137
646 244
646 95
646 294
646 978
646 566
646 995
646 1085
646 926
646 765
646 1090
646 782
646 609
505 196
505 276
505 95
505 364
505 1085
505 586
505 132
505 782
505 245
569 390
569 567
569 978
569 184
569 681
569 194
569 319
569 120
569 121
569 239
768 1082
768 1114
768 520
768 716
768 416
768 125
768 196
768 69
768 903
768 137
768 244
768 276
768 567
768 513
768 294
768 978
768 566
768 945
768 1085
768 765
768 556
768 764
768 1090
768 693
768 587
768 120
768 176
768 633
768 1129
1082 1114
1082 579
1082 716
1082 416
1082 840
1082 224
1082 69
1082 903
1082 55
1082 1039
1082 294
1082 418
1082 978
1082 926
1082 764
1082 523
1082 693
1082 176
1082 637
1082 640
1082 799
1082 823
390 716
390 125
390 196
390 224
390 1039
390 567
390 1028
390 1123
390 765
390 362
390 565
390 693
390 101
1114 840
1114 125
1114 69
1114 1123
1114 1077
1114 764
1114 683
1114 40
1114 640
579 840
579 55
579 294
579 460
579 693
579 500
579 284
579 637
579 823
520 224
520 137
520 388
520 284
716 196
716 244
716 294
716 1028
716 765
716 362
716 388
716 547
716 565
716 693
716 559
716 274
716 24
716 640
416 840
416 224
416 55
416 418
416 523
416 611
416 1087
416 640
416 384
416 823
840 125
840 224
840 69
840 55
840 1039
840 1123
840 945
840 523
840 908
840 587
840 151
840 640
840 823
840 411
840 410
840 875
125 225
125 999
125 47
125 1077
125 169
125 1065
125 587
125 782
125 404
125 411
125 678
125 847
196 617
196 567
196 294
196 566
196 765
196 250
196 1090
196 120
196 609
196 510
196 1059
224 69
224 137
224 55
224 772
224 1039
224 418
224 564
224 523
224 470
224 343
224 176
224 559
224 640
224 1102
224 249
69 137
69 55
69 772
69 418
69 764
69 565
69 192
69 559
69 205
69 1102
69 249
69 791
903 772
903 617
903 566
903 363
903 1058
903 198
903 410
137 294
137 1085
137 564
137 565
137 1024
137 611
137 192
137 40
137 1054
137 1102
137 160
55 1039
55 418
55 523
55 587
55 343
55 377
55 609
55 1059
55 101
55 205
55 640
55 570
55 633
55 823
55 188
55 728
655 764
655 967
772 418
772 564
772 697
772 192
772 643
772 1102
772 249
1039 343
1039 176
1039 1070
1039 621
1039 841
368 152
368 866
368 985
368 876
12 907
12 152
12 426
12 195
12 970
106 970
83 971
857 28
857 807
857 556
857 1036
857 470
857 1024
857 611
857 46
641 217
641 36
641 886
641 747
641 132
641 388
641 483
164 161
851 244
851 260
851 865
851 944
851 998
851 533
851 198
851 138
479 865
479 617
479 540
479 348
479 78
479 1062
244 0
244 504
244 260
244 865
244 617
244 540
244 336
244 832
244 577
244 122
244 556
244 565
244 67
244 369
244 135
244 937
244 439
244 27
244 458
244 1059
244 79
244 313
244 1063
244 855
244 625
244 96
244 983
433 459
433 882
0 1053
0 577
0 677
0 671
0 77
0 924
0 761
0 922
0 316
0 219
382 355
382 577
382 306
382 747
382 907
382 67
382 1034
382 120
382 1024
382 135
382 603
382 397
382 27
382 171
382 943
382 259
382 327
382 263
382 1113
382 339
504 103
504 880
504 31
504 626
504 128
504 899
504 92
504 265
504 1074
504 1096
260 617
260 122
260 81
260 223
260 291
260 937
260 893
260 1063
260 855
260 394
865 1025
865 122
865 506
865 583
865 998
865 67
865 376
865 685
217 617
217 355
217 306
217 747
217 123
217 187
217 677
217 671
217 77
217 1075
217 269
217 834
217 135
217 112
217 264
605 408
605 611
605 947
617 149
617 681
617 676
617 392
617 938
617 671
617 291
617 112
617 893
617 27
617 685
617 1078
617 400
617 109
271 556
271 659
271 363
271 144
268 1097
268 1025
268 1076
268 1085
268 108
1097 1076
1097 43
1097 132
1097 135
1025 582
1025 965
1025 187
1025 998
1025 61
1025 697
1025 198
1025 138
1025 354
1025 712
915 122
1076 275
1076 225
1076 123
1076 250
1076 183
1076 171
276 95
276 582
276 1081
276 1085
276 818
276 1065
276 318
275 122
275 364
275 356
275 79
540 396
540 355
540 348
540 133
540 78
540 135
540 404
540 1062
336 193
336 848
336 1081
336 907
336 123
336 1029
336 909
336 51
336 215
336 988
336 501
142 355
142 1067
142 996
142 42
142 1001
142 610
142 53
142 1033
142 758
142 927
142 1016
1053 306
1053 108
1053 455
1053 623
1053 924
1053 922
1053 458
1053 280
1053 165
95 586
396 566
396 577
396 1081
396 818
396 587
396 568
396 274
1099 408
1099 924
1099 718
1099 784
1099 435
1099 1132
1100 807
1100 755
567 786
567 565
567 693
567 120
573 880
573 92
573 552
573 682
573 553
486 513
486 225
486 47
486 88
725 459
725 594
942 50
942 715
942 120
942 317
942 657
942 121
942 337
942 1018
942 1066
942 1045
311 306
311 747
311 108
311 1127
311 43
311 936
311 807
311 455
311 700
311 677
311 547
311 671
311 922
311 1084
311 610
311 639
311 38
311 451
355 112
355 1001
355 156
355 171
355 79
355 644
355 456
347 736
347 556
347 132
347 135
347 482
347 94
347 96
347 983
347 1078
347 871
347 412
347 373
36 886
36 1081
36 907
36 512
36 650
36 187
36 34
36 388
36 223
36 516
36 51
36 1013
36 532
36 642
821 907
821 363
821 338
821 488
294 1123
294 931
294 764
294 1065
294 565
294 693
294 659
294 303
294 176
294 101
294 952
100 13
100 536
100 556
100 677
100 1021
100 924
100 989
1004 489
1004 1081
1004 212
1004 75
1004 257
1004 218
1004 924
1004 893
1004 868
1004 1013
1004 576
1004 858
193 184
193 909
193 648
371 414
371 92
371 1096
371 552
371 682
371 1110
371 895
371 52
371 331
13 650
13 677
13 862
13 1021
13 922
13 594
13 190
13 430
667 650
667 187
667 1024
667 389
667 909
428 737
832 827
832 606
832 914
832 67
832 163
832 1068
860 907
860 152
225 829
225 75
225 818
225 250
225 223
225 839
225 534
225 893
225 71
225 570
225 210
62 163
62 574
62 515
62 352
62 208
999 418
848 900
848 78
848 123
848 1029
848 1104
848 501
848 1130
848 721
848 778
848 1027
848 286
848 419
848 997
418 1123
418 523
418 150
418 1102
418 384
418 249
981 907
981 152
981 238
981 389
981 964
981 909
981 215
981 988
981 722
978 1028
978 926
978 693
978 425
978 343
978 570
566 218
566 799
900 152
900 778
770 97
770 110
117 908
117 150
117 680
117 286
117 73
944 250
944 998
944 937
944 228
944 649
489 306
489 681
489 1081
489 754
489 746
489 75
489 392
489 34
489 958
489 1036
489 250
489 938
489 223
489 291
489 839
489 973
489 29
489 937
489 570
489 798
489 210
489 742
489 868
489 672
489 649
489 272
489 87
489 769
489 350
50 194
50 187
50 218
50 1058
50 121
50 510
663 582
663 130
663 552
663 553
544 313
149 1028
149 715
149 543
149 290
149 931
149 134
149 911
149 557
149 754
149 723
149 75
149 565
149 500
149 330
149 835
149 498
149 628
149 60
149 753
149 740
149 744
361 829
361 572
577 47
577 97
577 81
577 75
577 1090
577 837
577 24
577 210
122 180
122 183
122 874
122 1112
122 878
122 675
47 1069
47 1090
47 1128
97 737
97 1127
97 556
97 547
97 671
97 77
97 924
97 369
97 761
97 380
97 990
97 690
97 882
97 165
97 110
328 257
328 65
227 180
227 940
227 22
227 686
180 940
180 886
180 829
180 878
940 829
940 697
940 532
940 828
940 710
940 118
940 702
940 57
273 98
273 93
273 556
273 146
273 388
273 507
273 79
273 1051
273 718
273 386
273 875
273 872
273 398
273 801
886 1090
886 924
886 1075
886 591
886 243
886 1006
886 22
886 1043
98 586
98 392
98 507
98 500
98 127
98 1051
98 875
306 737
306 521
306 108
306 1127
306 807
306 556
306 958
306 677
306 152
306 33
306 1024
306 1038
306 316
306 259
306 264
306 692
306 629
632 364
632 1028
632 192
632 1102
950 202
593 364
593 184
593 74
593 887
593 1116
364 1028
364 184
364 28
364 995
364 564
364 250
364 1069
364 340
364 1059
364 1116
364 204
1028 995
1028 926
1028 764
1028 362
1028 1090
1028 565
1028 340
1028 693
1028 922
1028 202
1028 288
184 74
184 1054
184 1116
28 995
28 650
28 568
995 945
995 564
74 40
74 209
74 797
1123 764
1123 523
1123 611
1123 150
1123 343
1123 377
1123 40
1123 1102
945 564
829 582
829 681
829 1081
829 1085
829 907
829 911
829 677
829 818
829 356
829 839
829 534
829 296
829 201
81 724
81 556
81 135
81 79
81 110
81 781
582 1081
582 926
582 737
582 911
582 818
582 623
582 356
582 534
582 92
582 198
582 264
681 290
681 134
681 754
681 746
681 75
681 392
681 1093
681 49
681 938
681 223
681 291
681 534
681 893
681 1117
681 742
681 60
681 740
681 710
681 37
1081 1085
1081 926
1081 4
1081 1077
1081 650
1081 290
1081 911
1081 764
1081 1036
1081 818
1081 223
1081 507
1081 1075
1081 659
1081 1029
1081 899
1081 1024
1081 534
1081 1058
1081 1006
1081 92
1081 528
1081 499
1081 990
1081 1071
1081 642
1081 52
1081 653
1081 691
348 108
348 807
348 459
348 507
348 427
348 42
348 598
348 1062
348 785
348 255
348 1119
1085 818
1085 1024
1085 534
1085 609
1085 19
926 477
926 482
926 57
4 512
4 134
4 958
4 356
4 500
4 120
4 191
4 666
133 108
133 250
133 607
133 471
133 495
133 1014
737 747
737 1103
737 108
737 807
737 834
737 1058
737 414
737 1104
737 824
737 690
737 485
737 325
737 452
737 571
737 76
737 346
747 108
747 43
747 936
747 990
747 690
747 1132
747 1061
747 474
715 444
715 1077
715 194
715 543
715 931
715 911
715 557
715 746
715 75
715 257
715 319
715 61
715 29
715 121
715 611
715 1008
715 649
715 330
715 835
715 498
715 628
715 744
715 57
715 148
715 658
715 597
930 110
460 362
460 693
460 640
1103 677
1103 1075
1103 1029
1103 761
1103 866
1103 92
1103 922
1103 458
1103 404
1103 701
214 93
78 807
78 724
78 132
78 408
78 380
519 512
519 937
519 1071
519 925
519 229
519 602
519 16
519 615
519 105
519 301
519 158
519 969
586 783
586 135
586 127
521 43
521 591
521 295
93 169
93 79
93 462
93 906
736 807
736 414
736 94
736 183
736 943
736 129
736 1078
736 165
736 52
751 542
751 802
751 1038
751 112
751 190
751 888
751 458
751 1033
751 773
751 890
751 849
751 1035
536 187
536 363
536 596
536 922
536 611
536 927
536 1044
108 512
108 1127
108 936
108 807
108 194
108 132
108 677
108 517
108 121
108 706
108 38
108 1013
108 452
108 1111
907 512
907 444
907 123
907 187
907 775
907 319
907 500
907 1029
907 152
907 363
907 1024
907 568
907 238
907 389
907 763
907 964
907 909
907 988
907 721
907 253
907 726
907 910
907 282
512 746
512 187
512 132
512 1093
512 1036
512 218
512 500
512 659
512 534
512 973
512 245
512 937
512 893
512 1117
512 570
512 704
512 776
512 279
512 516
512 710
512 158
512 969
512 1122
512 538
444 134
444 319
444 330
444 498
444 744
1127 455
1127 556
1127 547
1127 671
1127 33
1127 794
1127 259
1127 516
1127 1033
1127 653
1127 993
409 278
409 79
409 386
541 765
541 587
765 362
765 614
765 678
43 1019
43 1075
43 591
43 231
43 585
564 908
564 249
1077 587
936 455
936 38
936 1044
936 993
123 500
123 659
123 1029
123 152
123 1024
123 274
123 195
123 183
123 510
123 964
123 38
123 988
123 997
123 759
123 252
123 166
807 455
807 650
807 187
807 677
807 458
807 989
807 325
807 1035
807 993
455 671
455 491
455 1044
727 700
727 862
727 292
727 430
194 319
194 120
194 1008
650 556
650 802
650 596
650 742
676 250
676 780
724 131
459 556
459 146
459 929
459 862
459 688
459 250
459 161
459 507
459 1020
459 427
459 977
459 42
459 293
459 598
459 896
459 430
459 246
459 420
459 207
459 351
459 173
755 250
755 783
755 135
755 73
755 424
755 256
556 746
556 764
556 131
556 257
556 161
556 802
556 135
556 112
556 637
556 1014
556 316
556 703
556 516
556 803
556 468
556 448
965 610
965 138
965 354
543 290
543 931
543 557
543 723
543 1046
543 800
290 931
290 134
290 911
290 557
290 754
290 723
290 75
290 257
290 291
290 973
290 893
290 742
290 1046
290 835
290 628
931 134
931 911
931 557
931 754
931 723
931 611
931 303
931 1046
931 835
931 148
931 845
134 911
134 754
134 723
134 291
134 649
911 557
911 754
911 723
911 75
911 1093
911 958
911 534
911 611
911 1046
911 678
911 498
911 628
911 744
911 597
557 754
557 723
557 75
557 798
557 1046
557 835
557 744
754 723
754 291
754 742
723 893
723 597
212 392
212 388
212 893
212 354
212 1013
212 835
212 910
746 392
746 1036
746 257
746 938
746 223
746 839
746 973
746 29
746 27
746 1117
746 798
746 210
746 868
746 672
746 138
746 649
746 272
746 87
746 769
746 350
746 465
764 693
764 150
764 570
764 384
764 249
764 967
131 408
131 924
131 1084
131 297
131 318
131 758
131 248
187 596
187 1132
187 22
187 1035
187 638
75 565
75 998
75 291
75 742
75 628
75 60
75 753
75 740
75 37
75 800
75 182
75 563
75 734
700 1014
700 297
700 803
700 38
700 1132
700 1050
392 1036
392 49
392 223
392 1075
392 291
392 839
392 973
392 29
392 1117
392 1071
392 776
392 279
392 229
392 868
392 835
392 628
392 105
392 301
392 910
392 608
392 1095
146 688
146 507
146 500
34 868
34 615
34 910
34 800
132 996
132 156
132 758
132 1122
362 528
362 296
523 614
523 908
523 150
523 640
523 680
523 791
523 967
523 645
775 223
775 1084
775 710
775 589
775 729
929 500
929 1058
929 611
929 1116
929 420
388 223
388 121
388 404
388 372
506 250
379 1093
379 957
379 68
1093 957
1093 1036
1093 738
1093 973
1093 742
1093 198
1093 788
1093 1052
957 958
957 442
957 570
957 68
957 198
957 828
957 57
958 1036
958 738
958 938
958 223
958 893
958 943
958 798
958 210
958 1013
958 628
1036 738
1036 257
1036 938
1036 223
1036 839
1036 534
1036 798
1036 672
1036 628
1036 658
1036 636
738 208
738 973
738 511
49 257
49 973
49 937
49 1117
49 798
49 1071
49 776
49 105
257 973
257 937
257 1117
257 649
257 734
218 223
218 874
677 671
677 359
677 18
677 596
677 866
677 922
677 514
677 316
677 943
677 264
677 629
319 121
319 1066
862 507
862 42
862 516
862 430
408 834
408 591
408 664
408 784
408 948
408 434
951 626
951 437
951 899
951 92
951 483
951 682
818 534
818 528
818 198
688 292
853 880
853 414
853 92
853 1096
853 726
853 170
623 458
623 861
547 914
547 610
547 882
547 758
547 325
606 221
606 574
606 359
606 352
606 933
606 887
606 989
606 1110
606 57
606 114
606 1012
606 852
250 161
250 626
250 837
250 534
250 1115
250 414
250 94
250 198
250 882
250 649
250 1112
250 781
250 107
250 307
914 163
914 15
914 1067
914 574
914 1068
938 868
938 628
938 828
938 707
1019 977
1019 339
1019 532
1019 702
1019 76
1019 585
1019 119
1019 431
356 534
356 183
356 967
356 666
223 500
223 291
223 208
223 839
223 973
223 29
223 232
223 183
223 1117
223 798
223 210
223 229
223 868
223 672
223 649
223 272
223 87
223 769
223 350
223 636
1069 763
1065 565
1090 363
1090 973
1090 570
1090 210
565 609
565 1118
583 67
583 1054
908 887
908 150
908 640
908 680
908 970
908 73
998 67
998 291
998 1015
998 874
998 198
998 138
998 712
783 976
783 1021
783 266
783 922
783 245
783 112
693 500
693 176
693 499
693 101
693 202
880 269
880 270
880 130
880 834
880 92
880 983
880 1096
880 170
880 168
289 77
1092 490
1092 68
1021 574
1021 359
1021 596
1021 316
1021 891
1021 51
1021 773
1021 35
671 542
671 77
671 33
671 112
671 514
671 190
671 888
671 1084
671 316
671 639
671 510
671 629
671 30
671 381
671 99
31 834
31 92
31 183
161 1034
161 611
161 594
161 471
161 809
161 413
161 335
161 63
161 603
161 883
161 780
161 750
161 1113
161 358
161 825
161 1000
542 33
542 112
542 190
542 458
77 690
77 882
77 30
507 500
507 785
924 794
924 471
924 94
924 259
924 758
924 107
924 422
924 1083
490 774
490 156
490 758
490 1016
490 638
490 1056
490 733
490 157
626 197
626 270
626 834
626 437
626 128
626 899
626 527
626 414
626 92
626 463
626 682
626 691
626 434
626 307
626 912
626 147
626 1072
626 357
626 953
626 879
626 963
626 267
266 94
1009 219
1009 372
1009 30
1009 820
1034 471
1034 603
1034 883
1034 141
1034 399
1034 1113
1034 825
1034 613
863 1058
863 509
1075 591
1075 866
1075 495
1075 79
1075 386
1075 822
1075 429
802 500
802 659
802 866
802 112
802 190
802 458
802 1033
802 126
802 327
802 849
802 381
500 1029
500 973
500 1006
500 121
500 174
500 51
500 1043
500 76
500 252
500 530
500 2
659 574
659 363
659 278
659 1062
659 51
197 899
197 1058
197 463
197 483
197 682
197 1101
587 205
269 946
269 414
269 265
269 553
269 168
269 912
269 258
221 634
221 163
221 352
221 463
221 52
270 946
270 437
270 346
270 434
270 170
270 912
270 814
492 92
65 634
65 70
65 414
65 92
65 553
65 726
65 917
634 946
634 195
634 313
634 778
634 726
634 170
634 917
70 128
70 414
70 92
70 639
70 763
70 757
70 265
70 552
70 991
70 324
130 553
130 1110
130 434
946 834
946 437
946 128
946 670
946 15
946 1067
946 1121
946 92
946 439
946 265
946 895
946 434
946 35
946 1072
946 258
946 555
946 82
946 155
946 421
834 437
834 866
834 92
834 265
834 52
834 331
834 434
834 953
163 352
163 1068
163 664
437 899
437 1104
437 463
437 682
437 691
437 434
437 912
437 357
437 814
128 92
128 463
128 963
128 438
128 979
1029 152
1029 195
1029 338
1029 909
1029 721
1029 419
1029 819
167 670
670 15
670 887
670 1121
670 439
670 94
670 82
152 238
152 338
152 909
152 970
152 721
152 778
152 419
152 484
714 248
15 439
15 82
309 1067
309 774
309 562
309 248
309 795
1067 156
1067 107
1067 366
574 515
574 359
574 352
574 622
574 1015
574 1038
574 439
574 742
363 866
363 495
363 599
363 458
363 219
363 1113
120 517
120 121
120 481
291 866
291 973
291 1117
291 798
291 742
291 354
291 628
291 60
291 740
291 37
291 182
291 494
517 121
517 1008
517 545
515 933
515 277
359 933
359 887
359 208
359 1038
359 439
359 835
359 615
359 1012
352 933
352 1125
352 439
352 718
352 784
933 278
933 1051
933 494
61 640
61 198
61 138
61 354
61 712
61 330
61 744
61 828
61 57
61 1052
61 162
899 92
899 463
899 483
899 682
899 1101
705 230
33 113
470 1024
470 343
470 176
470 192
470 466
470 251
470 51
278 696
278 611
278 79
278 386
278 1083
1121 439
591 971
591 1115
591 1047
591 386
591 339
591 584
1088 611
243 696
243 1006
243 22
243 1043
243 199
971 866
971 386
971 339
696 1006
696 686
905 773
980 110
1024 190
1024 1087
1024 183
1024 943
1024 109
1024 443
527 42
527 463
18 550
596 773
596 549
761 866
761 30
839 973
839 570
839 798
839 210
839 868
839 354
839 87
839 350
534 1006
534 296
534 393
534 183
534 265
534 56
534 1101
1058 296
1058 499
1058 265
1058 56
1115 365
1115 584
1115 711
866 380
866 92
866 922
866 458
866 386
866 983
866 109
866 558
380 386
973 29
973 937
973 570
973 798
973 210
973 742
973 868
973 672
973 649
973 272
973 87
973 769
973 350
84 922
84 639
84 451
84 322
84 417
414 92
414 1104
414 265
414 1096
414 553
414 1110
414 895
414 485
414 168
414 407
697 343
697 183
697 198
697 354
697 712
697 532
697 30
697 600
317 121
657 121
657 706
657 56
1006 22
1006 686
1006 1043
1006 199
104 545
151 580
830 532
830 22
830 1043
830 199
830 984
830 189
1038 922
1038 611
1038 112
1038 190
1038 458
1038 404
1038 1033
92 611
92 458
92 265
92 478
92 483
92 1096
92 682
92 553
92 1110
92 895
92 726
92 434
92 170
92 963
1104 983
1104 1096
1104 991
720 1
720 73
922 594
922 888
922 458
922 1044
922 417
365 464
29 377
29 798
29 868
29 672
29 272
29 87
29 769
29 350
996 42
996 610
996 1122
996 638
121 337
121 1066
611 471
611 809
611 127
611 888
611 610
611 389
611 378
611 313
611 858
611 498
611 236
611 987
611 779
611 524
611 531
491 165
296 71
548 463
150 680
150 1102
150 970
135 639
135 404
135 763
135 774
135 757
135 734
245 495
245 228
607 429
607 20
112 190
112 539
112 888
112 458
112 183
112 1033
112 126
112 891
112 327
112 890
112 849
112 1035
112 1044
112 178
185 316
937 893
937 1117
937 742
937 1071
937 704
937 279
937 229
937 868
937 602
937 158
937 969
937 538
893 1117
893 570
893 798
893 1071
893 704
893 925
893 158
343 176
343 377
343 609
343 570
343 740
343 159
303 101
303 776
303 590
303 792
176 192
176 466
176 251
176 637
176 101
377 570
284 1070
284 249
526 594
594 471
594 413
594 63
594 190
594 750
594 378
594 545
594 1119
594 1035
594 530
594 407
594 11
192 251
192 1102
192 249
466 570
466 1070
466 252
251 819
509 335
509 63
471 413
471 293
471 545
471 456
809 413
1020 430
439 82
427 598
427 255
427 608
292 430
977 42
977 339
977 246
977 864
977 1120
127 1001
127 107
42 785
42 420
42 608
42 145
42 522
42 627
42 320
42 387
533 157
1001 774
1001 644
393 1032
413 752
335 63
335 825
603 1113
883 404
179 232
40 1054
40 7
293 430
27 742
27 1013
598 430
598 255
598 207
598 608
598 864
232 752
232 1000
495 404
499 559
499 599
499 6
499 442
559 599
599 6
643 799
643 249
643 620
637 101
637 823
174 458
174 511
174 799
609 205
609 640
609 198
481 298
496 451
190 888
190 458
190 1033
190 126
190 891
888 1033
888 1035
1084 1014
1084 297
1084 394
1084 1132
1084 248
990 474
990 645
990 975
990 619
990 310
610 451
458 612
458 404
458 1033
458 891
458 993
458 322
1014 780
1014 297
1014 1011
1014 1050
1014 387
316 378
639 763
639 757
639 561
612 796
595 372
238 909
238 722
389 191
389 51
389 1124
195 909
195 778
195 484
1087 334
183 1059
183 640
183 601
183 780
183 107
183 168
183 236
510 649
338 909
763 757
763 451
763 448
1059 649
964 298
909 972
101 205
101 249
1116 198
1116 633
640 633
640 847
640 728
680 970
680 997
680 645
680 447
774 758
156 758
156 45
601 799
780 198
943 170
943 299
757 784
757 552
757 948
757 991
757 324
757 421
757 21
259 394
259 451
259 1044
259 381
265 983
265 553
265 258
265 991
265 21
337 56
337 480
337 139
337 1066
79 642
79 675
79 494
1051 875
867 589
867 745
378 773
718 1063
1018 57
401 752
1117 704
1117 925
1117 279
1117 602
1117 16
1117 158
1117 969
1117 910
1117 1095
1117 329
570 798
570 210
570 742
570 620
570 791
798 210
798 868
798 672
798 272
798 87
798 769
798 350
798 465
838 68
838 800
838 1052
838 707
210 1013
742 868
742 158
742 182
742 563
742 734
68 468
68 1052
68 707
896 1113
1008 658
669 411
1070 252
1071 925
1071 229
1071 301
1071 158
704 776
704 925
704 229
704 799
704 158
776 925
776 229
776 602
776 158
925 229
925 158
229 602
229 590
516 430
803 1011
1011 1063
868 198
868 672
868 272
868 87
868 769
868 350
463 483
463 682
463 912
463 879
463 963
463 267
463 979
463 213
690 452
690 474
562 795
386 875
386 339
386 584
386 904
467 399
111 618
1033 126
1033 1035
126 327
126 448
126 178
113 1035
113 240
891 327
511 800
399 744
198 138
198 354
198 712
198 649
1102 249
799 249
1046 272
1046 835
1046 498
1046 740
1046 148
672 272
672 87
672 769
672 350
411 431
411 236
411 779
411 864
411 859
410 138
875 686
875 189
160 19
967 1037
46 88
483 682
483 357
483 1101
483 299
138 354
138 712
313 726
313 917
1063 1132
625 394
983 1074
983 552
983 553
219 372
327 849
327 1035
327 711
263 451
339 584
1096 1110
1096 52
1096 814
1096 473
947 407
109 800
354 712
354 57
712 537
51 1013
51 381
51 994
51 508
51 885
215 988
215 722
758 638
552 258
552 324
552 421
552 21
682 1101
682 979
682 21
553 258
553 917
553 421
553 21
451 325
644 895
456 1110
456 895
456 331
456 785
456 203
1013 1064
532 702
532 585
532 431
642 589
642 729
642 494
576 800
576 1064
1110 895
1110 52
1110 203
895 203
52 331
52 258
52 991
52 654
721 812
419 447
649 503
272 87
272 769
272 350
87 769
87 350
769 350
330 498
330 744
330 148
835 465
835 656
498 744
498 702
753 740
753 37
753 800
753 182
753 563
753 734
753 99
740 37
740 800
740 182
740 734
744 255
744 148
1112 1010
878 675
675 711
22 1043
22 189
828 57
828 162
702 801
702 119
702 431
702 236
702 779
57 1052
57 707
398 431
398 236
398 779
398 864
398 859
1043 199
1043 984
1043 189
781 370
37 182
37 734
653 561
691 307
785 357
255 608
485 407
452 25
571 99
571 708
76 585
76 431
474 645
474 975
602 16
602 969
16 615
615 910
773 849
1044 993
726 434
726 170
726 917
910 1095
910 600
910 329
1122 360
420 145
420 387
800 182
800 734
248 1022
638 987
182 734
182 353
645 975
589 494
729 494
372 30
1052 707
434 170
434 963
434 421
434 203
861 1022
114 581
107 366
107 406
119 431
119 236
119 779
119 859
431 236
431 779
431 524
431 859
30 793
1056 157
1056 987
157 987
357 877
953 299
963 979
530 779
530 864
258 991
258 324
258 421
258 21
324 421
324 21
421 21
979 203
584 446
189 859
236 779
236 524
236 864
236 859
779 524
779 864
779 859
524 859
178 415
864 1120
145 387
145 806
975 575
619 310
45 604
21 203
604 604
