236 1071
236 544
236 889
236 922
236 997
236 136
236 325
236 768
236 165
236 388
236 29
236 934
236 1005
236 492
236 626
236 890
236 971
236 896
236 981
236 677
236 819
236 310
236 365
236 374
236 754
236 736
236 468
236 343
236 723
236 1030
1071 544
1071 889
1071 997
1071 136
1071 325
1071 768
1071 165
1071 388
1071 934
1071 626
1071 971
1071 896
1071 981
1071 819
1071 365
1071 226
1071 920
1071 320
1071 845
1071 1097
1071 837
1071 498
544 889
544 997
544 136
544 325
544 768
544 388
544 29
544 934
544 626
544 971
544 896
544 981
544 677
544 819
544 310
544 736
544 468
544 320
544 279
544 1125
544 670
544 994
544 446
544 581
544 812
544 395
544 289
544 2
544 848
544 803
544 419
544 1093
544 495
544 510
544 1002
544 1082
889 388
889 819
889 395
889 278
889 964
889 128
889 534
889 1086
889 345
889 321
889 1088
889 358
889 832
889 494
889 349
889 268
889 366
889 401
889 638
922 997
922 934
922 54
922 826
922 1070
922 867
922 132
922 30
922 735
997 136
997 325
997 934
997 626
997 971
997 819
997 736
997 468
997 320
997 650
997 695
997 911
997 204
997 603
997 797
997 891
997 610
136 768
136 165
136 934
136 492
136 626
136 896
136 819
136 468
136 867
136 731
136 482
136 1126
136 839
136 779
136 172
136 679
136 382
136 774
136 1095
136 443
136 881
136 1098
325 819
325 468
325 789
325 1067
768 165
768 934
768 626
768 677
768 819
768 365
768 723
768 670
768 879
768 245
768 298
768 219
768 487
165 626
165 365
165 723
165 320
165 366
165 20
165 945
165 225
165 280
165 829
165 135
165 166
165 334
165 133
165 452
165 372
165 254
165 721
165 1025
165 1130
165 71
165 79
165 183
165 430
165 1103
165 877
165 765
165 146
388 971
388 896
388 981
388 819
388 374
388 736
388 812
388 54
388 822
388 897
388 216
388 602
388 631
388 622
388 807
388 197
29 603
29 597
29 293
29 212
29 159
29 1027
29 961
29 1063
29 949
29 655
29 330
29 149
29 66
29 177
29 1047
29 654
934 1005
934 626
934 971
934 819
934 365
934 468
934 812
934 268
934 867
934 219
934 654
934 647
934 1011
934 173
934 925
934 202
934 560
934 377
1005 492
1005 626
1005 365
1005 920
1005 320
1005 650
1005 487
1005 225
1005 829
1005 71
1005 79
1005 622
1005 861
1005 199
1005 478
1005 217
1005 598
1005 404
1005 39
1005 384
1005 1108
1005 883
1005 351
1005 295
1005 1060
1005 158
1005 463
1005 535
1005 352
1005 201
1005 878
1005 94
1005 392
1005 913
492 310
492 920
492 320
492 867
492 172
492 79
492 384
492 616
492 600
492 42
492 85
492 577
492 1128
492 1066
492 1048
492 213
626 365
626 723
626 920
626 320
626 1082
626 132
626 298
626 20
626 71
626 1103
626 765
626 853
626 734
626 391
626 385
626 68
626 907
626 793
626 1127
626 179
626 53
626 530
626 235
626 717
626 126
626 1028
626 69
626 224
626 338
626 611
626 379
626 528
626 168
626 1015
626 646
626 234
626 456
626 11
626 977
626 724
626 1000
626 672
890 365
890 320
890 334
890 1039
890 75
890 364
971 896
971 677
971 819
971 310
971 374
971 754
971 736
971 498
971 279
971 28
971 990
971 805
896 981
896 736
896 498
896 670
896 366
896 911
896 891
896 721
896 807
896 85
896 1018
896 436
896 773
896 144
896 78
896 380
896 112
896 335
896 227
896 499
896 435
896 1080
981 819
981 670
981 446
981 803
981 695
981 219
981 805
981 78
981 956
981 763
981 3
981 1014
677 310
677 374
677 279
677 1125
677 670
677 395
677 289
677 803
677 510
677 1002
677 128
677 839
677 879
677 245
677 298
677 487
677 925
677 1028
677 611
677 1015
677 1039
677 435
677 192
677 439
677 838
677 1081
677 895
677 145
677 403
677 828
677 6
677 564
677 871
677 852
677 770
677 583
677 1119
677 719
677 818
819 736
819 226
819 498
310 374
310 498
310 279
310 994
310 446
310 581
310 812
310 395
310 803
310 510
310 650
310 1095
310 602
310 631
310 1027
310 913
310 68
310 235
310 990
310 436
310 1080
310 439
310 871
310 432
310 417
310 350
310 522
310 988
310 256
310 438
310 414
310 710
310 1089
310 402
310 841
310 1064
310 657
310 987
310 186
310 246
310 367
310 978
310 986
310 381
310 363
310 941
365 723
365 920
365 320
365 964
365 366
365 20
365 945
365 225
365 829
365 334
365 133
365 254
365 721
365 1025
365 79
365 39
365 384
365 158
365 535
365 913
365 417
365 959
365 1062
365 259
365 894
365 171
365 921
365 121
365 270
365 119
365 514
365 780
365 576
365 993
374 754
374 279
374 534
374 345
374 430
374 990
374 499
374 522
374 259
374 50
374 931
374 316
374 541
374 27
374 742
736 498
736 366
736 891
736 382
736 85
736 436
736 144
736 112
736 499
736 657
736 215
736 52
736 390
736 656
468 320
468 913
468 78
468 978
468 486
468 989
343 655
343 253
343 424
343 1043
343 712
343 361
343 222
343 511
723 320
723 848
723 201
723 391
723 68
723 179
723 53
723 379
723 11
723 1017
723 207
723 593
723 459
723 346
723 100
723 630
723 714
723 737
723 846
723 162
723 550
1030 812
1030 510
1030 245
1030 925
1030 530
1030 956
1030 192
1030 403
1030 1119
1030 590
1030 466
1030 368
1030 595
1030 60
1030 633
1030 317
1030 286
1030 434
1030 992
1030 1040
1030 749
226 153
920 320
920 721
920 1108
320 1002
320 366
320 20
320 913
320 486
320 751
320 548
498 419
498 773
498 78
498 227
498 956
498 564
498 710
498 657
498 466
498 329
498 258
498 409
498 1094
498 557
498 285
498 490
498 57
498 59
498 1041
279 670
279 994
279 446
279 812
279 395
279 803
279 1093
279 298
279 487
279 990
279 1080
279 192
279 439
279 145
279 522
279 712
279 361
279 595
279 619
279 339
279 973
279 437
279 33
1125 994
1125 395
1125 289
1125 848
1125 510
1125 1002
1125 1082
1125 964
1125 298
1125 925
1125 235
1125 438
1125 119
1125 286
1125 619
1125 339
1125 477
1125 243
1125 933
1125 108
1125 545
1125 269
1125 315
1125 123
1125 559
670 395
670 289
670 2
670 803
670 419
670 510
670 345
670 610
670 679
670 879
670 219
670 602
670 631
670 213
670 391
670 611
670 112
670 499
670 192
670 439
670 838
670 145
670 719
670 432
670 710
670 595
670 633
670 1041
670 619
670 339
670 33
670 101
670 906
670 90
670 562
670 546
670 558
670 947
670 72
670 732
670 174
670 684
670 935
994 581
994 812
994 803
994 603
994 245
994 298
994 602
994 925
994 192
994 1089
994 742
994 361
994 595
994 60
994 317
994 434
994 992
994 619
994 339
994 973
994 546
994 684
994 1121
994 639
994 783
994 220
994 500
994 1092
994 914
994 252
994 353
994 674
994 1076
994 129
994 918
994 124
994 663
994 206
994 641
994 681
994 362
994 415
994 475
994 322
994 359
994 753
994 1044
446 395
446 436
446 1080
446 414
446 381
446 464
581 1093
581 631
581 595
581 153
581 220
581 914
581 37
581 532
581 1032
581 662
581 823
581 847
581 1123
581 271
581 801
812 803
812 510
812 54
812 216
812 213
812 990
812 403
812 1119
812 60
812 285
812 339
812 108
812 415
812 827
812 769
812 515
812 473
812 200
812 431
812 585
812 858
812 139
812 854
812 40
395 2
395 1093
395 278
395 964
395 128
395 345
395 1088
395 832
395 349
395 268
395 401
395 638
395 695
395 956
395 439
395 381
395 57
395 619
395 558
395 415
395 801
395 1104
395 1057
395 937
395 134
395 393
395 747
395 86
289 245
289 434
289 1122
2 576
2 595
2 559
2 386
848 510
848 1002
848 1082
848 867
848 735
848 779
848 298
848 133
848 877
848 42
848 53
848 530
848 1028
848 168
848 956
848 414
848 1064
848 119
848 742
848 1017
848 346
848 100
848 737
848 162
848 550
848 329
848 933
848 545
848 1076
848 790
848 578
848 480
848 182
848 686
848 1105
848 251
848 93
803 1093
803 695
803 213
803 805
803 956
803 192
803 1119
803 1089
803 361
803 714
803 60
803 992
803 619
803 559
803 101
803 1044
803 547
803 194
419 510
419 1082
419 298
419 770
419 414
419 246
419 992
419 749
419 1041
419 619
419 123
419 101
419 860
419 383
419 181
419 601
419 875
419 965
419 309
1093 695
1093 877
1093 216
1093 631
1093 949
1093 925
1093 913
1093 805
1093 956
1093 1081
1093 564
1093 414
1093 259
1093 511
1093 60
1093 317
1093 749
1093 57
1093 108
1093 315
1093 559
1093 359
1093 271
1093 1012
1093 14
1093 148
1093 549
1093 634
1093 685
1093 433
1093 521
1093 851
1093 1019
495 638
510 867
510 610
510 79
510 616
510 42
510 577
510 1066
510 213
510 438
510 511
510 590
510 368
510 60
510 409
510 619
510 684
510 148
510 1049
510 457
510 950
510 702
510 1046
510 892
1002 1082
1002 298
1002 877
1002 53
1002 1119
1002 1017
1002 714
1002 243
1002 1090
1002 814
1082 132
1082 298
1082 877
1082 216
1082 391
1082 68
1082 53
1082 530
1082 69
1082 611
1082 528
1082 168
1082 1015
1082 403
1082 171
1082 119
1082 162
1082 595
1082 317
1082 243
1082 269
1082 1076
1082 918
1082 480
1082 915
1082 1110
1082 815
1082 131
1082 300
278 964
278 128
278 345
278 1088
278 358
278 832
278 268
278 638
278 773
278 381
278 558
278 431
278 1104
278 422
278 594
278 167
278 1003
278 873
278 591
278 1054
278 232
278 580
278 566
278 716
278 1035
278 1118
964 128
964 345
964 1088
964 832
964 494
964 268
964 638
964 487
964 829
964 79
964 853
964 1028
964 871
964 381
964 1062
964 57
964 558
964 124
964 1104
964 686
964 264
964 375
964 720
964 88
964 272
964 1073
964 864
964 8
128 345
128 1088
128 832
128 268
128 401
128 638
128 852
128 381
128 1104
128 393
128 652
128 1
128 263
128 1074
534 716
1086 1088
1086 349
1086 897
1086 1014
1086 915
1086 716
1086 1022
1086 796
1086 440
345 321
345 1088
345 832
345 494
345 401
345 638
345 293
345 1063
345 66
345 42
345 235
345 256
345 153
345 562
345 558
345 594
345 1020
345 1061
345 196
321 401
321 66
321 1057
321 594
321 844
321 318
321 38
321 125
1088 358
1088 349
1088 268
1088 638
1088 1126
1088 381
1088 580
1088 716
1088 844
1088 903
358 349
358 1126
358 381
358 393
358 422
358 594
358 167
358 1054
358 580
358 716
358 903
358 1024
358 120
358 26
358 859
832 268
832 401
832 638
832 381
832 511
832 101
832 1104
832 948
494 499
494 381
494 1062
494 393
494 716
494 720
494 88
494 9
494 454
494 777
494 98
349 268
349 1126
349 381
349 558
349 393
349 915
349 716
349 1022
349 903
349 1024
349 707
268 638
268 1126
268 977
268 285
268 108
268 1104
268 86
268 194
268 1046
268 1022
268 844
268 125
268 308
268 160
268 752
268 699
268 605
268 675
268 570
268 1052
268 979
366 911
366 20
366 452
366 1108
366 883
366 913
366 78
366 435
366 978
366 466
366 339
366 194
366 272
366 8
366 776
366 180
366 620
401 602
401 78
401 1057
401 134
401 38
401 1024
401 928
638 293
638 438
638 381
638 959
638 1040
638 57
638 1041
638 973
638 906
638 558
638 641
638 139
638 1104
638 549
638 1022
638 318
638 903
638 1024
638 117
638 99
638 531
638 275
638 292
638 505
638 963
638 836
638 589
54 482
54 216
54 719
54 710
54 732
54 684
54 271
54 431
54 858
54 181
54 892
54 1052
54 509
54 506
54 874
54 666
54 584
54 250
826 789
826 877
826 602
826 85
826 391
826 68
826 1028
826 78
826 564
826 259
826 1046
826 1061
826 196
826 970
826 523
826 709
826 427
826 904
826 909
826 743
1070 330
1070 1047
1070 256
1070 619
1070 1090
1070 635
1070 97
1070 667
1070 479
1070 698
1070 104
867 650
867 603
867 298
867 452
867 254
867 79
867 655
867 66
867 616
867 42
867 85
867 577
867 1066
867 1048
867 78
867 256
867 414
867 511
867 153
867 59
867 641
867 1049
867 1046
867 892
867 904
867 476
867 1099
867 810
867 813
867 944
867 412
867 455
867 195
867 287
867 208
867 831
867 342
132 655
132 68
132 630
132 431
132 156
30 135
30 721
30 1025
30 861
30 199
30 535
30 392
30 616
30 907
30 60
30 355
735 298
735 877
735 216
735 622
735 53
735 100
735 286
735 475
735 294
735 32
650 797
650 298
650 133
650 721
650 1103
650 861
650 535
650 600
650 391
650 414
650 1064
650 933
650 475
650 322
650 32
650 606
650 267
650 357
650 13
650 729
650 191
650 418
695 679
695 602
695 1011
695 717
695 805
695 956
695 3
695 719
695 486
695 60
695 464
695 1012
695 148
695 851
695 909
695 22
695 673
695 942
695 599
911 679
911 135
911 535
911 94
911 913
911 53
911 78
911 380
911 227
911 414
911 657
911 186
911 541
911 390
911 639
911 464
911 851
911 707
911 599
911 147
204 1027
204 435
204 3
204 353
204 1084
603 293
603 212
603 1027
603 949
603 66
603 1047
603 654
603 595
603 619
603 342
603 49
797 877
797 146
797 734
797 793
797 126
797 528
797 646
797 977
797 672
797 121
797 162
797 550
797 362
797 322
797 777
797 808
797 739
797 266
797 451
797 932
891 679
891 382
891 78
891 684
891 134
891 148
891 794
891 116
610 602
610 616
610 412
731 779
731 734
731 793
731 717
731 977
731 1119
731 777
731 266
731 41
731 62
731 398
482 172
482 148
482 950
482 497
482 758
482 868
1126 381
1126 959
1126 641
1126 1104
1126 1057
1126 393
1126 716
1126 318
1126 903
1126 758
1126 868
1126 632
1126 975
1126 1059
1126 95
1126 621
1126 689
839 78
839 852
839 414
839 906
839 194
839 302
839 1004
839 727
839 938
839 55
779 925
779 53
779 1119
779 941
779 156
779 1132
779 297
779 967
779 893
779 91
172 372
172 1066
172 213
172 148
172 702
172 497
172 758
172 1085
172 690
172 985
172 63
172 1078
172 157
172 614
172 489
172 447
679 881
679 822
679 807
679 773
679 78
679 227
679 956
679 988
679 57
679 732
679 685
679 455
679 794
679 116
679 975
679 508
679 501
679 1087
679 1129
382 148
382 1087
774 1098
774 732
774 685
774 689
774 1004
774 1091
443 116
443 614
443 658
443 886
881 631
881 1066
881 497
1098 116
789 877
789 897
789 68
789 522
789 1089
789 1044
789 1090
789 909
789 729
789 795
789 4
1067 1040
1067 90
879 439
879 938
879 416
245 298
245 877
245 631
245 647
245 53
245 11
245 162
245 60
245 1044
245 796
245 604
298 133
298 877
298 765
298 616
298 68
298 793
298 179
298 53
298 530
298 235
298 717
298 126
298 1028
298 611
298 168
298 1015
298 234
298 456
298 11
298 990
298 335
298 403
298 1119
298 1064
298 941
298 121
298 656
298 346
298 368
298 60
298 317
298 933
298 684
298 1076
298 475
298 801
298 431
298 480
298 686
298 383
298 1090
298 815
298 1020
298 874
298 606
298 932
298 45
298 503
298 406
298 682
298 703
298 648
298 660
298 579
298 781
298 429
298 288
219 602
219 807
219 438
219 1040
219 33
219 129
219 827
219 40
219 1012
219 433
219 892
219 292
219 599
219 701
219 481
219 804
219 740
219 691
219 866
219 1111
219 694
219 262
219 155
219 617
219 103
219 561
219 469
487 877
487 913
487 68
487 179
487 1028
487 456
487 828
487 417
487 421
487 856
487 916
20 721
20 576
225 452
225 254
225 79
225 913
225 620
225 195
225 767
829 166
829 721
829 478
829 598
829 39
829 384
829 883
829 878
829 392
829 1089
829 978
829 60
829 339
829 872
829 586
135 721
135 79
135 602
135 199
135 478
135 384
135 535
135 392
135 620
135 81
166 452
166 878
166 195
166 767
334 75
334 364
334 871
334 259
334 559
334 148
334 916
334 193
334 840
334 999
133 1103
133 877
133 391
133 793
133 53
133 717
133 126
133 1028
133 611
133 168
133 1015
133 646
133 414
133 1064
133 171
133 52
133 656
133 329
133 1076
133 790
133 686
133 383
133 1090
133 915
133 739
133 503
133 579
133 708
133 484
133 972
133 865
133 1045
133 733
452 254
452 721
452 79
452 216
452 631
452 861
452 39
452 42
452 620
452 195
452 413
372 126
372 251
372 814
372 454
372 447
372 221
372 862
254 79
254 1108
254 195
254 767
721 861
721 478
721 598
721 404
721 384
721 1108
721 883
721 295
721 158
721 535
721 201
721 878
721 392
721 913
721 78
721 993
721 595
721 620
721 1099
721 195
721 767
721 282
1025 478
1025 598
1025 404
1025 384
1025 1108
1025 295
1025 158
1025 201
1025 1099
1130 828
1130 259
1130 921
1130 590
1130 368
1130 339
1130 134
1130 509
1130 874
1130 574
1130 1101
1130 628
1130 692
79 535
79 616
79 743
79 195
79 370
79 782
183 807
183 913
183 871
183 259
183 590
183 559
183 134
183 423
183 725
183 176
430 862
1103 1127
1103 224
1103 977
1103 1064
1103 383
1103 266
1103 660
1103 579
1103 781
1103 64
1103 175
877 807
877 913
877 391
877 68
877 53
877 1028
877 69
877 456
877 773
877 3
877 1064
877 171
877 119
877 742
877 52
877 346
877 714
877 737
877 134
877 790
877 686
877 1045
877 1124
765 179
765 1017
765 45
765 406
146 391
146 126
146 162
146 322
146 480
146 1090
146 81
146 319
146 328
822 602
822 631
822 807
822 1011
822 380
822 993
822 466
822 851
822 1054
822 531
822 22
822 302
822 938
822 484
822 1026
822 151
822 23
822 1010
822 257
897 1014
897 1119
897 712
897 368
897 915
897 796
897 584
897 297
897 4
216 602
216 168
216 380
216 381
216 383
216 422
216 813
602 631
602 293
602 1011
602 990
602 1080
602 564
602 361
602 992
602 57
602 101
602 546
602 174
602 473
602 860
602 601
602 1054
602 1118
602 22
602 673
602 1059
602 103
602 782
602 1053
602 943
602 347
602 857
602 582
631 330
631 1011
631 600
631 68
631 990
631 424
631 595
631 749
631 559
631 252
631 663
631 681
631 747
631 685
631 892
631 591
631 1061
631 699
631 874
631 455
631 673
631 116
631 975
631 725
631 665
631 323
631 311
631 821
631 728
631 150
622 168
622 27
622 712
622 928
622 813
622 294
622 1004
622 413
622 360
622 939
622 901
807 197
807 913
807 1015
807 436
807 78
807 499
807 435
807 3
807 414
807 346
807 595
807 108
807 732
807 271
807 431
807 547
807 1012
807 148
807 521
807 707
807 909
807 22
807 599
807 617
807 323
197 436
197 1080
597 949
597 655
293 159
293 1027
293 1063
293 949
293 655
293 330
293 149
293 66
293 1047
293 256
293 931
293 316
293 1043
293 712
293 361
293 590
293 595
293 60
293 285
293 619
293 641
293 1061
293 196
293 342
293 781
293 1007
293 450
293 260
293 410
212 159
212 949
212 1047
212 619
212 1007
212 341
159 1027
159 949
159 655
159 330
159 66
159 1047
159 712
159 595
159 619
159 339
159 1044
159 547
159 1061
159 606
159 49
159 781
159 341
159 693
1027 949
1027 655
1027 435
1027 987
1027 931
1027 595
1027 639
1027 641
1027 823
1027 847
1027 271
1027 1061
1027 1084
1027 49
1027 1129
1027 341
1027 513
1027 816
1027 958
1027 304
1027 82
1027 645
1027 1037
961 269
961 252
961 635
961 479
961 573
961 1033
961 400
1063 949
1063 66
1063 1047
1063 42
1063 227
1063 956
1063 256
1063 368
1063 619
1063 562
1063 546
1063 769
1063 342
1063 461
1063 640
949 655
949 330
949 149
949 66
949 1047
949 42
949 1018
949 435
949 511
949 595
949 619
949 108
949 562
949 937
949 196
949 342
949 842
655 66
655 1047
655 616
655 435
655 361
655 619
655 641
655 318
655 342
655 450
655 850
655 190
330 1047
330 1028
330 269
330 684
330 342
330 1007
149 66
149 1047
149 42
149 256
149 562
149 196
149 342
149 423
149 260
149 842
66 1047
66 616
66 956
66 3
66 619
66 1044
66 963
66 342
66 606
177 956
1047 42
1047 3
1047 256
1047 316
1047 562
1047 97
1047 479
1047 342
1047 341
1047 461
1047 842
1047 190
1047 884
1047 996
1047 184
654 973
654 641
654 1123
654 1084
654 49
654 643
654 571
654 968
654 820
654 138
654 15
647 11
1011 227
1011 329
1011 409
1011 108
1011 72
1011 174
1011 684
1011 827
1011 473
1011 860
1011 22
1011 673
1011 484
173 438
173 414
173 617
173 1101
173 23
925 439
925 595
925 60
925 317
925 996
925 799
202 616
202 129
202 206
202 781
202 155
202 74
202 683
202 444
202 855
202 771
202 114
560 386
560 223
377 833
377 787
377 118
861 616
861 42
861 1048
861 418
199 535
199 68
199 907
199 793
199 993
199 162
199 322
199 418
199 328
478 100
478 57
478 375
478 1129
478 533
217 598
217 39
217 384
217 1060
217 1089
217 100
598 404
598 39
598 384
598 295
598 158
598 435
598 993
598 1099
404 384
404 201
404 913
404 933
404 272
39 227
39 620
384 227
384 100
384 620
384 1099
384 782
883 720
351 796
351 418
295 993
295 1099
535 392
535 913
535 68
535 907
535 793
535 724
535 162
535 1076
535 418
535 306
352 913
352 418
201 1014
878 978
878 767
392 907
392 361
392 329
392 970
913 773
913 380
913 227
913 956
913 186
913 259
913 270
913 576
913 620
913 1099
913 843
913 936
616 42
616 577
616 1066
616 1048
616 213
616 153
616 477
616 559
616 639
616 500
616 124
616 709
616 944
616 412
616 497
616 868
616 1078
616 1026
616 150
616 693
616 816
616 43
616 312
616 442
600 42
600 1066
600 213
600 1028
600 414
600 831
600 267
42 1048
42 256
42 316
42 590
42 368
42 619
42 269
42 562
42 674
42 769
42 479
42 195
42 342
42 606
42 640
42 184
42 241
85 801
85 134
85 970
85 357
85 758
85 4
85 416
85 323
85 542
577 641
577 1046
577 412
577 147
577 442
1128 549
1128 892
1128 476
1128 606
1128 599
1128 804
1128 262
1128 103
1128 441
1128 966
1128 863
1128 394
1066 213
1066 148
1066 950
1066 606
1066 497
1066 690
1066 985
1066 520
1066 946
1048 944
1048 412
1048 342
213 511
213 148
213 950
213 690
853 1028
853 75
853 1081
853 894
853 630
853 383
853 1020
853 319
853 333
853 898
734 68
734 717
734 528
734 646
734 977
734 672
734 550
734 933
734 545
734 322
734 383
734 777
734 808
734 266
734 41
734 62
734 398
734 333
391 68
391 717
391 611
391 417
391 119
391 1017
391 737
391 933
391 1076
391 475
391 686
391 781
391 1053
391 51
385 871
385 375
385 586
385 999
385 176
385 722
68 907
68 53
68 717
68 69
68 611
68 528
68 1015
68 11
68 724
68 227
68 417
68 414
68 1064
68 171
68 1017
68 162
68 60
68 933
68 269
68 1076
68 686
68 383
68 815
68 131
68 41
68 972
68 782
68 64
68 51
68 1131
68 7
68 1013
907 717
907 528
907 724
907 171
907 162
907 1076
907 7
907 238
793 717
793 126
793 1028
793 69
793 528
793 646
793 977
793 672
793 162
793 322
793 251
793 120
793 418
793 266
793 447
793 503
793 660
793 64
793 319
793 333
793 7
793 472
1127 646
1127 234
1127 11
1127 1000
1127 1062
1127 171
1127 545
1127 781
1127 1101
1127 513
1127 7
1127 242
1127 664
1127 231
179 126
179 977
179 1119
179 1089
179 941
179 60
179 915
179 874
179 932
179 297
179 45
179 503
179 406
179 703
179 648
179 660
179 423
179 109
179 76
53 530
53 1028
53 11
53 78
53 583
53 1064
53 121
53 119
53 737
53 317
53 286
53 933
53 182
53 300
53 429
530 1015
530 403
530 583
530 346
530 317
530 557
530 415
530 300
530 673
235 1028
235 417
235 121
235 630
235 595
235 562
235 769
235 1020
235 342
235 376
717 126
717 69
717 338
717 611
717 379
717 168
717 1015
717 234
717 456
717 11
717 78
717 403
717 417
717 402
717 1064
717 121
717 119
717 550
717 317
717 933
717 684
717 1076
717 182
717 383
717 815
717 1020
717 266
717 504
717 1050
126 69
126 224
126 611
126 379
126 528
126 646
126 234
126 456
126 977
126 672
126 1064
126 171
126 121
126 286
126 1076
126 322
126 383
126 266
126 579
126 319
126 472
126 230
1028 611
1028 168
1028 1015
1028 646
1028 672
1028 417
1028 100
1028 162
1028 933
1028 475
1028 686
1028 383
1028 64
69 528
69 168
69 234
69 162
69 269
69 1076
69 131
69 447
69 319
224 528
224 977
224 1064
224 548
224 383
224 1090
224 932
224 579
224 230
338 646
338 11
338 1044
338 932
611 1015
611 78
611 1064
611 100
611 933
611 475
611 1044
611 40
611 686
611 383
611 503
611 81
611 708
611 319
379 528
379 646
379 977
379 171
379 322
379 606
379 1045
379 319
379 1013
379 230
528 168
528 646
528 234
528 977
528 672
528 162
528 550
528 322
528 251
528 815
528 698
528 319
528 230
528 284
528 187
528 261
168 941
168 1062
168 656
168 269
168 123
168 480
168 815
168 300
168 484
168 284
168 1001
168 371
1015 3
1015 417
1015 1064
1015 119
1015 933
1015 134
1015 182
1015 1020
1015 429
1015 628
1015 423
646 234
646 11
646 977
646 1000
646 672
646 171
646 545
646 322
646 777
646 808
646 266
646 503
646 319
646 7
646 231
234 11
234 977
234 1000
234 171
234 1076
234 686
234 41
234 503
234 175
234 7
234 231
234 537
456 1000
456 3
456 119
456 796
456 874
456 333
456 187
11 1064
11 317
11 545
11 686
11 620
11 606
11 41
11 447
11 604
11 7
11 778
977 672
977 171
977 322
977 815
977 808
977 451
977 429
977 423
977 64
977 175
977 319
977 513
977 504
977 230
977 458
977 1038
724 1076
724 1009
1000 171
1000 545
1000 743
1000 41
1000 660
1000 7
1000 231
672 808
672 266
672 184
672 624
672 425
1039 8
1039 970
1039 972
1039 61
75 339
75 8
75 840
75 999
75 407
364 407
28 1052
990 714
990 101
990 684
990 823
990 777
990 620
990 606
990 612
805 956
805 1089
805 361
805 749
805 415
805 1044
805 885
1018 148
436 78
436 435
436 1080
436 50
436 547
436 727
436 333
436 249
773 1080
773 3
773 564
773 633
773 409
773 556
78 112
78 499
78 435
78 1080
78 3
78 564
78 871
78 381
78 52
78 390
78 684
78 686
78 194
78 117
78 22
78 1084
78 1059
78 1129
78 262
78 423
78 323
78 738
78 927
78 399
78 209
78 1036
78 569
380 732
380 299
112 770
112 52
112 827
112 1012
112 634
112 433
112 836
112 455
112 617
112 984
227 414
227 52
227 511
227 749
227 339
227 194
227 950
227 1020
227 620
227 22
227 63
227 501
227 1129
227 23
227 1053
227 347
227 811
227 141
227 554
227 240
499 937
499 181
499 14
499 851
499 1118
499 26
499 810
499 582
499 1029
499 65
435 3
435 390
435 466
435 386
435 1061
435 1084
435 49
435 927
435 399
435 127
1080 1081
1080 390
1080 464
1080 1105
1080 547
1080 194
1080 898
1080 1109
956 3
956 414
956 511
956 749
956 559
956 918
956 827
956 1012
956 634
956 1046
956 422
956 566
956 22
956 599
956 869
763 473
763 606
763 746
3 742
3 595
3 558
3 641
3 747
3 1012
3 1061
3 599
3 49
3 1129
3 1109
3 18
3 296
3 106
1014 684
1014 915
1014 796
1014 210
192 439
192 1081
192 145
192 317
192 619
439 145
439 108
439 415
439 22
1081 368
1081 935
1081 918
1081 547
1081 120
1081 743
1081 333
1081 249
1081 58
1081 314
895 390
145 828
145 941
145 559
145 134
145 1101
145 23
403 583
403 368
403 60
403 317
403 431
403 480
403 704
828 390
828 346
828 1122
828 323
564 1119
564 414
564 633
564 992
564 409
564 22
564 484
564 556
871 186
871 259
871 60
871 339
871 559
871 375
871 176
871 519
871 1114
871 80
871 555
852 414
852 1074
852 831
852 1004
852 938
852 694
852 360
852 441
852 962
852 1051
852 741
770 511
770 619
770 906
770 139
770 433
770 455
770 262
770 563
770 290
583 557
1119 119
1119 52
1119 60
1119 431
1119 815
1119 421
1119 81
719 473
719 433
719 901
719 114
719 161
719 543
432 101
432 174
417 894
417 686
417 383
417 1020
350 181
350 810
350 24
350 1065
350 354
522 402
522 941
522 656
522 697
988 732
988 116
256 316
256 153
256 1020
256 635
256 97
256 342
256 665
256 1007
256 467
256 35
438 511
438 749
438 619
438 33
438 108
438 315
438 101
438 906
438 206
438 827
438 40
438 1012
438 455
438 866
438 694
438 103
438 241
438 16
414 599
414 938
414 151
414 23
414 323
414 912
414 760
710 57
710 684
710 415
710 22
710 91
710 1087
710 1036
710 569
710 18
710 44
710 902
710 1116
1089 361
1089 60
1089 339
1089 973
1089 546
1089 918
1089 362
1089 1044
1089 386
1089 74
1089 519
1089 185
1089 1120
1089 1077
841 339
841 796
841 692
841 668
1064 162
1064 783
1064 1076
1064 480
1064 686
1064 383
1064 915
1064 739
1064 266
1064 64
1064 420
657 367
657 1041
657 684
657 827
657 309
657 433
657 659
987 931
987 60
987 353
987 124
987 271
987 801
987 433
987 49
987 223
987 185
987 882
987 923
186 630
186 176
186 636
246 909
246 810
246 65
246 24
246 1065
246 17
246 324
246 1079
246 1031
367 546
367 827
367 515
367 309
367 455
367 116
367 804
367 788
978 546
978 918
978 620
978 586
978 176
986 1040
381 1104
381 1057
381 393
381 194
381 716
381 903
363 339
363 8
941 590
941 124
941 431
941 134
941 386
941 589
941 509
941 49
941 574
941 513
941 82
959 716
959 1022
959 844
959 38
959 963
1062 171
259 780
259 409
259 559
259 375
259 813
259 555
259 678
259 905
259 830
259 718
259 348
259 277
259 178
171 162
171 322
171 418
171 7
171 1013
171 231
921 339
921 8
921 916
921 586
921 725
921 176
921 1114
921 80
921 649
121 100
121 286
121 383
121 584
121 808
121 513
119 801
119 472
780 8
780 830
576 486
576 303
993 251
993 418
993 328
993 348
993 344
50 134
50 547
50 1084
50 110
50 291
931 511
931 595
931 60
931 914
931 674
931 124
931 641
931 362
931 662
931 823
931 134
931 747
931 386
931 1061
931 589
931 427
931 208
931 1084
931 513
931 816
931 82
931 645
931 223
931 76
931 291
931 991
931 802
931 1006
931 756
316 562
316 918
316 801
316 874
316 342
316 628
541 368
541 232
541 24
541 354
27 738
742 100
742 153
742 1121
742 639
742 783
742 220
742 500
742 1092
742 914
742 252
742 124
742 686
742 1090
742 331
742 761
742 460
742 453
742 397
742 56
742 642
742 46
215 590
215 980
52 656
52 486
52 466
52 124
52 182
52 707
52 708
52 82
390 424
390 1101
390 799
390 696
390 327
390 140
656 790
656 182
656 676
486 1040
486 33
486 684
486 40
486 1012
486 634
486 433
486 117
486 836
486 709
486 1111
486 306
486 299
486 290
486 303
989 271
989 873
253 424
253 1043
253 539
253 228
424 1043
424 361
424 590
424 327
1043 590
1043 743
1043 1120
1043 31
1043 1034
1043 817
1043 926
1043 1096
712 222
712 490
712 684
712 681
712 1044
712 685
712 323
712 311
712 901
712 312
712 261
712 237
712 10
712 951
361 182
361 433
361 1046
361 752
361 570
361 667
361 539
361 1058
222 557
222 641
222 685
222 1090
222 302
222 311
222 261
511 1040
511 285
511 619
511 33
511 101
511 684
511 662
511 827
511 8
511 948
511 620
511 476
511 617
511 347
511 869
511 517
511 516
1017 346
1017 100
1017 41
1017 7
593 1068
459 346
459 630
459 846
459 454
459 1124
346 100
346 630
346 714
346 737
346 545
346 134
346 790
346 93
346 423
346 1124
346 526
100 737
100 286
100 1076
100 475
100 182
100 686
100 93
100 383
100 455
100 1068
100 1102
630 846
630 604
630 1124
714 737
714 546
714 421
737 550
737 545
846 447
846 733
846 750
162 1076
162 322
162 606
162 418
162 808
162 451
162 447
162 7
550 545
590 368
590 595
590 60
590 317
590 339
590 500
590 827
590 431
590 1122
590 589
590 509
590 13
590 193
466 72
466 684
466 22
466 323
466 303
466 835
368 60
368 286
368 1040
368 500
368 431
368 139
368 1122
368 509
368 810
368 333
368 869
595 639
595 220
595 914
595 674
595 124
595 641
595 532
595 1123
595 747
595 386
595 1061
595 509
595 49
595 693
595 645
595 397
595 642
595 1034
595 462
60 317
60 286
60 434
60 269
60 546
60 639
60 500
60 1076
60 823
60 431
60 386
60 685
60 1046
60 915
60 375
60 26
60 620
60 509
60 874
60 667
60 810
60 156
60 45
60 1111
60 643
60 1077
60 1079
60 588
60 448
633 619
633 101
633 732
633 685
633 95
633 1004
633 1091
633 556
633 301
633 644
633 715
317 431
317 620
317 509
317 429
317 115
286 814
286 91
286 1096
434 973
434 220
434 662
434 1122
434 1090
434 1020
434 722
434 387
992 619
992 134
992 942
992 758
992 4
992 155
1040 749
1040 329
1040 619
1040 101
1040 566
1040 874
1040 909
1040 813
1040 294
1040 306
1040 527
1040 143
1040 592
1040 471
1040 625
1040 888
749 619
749 108
749 315
749 1111
749 306
749 543
749 567
749 955
153 437
153 269
153 562
153 1121
153 783
153 500
153 1092
153 674
153 124
153 271
153 769
153 120
153 208
153 342
153 606
153 640
153 291
153 331
153 761
153 460
153 453
153 46
153 1096
153 954
153 917
153 849
751 303
548 475
548 383
548 319
329 827
329 1046
329 375
329 836
329 970
329 810
329 455
329 262
329 484
329 211
258 490
409 101
409 72
409 415
409 473
409 709
1094 973
1094 1084
1094 643
1094 820
1094 15
1094 798
1094 405
1094 705
1094 113
1094 713
1094 1075
1094 755
557 860
557 22
557 302
285 108
285 752
285 218
490 123
490 323
490 726
490 748
57 101
57 909
57 1087
57 1101
57 1053
57 958
57 18
57 290
57 1079
59 549
59 892
59 476
59 599
59 804
59 691
59 262
59 441
59 373
59 575
59 465
59 273
1041 918
1041 796
1041 292
1041 455
1041 606
1041 1051
1041 887
619 973
619 33
619 315
619 101
619 562
619 415
619 827
619 196
619 342
619 450
619 241
619 185
619 592
619 111
339 973
339 437
339 559
339 918
339 359
339 769
339 1090
339 375
339 8
339 796
339 620
339 421
339 916
339 586
339 782
339 725
339 176
339 80
339 905
339 613
339 307
339 745
339 785
973 674
973 918
973 415
973 532
973 823
973 801
973 1090
973 915
973 509
973 427
973 673
973 1084
973 49
973 693
973 513
973 571
973 968
973 138
973 74
973 1034
973 1075
973 755
973 107
973 791
437 220
437 769
437 331
437 460
437 46
33 906
33 684
33 40
33 1012
33 948
33 250
33 347
33 74
33 441
33 588
33 483
477 308
477 323
477 312
243 933
243 815
933 475
933 578
933 1001
108 86
108 1046
108 752
108 506
108 34
545 251
545 231
269 815
315 906
315 241
315 887
315 483
559 1090
559 915
559 375
559 8
559 620
559 81
559 999
559 1101
559 628
559 725
559 241
559 80
559 178
559 332
559 651
559 48
101 906
101 546
101 918
101 827
101 262
101 659
101 143
101 273
101 483
906 1012
906 267
906 887
90 206
90 515
90 621
90 788
562 769
562 1020
562 640
546 684
546 892
546 292
546 645
558 134
558 257
72 129
732 684
732 681
732 753
732 515
732 585
732 134
732 148
732 685
732 975
732 95
732 689
732 1004
732 508
732 1091
732 400
732 788
732 25
732 910
732 337
732 629
732 608
174 134
174 860
174 22
174 344
174 493
174 47
684 674
684 1076
684 129
684 271
684 148
684 892
684 22
684 599
684 579
684 155
684 617
684 821
684 74
684 855
684 1117
684 73
935 694
935 249
935 58
1121 639
1121 783
1121 1092
1121 252
1121 242
1121 908
639 783
639 220
639 500
639 1092
639 914
639 252
639 124
639 271
639 1061
639 427
639 49
639 645
639 242
639 761
639 453
783 220
783 500
783 1092
783 914
783 252
783 606
783 739
783 242
783 761
783 954
783 276
220 500
220 914
220 252
220 1061
220 291
500 1092
500 914
500 252
500 124
500 532
500 662
500 509
500 606
500 242
500 1001
500 460
500 453
500 46
500 849
1092 914
1092 252
1092 124
1092 816
1092 242
1092 761
1092 46
914 252
914 1061
914 645
252 49
252 849
353 641
353 1044
353 49
353 58
353 185
353 761
353 745
674 641
674 823
674 271
674 747
674 386
674 589
674 427
674 208
674 1129
674 693
674 816
674 82
674 223
674 76
674 249
674 291
674 991
674 802
674 1006
674 756
674 572
1076 383
1076 418
1076 513
1076 1013
1076 231
1076 1009
129 473
129 433
129 866
129 444
129 704
129 962
129 203
918 292
918 543
918 539
918 273
918 540
124 686
124 547
124 1061
124 645
124 453
124 397
124 56
124 642
124 462
124 908
124 205
124 142
124 67
206 155
206 444
206 855
206 241
206 543
206 1016
641 823
641 1123
641 386
641 1046
641 1061
641 589
641 427
641 208
641 693
641 643
641 968
641 138
641 15
641 223
641 761
641 453
641 113
641 713
641 745
641 952
641 700
681 585
681 685
681 1090
362 223
362 705
362 745
362 908
415 831
415 151
415 962
415 107
475 156
475 13
322 578
322 251
322 418
322 319
322 328
322 537
322 1009
322 809
359 386
359 866
359 1034
359 87
359 326
753 1090
753 874
753 606
753 1124
753 910
1044 386
1044 342
1044 484
1044 1055
464 134
37 532
37 1032
37 1037
532 1032
532 823
532 847
532 427
532 645
532 333
532 445
532 1115
1032 662
1032 648
1032 513
1032 1037
1032 333
1032 31
1032 1096
662 823
662 847
662 747
662 386
662 49
662 1053
662 816
662 82
662 185
662 453
823 847
823 271
823 747
823 386
823 589
823 509
823 816
823 76
823 453
823 917
823 687
847 963
847 427
847 520
1123 271
1123 427
1123 1084
1123 693
1123 816
1123 643
1123 968
1123 113
271 427
271 1084
271 693
271 291
271 67
801 386
801 799
827 1012
827 318
827 99
827 292
827 970
827 455
827 701
827 617
827 1053
827 869
827 516
769 342
769 467
515 685
515 1004
515 74
515 788
473 566
473 752
473 632
473 114
473 880
473 759
200 851
200 1035
200 26
200 810
200 885
200 1065
431 509
431 156
431 333
585 621
858 181
858 909
858 810
858 65
858 307
858 929
139 262
139 1008
40 393
40 694
40 299
40 962
40 143
1057 594
1057 1022
1057 318
1057 38
1057 125
1057 454
1057 659
1057 17
1057 1096
1057 772
1057 189
1057 688
134 148
134 851
134 707
134 509
134 666
134 909
134 1087
134 333
134 299
134 291
134 696
134 835
134 784
134 1107
393 716
393 1
393 1074
393 1022
393 903
747 223
747 453
747 31
747 786
86 689
86 240
86 1120
86 926
86 625
86 34
86 1112
86 239
1122 509
1122 1101
1122 1009
1122 387
386 1090
386 1061
386 963
386 589
386 427
386 208
386 886
386 1101
386 693
386 816
386 82
386 15
386 223
386 76
386 291
386 991
386 802
386 1006
386 756
386 687
790 782
480 686
182 796
182 427
182 513
182 82
686 429
686 84
1105 194
1105 604
251 454
251 418
251 319
251 328
251 407
251 344
547 194
547 1061
547 505
547 799
547 333
547 249
547 314
860 601
860 309
860 1019
860 455
860 673
860 599
383 1090
383 266
383 45
383 64
383 1068
181 422
181 167
181 232
181 566
181 810
181 569
181 65
181 929
181 1069
875 634
965 521
965 1037
309 1022
309 318
309 292
309 617
309 394
309 519
309 373
309 806
1012 549
1012 634
1012 948
1012 599
1012 701
1012 804
1012 691
1012 866
1012 617
1012 103
1012 628
1012 516
1012 507
1012 744
1012 529
14 566
14 810
14 1101
148 950
148 606
148 116
148 758
148 868
148 1085
148 690
148 985
148 63
148 1078
148 257
148 857
148 554
148 152
148 553
148 1072
549 948
549 599
549 804
549 262
634 306
634 299
634 507
685 1090
685 301
433 250
433 758
433 1087
433 347
433 962
433 784
433 1021
433 305
521 1026
521 151
521 962
521 741
521 540
521 12
521 834
521 83
851 1110
851 167
851 566
851 1035
851 1118
851 26
851 928
851 909
851 810
851 833
851 1065
851 448
851 759
851 1107
851 1106
851 137
851 623
851 369
851 247
851 214
851 565
851 627
1019 1087
1049 984
1049 1055
1049 507
1049 169
950 758
950 63
950 1078
950 157
950 946
950 554
950 553
950 283
702 874
702 497
1046 752
1046 970
1046 4
1046 323
1046 312
1046 1042
1046 340
892 1090
892 915
892 970
892 599
892 804
892 262
892 441
892 966
892 811
892 465
892 744
1090 375
1090 427
1090 667
1090 342
1090 781
1090 519
1090 1058
1090 625
1090 651
1090 615
1090 248
915 1022
915 796
915 308
915 556
915 519
1110 26
1110 874
1110 833
1110 885
1110 1065
1110 378
815 175
422 580
422 909
422 582
422 354
422 1069
422 1106
422 976
594 591
594 716
594 38
594 833
594 1079
167 580
167 1035
167 888
167 759
167 929
167 1106
167 496
1003 810
873 591
873 1054
873 909
873 810
873 354
873 307
873 680
591 580
591 999
591 738
591 830
591 307
591 929
591 680
1054 1118
1054 909
1054 810
1054 103
1054 782
1054 943
1054 582
1054 24
1054 105
1054 637
232 354
232 17
232 759
580 566
580 1035
580 1118
580 88
580 1
580 1074
580 160
580 810
580 1059
580 582
580 324
580 759
580 806
580 623
580 976
580 1083
580 766
580 233
580 960
566 1035
566 970
566 810
566 582
566 1079
566 1031
566 759
566 247
716 38
716 903
716 632
1035 26
1035 813
1035 833
1035 1065
1035 448
1035 759
1035 1106
1035 369
1035 496
1118 810
1118 833
1118 565
1118 730
1118 876
375 8
375 999
375 692
375 176
375 905
375 277
375 164
720 88
88 1
88 454
88 160
88 1059
88 1087
88 766
8 916
8 692
8 176
8 407
8 905
8 830
8 277
8 757
652 203
1 1059
1 766
263 1074
263 1026
263 43
263 203
263 255
1074 151
1074 784
1074 1056
1022 844
1022 318
1022 38
1022 275
1022 505
1022 476
1022 1059
1022 645
796 970
796 4
796 406
796 262
796 984
796 554
1020 196
1020 342
1020 288
1061 970
1061 427
1061 693
1061 816
1061 645
1061 58
1061 453
1061 397
1061 642
1061 462
1061 205
1061 389
196 342
196 640
196 996
844 125
844 605
318 125
318 454
318 963
318 476
318 1059
318 761
318 705
318 189
38 125
38 1024
38 1059
38 901
38 114
125 308
125 311
125 389
120 319
120 333
120 249
120 58
120 314
120 331
120 46
120 31
120 1096
120 1115
120 488
26 810
26 833
26 885
26 1065
26 378
859 130
948 863
777 620
777 808
777 266
777 41
777 62
777 398
777 519
308 979
308 606
308 323
308 312
308 305
160 1059
752 1052
752 666
752 287
752 312
752 240
752 953
699 606
570 979
570 667
570 539
570 1058
570 491
1052 970
1052 312
1052 240
979 667
979 228
776 373
180 303
620 804
620 1045
620 1101
620 1053
620 106
620 940
928 1004
928 833
99 70
292 373
292 356
836 970
836 507
589 427
589 513
589 816
589 82
589 223
589 58
589 802
589 756
509 667
509 13
509 297
509 1101
509 582
509 260
509 378
874 13
874 45
874 582
874 260
666 195
666 953
666 998
970 709
970 810
970 455
970 262
970 312
970 569
970 106
970 474
709 312
427 208
427 1084
427 513
427 816
427 82
427 645
427 223
427 76
427 291
427 991
427 802
427 1006
427 756
904 455
904 103
904 16
904 568
904 336
909 810
909 813
909 582
909 65
909 354
909 17
909 324
909 527
909 1069
909 5
743 808
743 1101
743 333
743 58
743 314
743 1120
743 507
743 36
635 342
97 342
97 450
97 260
667 539
667 228
667 1058
667 491
479 996
698 229
104 1120
104 539
104 1058
104 491
104 762
104 587
476 455
476 606
476 599
476 804
476 262
476 484
476 441
810 606
810 262
810 582
810 843
810 885
810 65
810 1065
810 354
810 17
810 324
810 307
810 759
810 929
810 565
813 569
813 65
813 105
944 412
944 344
455 116
455 691
455 262
455 887
455 336
195 767
208 451
208 816
208 223
208 76
208 991
208 802
208 1006
208 756
831 1004
831 694
831 107
831 540
342 665
342 467
606 758
606 868
606 302
606 691
606 694
606 586
606 150
606 738
606 923
606 460
606 518
606 154
606 122
606 983
606 396
267 290
13 574
729 833
418 328
418 7
418 407
22 103
22 484
22 782
22 1026
22 943
22 67
673 4
673 110
942 340
942 426
599 804
599 740
599 691
599 262
599 1101
599 441
599 966
599 394
599 811
599 575
599 465
599 273
599 887
599 449
147 617
1084 49
1084 693
1084 645
1084 643
1084 571
1084 138
1084 15
1084 223
1084 798
1084 1075
1084 755
1084 791
49 693
49 513
49 816
49 643
49 571
49 820
49 1075
808 266
808 451
808 429
808 513
808 642
808 512
739 64
739 968
739 428
739 596
266 41
266 62
266 398
266 579
266 64
451 513
932 184
932 231
794 116
116 758
116 1085
116 985
116 804
116 857
116 150
116 996
116 715
116 273
116 615
116 5
116 163
41 398
41 7
41 231
62 513
62 184
62 651
398 164
497 690
497 985
758 1085
758 508
758 996
758 760
868 1085
975 788
1059 766
95 1091
95 644
95 952
621 788
689 1004
689 240
689 25
689 930
689 274
302 938
302 784
1004 301
1004 910
1004 952
1004 618
1004 1113
1004 982
1004 800
1004 0
727 83
938 1026
938 912
297 1100
1085 842
690 985
690 553
63 554
1078 484
614 886
447 604
447 221
508 788
1129 645
1129 185
1091 788
1091 644
1091 337
1091 952
1091 930
886 842
886 1072
4 484
45 503
45 406
45 703
45 648
503 406
406 703
660 472
660 231
660 109
579 64
579 230
781 262
781 520
781 472
429 175
429 319
429 333
288 764
481 16
804 691
804 262
804 441
804 966
804 394
691 441
691 273
866 155
866 444
866 127
866 543
866 203
1111 955
1111 809
1111 411
1111 502
1111 538
694 16
262 561
262 484
262 441
262 394
262 483
262 568
155 257
155 444
155 771
155 1016
155 0
617 150
103 782
103 943
103 671
561 792
469 1055
916 176
916 649
586 722
586 519
586 19
999 176
999 830
999 757
1045 706
1101 423
1101 319
1101 1010
1101 257
1101 784
1101 1069
1101 518
628 291
692 176
782 943
782 16
782 73
423 291
725 764
176 825
64 175
64 231
1124 333
1124 504
319 504
319 371
319 1038
328 407
328 178
328 809
328 170
1026 962
151 962
151 969
1010 472
257 333
1053 929
1053 485
943 114
943 24
943 880
943 105
943 637
943 960
943 870
347 127
347 16
347 887
347 744
582 569
582 354
582 976
582 105
582 870
665 260
665 573
665 1033
665 467
323 1077
323 140
323 389
311 261
728 87
728 653
150 373
901 927
1007 1096
341 842
693 571
693 820
693 138
693 798
693 405
693 1075
693 755
693 745
693 700
693 89
513 816
513 82
513 645
513 109
513 537
816 82
816 223
816 76
816 991
816 802
816 1006
816 756
816 572
304 1037
304 908
304 1115
304 786
82 185
645 223
645 1075
645 205
645 142
645 67
1037 1117
1037 1115
1037 786
400 554
640 917
850 284
184 651
643 820
643 15
643 713
643 1075
571 968
571 820
571 15
571 472
571 1075
968 820
968 15
968 798
968 1075
820 15
820 1075
15 798
15 428
74 788
855 771
771 927
223 333
223 76
223 991
223 802
223 1006
223 756
833 885
833 1065
833 1106
833 214
833 565
833 627
833 876
833 525
306 592
306 955
43 255
312 261
312 240
312 953
312 281
442 946
542 974
441 966
441 273
966 811
966 73
966 449
863 273
863 188
394 811
520 908
946 46
333 249
333 58
333 314
333 291
7 231
472 231
242 991
242 761
242 460
242 642
242 954
76 991
76 802
76 1006
76 756
284 239
284 518
284 122
284 930
284 607
187 249
261 228
261 587
778 115
1009 92
612 697
885 1065
885 369
885 378
885 485
249 58
249 314
738 307
738 680
927 543
209 127
569 1029
569 24
569 354
984 1055
811 465
811 273
811 998
141 16
240 953
65 17
65 1079
65 496
65 661
746 5
106 908
58 314
58 1096
314 244
519 185
519 744
519 21
519 669
519 524
1114 80
1114 649
962 540
24 976
24 637
24 960
24 870
1065 378
1065 876
1065 870
354 976
354 680
354 960
354 870
16 143
912 324
760 17
760 324
760 1031
760 301
760 957
185 924
1120 926
1120 34
1120 239
1077 87
1077 326
1077 389
882 908
882 924
17 324
17 1079
17 957
324 957
1079 1031
1079 976
1079 105
1079 552
905 775
277 170
291 265
991 802
991 1006
991 756
802 1006
802 756
1006 756
331 460
331 46
331 954
761 572
761 77
460 46
460 926
56 642
56 462
56 908
56 205
56 142
56 67
56 529
642 462
642 908
642 205
642 67
46 644
46 954
696 609
327 140
140 998
539 1058
539 587
31 1096
31 488
926 951
926 1112
926 239
926 518
926 122
1096 1115
1096 786
10 239
10 518
10 122
10 930
10 607
1058 491
1058 762
1058 587
835 1023
462 205
462 67
588 671
448 1107
301 369
644 952
527 5
592 408
471 529
471 96
625 34
625 239
955 809
955 411
798 405
798 755
405 705
705 745
373 465
887 483
307 759
307 929
307 680
745 700
745 36
745 89
107 470
910 618
910 0
908 205
908 67
203 102
540 154
205 67
205 198
809 411
87 389
326 389
1055 507
1115 786
759 929
759 565
759 960
759 957
1008 102
772 995
784 1056
784 551
1112 239
1112 518
1112 122
1112 607
239 518
239 122
239 983
239 607
507 536
12 83
12 154
83 154
369 313
247 485
565 876
615 122
615 930
976 105
976 637
976 960
976 870
637 960
637 870
960 870
876 957
953 711
587 607
518 122
518 983
518 930
518 607
122 983
122 930
122 607
983 607
449 899
930 274
618 0
618 919
411 900
502 538
969 824
870 957
824 824
