0 36
1 922
2 60
3 333
4 18
5 865
6 97
7 20
8 721
9 285
10 736
11 886
12 814
13 682
14 842
15 1114
16 923
17 434
18 662
19 676
20 366
21 243
22 459
23 347
24 492
25 298
26 320
27 1058
28 702
29 626
30 1101
31 561
32 900
33 644
34 11
35 10
36 109
37 488
38 236
39 1088
40 818
41 353
42 942
43 37
44 957
45 1039
46 63
47 1072
48 336
49 822
50 256
51 481
52 975
53 790
54 476
55 534
56 321
57 666
58 125
59 13
60 597
61 613
62 498
63 642
64 304
65 1045
66 680
67 630
68 303
69 1044
70 199
71 473
72 870
73 213
74 625
75 1014
76 14
77 893
78 239
79 950
80 955
81 246
82 1070
83 639
84 768
85 31
86 329
87 468
88 433
89 191
90 911
91 575
92 958
93 1048
94 762
95 46
96 891
97 86
98 368
99 233
100 493
101 688
102 190
103 1118
104 17
105 1015
106 609
107 665
108 466
109 394
110 302
111 707
112 830
113 314
114 844
115 248
116 229
117 22
118 853
119 482
120 328
121 349
122 716
123 506
124 6
125 728
126 520
127 695
128 877
129 76
130 791
131 1099
132 517
133 861
134 966
135 407
136 344
137 395
138 80
139 930
140 1010
141 1050
142 601
143 961
144 270
145 538
146 805
147 1086
148 828
149 335
150 374
151 0
152 287
153 315
154 792
155 268
156 1054
157 585
158 889
159 467
160 181
161 724
162 675
163 941
164 365
165 824
166 587
167 378
168 803
169 740
170 878
171 120
172 1000
173 106
174 351
175 739
176 1042
177 987
178 156
179 406
180 367
181 91
182 748
183 777
184 689
185 1060
186 718
187 417
188 1011
189 222
190 388
191 577
192 711
193 385
194 717
195 1121
196 100
197 929
198 153
199 73
200 431
201 659
202 700
203 1035
204 965
205 458
206 205
207 1075
208 616
209 1026
210 924
211 33
212 764
213 179
214 175
215 509
216 1089
217 563
218 183
219 9
220 852
221 1006
222 273
223 1093
224 203
225 356
226 620
227 64
228 747
229 326
230 185
231 979
232 751
233 305
234 567
235 114
236 514
237 112
238 571
239 359
240 1122
241 650
242 75
243 850
244 584
245 602
246 826
247 137
248 838
249 980
250 415
251 274
252 825
253 369
254 93
255 749
256 141
257 350
258 289
259 1078
260 550
261 750
262 703
263 834
264 227
265 875
266 683
267 425
268 1036
269 798
270 426
271 1021
272 894
273 1023
274 257
275 32
276 23
277 348
278 278
279 174
280 673
281 460
282 116
283 510
284 918
285 548
286 669
287 354
288 978
289 89
290 917
291 1107
292 766
293 972
294 518
295 244
296 393
297 178
298 670
299 1020
300 647
301 947
302 953
303 99
304 858
305 409
306 241
307 240
308 245
309 1071
310 88
311 70
312 65
313 260
314 909
315 1024
316 969
317 230
318 846
319 340
320 160
321 189
322 126
323 753
324 150
325 322
326 594
327 49
328 813
329 618
330 122
331 84
332 681
333 1016
334 437
335 414
336 293
337 598
338 45
339 470
340 1103
341 325
342 859
343 946
344 101
345 532
346 1123
347 103
348 992
349 908
350 801
351 944
352 799
353 276
354 976
355 447
356 913
357 332
358 540
359 543
360 441
361 603
362 836
363 443
364 311
365 1025
366 1066
367 68
368 1108
369 1111
370 937
371 600
372 317
373 522
374 835
375 57
376 78
377 136
378 555
379 898
380 159
381 71
382 661
383 1046
384 752
385 637
386 396
387 254
388 1033
389 124
390 209
391 881
392 869
393 269
394 67
395 4
396 995
397 43
398 206
399 1073
400 559
401 840
402 632
403 28
404 1051
405 1008
406 483
407 358
408 384
409 29
410 653
411 295
412 1031
413 428
414 885
415 113
416 1068
417 564
418 973
419 734
420 382
421 692
422 1112
423 635
424 1028
425 697
426 1034
427 456
428 469
429 847
430 2
431 397
432 677
433 408
434 831
435 352
436 261
437 523
438 1087
439 1077
440 1
441 967
442 48
443 731
444 282
445 380
446 554
447 757
448 687
449 308
450 991
451 754
452 182
453 547
454 1019
455 224
456 855
457 151
458 215
459 580
460 963
461 604
462 197
463 474
464 277
465 154
466 360
467 524
468 671
469 678
470 193
471 341
472 624
473 756
474 989
475 162
476 833
477 272
478 115
479 1057
480 796
481 725
482 783
483 26
484 74
485 714
486 1017
487 413
488 935
489 487
490 265
491 334
492 489
493 170
494 797
495 225
496 1116
497 250
498 633
499 61
500 90
501 763
502 737
503 646
504 593
505 890
506 107
507 55
508 775
509 319
510 1041
511 699
512 574
513 1128
514 381
515 651
516 667
517 210
518 338
519 745
520 363
521 755
522 105
523 69
524 793
525 645
526 477
527 362
528 636
529 35
530 914
531 560
532 435
533 249
534 515
535 1004
536 475
537 985
538 51
539 815
540 164
541 81
542 186
543 502
544 8
545 503
546 685
547 981
548 823
549 951
550 279
551 1027
552 851
553 579
554 496
555 1065
556 945
557 599
558 765
559 533
560 743
561 1091
562 310
563 1059
564 512
565 640
566 47
567 1120
568 494
569 1079
570 812
571 582
572 3
573 85
574 621
575 130
576 759
577 465
578 416
579 876
580 686
581 387
582 986
583 299
584 652
585 760
586 316
587 497
588 713
589 1084
590 864
591 934
592 145
593 211
594 345
595 146
596 462
597 169
598 486
599 171
600 1127
601 779
602 422
603 237
604 592
605 111
606 954
607 668
608 882
609 143
610 323
611 722
612 1083
613 259
614 25
615 804
616 331
617 744
618 343
619 430
620 843
621 286
622 96
623 928
624 12
625 690
626 39
627 903
628 684
629 925
630 228
631 999
632 904
633 264
634 705
635 720
636 595
637 485
638 1124
639 142
640 701
641 789
642 581
643 694
644 557
645 820
646 572
647 525
648 832
649 339
650 288
651 516
652 576
653 782
654 1003
655 306
656 949
657 445
658 309
659 787
660 255
661 280
662 735
663 377
664 283
665 42
666 780
667 781
668 806
669 558
670 1126
671 391
672 541
673 606
674 583
675 148
676 536
677 615
678 235
679 129
680 808
681 401
682 663
683 959
684 841
685 586
686 284
687 390
688 24
689 383
690 761
691 1100
692 214
693 546
694 839
695 324
696 318
697 931
698 262
699 504
700 786
701 77
702 471
703 495
704 82
705 247
706 1061
707 355
708 551
709 294
710 1055
711 38
712 738
713 307
714 79
715 134
716 970
717 1117
718 956
719 212
720 370
721 549
722 342
723 1085
724 451
725 453
726 784
727 1030
728 201
729 66
730 450
731 773
732 562
733 529
734 896
735 188
736 157
737 507
738 778
739 921
740 267
741 411
742 123
743 15
744 907
745 418
746 379
747 135
748 628
749 997
750 993
751 147
752 771
753 133
754 709
755 478
756 412
757 519
758 1062
759 313
760 710
761 537
762 629
763 758
764 809
765 152
766 192
767 184
768 654
769 1005
770 895
771 290
772 44
773 542
774 591
775 927
776 376
777 862
778 102
779 194
780 622
781 226
782 719
783 204
784 438
785 1032
786 346
787 643
788 539
789 887
790 1104
791 788
792 491
793 1067
794 400
795 868
796 607
797 219
798 1105
799 648
800 131
801 919
802 888
803 58
804 1009
805 94
806 452
807 403
808 312
809 872
810 1080
811 258
812 912
813 674
814 871
815 196
816 910
817 940
818 138
819 501
820 952
821 1052
822 906
823 727
824 726
825 119
826 531
827 691
828 144
829 54
830 1125
831 553
832 996
833 198
834 1056
835 252
836 361
837 34
838 337
839 132
840 530
841 1012
842 723
843 21
844 696
845 168
846 30
847 565
848 56
849 866
850 1040
851 216
852 449
853 330
854 948
855 87
856 271
857 232
858 1096
859 664
860 623
861 960
862 770
863 1063
864 829
865 327
866 432
867 588
868 386
869 53
870 442
871 638
872 619
873 27
874 968
875 810
876 570
877 984
878 535
879 1106
880 658
881 457
882 1097
883 932
884 939
885 1064
886 399
887 552
888 589
889 16
890 95
891 1129
892 573
893 297
894 455
895 208
896 845
897 444
898 200
899 117
900 712
901 569
902 1029
903 849
904 962
905 811
906 856
907 392
908 1115
909 511
910 52
911 863
912 617
913 708
914 1007
915 420
916 1037
917 281
918 1095
919 1074
920 40
921 301
922 1113
923 128
924 848
925 1110
926 817
927 173
928 166
929 266
930 1043
931 988
932 892
933 706
934 998
935 899
936 704
937 223
938 631
939 121
940 857
941 1076
942 605
943 769
944 480
945 234
946 1018
947 207
948 118
949 499
950 424
951 404
952 220
953 905
954 556
955 819
956 657
957 292
958 513
959 807
960 177
961 983
962 429
963 296
964 527
965 794
966 389
967 608
968 436
969 419
970 167
971 578
972 1098
973 649
974 612
975 149
976 611
977 104
978 139
979 1022
980 163
981 733
982 732
983 544
984 231
985 461
986 7
987 827
988 741
989 634
990 568
991 821
992 242
993 1132
994 463
995 1094
996 72
997 977
998 874
999 860
1000 1001
1001 5
1002 300
1003 176
1004 526
1005 19
1006 926
1007 202
1008 679
1009 1102
1010 375
1011 867
1012 971
1013 238
1014 59
1015 545
1016 454
1017 1109
1018 528
1019 423
1020 880
1021 974
1022 660
1023 837
1024 158
1025 421
1026 1038
1027 672
1028 62
1029 641
1030 1090
1031 994
1032 108
1033 398
1034 879
1035 405
1036 180
1037 1082
1038 938
1039 172
1040 897
1041 98
1042 1131
1043 915
1044 464
1045 472
1046 873
1047 1119
1048 730
1049 410
1050 1053
1051 614
1052 187
1053 500
1054 1130
1055 140
1056 742
1057 41
1058 291
1059 357
1060 155
1061 982
1062 715
1063 508
1064 275
1065 373
1066 816
1067 505
1068 883
1069 656
1070 964
1071 371
1072 610
1073 776
1074 854
1075 218
1076 372
1077 990
1078 901
1079 521
1080 1002
1081 785
1082 596
1083 364
1084 1069
1085 253
1086 566
1087 884
1088 440
1089 127
1090 446
1091 746
1092 729
1093 1047
1094 263
1095 490
1096 1092
1097 933
1098 655
1099 772
1100 1081
1101 217
1102 774
1103 627
1104 221
1105 484
1106 479
1107 92
1108 693
1109 83
1110 50
1111 448
1112 195
1113 110
1114 439
1115 590
1116 251
1117 916
1118 1013
1119 402
1120 1049
1121 427
1122 698
1123 902
1124 767
1125 943
1126 795
1127 936
1128 161
1129 920
1130 800
1131 802
1132 165
