1068 777
1068 655
1068 292
1068 794
1068 1124
1068 534
1068 931
1068 615
1068 856
1068 549
1068 524
1068 99
1068 453
1068 296
1068 961
1068 142
1068 860
1068 890
1068 262
1068 801
1068 688
1068 195
1068 548
1068 446
1068 802
1068 110
1068 708
1068 637
1068 21
1068 814
777 655
777 292
777 1124
777 534
777 931
777 615
777 856
777 549
777 99
777 961
777 860
777 890
777 262
777 688
777 548
777 963
777 48
777 18
777 135
777 634
777 921
777 347
655 292
655 1124
655 534
655 931
655 615
655 549
655 99
655 961
655 860
655 890
655 262
655 801
655 688
655 195
655 110
655 708
655 18
655 760
655 216
655 418
655 692
655 177
655 1064
655 684
655 751
655 870
655 560
655 82
655 406
655 770
655 350
655 874
655 818
655 158
655 166
292 549
292 688
292 751
292 106
292 10
292 256
292 1125
292 666
292 944
292 910
292 412
292 558
292 588
292 566
292 31
292 904
292 804
292 246
292 76
794 1124
794 99
794 811
794 66
794 622
794 489
794 599
794 647
794 773
1124 534
1124 931
1124 99
1124 961
1124 860
1124 688
1124 110
1124 708
1124 18
1124 923
1124 447
1124 855
1124 442
1124 706
1124 310
1124 603
1124 115
534 615
534 856
534 99
534 296
534 961
534 890
534 688
534 708
534 489
534 449
534 217
534 348
534 845
534 361
534 771
534 193
534 258
534 654
534 885
534 612
534 844
534 23
931 688
931 708
931 546
931 15
615 856
615 99
615 961
615 801
615 688
615 548
615 21
615 418
615 52
615 301
615 962
615 268
615 646
856 961
856 548
856 21
856 18
856 804
856 270
856 40
856 90
856 144
856 573
856 138
856 78
856 955
856 1116
856 126
856 54
856 945
856 937
856 481
856 161
856 969
856 212
856 633
856 623
856 341
856 752
856 1047
856 435
549 860
549 890
549 262
549 688
549 446
549 110
549 684
549 811
549 308
549 609
549 568
549 251
549 34
549 857
549 93
549 625
524 706
524 641
524 849
524 1039
524 906
524 351
524 816
524 712
524 236
524 1082
524 665
524 499
524 32
524 27
524 132
524 743
99 453
99 961
99 860
99 688
99 548
99 708
99 684
99 904
99 489
99 268
99 743
99 606
99 305
99 1054
99 927
99 570
99 881
99 125
453 296
453 961
453 548
453 48
453 18
453 923
453 646
453 90
453 573
453 969
453 212
453 857
453 317
453 1041
453 960
453 821
453 822
453 503
453 402
453 674
453 1122
453 81
453 1036
453 380
453 925
453 471
453 532
453 50
453 755
453 498
453 662
453 226
453 539
296 195
296 48
296 18
296 489
296 771
296 212
296 674
296 103
296 405
296 820
296 332
296 1032
296 215
296 55
296 327
296 693
961 548
961 21
961 48
961 18
961 166
961 962
961 270
961 969
961 341
961 1047
961 972
961 143
961 981
961 1128
961 220
961 461
961 538
961 247
961 111
961 57
961 211
961 485
961 732
961 908
961 607
961 197
961 616
961 59
961 298
961 740
961 24
961 285
961 1048
961 1079
961 812
961 359
961 340
961 237
961 189
961 69
961 1088
142 548
142 18
142 955
142 518
142 806
142 841
860 890
860 801
860 688
860 195
860 446
860 802
860 110
860 760
860 664
860 337
860 271
890 262
890 110
890 347
890 418
890 804
890 855
890 603
890 937
890 93
890 332
890 443
890 88
890 22
890 294
890 691
890 434
890 1000
890 621
890 421
890 155
890 578
890 289
262 688
262 418
262 177
262 406
262 447
262 268
262 271
262 691
262 765
262 352
262 250
262 1075
801 195
801 446
801 760
801 216
801 418
801 751
801 870
801 406
801 818
801 158
801 256
801 845
801 52
801 301
801 962
801 646
801 927
801 607
801 298
801 1048
801 518
801 578
801 179
801 797
801 705
801 35
801 948
801 872
801 913
801 1058
801 60
801 96
801 13
801 947
801 171
801 0
801 1087
801 600
801 374
688 110
688 963
688 347
195 446
195 347
195 760
195 692
195 177
195 1064
195 684
195 751
195 406
195 818
195 923
195 885
195 251
195 34
195 351
195 539
195 220
195 485
195 337
195 88
195 289
195 797
195 13
195 576
195 1083
195 194
195 827
195 287
195 569
195 675
195 1004
195 113
195 748
195 1059
195 950
195 290
195 749
195 411
195 895
195 563
195 311
195 582
195 862
195 180
195 376
548 21
548 48
548 18
548 10
548 804
548 270
548 40
548 90
548 573
548 955
548 1116
548 945
548 937
548 481
548 212
548 402
548 674
548 925
548 532
548 539
548 576
548 77
548 993
548 95
548 121
548 200
548 722
548 280
548 644
548 645
548 476
548 553
548 182
548 79
446 802
446 760
446 1125
446 944
446 623
446 337
446 155
446 194
446 95
446 323
446 717
446 1026
446 245
446 528
446 385
110 347
110 804
110 603
110 258
110 332
110 88
110 294
110 1000
110 155
110 290
110 696
110 369
110 473
110 909
708 18
708 539
708 691
708 311
708 977
708 847
637 1082
637 504
637 858
637 1022
637 805
637 451
637 984
637 1098
21 18
21 82
21 755
21 981
21 220
21 111
21 57
21 740
21 340
21 1043
21 681
21 325
21 710
21 362
21 828
21 1051
21 898
21 413
21 527
21 512
21 790
814 684
814 818
814 301
814 927
814 211
814 765
814 179
814 913
814 1087
814 39
814 914
814 1001
814 957
814 635
814 232
814 178
814 611
814 642
814 620
814 420
814 206
963 437
48 18
48 937
48 382
18 158
18 804
18 270
18 539
18 977
18 355
18 319
347 770
347 22
347 691
347 421
347 765
347 96
347 1004
347 290
347 914
347 853
347 793
347 698
347 686
347 826
347 967
347 463
347 240
347 652
347 415
760 418
760 692
760 177
760 684
760 751
760 406
760 350
760 962
760 646
760 337
760 289
760 179
760 797
760 872
760 194
760 805
760 451
760 957
760 249
760 51
760 915
760 107
760 253
216 692
216 751
216 870
216 82
216 818
216 158
216 166
216 10
216 962
216 927
216 485
216 569
216 645
216 611
216 249
216 51
216 979
216 133
216 108
216 671
216 425
216 458
216 279
216 124
216 255
418 751
418 870
418 560
418 406
418 770
418 818
418 944
418 115
418 193
418 52
418 268
418 251
418 34
418 693
418 981
418 298
418 1000
418 155
418 179
418 797
418 705
418 872
418 600
418 86
418 1004
418 957
418 232
418 415
418 249
418 51
418 253
418 798
418 343
418 417
418 639
418 118
418 397
418 699
418 329
418 46
418 990
418 1077
692 1064
692 684
692 406
692 706
692 301
692 962
692 251
692 927
692 179
692 113
692 385
692 451
692 957
692 635
692 178
692 642
692 620
692 249
692 51
692 915
692 118
692 990
692 935
692 583
692 288
692 408
692 859
692 772
692 1021
692 164
692 601
692 1089
692 213
692 780
692 486
692 303
692 734
692 1067
692 834
692 488
692 659
692 939
692 824
692 127
692 156
692 150
692 276
177 751
177 88
177 289
177 675
177 830
1064 350
1064 34
1064 957
1064 437
1064 408
1064 1021
1064 949
1064 823
1064 657
1064 1053
1064 1131
1064 370
1064 73
1064 720
1064 159
684 406
684 818
684 811
684 568
684 693
684 337
684 913
684 1087
684 635
684 967
684 51
684 671
684 939
684 738
684 1092
684 982
684 785
684 933
684 1112
684 584
684 238
684 1030
684 894
751 560
751 350
751 106
751 10
751 256
751 944
751 412
751 588
751 31
751 904
751 246
751 76
751 447
751 765
751 797
751 862
751 240
751 249
751 1019
751 939
751 159
751 283
751 7
751 649
751 995
751 45
751 104
751 365
870 301
870 642
870 746
560 182
560 957
560 255
560 1035
82 818
82 158
82 166
82 489
82 773
82 361
82 962
82 1116
82 752
82 820
82 57
82 211
82 607
82 285
82 765
82 675
82 950
82 645
82 385
82 1043
82 362
82 828
82 413
82 512
82 790
82 853
82 108
82 425
82 213
82 265
82 557
82 940
82 614
82 233
82 958
82 663
82 336
406 350
406 447
406 693
406 271
406 765
406 179
406 1087
406 113
406 451
406 898
406 635
406 620
406 249
406 255
406 798
406 276
406 243
770 818
770 166
770 962
770 171
770 675
770 895
770 620
770 206
770 415
770 249
770 124
770 798
770 427
770 848
770 954
770 353
770 157
770 580
770 656
350 447
350 752
350 568
350 34
350 236
350 927
350 539
350 271
350 765
350 35
350 96
350 675
350 95
350 1098
350 635
350 178
350 206
350 240
350 671
350 279
350 255
350 156
350 720
350 12
350 571
350 1107
350 989
350 997
350 985
350 487
350 234
350 146
350 880
874 76
818 489
818 115
818 212
818 103
818 820
818 1032
818 55
818 693
818 569
818 1098
818 39
818 1001
818 635
818 698
818 249
818 990
818 1107
818 219
818 1069
818 1028
818 174
818 630
818 800
158 166
158 962
158 752
158 57
158 1087
158 1043
158 898
158 133
158 716
158 974
166 599
166 962
166 752
166 568
166 981
166 220
166 57
166 211
166 197
166 298
166 24
166 285
166 1048
166 913
166 200
166 645
166 512
166 957
166 178
166 133
166 458
166 213
166 486
166 940
166 725
166 25
166 1103
166 242
166 761
106 10
106 256
106 944
106 412
106 558
106 588
106 904
106 76
106 22
106 862
106 1019
106 933
106 283
106 168
106 667
106 1056
106 593
106 210
106 759
106 136
106 836
106 769
106 162
106 605
106 506
106 1121
10 256
10 944
10 412
10 588
10 566
10 904
10 76
10 646
10 573
10 212
10 972
10 607
10 13
10 862
10 993
10 240
10 1019
10 303
10 283
10 233
10 130
10 346
10 419
10 726
10 786
10 183
10 338
10 980
256 944
256 412
256 588
256 904
256 246
256 76
256 947
256 862
256 283
256 45
256 459
256 134
256 426
256 677
1125 605
666 412
666 31
666 609
666 1075
666 725
666 605
666 254
666 638
666 807
944 910
944 412
944 588
944 566
944 246
944 76
944 849
944 712
944 32
944 820
944 485
944 287
944 437
944 639
944 1019
944 667
944 1090
944 581
944 71
910 246
910 32
910 7
910 667
910 819
910 809
910 334
910 295
412 558
412 31
412 904
412 76
412 348
412 862
412 769
412 605
412 819
412 544
558 31
558 348
558 862
558 45
558 168
558 667
558 1056
558 136
558 769
558 605
558 544
558 1052
558 879
558 373
558 613
588 904
588 246
588 76
588 862
588 1098
588 798
588 283
588 320
566 155
566 862
566 993
566 45
566 605
566 419
566 726
566 390
566 100
566 151
566 309
31 904
31 348
31 862
31 1019
31 45
31 725
31 605
31 254
31 544
31 1052
31 456
904 76
904 348
904 237
904 967
904 671
904 283
904 365
904 243
904 630
904 254
904 819
904 295
904 1012
904 888
904 277
904 400
904 141
904 715
904 1110
904 92
904 278
804 855
804 270
804 126
804 382
804 1122
804 539
804 691
804 578
804 311
804 914
804 51
804 243
804 786
804 980
804 393
804 561
804 339
246 251
246 691
246 7
246 995
246 334
246 1052
246 878
76 849
76 569
76 862
76 77
76 420
76 240
76 415
76 915
76 343
76 1019
76 834
76 238
76 283
76 989
76 254
76 809
76 544
76 658
76 1091
76 869
76 555
76 1081
76 690
76 221
76 304
76 679
811 217
811 568
811 600
811 1004
811 329
811 990
811 720
811 933
811 584
811 954
811 800
811 92
811 707
811 572
811 779
811 53
811 873
811 846
66 546
66 752
66 251
66 332
66 981
66 220
66 607
66 691
66 96
66 95
66 630
66 581
66 71
66 669
66 229
66 444
66 928
66 169
66 550
66 495
622 665
622 132
622 287
622 249
622 716
622 483
622 756
622 264
622 996
622 87
622 85
489 923
489 706
489 962
489 126
489 945
489 212
489 1082
489 32
489 103
489 820
489 332
489 1032
489 55
489 327
489 691
489 287
489 675
489 1098
489 437
489 652
489 834
489 219
489 630
489 800
489 169
489 480
489 1009
489 767
489 1123
489 482
489 547
489 966
489 604
489 30
489 700
489 14
489 917
599 1082
599 220
599 1051
599 933
599 713
647 138
647 937
647 481
647 317
647 1041
647 532
647 226
647 103
647 461
647 635
647 1100
773 962
773 752
773 568
773 857
773 57
773 828
773 611
773 824
773 1073
773 392
923 310
923 962
923 1116
923 937
923 341
923 317
923 532
923 405
923 981
923 675
923 950
923 108
923 824
923 127
923 392
923 491
923 244
923 1063
923 484
923 68
923 1094
923 1061
447 193
447 251
447 305
447 732
447 271
447 765
447 250
447 600
447 977
447 635
447 12
447 1107
447 146
447 550
447 545
447 313
447 257
447 689
855 193
855 138
855 532
855 662
855 539
855 57
855 691
855 434
855 421
855 675
855 290
855 411
855 245
855 473
855 583
855 830
855 146
855 456
855 689
855 342
442 351
442 578
442 250
442 601
442 511
706 849
706 1039
706 351
706 236
706 32
706 132
706 743
706 957
706 249
706 917
706 837
310 752
310 435
310 143
310 538
310 908
310 24
310 1079
310 237
310 1088
310 280
310 512
310 790
310 659
310 127
310 151
310 507
310 608
310 1031
310 441
310 733
603 193
603 258
603 691
603 990
603 995
603 1107
603 730
603 976
115 251
115 103
115 547
449 361
449 143
449 538
449 732
449 237
449 1087
449 151
449 1031
449 521
449 354
449 91
217 771
217 1107
217 1028
217 724
217 438
217 344
348 862
348 77
348 834
348 283
348 7
348 45
348 605
348 809
348 544
348 438
348 344
348 590
348 1013
348 651
348 201
348 29
348 131
845 691
845 947
845 675
845 343
845 243
845 11
845 281
845 33
845 407
845 2
361 927
361 57
361 1087
361 376
361 713
361 358
361 42
361 672
361 318
361 186
771 54
771 55
771 693
771 1107
771 174
771 724
771 438
771 175
771 883
771 795
771 26
771 978
771 903
771 492
771 1096
771 167
193 844
193 308
193 93
193 22
193 691
193 421
193 765
193 827
193 240
193 329
193 985
193 966
193 730
193 976
193 1013
193 466
193 384
193 478
193 496
258 1107
258 478
654 23
654 329
654 985
654 131
654 281
654 661
612 976
612 492
612 62
612 867
844 34
844 55
844 724
23 976
546 752
546 609
546 220
546 194
546 113
546 276
546 716
546 550
546 68
546 999
546 214
15 420
15 417
52 797
52 407
52 1101
301 962
301 752
301 34
301 606
301 57
301 340
301 512
301 635
301 276
301 638
301 8
962 1116
962 752
962 1047
962 103
962 220
962 538
962 111
962 57
962 211
962 485
962 732
962 908
962 607
962 298
962 285
962 1048
962 812
962 359
962 340
962 337
962 621
962 913
962 1087
962 950
962 376
962 280
962 909
962 362
962 1001
962 635
962 178
962 108
962 990
962 213
962 824
962 159
962 933
962 940
962 233
962 848
962 716
962 1103
962 1090
962 779
962 491
962 733
962 1002
962 683
962 275
962 330
962 1114
962 116
962 1099
962 129
962 768
962 297
268 251
268 93
268 569
268 420
268 253
268 780
268 738
268 894
268 12
268 487
268 800
268 1081
268 689
268 868
268 1132
268 363
268 650
268 204
268 784
268 445
268 4
268 119
268 1005
268 1023
268 386
268 893
268 973
646 752
646 220
646 111
646 607
646 359
646 1058
646 576
646 719
646 815
646 172
270 937
270 182
90 126
90 945
90 212
90 539
90 339
90 604
90 70
573 78
573 937
573 960
573 822
573 402
573 674
573 1122
573 498
573 226
573 113
573 311
573 635
573 51
573 522
573 597
138 937
138 212
138 251
138 1041
138 960
138 674
138 532
138 226
138 339
138 1015
78 126
78 498
78 604
78 70
955 806
955 841
955 13
955 95
955 255
955 1107
955 172
955 360
955 120
955 388
1116 341
1116 752
1116 981
1116 538
1116 57
1116 732
1116 908
1116 607
1116 298
1116 285
1116 1048
1116 1079
1116 675
1116 950
1116 200
1116 369
1116 909
1116 853
1116 213
1116 265
1116 233
1116 848
1116 716
1116 725
1116 608
1116 683
1116 1099
1116 375
1116 742
1116 462
1116 998
1116 1118
126 945
126 937
126 212
126 568
126 34
126 317
126 402
126 820
126 339
126 604
126 152
54 908
54 663
54 974
54 100
54 167
54 267
54 687
945 212
945 382
945 604
945 70
937 317
937 960
937 822
937 503
937 674
937 382
937 1122
937 1036
937 925
937 532
937 755
937 498
937 226
937 539
937 691
937 79
937 957
937 339
937 1009
937 604
937 70
937 702
481 960
481 822
481 503
481 674
481 382
481 1036
481 925
481 755
481 1009
161 1058
161 95
161 722
161 39
161 1001
161 51
161 995
161 707
161 779
161 562
161 850
161 673
161 776
212 532
212 103
212 495
212 604
212 941
212 230
633 93
633 539
633 13
633 95
633 39
633 255
633 995
633 372
633 224
633 897
623 687
341 247
341 616
341 237
341 950
341 848
341 1031
341 116
341 1099
341 129
341 876
341 335
752 539
752 981
752 220
752 57
752 607
752 197
752 359
752 22
752 250
752 950
752 200
752 645
752 385
752 369
752 898
752 413
752 995
752 265
752 233
752 936
752 80
1047 111
1047 1043
1047 1002
1047 275
435 981
435 908
435 512
435 127
435 940
435 716
435 1015
435 704
435 56
308 34
308 93
308 305
308 434
308 79
308 914
308 146
308 136
308 869
308 545
308 11
308 407
308 742
308 529
308 1062
308 235
308 764
308 137
609 1075
609 1087
609 805
609 1001
609 725
609 638
609 873
609 42
568 251
568 285
568 434
568 862
568 848
568 168
568 1123
251 34
251 849
251 305
251 337
251 289
251 96
251 451
251 620
251 240
251 798
251 118
251 46
251 1102
251 427
251 353
251 136
251 1121
251 545
251 313
251 651
251 386
251 230
251 626
251 190
251 1117
251 877
251 188
34 665
34 305
34 405
34 220
34 337
34 858
34 957
34 206
34 255
34 164
34 734
34 488
34 104
34 985
34 800
34 759
34 581
34 400
34 779
34 966
34 313
34 976
34 1013
34 224
34 541
34 160
34 901
34 128
34 72
34 727
857 285
857 528
857 805
857 878
857 1123
857 1073
857 281
857 152
857 259
857 1093
857 510
93 625
93 539
93 1048
93 88
93 691
93 155
93 578
93 250
93 675
93 362
93 957
93 671
93 329
93 720
93 933
93 631
93 12
93 1107
93 234
93 456
93 550
93 545
93 689
93 1023
93 160
625 88
625 289
641 236
641 1082
849 906
849 351
849 712
849 236
849 1082
849 665
849 499
849 32
849 132
849 287
849 717
849 1026
849 1022
849 805
849 451
849 39
849 957
849 635
849 967
849 249
849 834
849 581
849 71
849 917
849 129
849 357
849 322
849 965
849 959
1039 906
1039 236
1039 132
1039 249
1039 357
1039 1113
906 351
906 236
906 665
906 32
906 132
906 805
906 957
906 249
906 51
906 276
906 631
906 581
906 491
906 837
906 129
906 1113
906 739
351 236
351 1082
351 578
351 749
351 717
351 957
351 583
351 834
351 1131
351 370
351 720
351 581
351 511
351 837
351 496
351 1113
351 475
351 554
351 17
351 685
351 58
351 808
351 975
816 458
816 164
816 483
816 996
816 381
816 261
816 64
712 236
712 32
712 132
712 820
712 421
712 765
712 287
712 1001
712 249
712 639
712 118
712 1092
712 917
712 222
712 778
236 1082
236 665
236 499
236 32
236 132
236 820
236 443
236 578
236 1098
236 957
236 249
236 671
236 639
236 649
236 71
236 917
236 228
1082 32
1082 132
1082 103
1082 578
1082 451
1082 249
1082 834
1082 809
1082 917
1082 322
1082 1049
1082 436
665 132
665 607
665 458
665 990
665 917
665 357
499 32
499 132
499 820
499 287
499 639
499 71
499 917
499 372
499 965
499 228
32 132
32 103
32 765
32 250
32 249
32 276
32 221
32 917
32 491
27 765
132 820
132 250
132 287
132 1026
132 639
132 756
132 996
132 917
132 1113
132 222
132 228
132 628
132 682
132 1017
743 915
743 834
743 73
743 511
743 837
743 537
743 439
743 94
743 218
743 1084
743 970
606 340
305 421
305 853
305 698
305 671
305 699
305 46
305 990
305 738
305 1102
305 427
305 545
305 313
305 742
1054 569
1054 675
1054 1023
1054 850
1054 235
927 797
927 957
927 635
927 178
927 682
927 964
570 103
570 780
570 1067
570 129
570 1005
570 709
570 122
570 192
570 618
570 448
570 44
881 1035
881 293
125 744
125 864
125 533
317 103
317 820
317 327
317 1061
1041 532
1041 220
1041 461
1041 538
1041 79
1041 512
1041 127
1041 1061
1041 56
960 828
960 240
960 346
960 496
960 470
821 822
821 402
821 674
821 380
821 113
821 828
822 503
822 402
822 674
822 1036
822 925
822 578
822 79
822 1009
503 674
503 755
503 539
503 108
503 786
402 421
402 339
674 421
674 828
674 339
674 1009
674 230
1122 419
81 638
81 1061
1036 79
1036 1009
532 226
532 539
532 220
532 461
532 538
532 189
532 512
532 213
532 1061
532 540
50 539
50 1061
755 1075
498 311
498 70
226 461
226 451
226 853
226 669
539 22
539 434
539 421
539 765
539 411
539 95
539 644
539 182
539 339
539 1009
539 316
539 526
103 820
103 1032
103 55
103 327
103 693
103 437
103 979
103 255
103 583
103 859
103 303
103 444
103 482
103 547
103 724
103 344
103 978
103 529
103 727
103 739
103 554
103 559
103 396
103 16
405 820
405 55
405 693
405 607
405 14
405 244
820 327
820 287
820 1026
820 39
820 1001
820 249
820 458
820 639
820 1089
820 1092
820 996
820 604
820 917
820 491
820 778
820 1017
820 516
332 159
332 995
332 669
332 1063
332 438
332 214
332 1101
332 160
332 575
1032 834
1032 630
1032 547
1032 342
1032 16
215 989
215 800
215 480
215 491
215 689
215 363
215 119
215 386
215 565
215 851
215 387
215 368
55 693
55 1107
55 1028
55 491
55 724
55 883
55 795
55 892
55 515
327 482
327 547
327 917
693 1098
693 1107
693 1028
693 883
972 607
972 806
972 35
972 121
972 1051
972 848
972 1090
972 704
972 660
972 889
143 220
143 732
143 24
143 1079
143 237
143 1088
143 790
143 108
143 425
143 127
143 848
143 151
143 507
143 1031
143 521
143 354
143 91
143 660
981 220
981 732
981 298
981 576
981 645
981 1043
981 413
981 108
981 213
981 824
981 233
981 129
981 626
981 900
1128 13
1128 346
1128 597
1128 388
1128 897
1128 5
220 461
220 57
220 732
220 197
220 298
220 24
220 1048
220 340
220 189
220 421
220 576
220 675
220 950
220 200
220 1043
220 512
220 635
220 108
220 458
220 213
220 233
220 848
220 242
220 521
220 462
220 230
220 876
220 900
220 345
220 729
220 1108
461 732
461 24
461 189
461 200
461 512
461 213
461 729
461 723
538 732
538 908
538 607
538 197
538 24
538 1079
538 237
538 1088
538 512
538 127
538 663
538 879
538 1061
538 1031
538 167
538 683
538 116
538 876
538 704
538 660
538 729
538 1070
247 1079
247 812
247 340
247 69
247 993
247 200
247 425
247 129
247 850
247 475
247 729
247 1033
247 202
247 551
111 908
111 237
111 1087
111 113
111 376
111 635
111 725
111 779
111 733
111 42
111 1002
111 683
111 275
111 992
111 1114
111 116
111 372
111 1037
111 389
57 211
57 607
57 340
57 691
57 0
57 950
57 280
57 645
57 413
57 178
57 611
57 108
57 614
57 761
57 768
211 1048
211 913
211 0
211 362
211 178
211 826
211 939
211 761
211 313
485 607
485 576
485 280
485 1051
485 639
485 1092
485 1090
485 917
485 866
732 908
732 197
732 59
732 298
732 740
732 285
732 1048
732 812
732 359
732 340
732 691
732 913
732 576
732 748
732 950
732 280
732 645
732 790
732 178
732 108
732 990
732 213
732 614
732 848
732 1103
732 1090
732 1031
732 61
908 197
908 616
908 298
908 740
908 24
908 1079
908 812
908 359
908 237
908 1088
908 950
908 200
908 280
908 611
908 213
908 127
908 848
908 1031
908 1099
908 704
908 1070
908 98
607 298
607 285
607 1048
607 1079
607 1088
607 576
607 828
607 512
607 108
607 824
607 233
607 848
607 876
197 24
197 285
197 812
197 512
197 458
197 213
197 242
197 167
197 704
616 24
616 237
616 950
616 319
616 848
616 716
616 733
616 1099
616 98
59 1079
59 340
59 276
59 733
298 1048
298 691
298 950
298 828
298 108
298 824
298 276
298 894
298 233
298 848
298 683
298 1015
298 375
298 704
740 24
740 1079
740 237
740 200
740 127
740 491
740 936
740 704
740 1108
740 98
24 285
24 1079
24 812
24 237
24 1088
24 512
24 790
24 127
24 663
24 1103
24 87
24 704
24 98
24 440
24 383
24 882
285 376
285 993
285 909
285 458
285 124
285 940
285 1103
285 761
285 742
285 440
285 422
285 803
1048 250
1048 576
1048 950
1048 645
1048 108
1048 995
1048 614
1048 1090
1048 768
1048 673
1048 372
1079 812
1079 340
1079 237
1079 69
1079 1088
1079 200
1079 425
1079 127
1079 151
1079 507
1079 1031
1079 683
1079 704
1079 729
1079 551
812 340
812 237
812 69
812 200
812 233
812 521
812 683
812 335
812 729
812 551
812 1027
359 69
359 250
359 645
359 638
359 779
359 660
359 383
340 950
340 178
340 425
340 233
340 339
340 491
340 521
340 167
340 8
340 729
340 306
237 1088
237 200
237 127
237 1103
237 507
237 441
237 768
237 372
237 876
237 335
237 704
237 475
237 596
237 98
237 209
237 564
189 213
189 170
69 200
69 425
69 495
69 521
69 116
69 729
69 551
1088 507
1088 1031
1088 1017
1088 1104
1088 1086
518 980
518 669
518 462
518 333
806 51
806 980
806 120
806 388
841 284
664 92
337 898
337 798
337 990
337 1131
337 151
337 339
337 491
337 1055
271 765
271 113
271 451
271 206
271 939
271 276
271 464
443 1107
88 691
88 578
88 289
88 323
88 631
88 33
88 660
88 912
22 289
22 250
22 96
22 232
22 698
22 377
691 1000
691 155
691 578
691 289
691 250
691 96
691 13
691 862
691 369
691 473
691 990
691 233
691 243
691 658
691 545
691 511
691 651
691 496
691 119
691 372
691 160
691 840
691 468
691 460
691 817
691 763
691 185
434 329
434 154
1000 171
1000 369
1000 738
1000 12
1000 997
1000 487
1000 304
1000 966
1000 1023
1000 640
421 675
421 369
421 1098
421 206
421 51
421 243
421 1028
421 1090
421 339
421 545
421 26
421 384
421 496
421 235
421 626
421 1117
421 610
421 517
421 1119
421 75
155 954
155 571
155 146
155 1121
155 373
155 767
155 188
155 1045
155 404
578 250
578 473
578 914
578 1035
578 581
578 511
578 837
578 468
578 460
578 789
289 35
289 473
289 830
289 958
289 631
289 243
289 889
289 737
765 250
765 675
765 1098
765 206
765 255
765 486
765 738
765 12
765 997
765 630
765 168
765 162
765 545
765 689
765 148
352 1102
352 491
352 1024
250 385
250 957
250 1019
250 834
250 104
250 12
250 581
250 689
250 837
250 496
250 737
250 36
250 1065
250 697
1075 990
1075 725
1075 638
1075 1006
179 797
179 35
179 872
179 178
179 249
797 872
797 671
797 939
797 545
35 1001
35 1077
35 486
35 631
35 879
35 495
35 660
35 912
35 501
35 835
948 473
872 1058
872 376
872 255
872 995
872 850
872 235
913 0
913 1001
913 635
913 178
913 933
913 940
913 994
1058 473
1058 362
1058 746
1058 160
96 1087
96 675
96 232
96 620
96 698
96 545
96 742
96 377
13 411
13 95
13 635
13 51
13 255
13 346
13 897
13 956
13 399
13 754
13 543
947 675
947 677
947 14
947 281
947 407
947 4
947 259
947 565
947 149
947 431
947 930
171 1098
171 249
171 343
171 238
171 487
171 966
171 119
171 531
171 911
0 826
1087 645
1087 369
1087 635
1087 933
1087 1103
1087 719
1087 1015
600 1102
600 487
600 510
600 44
600 241
600 831
86 798
86 46
576 121
576 233
576 848
576 1090
1083 954
1083 767
1083 629
1083 875
194 748
194 376
194 909
194 813
827 329
827 976
287 1026
287 437
287 1090
287 483
287 756
287 917
287 541
287 357
287 497
287 624
569 1098
569 206
569 249
569 253
569 671
569 279
569 798
569 343
569 1067
569 738
569 894
569 12
569 966
569 784
569 4
569 386
569 516
569 102
675 689
675 407
675 1062
675 235
675 160
675 916
675 783
1004 240
1004 990
1004 939
1004 545
1004 186
1004 478
1004 763
1004 185
1004 36
1004 409
1004 1085
1004 312
113 451
113 635
113 51
113 915
113 118
113 486
113 659
113 276
113 1035
113 709
113 956
113 721
113 300
1059 51
1059 638
1059 776
1059 114
950 512
950 288
950 213
950 940
950 233
950 848
950 725
950 608
950 1031
950 876
950 450
290 563
290 415
290 990
290 738
290 656
290 487
290 934
749 717
749 635
749 601
749 303
749 720
749 159
749 487
749 837
749 293
749 721
749 184
749 520
411 1051
411 897
411 907
895 550
895 767
895 404
895 629
895 269
895 781
895 1
895 140
895 273
563 118
563 738
563 982
563 656
563 966
563 976
563 363
563 757
311 118
311 486
311 339
311 597
311 897
582 420
862 283
862 7
862 45
862 243
862 605
862 544
180 51
180 980
376 39
376 303
376 933
376 995
376 1035
376 679
376 707
376 562
376 475
376 58
77 605
77 254
77 819
77 334
77 221
993 200
95 553
95 698
95 255
95 346
95 1123
95 543
95 364
95 203
95 248
95 792
95 1071
200 512
200 127
200 1061
200 729
200 1108
200 551
722 51
722 980
722 172
722 597
722 224
722 897
722 399
722 754
722 176
280 828
280 611
280 848
280 873
280 507
280 475
645 159
645 1070
553 980
553 248
182 977
182 703
79 663
79 1061
79 56
79 587
79 718
323 995
323 631
323 511
323 67
323 324
717 1098
717 957
717 635
717 1021
717 1089
717 303
717 834
717 659
717 1053
717 1131
717 995
717 104
717 1035
717 581
717 679
717 928
717 700
717 511
717 475
717 554
717 58
717 808
717 293
717 389
717 324
717 902
717 838
717 728
717 223
1026 639
1026 486
1026 159
1026 779
1026 917
1026 673
245 1001
245 836
245 629
245 875
528 840
385 828
385 437
385 935
385 583
385 288
385 408
385 859
385 772
385 1021
385 164
385 303
385 233
385 716
385 1018
385 586
385 9
385 366
385 349
385 536
385 163
385 598
696 39
696 905
369 909
369 977
369 914
369 303
369 614
369 456
369 375
369 58
473 858
473 850
473 964
473 735
473 139
473 494
909 265
909 614
909 886
977 420
977 253
977 990
977 894
977 12
977 997
977 487
977 658
977 304
977 444
977 445
977 540
977 154
977 911
977 703
847 720
847 210
504 858
504 1022
504 843
504 595
858 1022
858 451
858 39
858 139
1022 39
1022 495
1022 300
1022 579
1022 19
1022 465
1022 117
1022 758
805 984
805 463
805 990
805 488
805 276
805 985
805 160
805 901
805 510
805 396
805 882
805 1046
805 1076
805 1007
451 614
451 487
451 630
451 277
451 1110
451 264
451 843
451 367
984 826
984 834
984 985
984 716
984 11
984 901
984 882
1098 420
1098 967
1098 249
1098 253
1098 798
1098 990
1098 1053
1098 738
1098 980
1098 339
1098 480
1098 1023
1098 1117
1098 148
1098 260
1098 1129
1043 362
1043 828
1043 521
1043 729
325 1016
710 362
710 1051
710 527
710 100
710 80
362 828
362 1051
362 898
362 413
362 425
362 995
362 265
362 336
362 372
362 80
362 953
828 413
828 611
828 213
828 824
828 614
828 233
828 336
828 848
828 966
828 1016
828 105
1051 527
1051 8
1051 80
898 413
898 118
898 719
413 790
413 425
527 167
527 1118
527 617
512 213
512 127
512 491
512 1061
512 507
512 441
512 167
512 729
790 425
39 1001
39 957
39 635
39 178
39 51
39 859
39 738
39 933
39 746
39 679
39 707
39 484
39 360
914 699
914 990
914 545
914 160
914 703
914 943
1001 635
1001 611
1001 420
1001 859
1001 933
1001 746
1001 707
1001 767
1001 660
1001 148
957 583
957 408
957 1021
957 1089
957 303
957 834
957 823
957 104
957 1035
957 581
957 707
957 837
957 739
957 808
957 349
957 163
957 19
957 1008
635 178
635 611
635 642
635 458
635 118
635 583
635 859
635 213
635 1131
635 933
635 1035
635 985
635 630
635 725
635 346
635 373
635 339
635 707
635 779
635 264
635 767
635 713
635 1002
635 445
635 537
635 1074
635 140
635 711
635 424
232 249
232 798
232 329
232 985
232 201
232 281
232 661
232 377
232 591
232 469
232 187
178 933
178 339
178 707
178 768
178 391
611 974
611 186
611 758
642 915
642 408
642 1053
642 746
642 716
642 1090
642 5
642 782
620 249
620 995
620 257
620 438
620 214
620 1005
420 206
420 853
420 249
420 798
420 162
420 779
420 550
420 1123
420 1073
420 540
420 165
420 535
420 668
420 274
420 884
420 1078
206 249
206 671
206 279
206 445
206 540
206 831
206 395
206 467
437 107
437 458
437 639
437 935
437 288
437 859
437 772
437 1089
437 303
437 720
437 1092
437 879
437 700
437 917
437 491
437 778
437 324
437 1018
437 586
437 9
437 366
437 598
437 758
437 472
437 1072
437 1126
355 703
319 824
319 848
319 704
853 738
853 630
853 346
853 304
853 669
853 767
853 966
853 119
853 742
853 403
793 463
698 798
698 699
698 939
698 1102
698 444
686 915
686 511
686 537
686 218
686 970
686 37
686 556
686 926
686 839
686 938
686 594
686 523
826 427
826 545
826 11
967 671
967 277
967 1042
463 124
463 160
463 714
463 680
240 798
240 550
240 478
240 850
240 626
240 17
240 36
240 911
240 140
652 989
652 800
652 480
652 689
652 363
652 204
652 119
652 565
652 833
652 1010
652 653
415 486
415 638
415 1081
415 966
415 491
415 431
415 627
249 915
249 253
249 279
249 798
249 639
249 939
249 738
249 71
249 917
249 322
249 516
249 721
249 668
249 592
51 915
51 107
51 255
51 486
51 156
51 1092
51 716
51 346
51 980
51 638
51 339
51 719
51 172
51 597
51 230
51 224
51 897
51 754
51 203
51 3
51 643
51 414
51 153
915 1089
915 486
915 939
915 823
915 1131
915 159
915 716
915 725
915 707
915 928
915 313
915 511
915 837
915 739
915 475
915 439
915 94
915 1084
915 709
915 19
915 594
915 523
915 1044
915 508
107 408
107 1092
107 1018
107 9
107 598
253 343
253 990
253 894
253 12
253 320
253 846
253 1117
253 709
253 565
253 711
253 542
979 1012
979 160
979 396
133 108
133 1103
108 824
108 557
108 422
671 365
671 630
671 277
671 572
671 787
425 663
425 551
458 1103
279 516
279 627
279 542
255 716
255 346
255 980
255 339
255 1015
255 388
255 850
255 673
255 224
255 516
255 754
255 1071
255 1025
255 356
255 632
798 343
798 118
798 486
798 738
798 119
798 934
798 535
798 653
798 542
343 12
343 244
343 627
417 1067
417 982
417 29
417 757
639 1092
639 1090
639 778
118 990
118 800
118 1081
118 808
1019 995
1019 137
699 780
329 990
329 488
329 150
329 982
329 1112
329 995
329 1107
329 985
329 1013
329 201
329 131
329 281
329 466
329 661
329 64
329 757
329 454
329 429
329 1034
329 1060
329 89
46 995
46 427
46 545
46 718
46 924
46 1014
990 1089
990 213
990 780
990 720
990 1107
990 800
990 545
990 689
990 1099
990 1005
990 1023
990 128
990 709
990 618
990 38
990 191
1077 4
1077 912
1077 501
935 583
935 288
935 772
935 164
935 1033
935 899
583 288
583 408
583 859
583 772
583 1021
583 164
583 303
583 720
583 581
583 928
583 837
583 808
583 1033
583 586
583 366
288 408
288 859
288 772
288 164
288 491
288 608
288 1033
288 586
288 472
288 225
408 859
408 1021
408 164
408 581
408 324
859 1021
859 164
859 303
859 823
859 1053
859 707
859 491
859 1033
859 422
859 9
859 366
859 598
859 1126
772 1021
772 164
772 303
772 554
772 1033
772 586
772 598
1021 164
1021 581
1021 808
164 837
164 1126
601 834
601 276
601 837
601 501
601 721
601 586
601 414
1089 834
1089 1131
1089 720
1089 104
1089 1035
1089 679
1089 928
1089 700
1089 496
1089 739
1089 554
1089 58
1089 293
1089 389
1089 912
1089 324
1089 902
1089 838
1089 728
1089 223
1089 896
213 848
213 1061
213 475
213 1108
213 551
213 170
780 1102
780 487
780 784
780 192
780 994
780 149
780 775
486 1081
486 831
486 843
486 653
486 1040
303 233
303 631
303 581
303 808
303 366
303 349
303 536
303 163
303 1008
303 899
303 1057
303 457
303 829
1067 1005
1067 192
1067 618
1067 516
1067 831
1067 513
834 1131
834 73
834 1035
834 630
834 581
834 679
834 928
834 700
834 739
834 537
834 94
834 1084
834 970
834 293
834 586
834 366
834 839
834 938
834 414
834 263
834 774
488 1112
488 985
488 716
659 293
659 926
659 414
659 899
939 14
939 1062
939 149
939 1044
824 713
824 484
127 557
127 663
127 1061
127 704
127 56
127 1027
127 170
127 47
156 1035
156 784
156 19
156 695
156 753
150 716
150 779
150 491
150 80
150 429
276 1035
276 917
276 742
276 272
830 995
949 823
949 657
949 975
823 657
823 1131
823 370
823 928
823 808
823 660
823 567
823 1095
657 1053
657 1114
657 475
657 975
657 660
657 579
657 758
1053 1131
1053 370
1053 104
1053 1035
1053 837
1053 626
1053 554
1053 58
1053 721
1053 366
1131 370
1131 720
1131 104
1131 1035
1131 679
1131 707
1131 554
1131 389
1131 366
1131 1072
1131 932
370 221
370 928
370 892
73 720
73 928
73 511
73 739
73 554
73 537
73 94
73 839
720 928
720 511
720 739
720 324
720 829
159 1035
159 964
738 12
738 809
738 1091
738 1081
738 669
738 966
738 868
738 1023
738 626
738 148
738 1129
1092 917
1092 497
982 985
982 281
982 709
982 757
1102 162
1102 277
1102 590
1102 44
1102 1127
1102 394
785 146
785 506
785 373
785 767
785 269
933 707
933 713
933 660
1112 29
584 954
584 550
584 767
584 404
584 643
584 291
238 119
238 991
894 45
894 4
894 154
894 149
894 535
7 667
7 254
7 809
7 334
7 295
7 100
7 934
7 781
7 758
7 231
7 701
7 1020
995 1107
995 146
995 456
995 707
995 53
995 550
995 478
995 660
995 154
995 324
995 735
995 943
995 423
995 41
45 605
45 134
45 677
45 254
45 544
104 293
104 366
104 579
104 321
365 131
365 75
365 300
365 117
365 884
365 787
365 1080
365 314
746 707
746 850
746 170
746 782
1035 716
1035 581
1035 679
1035 928
1035 700
1035 867
1035 850
1035 739
1035 554
1035 58
1035 970
1035 293
1035 389
1035 324
1035 902
1035 838
1035 728
1035 223
1035 932
265 230
940 233
614 638
614 928
614 475
614 58
233 768
233 602
958 243
958 8
663 100
663 1061
663 704
663 56
663 284
663 718
631 243
631 581
631 690
631 964
631 660
631 912
631 835
427 353
427 656
427 880
427 966
427 313
427 689
848 716
848 1031
848 1002
848 876
848 1016
954 168
954 1056
954 836
954 162
954 767
954 185
954 404
954 291
954 731
157 997
580 234
580 975
656 254
656 809
656 1081
656 1023
656 368
656 956
656 833
656 455
12 989
12 997
12 320
12 689
12 868
12 363
12 204
12 784
12 1023
12 386
12 673
12 1129
12 766
12 49
12 252
571 162
571 767
571 850
1107 1028
1107 491
1107 976
1107 438
1107 344
1107 175
1107 883
1107 795
1107 26
1107 978
1107 137
1107 877
1107 1119
1107 452
1107 196
1107 1106
989 320
989 689
989 363
989 119
997 540
997 154
997 766
985 716
985 591
487 846
487 438
487 478
487 1117
487 149
487 423
487 282
487 378
234 529
234 1062
234 149
234 930
234 1040
234 670
234 173
234 971
146 25
146 1056
146 162
146 506
146 1121
146 373
146 878
146 550
146 767
146 744
146 269
146 424
146 394
146 41
146 328
146 109
146 788
146 1050
146 502
146 952
146 477
146 929
880 478
219 640
219 272
219 766
219 227
1028 438
1028 26
1028 978
1028 903
1028 515
1028 1119
1028 196
1028 678
174 779
174 724
630 277
630 669
630 214
630 160
630 396
630 585
630 479
800 716
800 725
800 669
800 689
800 363
800 119
800 565
800 851
800 610
800 49
716 346
716 928
716 264
716 917
716 129
716 956
716 367
716 884
716 356
716 986
716 398
725 254
725 638
725 1012
725 377
725 956
25 373
25 779
25 744
25 464
25 269
25 736
1103 335
168 769
168 550
168 188
168 875
168 731
168 328
168 552
667 759
667 605
667 334
667 744
667 140
1056 769
1056 506
1056 1078
1056 394
1056 291
1056 328
1056 968
593 767
210 759
210 136
210 550
210 767
210 875
210 643
210 863
759 769
759 388
759 840
759 248
759 643
759 291
759 863
136 1121
136 550
136 767
136 386
136 230
136 190
136 188
136 629
136 1011
136 315
836 875
836 781
836 394
769 162
769 506
769 1121
769 726
769 134
769 677
769 888
769 767
769 651
769 188
769 1
769 394
769 455
769 788
769 552
769 147
769 589
769 861
769 207
162 506
162 669
162 767
162 188
162 140
162 273
162 394
162 502
605 334
605 544
605 590
506 373
506 1123
506 744
506 269
506 424
506 394
506 328
506 1050
506 968
1121 767
1121 744
1121 477
1121 145
1121 619
346 980
346 388
346 776
346 897
346 203
346 1115
419 726
726 134
726 100
726 888
726 651
726 478
726 589
980 172
980 776
980 897
980 284
980 203
980 248
980 1115
980 842
459 775
134 651
134 589
426 677
426 529
426 559
426 775
426 509
677 1062
677 423
677 762
254 819
254 809
254 334
254 555
254 690
254 480
254 651
638 669
638 214
638 275
638 119
638 640
638 1119
1090 71
1090 917
1090 297
581 669
581 928
581 739
581 554
581 808
581 501
581 366
581 349
581 163
581 1008
581 1057
581 1038
71 917
71 778
71 682
819 295
819 141
809 295
809 100
809 221
809 480
809 651
809 586
809 926
809 701
334 295
334 1052
334 651
334 510
334 44
295 1012
295 901
295 1038
879 704
879 660
879 912
879 501
879 835
879 1018
879 598
879 579
879 758
879 1095
879 28
373 767
373 744
373 464
373 269
373 736
613 302
320 387
151 339
151 507
151 1031
151 521
151 354
151 91
151 956
1012 278
1012 160
1012 396
1012 378
888 651
277 92
277 53
277 30
277 396
277 75
277 810
400 491
1110 278
1110 264
1110 843
1110 367
1110 181
92 669
92 396
92 75
278 264
278 595
393 833
561 703
339 363
339 936
339 850
339 626
339 697
339 112
878 281
878 744
1091 919
1081 833
1081 1109
304 669
304 766
679 928
679 475
679 554
679 58
679 293
679 501
679 838
679 223
707 264
707 484
707 42
707 850
707 188
707 965
707 736
779 484
779 1002
779 188
779 965
53 604
53 810
53 430
669 444
669 767
669 966
669 119
669 396
669 185
669 697
669 84
444 396
928 700
928 511
928 475
928 554
928 58
928 808
928 293
928 389
928 324
928 902
928 838
928 728
928 223
169 966
169 386
169 102
169 530
169 796
550 767
550 1123
550 188
550 404
550 875
550 781
550 1
550 165
550 731
550 745
495 507
495 850
495 660
495 501
495 835
495 300
495 766
495 1130
483 917
756 917
756 322
756 965
264 843
264 595
264 367
264 181
996 682
87 307
85 300
85 843
85 367
85 181
85 493
85 198
480 966
480 491
480 689
480 363
480 119
480 742
480 565
767 491
767 119
767 188
767 316
767 464
767 404
767 269
767 875
767 781
767 1
767 643
767 394
767 291
767 477
1123 185
1123 404
1123 1011
482 547
482 718
966 976
966 204
966 119
966 627
966 796
604 70
700 441
700 554
700 293
700 389
700 902
700 838
700 728
700 223
14 281
14 4
14 1044
14 1040
917 541
491 438
491 344
491 11
491 204
491 4
491 597
491 727
491 840
491 520
491 9
491 474
491 97
491 428
491 514
491 574
244 911
484 562
68 744
1061 56
1061 284
545 386
545 742
545 230
545 529
545 190
545 829
313 214
313 67
257 479
257 741
689 363
689 650
689 204
689 119
689 850
689 565
689 851
689 368
689 610
689 1010
689 101
689 653
689 627
689 983
342 1023
511 837
511 739
511 808
511 537
511 439
511 1084
511 970
511 293
511 37
511 594
511 523
511 508
837 739
837 475
837 554
837 537
837 439
837 218
837 594
507 1031
507 441
507 768
507 475
507 163
507 410
608 876
608 94
608 286
608 988
1031 521
1031 354
1031 91
1031 1099
1031 876
441 475
733 1017
733 551
730 976
976 438
976 175
976 795
976 363
976 877
976 727
976 682
976 187
976 653
976 986
976 745
976 266
521 91
521 729
521 551
354 475
354 1017
354 356
91 852
724 883
724 795
438 175
438 466
438 682
438 783
344 175
1013 757
651 589
201 661
201 469
201 263
29 757
131 281
131 75
131 454
131 239
131 500
11 407
11 423
281 591
281 429
281 263
281 694
281 648
281 577
281 854
33 971
407 529
407 916
42 432
175 228
883 795
883 196
26 1119
978 742
492 867
167 8
167 267
466 757
496 808
496 721
661 757
661 469
661 1034
661 263
661 239
867 228
867 1106
214 742
1002 683
1002 275
1002 992
1002 1114
683 275
275 992
116 1070
116 551
116 1037
1099 876
1099 98
129 119
129 892
129 1070
768 335
768 704
768 660
297 832
1132 102
363 204
363 119
363 565
363 851
363 368
204 565
204 653
784 1005
784 192
784 789
784 831
784 775
445 467
445 47
445 20
445 83
445 379
4 102
119 893
119 742
119 565
119 368
119 542
119 530
1005 137
1005 192
1005 448
1005 513
1005 854
1023 727
386 230
386 190
386 951
893 750
973 272
172 897
172 176
597 5
597 956
597 1120
388 897
388 248
388 842
936 43
850 372
850 704
850 764
850 137
850 423
850 731
850 474
673 324
776 897
230 190
230 102
230 191
372 324
224 832
897 123
876 335
876 551
80 660
80 596
704 596
704 803
704 564
56 284
56 1071
56 47
56 74
529 149
1062 149
1062 371
764 1070
137 660
626 291
626 920
190 44
190 629
190 1127
190 1011
190 315
190 207
190 401
1117 789
1117 102
1117 627
1117 49
188 185
188 875
188 552
188 1011
188 401
541 965
541 381
541 261
541 497
160 1074
160 494
160 1038
901 882
72 695
72 799
727 833
510 468
357 758
1113 228
739 439
739 218
739 1084
739 37
739 556
739 594
739 523
739 414
739 774
739 922
475 554
475 58
475 808
475 1037
475 1027
554 58
554 293
554 389
554 902
554 838
554 728
554 223
554 896
685 975
685 899
685 1095
685 321
808 293
808 594
808 1057
808 457
808 829
975 38
975 1095
975 321
64 1119
778 1072
1049 440
1017 356
537 218
537 970
537 938
537 594
439 94
439 218
439 970
439 1070
439 594
94 218
94 970
94 37
94 594
218 970
218 594
970 37
970 286
709 757
618 448
448 468
293 660
293 389
293 902
293 838
293 728
293 223
744 464
744 269
744 328
744 952
744 477
744 929
744 619
744 865
540 668
540 467
559 509
396 882
396 75
396 810
396 676
16 515
575 1097
565 851
565 653
851 610
851 191
851 983
387 653
387 505
368 610
892 899
515 598
660 912
660 501
660 835
660 324
729 551
1070 551
1033 902
1033 586
1033 9
1033 163
1033 472
389 902
389 838
389 728
389 223
440 314
440 474
440 428
440 239
440 6
383 912
882 595
882 198
306 391
170 1111
1055 813
464 269
464 1050
464 736
464 920
912 501
912 835
840 643
840 863
468 831
817 789
185 1045
185 629
185 875
640 272
610 101
610 653
610 430
517 102
75 810
404 781
404 140
404 968
404 1105
1024 745
697 899
501 835
501 758
835 1066
956 721
956 49
956 433
956 299
956 887
399 754
399 176
149 1040
629 552
629 315
629 207
629 401
269 736
269 619
269 401
875 552
875 863
875 207
875 401
102 535
916 1
783 781
783 1
783 273
783 591
783 871
721 205
300 117
300 787
300 314
1074 695
1074 753
1074 1038
184 899
184 205
781 1
781 140
781 871
1 871
140 273
140 552
140 1011
140 1029
203 326
1115 74
324 987
902 838
902 728
902 223
838 728
838 223
728 223
1018 9
1018 598
1018 472
586 896
586 331
9 598
9 117
536 163
536 1008
536 899
536 1057
536 457
536 829
536 252
163 1008
163 899
163 1057
163 829
598 469
598 472
735 946
139 494
494 430
843 367
843 198
579 758
579 28
117 1007
117 1080
117 314
117 474
117 428
758 1095
758 321
1076 314
1076 474
1076 428
1076 239
1076 6
367 181
367 493
367 198
943 636
1008 1057
1008 829
711 951
424 41
591 1050
469 263
165 745
668 942
274 252
274 791
884 787
884 314
467 47
467 20
37 556
37 523
556 926
926 414
833 101
627 542
643 394
643 291
643 863
414 774
414 1130
414 922
1044 525
429 694
429 854
899 1057
899 829
775 918
1040 97
1057 829
1057 416
47 20
695 1038
753 1038
272 766
1095 321
394 291
394 477
394 207
394 871
991 918
231 519
423 762
423 1003
1080 314
1080 474
1080 428
1080 6
314 474
314 428
314 514
314 6
766 199
670 971
670 97
971 97
1050 747
502 920
477 619
986 428
986 239
552 1011
552 315
552 207
552 401
315 207
315 401
207 401
619 871
810 208
198 6
474 428
474 514
474 239
474 6
428 514
428 239
428 6
514 6
983 490
239 500
694 854
694 65
20 63
83 379
371 891
401 871
891 891
