0 1045
1 822
2 388
3 29
4 1047
5 968
6 886
7 341
8 1021
9 81
10 156
11 945
12 396
13 479
14 90
15 459
16 190
17 715
18 148
19 528
20 959
21 259
22 179
23 320
24 541
25 865
26 296
27 975
28 928
29 911
30 1112
31 315
32 133
33 766
34 0
35 360
36 431
37 758
38 513
39 313
40 1102
41 147
42 1032
43 762
44 557
45 246
46 960
47 722
48 976
49 365
50 913
51 682
52 1090
53 740
54 932
55 495
56 9
57 1074
58 1099
59 681
60 900
61 192
62 188
63 690
64 323
65 348
66 287
67 591
68 734
69 742
70 371
71 448
72 501
73 157
74 939
75 143
76 40
77 235
78 895
79 7
80 357
81 876
82 881
83 253
84 164
85 1001
86 741
87 275
88 299
89 1042
90 546
91 840
92 848
93 985
94 956
95 704
96 577
97 598
98 88
99 52
100 654
101 265
102 846
103 797
104 747
105 1015
106 794
107 1128
108 669
109 239
110 909
111 882
112 673
113 1052
114 982
115 906
116 746
117 92
118 927
119 427
120 160
121 145
122 961
123 710
124 461
125 309
126 714
127 750
128 326
129 305
130 443
131 1016
132 955
133 527
134 726
135 332
136 705
137 222
138 849
139 98
140 760
141 206
142 434
143 829
144 914
145 477
146 926
147 713
148 539
149 400
150 835
151 504
152 925
153 294
154 21
155 1027
156 375
157 884
158 1067
159 668
160 545
161 302
162 358
163 141
164 949
165 317
166 316
167 725
168 612
169 66
170 522
171 454
172 973
173 1127
174 511
175 269
176 606
177 464
178 657
179 764
180 24
181 643
182 423
183 880
184 887
185 119
186 343
187 438
188 1117
189 991
190 931
191 935
192 237
193 193
194 627
195 404
196 537
197 1072
198 283
199 1095
200 349
201 519
202 590
203 550
204 496
205 954
206 242
207 267
208 484
209 779
210 904
211 736
212 520
213 712
214 581
215 42
216 684
217 873
218 197
219 101
220 998
221 73
222 763
223 580
224 575
225 855
226 301
227 455
228 306
229 640
230 646
231 694
232 76
233 255
234 979
235 284
236 1066
237 475
238 369
239 368
240 487
241 180
242 589
243 53
244 324
245 621
246 1068
247 617
248 25
249 1122
250 250
251 967
252 990
253 351
254 944
255 187
256 800
257 596
258 698
259 310
260 530
261 562
262 271
263 1025
264 60
265 372
266 447
267 437
268 1057
269 948
270 377
271 595
272 84
273 89
274 969
275 346
276 175
277 1030
278 796
279 1107
280 65
281 652
282 69
283 421
284 503
285 1108
286 226
287 384
288 492
289 933
290 821
291 666
292 173
293 551
294 277
295 419
296 209
297 753
298 128
299 1073
300 1069
301 605
302 974
303 604
304 264
305 452
306 355
307 795
308 125
309 1054
310 1075
311 262
312 978
313 167
314 805
315 570
316 333
317 17
318 146
319 543
320 817
321 997
322 809
323 977
324 137
325 63
326 386
327 286
328 804
329 391
330 521
331 1077
332 653
333 473
334 908
335 433
336 249
337 838
338 536
339 506
340 706
341 547
342 177
343 810
344 118
345 808
346 1036
347 995
348 936
349 57
350 1063
351 481
352 198
353 457
354 981
355 359
356 449
357 761
358 518
359 154
360 748
361 1106
362 834
363 278
364 586
365 845
366 1064
367 1071
368 633
369 344
370 161
371 526
372 498
373 920
374 1100
375 6
376 120
377 523
378 432
379 59
380 568
381 871
382 872
383 524
384 552
385 992
386 389
387 686
388 1056
389 891
390 971
391 1121
392 910
393 1060
394 79
395 465
396 191
397 463
398 721
399 786
400 641
401 930
402 533
403 720
404 289
405 892
406 921
407 435
408 425
409 322
410 379
411 280
412 4
413 907
414 225
415 1061
416 159
417 211
418 608
419 290
420 587
421 670
422 844
423 67
424 732
425 266
426 273
427 228
428 565
429 446
430 152
431 189
432 223
433 688
434 116
435 10
436 619
437 460
438 106
439 1000
440 424
441 898
442 679
443 857
444 1019
445 869
446 442
447 153
448 258
449 207
450 623
451 381
452 288
453 483
454 124
455 773
456 836
457 510
458 121
459 818
460 735
461 350
462 462
463 224
464 787
465 195
466 603
467 739
468 730
469 494
470 201
471 614
472 307
473 263
474 696
475 366
476 1093
477 270
478 610
479 987
480 1024
481 556
482 215
483 390
484 648
485 458
486 151
487 573
488 660
489 297
490 185
491 843
492 248
493 337
494 1041
495 966
496 781
497 394
498 412
499 879
500 723
501 75
502 229
503 441
504 680
505 856
506 456
507 251
508 744
509 1022
510 1049
511 272
512 672
513 155
514 655
515 354
516 1046
517 500
518 941
519 1010
520 93
521 414
522 811
523 1116
524 878
525 234
526 806
527 1097
528 830
529 74
530 634
531 1033
532 329
533 943
534 27
535 415
536 254
537 1126
538 45
539 737
540 243
541 814
542 833
543 276
544 233
545 418
546 338
547 636
548 938
549 11
550 241
551 345
552 218
553 352
554 1120
555 626
556 295
557 1079
558 678
559 82
560 298
561 632
562 181
563 30
564 279
565 213
566 569
567 41
568 411
569 64
570 774
571 650
572 1031
573 593
574 697
575 716
576 221
577 1113
578 46
579 347
580 615
581 367
582 1124
583 439
584 330
585 585
586 505
587 919
588 563
589 140
590 923
591 842
592 531
593 512
594 318
595 534
596 135
597 631
598 61
599 378
600 559
601 644
602 502
603 1023
604 252
605 417
606 20
607 651
608 13
609 139
610 37
611 883
612 665
613 392
614 934
615 888
616 824
617 572
618 385
619 339
620 807
621 819
622 480
623 113
624 803
625 291
626 893
627 674
628 230
629 71
630 798
631 104
632 436
633 202
634 558
635 364
636 122
637 832
638 105
639 964
640 1065
641 689
642 1
643 656
644 540
645 708
646 260
647 182
648 778
649 490
650 827
651 1029
652 576
653 103
654 87
655 1059
656 731
657 767
658 445
659 1081
660 212
661 661
662 474
663 947
664 469
665 150
666 1086
667 370
668 1076
669 579
670 491
671 695
672 942
673 1083
674 1058
675 671
676 850
677 922
678 1119
679 395
680 965
681 1125
682 174
683 957
684 645
685 831
686 72
687 711
688 583
689 407
690 894
691 924
692 860
693 1050
694 602
695 628
696 472
697 334
698 1110
699 667
700 1105
701 292
702 403
703 28
704 231
705 837
706 186
707 353
708 896
709 514
710 311
711 96
712 68
713 815
714 100
715 507
716 574
717 754
718 342
719 356
720 664
721 382
722 629
723 768
724 14
725 127
726 58
727 1004
728 1103
729 1096
730 1130
731 476
732 1082
733 1123
734 637
735 1035
736 901
737 204
738 1084
739 138
740 163
741 999
742 1037
743 336
744 937
745 1131
746 578
747 485
748 988
749 728
750 1115
751 980
752 489
753 701
754 33
755 429
756 1018
757 823
758 897
759 244
760 134
761 571
762 802
763 220
764 34
765 582
766 285
767 600
768 700
769 380
770 1006
771 31
772 256
773 663
774 325
775 866
776 1002
777 136
778 83
779 749
780 963
781 3
782 724
783 86
784 97
785 314
786 769
787 639
788 858
789 44
790 217
791 426
792 293
793 399
794 245
795 232
796 308
797 328
798 1062
799 406
800 170
801 863
802 745
803 19
804 240
805 953
806 867
807 851
808 1055
809 444
810 729
811 304
812 635
813 553
814 115
815 658
816 962
817 649
818 36
819 126
820 659
821 675
822 801
823 110
824 1043
825 1078
826 1085
827 1020
828 321
829 584
830 56
831 38
832 702
833 363
834 983
835 26
836 780
837 1098
838 751
839 282
840 950
841 8
842 430
843 905
844 847
845 268
846 109
847 1118
848 1011
849 303
850 877
851 1094
852 166
853 409
854 642
855 1104
856 468
857 169
858 853
859 428
860 401
861 1070
862 99
863 1101
864 1013
865 482
866 402
867 18
868 171
869 23
870 588
871 405
872 470
873 707
874 775
875 607
876 1092
877 43
878 1026
879 48
880 451
881 178
882 756
883 257
884 1040
885 361
886 918
887 236
888 613
889 112
890 238
891 1048
892 903
893 554
894 719
895 55
896 1132
897 727
898 32
899 453
900 622
901 989
902 114
903 560
904 993
905 890
906 777
907 340
908 131
909 1089
910 951
911 422
912 176
913 203
914 398
915 1039
916 493
917 158
918 793
919 35
920 194
921 108
922 327
923 757
924 183
925 929
926 466
927 39
928 227
929 683
930 1028
931 994
932 499
933 917
934 776
935 111
936 387
937 1014
938 718
939 1088
940 870
941 548
942 77
943 743
944 592
945 820
946 839
947 1009
948 62
949 799
950 542
951 165
952 478
953 535
954 782
955 107
956 261
957 362
958 826
959 828
960 300
961 91
962 874
963 687
964 1007
965 555
966 123
967 130
968 488
969 564
970 861
971 149
972 80
973 102
974 78
975 1109
976 132
977 544
978 497
979 567
980 772
981 142
982 915
983 1038
984 970
985 996
986 699
987 117
988 1034
989 902
990 620
991 47
992 601
993 597
994 214
995 184
996 752
997 200
998 958
999 791
1000 1053
1001 54
1002 889
1003 790
1004 789
1005 916
1006 247
1007 486
1008 508
1009 792
1010 408
1011 946
1012 467
1013 1005
1014 862
1015 1087
1016 594
1017 1051
1018 1114
1019 788
1020 529
1021 625
1022 376
1023 281
1024 703
1025 216
1026 685
1027 825
1028 393
1029 785
1030 755
1031 759
1032 952
1033 813
1034 70
1035 516
1036 986
1037 162
1038 95
1039 51
1040 868
1041 450
1042 566
1043 319
1044 899
1045 816
1046 638
1047 841
1048 611
1049 717
1050 205
1051 609
1052 859
1053 517
1054 1091
1055 383
1056 812
1057 12
1058 1080
1059 331
1060 676
1061 940
1062 144
1063 196
1064 770
1065 416
1066 50
1067 210
1068 219
1069 335
1070 783
1071 525
1072 172
1073 875
1074 410
1075 538
1076 692
1077 49
1078 22
1079 616
1080 854
1081 765
1082 618
1083 208
1084 693
1085 312
1086 373
1087 509
1088 420
1089 16
1090 1008
1091 984
1092 1003
1093 677
1094 515
1095 912
1096 972
1097 1017
1098 733
1099 624
1100 647
1101 413
1102 738
1103 471
1104 1012
1105 129
1106 549
1107 709
1108 784
1109 5
1110 662
1111 864
1112 94
1113 1129
1114 532
1115 852
1116 691
1117 2
1118 85
1119 374
1120 1111
1121 599
1122 630
1123 397
1124 274
1125 168
1126 199
1127 771
1128 440
1129 15
1130 1044
1131 885
1132 561
