6 36
6 1109
6 866
6 961
6 259
6 94
6 638
6 929
6 271
6 225
6 473
6 595
6 827
6 398
6 973
6 568
6 153
6 34
6 357
6 410
6 825
6 58
6 74
6 266
6 458
6 1060
6 630
6 977
6 448
6 179
36 1109
36 866
36 259
36 94
36 638
36 929
36 271
36 225
36 595
36 973
36 153
36 34
36 357
36 825
36 74
36 634
36 28
36 999
36 746
36 1105
36 356
36 992
1109 866
1109 259
1109 94
1109 638
1109 929
1109 225
1109 473
1109 595
1109 973
1109 153
1109 34
1109 357
1109 410
1109 825
1109 58
1109 1060
1109 630
1109 999
1109 618
1109 1073
1109 1089
1109 865
1109 836
1109 274
1109 82
1109 202
1109 574
1109 1046
1109 563
1109 670
1109 198
1109 221
1109 189
1109 979
1109 1021
1109 1037
866 225
866 825
866 202
866 7
866 542
866 1127
866 523
866 272
866 874
866 520
866 241
866 471
866 299
866 163
866 896
866 158
866 408
866 768
866 756
961 259
961 595
961 168
961 254
961 544
961 455
961 775
961 636
961 989
259 94
259 638
259 595
259 973
259 153
259 825
259 1060
259 630
259 999
259 17
259 1100
259 161
259 439
259 635
259 970
259 805
259 167
94 929
94 271
94 595
94 398
94 973
94 34
94 825
94 630
94 455
94 533
94 24
94 726
94 442
94 668
94 188
94 497
94 152
94 239
94 727
94 661
94 246
94 99
638 825
638 630
638 171
638 846
929 271
929 595
929 973
929 410
929 825
929 74
929 448
929 1089
929 406
929 644
929 1054
929 974
929 1011
271 973
271 74
271 448
271 999
271 408
271 1022
271 354
271 348
271 190
271 946
271 135
271 226
271 1120
271 162
271 982
271 763
271 223
271 990
271 156
271 4
271 304
271 1102
271 1019
271 625
271 604
271 789
271 754
271 1085
225 153
225 34
225 357
225 825
225 266
225 1060
225 82
225 168
225 927
225 774
225 284
225 810
225 968
225 613
225 444
225 66
473 635
473 649
473 145
473 1062
473 998
473 608
473 479
473 466
473 776
473 342
473 1045
473 483
473 532
473 650
473 84
473 76
595 827
595 973
595 153
595 825
595 74
595 630
595 82
595 158
595 455
595 974
595 76
595 673
595 537
595 969
595 422
595 309
595 270
595 620
827 398
827 973
827 74
827 28
827 999
827 17
827 1011
827 348
827 946
827 304
827 1102
827 613
827 745
827 672
827 424
827 199
827 518
827 884
827 800
827 425
827 522
827 859
827 496
827 895
827 514
827 945
827 1020
827 894
827 43
827 787
827 906
827 581
827 1031
827 556
398 58
398 28
398 999
398 455
398 188
398 1102
398 425
398 752
398 693
398 879
398 426
398 119
398 89
398 1069
398 559
398 400
973 74
973 448
973 28
973 999
973 1037
973 775
973 1054
973 1022
973 304
973 604
973 754
973 180
973 852
973 873
973 237
973 59
973 822
973 671
973 383
973 609
973 1001
973 1068
973 936
973 1074
973 236
973 294
973 75
973 389
973 844
973 31
973 1079
973 615
973 791
973 476
973 1086
973 786
973 530
973 750
973 433
973 457
973 1040
973 352
568 74
568 999
568 1120
568 549
568 341
568 1028
153 34
153 410
153 825
153 58
153 266
153 458
153 1060
153 992
153 618
153 490
153 1032
153 203
34 357
34 1060
34 992
34 1089
34 408
34 161
34 805
34 990
34 444
34 426
34 622
34 1112
34 369
34 917
34 1097
34 123
34 245
34 779
34 885
34 131
34 1059
34 472
357 825
357 1089
357 836
357 670
357 1100
357 974
357 203
357 1097
357 501
357 951
357 963
357 412
410 58
410 266
410 618
410 1073
410 1089
410 202
410 574
410 670
410 979
410 1021
410 1127
410 442
410 406
410 644
410 1054
410 1011
410 422
410 294
410 31
410 476
410 549
410 1059
410 858
410 191
410 758
410 1035
410 261
410 397
410 460
410 1004
410 1023
410 72
410 331
410 1033
410 293
410 492
410 1000
410 469
410 1034
825 1060
825 634
825 992
58 266
58 992
58 618
58 865
58 836
58 274
58 82
58 202
58 670
58 979
58 17
58 727
58 810
58 968
58 608
58 556
58 59
58 936
58 1032
58 1112
58 472
58 191
58 331
58 328
58 13
58 923
58 696
58 232
58 413
58 851
58 360
58 314
58 1014
58 115
58 853
58 704
58 321
58 44
58 697
58 507
58 861
58 585
58 216
58 667
58 276
58 144
74 448
74 28
74 999
74 542
74 408
74 1022
74 354
74 348
74 946
74 1120
74 162
74 223
74 990
74 156
74 1102
74 800
74 425
74 945
74 894
74 556
74 13
74 1039
74 15
74 217
74 934
74 218
74 1103
74 200
74 295
74 931
74 280
74 85
74 903
74 909
266 458
266 618
266 523
266 874
266 625
266 1032
266 131
266 696
266 217
266 757
266 69
266 788
266 557
266 87
266 920
1060 992
1060 408
1060 805
1060 152
1060 426
1060 1112
1060 917
1060 245
1060 131
1060 321
1060 546
1060 377
1060 401
1060 159
630 999
630 556
630 1097
630 585
630 996
630 679
977 342
977 994
977 835
977 365
977 0
977 848
977 83
977 432
448 999
448 563
448 787
448 873
448 59
448 609
448 1001
448 1079
448 750
448 1101
448 79
448 1007
448 92
448 1078
448 474
448 833
448 762
448 755
448 258
448 641
448 681
179 82
179 979
179 644
179 422
179 1068
179 501
179 858
179 460
179 1000
179 505
179 298
179 251
179 100
179 780
179 1110
179 834
179 664
179 215
179 405
179 734
179 335
634 402
28 999
28 990
28 522
999 1021
999 408
999 1022
999 556
999 996
999 353
999 220
992 198
992 369
992 1097
992 885
992 501
992 72
992 314
992 321
992 298
992 14
992 336
992 678
992 337
992 1113
992 699
992 362
992 802
992 42
992 230
618 1089
618 865
618 836
618 82
618 202
618 670
618 221
618 1054
618 1011
618 1032
618 472
618 858
618 191
618 397
618 696
618 0
618 848
618 100
618 793
618 938
618 205
618 430
618 987
1073 865
1073 202
1073 574
1073 563
1073 979
1073 1021
1073 1037
1073 542
1073 1054
1073 422
1073 936
1073 851
1073 931
1073 664
1073 793
1073 938
1073 567
1073 647
1073 706
1073 561
1073 381
1073 64
1073 201
1073 882
1073 177
1089 202
1089 574
1089 1046
1089 670
1089 198
1089 979
1089 874
1089 167
1089 497
1089 406
1089 974
1089 810
1089 968
1089 400
1089 873
1089 31
1089 245
1089 131
1089 858
1089 191
1089 758
1089 397
1089 469
1089 328
1089 314
1089 100
1089 1110
1089 230
1089 793
1089 938
1089 987
1089 197
1089 816
1089 452
1089 691
1089 527
1089 361
1089 804
1089 485
1089 39
1089 888
1089 539
1089 382
865 274
865 82
865 670
865 635
865 644
865 1054
865 810
865 422
865 858
865 1014
865 920
865 848
865 100
865 780
865 834
865 215
865 405
865 793
865 938
865 205
865 527
865 539
865 692
865 548
865 510
865 749
865 856
865 1013
865 101
865 771
865 956
865 120
865 1053
865 1117
865 211
865 578
865 391
865 50
865 32
865 1018
865 781
865 285
865 1115
865 431
865 112
865 133
865 729
836 202
836 1112
836 472
836 360
836 667
836 769
274 221
274 968
274 100
274 402
274 749
274 101
274 325
274 264
274 70
274 905
274 403
274 972
274 30
274 77
274 599
82 670
82 979
82 168
82 284
82 400
82 1032
82 460
82 1000
82 780
82 699
82 938
82 561
82 285
82 420
82 881
82 640
82 265
82 453
82 291
82 767
82 841
82 238
82 95
82 964
202 1046
202 221
202 7
202 542
202 1127
202 874
202 241
202 299
202 896
202 158
202 768
202 756
202 1100
202 501
202 191
202 667
202 802
202 793
202 361
202 285
202 599
202 631
202 1041
202 708
202 344
202 195
202 416
202 766
574 644
574 215
574 290
1046 903
1046 100
1046 177
1046 102
563 979
563 1021
563 1037
563 455
563 989
563 668
563 1054
563 162
563 789
563 879
563 1001
563 1068
563 294
563 791
563 501
563 360
563 704
563 931
563 920
563 1101
563 1078
563 474
563 755
563 641
563 681
563 14
563 706
563 381
563 1053
563 997
563 626
563 819
563 1119
563 957
563 234
563 534
563 674
670 221
670 1100
670 400
670 203
670 501
670 858
670 1000
670 1014
670 848
670 762
670 780
670 405
670 793
670 177
670 197
670 729
670 282
670 962
198 979
198 1037
198 1054
198 293
198 360
198 507
198 405
198 335
198 230
198 793
198 882
198 197
198 519
198 737
198 1
198 654
198 995
198 429
198 790
221 1100
221 789
221 284
221 968
221 776
221 422
221 556
221 203
221 501
221 1035
221 72
221 360
221 217
221 432
221 780
221 834
221 335
221 802
221 561
221 201
221 177
221 112
221 77
221 21
221 374
221 343
221 732
221 160
221 798
221 509
221 368
221 140
221 367
189 756
979 455
979 167
979 1102
979 752
979 879
979 119
979 1069
979 400
979 851
979 432
979 505
979 251
979 780
979 678
979 793
979 539
979 343
979 96
979 409
979 552
979 830
979 438
979 46
1021 1037
1021 1054
1021 789
1021 1001
1021 1000
1021 1101
1021 762
1021 647
1021 639
1021 1094
1037 775
1037 1054
1037 789
1037 284
1037 873
1037 59
1037 1001
1037 1068
1037 75
1037 31
1037 615
1037 791
1037 476
1037 460
1037 218
1037 931
1037 641
1037 100
1037 834
1037 647
1037 64
1037 1053
1037 211
1037 819
1037 772
1037 488
1037 56
1037 1027
1037 378
7 542
7 1127
7 874
7 241
7 471
7 299
7 158
7 756
7 369
7 667
7 361
7 291
7 631
7 91
7 705
7 753
7 586
7 817
7 823
7 540
7 898
7 724
7 319
7 845
7 462
7 287
542 1127
542 874
542 241
542 299
542 163
542 158
542 756
542 1011
542 946
542 1102
542 180
542 294
542 331
542 667
542 15
542 802
542 361
542 578
542 631
542 957
542 591
542 289
542 302
542 441
542 725
542 1131
542 1003
542 958
1127 874
1127 241
1127 299
1127 158
1127 768
1127 756
1127 1033
1127 667
1127 631
1127 195
1127 404
1127 277
1127 380
1127 478
523 845
272 241
272 896
272 774
272 412
272 772
272 845
272 454
272 659
272 11
874 520
874 241
874 299
874 163
874 768
874 756
874 145
874 466
874 532
874 879
874 936
874 413
874 402
874 691
874 361
874 705
874 821
874 551
874 347
520 768
520 532
520 1041
520 705
520 1116
520 525
520 713
520 901
241 471
241 896
241 158
241 756
241 726
241 667
241 724
241 845
241 1116
241 1095
471 896
471 726
471 667
471 195
471 91
471 705
471 753
471 540
471 724
471 845
471 1095
471 1061
471 345
471 764
471 1081
299 158
299 768
299 756
299 667
299 432
299 197
299 631
299 73
163 131
163 667
163 15
163 195
163 845
163 302
163 441
163 379
163 739
163 730
163 700
896 158
896 726
896 667
896 361
896 195
896 772
896 845
896 454
896 1095
896 1061
896 364
158 756
158 726
158 433
158 699
158 561
158 631
158 766
158 962
158 438
158 454
158 1116
158 901
158 714
158 587
158 1128
158 880
158 538
158 170
158 689
158 1047
158 128
408 161
408 1022
408 982
408 522
408 859
408 556
408 1097
408 1059
408 585
408 298
408 938
408 962
408 725
408 958
408 709
408 125
408 577
768 810
768 1097
768 1041
768 344
768 713
768 1061
768 286
756 145
756 851
756 667
756 1039
756 734
756 802
756 230
756 205
756 816
756 361
756 32
756 238
756 631
756 732
756 454
756 525
756 1095
756 1061
756 740
756 8
756 263
756 849
756 164
756 18
756 1044
756 1129
756 132
168 24
168 284
168 469
168 314
168 39
168 539
168 77
168 291
168 841
168 1
168 46
168 1047
168 106
168 41
168 185
168 459
168 838
168 326
254 171
254 789
254 810
254 426
254 873
254 59
254 294
254 1097
254 72
254 217
254 438
254 551
254 347
254 329
254 627
254 464
254 976
254 892
254 570
254 1048
544 1045
544 84
544 413
544 793
544 639
544 1075
544 151
544 637
544 932
544 655
544 178
455 17
455 635
455 1054
455 982
455 223
455 1102
455 342
455 532
455 752
455 879
455 426
455 119
455 1069
455 559
455 1097
455 413
455 360
455 432
455 402
455 42
455 32
455 96
455 438
455 46
455 892
455 720
455 29
455 1098
455 301
455 10
455 666
455 967
455 606
455 504
455 513
455 778
455 695
775 342
775 59
775 833
775 291
775 594
636 135
636 990
636 156
636 745
636 672
636 894
636 1031
636 752
636 822
636 780
636 175
989 1054
989 789
989 284
989 613
989 1001
989 474
989 664
989 1115
989 886
989 384
17 970
17 1054
17 162
17 990
17 604
17 745
17 894
17 693
17 873
17 360
17 704
17 706
17 1115
17 431
17 384
17 248
17 415
17 553
17 268
17 675
17 904
17 399
1100 497
1100 810
1100 537
1100 1074
1100 203
1100 501
1100 963
1100 469
1100 996
1100 780
1100 769
1100 21
1100 343
1100 140
1100 570
1100 944
1100 584
1100 502
1100 948
161 497
161 135
161 894
161 581
161 556
161 1001
161 1097
161 123
161 885
161 360
161 321
161 697
161 557
161 401
161 548
161 769
161 140
161 364
161 948
161 332
439 608
439 1059
439 963
439 956
439 487
635 145
635 1062
635 608
635 776
635 532
635 84
635 76
635 100
635 793
635 695
635 588
970 789
970 1085
970 852
970 671
970 236
970 615
970 1086
970 433
970 352
970 200
970 641
970 681
970 781
970 431
970 730
970 562
970 340
970 545
970 278
970 922
805 497
805 152
805 1097
805 539
805 344
805 343
805 126
805 707
167 810
167 752
167 666
533 668
533 852
533 671
533 1074
533 433
533 1000
533 730
533 545
533 690
533 1106
533 877
24 188
24 343
24 552
24 941
24 900
24 210
726 667
726 1039
726 32
726 631
726 1041
726 195
726 845
726 525
726 1095
726 900
726 210
726 20
726 499
726 176
726 427
726 1016
726 867
442 1097
442 1033
442 360
442 816
442 962
442 930
442 782
442 785
442 687
442 955
668 422
668 1001
668 1000
668 144
668 594
668 315
668 206
668 517
668 913
668 124
188 763
188 1069
188 400
188 343
188 830
188 941
188 900
188 437
188 109
188 910
188 601
188 25
188 593
188 741
188 1087
188 136
497 246
497 927
497 444
497 369
497 1097
497 885
497 501
497 232
497 802
497 39
497 798
497 967
497 126
497 707
497 499
497 495
497 1006
497 870
497 470
152 343
152 870
239 99
239 39
239 798
239 867
239 782
239 701
661 707
661 741
661 358
661 173
246 968
246 1069
246 941
99 707
171 789
171 774
171 59
171 696
171 1014
171 729
171 639
171 570
171 675
171 716
171 698
846 734
846 452
406 191
406 687
406 127
644 1054
644 789
644 968
644 673
644 1001
644 750
644 641
644 780
644 729
644 659
644 113
1054 162
1054 789
1054 754
1054 752
1054 59
1054 671
1054 609
1054 1001
1054 1068
1054 936
1054 1074
1054 236
1054 294
1054 31
1054 791
1054 476
1054 786
1054 530
1054 750
1054 1032
1054 779
1054 460
1054 1000
1054 704
1054 144
1054 200
1054 159
1054 1078
1054 251
1054 780
1054 834
1054 706
1054 539
1054 1053
1054 1115
1054 599
1054 291
1054 819
1054 957
1054 737
1054 639
1054 56
1054 821
1054 185
1054 248
1054 922
1054 305
1054 141
1054 114
1054 461
1054 186
1054 949
1054 390
1054 633
1054 281
1054 359
1054 878
974 810
974 444
974 851
974 734
974 987
974 1117
974 420
974 964
974 21
974 509
974 46
974 164
974 948
974 694
974 876
974 512
974 684
974 658
974 339
974 1071
974 446
974 975
974 366
974 498
974 575
974 193
974 887
1011 789
1011 556
1011 59
1011 609
1011 294
1011 530
1011 1004
1011 13
1011 839
1011 646
1011 1080
1022 990
1022 903
348 982
348 223
348 1102
348 556
348 577
348 606
348 338
946 226
946 990
946 424
946 518
946 800
946 425
946 859
946 906
946 1031
946 1014
946 585
946 780
946 938
946 130
946 1096
135 990
135 1102
135 810
135 672
135 424
135 425
135 894
135 1031
135 577
135 385
226 982
226 906
226 606
226 338
1120 341
1120 1028
1120 331
1120 217
1120 177
1120 343
1120 1080
1120 629
1120 829
1120 1082
162 604
162 789
162 873
162 671
162 1001
162 1074
162 236
162 294
162 31
162 791
162 476
162 1086
162 360
162 704
162 218
162 377
162 159
162 14
162 1053
162 997
162 957
162 737
162 639
162 772
162 340
162 141
162 633
162 147
162 1042
162 192
162 45
162 980
162 663
982 223
982 990
982 1102
982 284
982 968
982 745
982 800
982 879
982 577
982 606
982 855
763 236
763 534
763 1094
763 739
763 136
763 1009
763 111
223 1102
223 522
223 606
223 338
990 745
990 424
990 518
990 884
990 425
990 522
990 859
990 895
990 945
990 894
990 787
990 906
990 1031
990 556
990 1097
990 909
990 100
990 577
990 29
990 606
990 338
990 260
156 424
156 518
156 884
156 425
156 522
156 895
156 945
156 787
156 29
4 1004
4 217
4 1103
4 505
4 251
4 938
4 344
4 106
4 185
4 728
4 616
4 303
4 950
1102 894
1102 752
1102 1048
1102 606
1102 1076
1102 733
1019 444
1019 556
1019 331
1019 217
1019 505
1019 177
1019 344
1019 187
1019 812
1019 558
625 111
604 383
604 389
604 433
604 704
604 737
604 545
604 390
604 633
604 281
604 1008
604 71
789 444
789 556
789 873
789 59
789 1001
789 294
789 75
789 530
789 369
789 963
789 704
789 218
789 931
789 920
789 377
789 1078
789 762
789 755
789 344
789 997
789 957
789 980
789 312
754 609
754 1101
754 305
754 114
1085 873
1085 236
1085 641
1085 431
1085 819
1085 639
1085 385
1085 1063
1085 1030
927 810
927 968
927 444
927 537
927 123
927 909
927 298
927 140
927 540
927 263
927 944
927 930
927 687
927 1042
927 108
927 806
927 491
927 600
927 81
774 412
774 1000
774 0
774 251
774 772
774 659
774 838
774 206
774 698
284 810
284 791
284 123
284 667
284 737
284 91
284 301
810 968
810 145
810 537
810 1032
810 472
810 72
810 848
810 405
810 802
810 197
810 527
810 888
810 265
810 519
810 654
810 540
810 287
810 944
810 584
810 176
810 575
810 733
810 815
810 580
810 484
810 1070
810 1065
968 1045
968 537
968 693
968 59
968 1032
968 835
968 100
968 335
968 177
968 771
968 391
968 1018
968 416
968 798
968 46
968 823
968 551
968 880
968 185
968 967
968 584
968 707
968 499
968 812
968 589
968 423
968 22
968 12
968 5
968 986
613 791
613 87
613 0
613 286
613 301
613 886
613 782
613 855
613 194
613 1092
613 209
444 66
444 556
444 476
444 1112
444 1097
444 131
444 1059
444 963
444 360
444 1078
444 100
444 561
444 39
444 77
444 291
444 282
444 21
444 343
444 368
444 364
444 570
444 944
444 948
444 498
444 423
66 1112
66 472
649 776
649 342
145 998
145 608
145 466
145 776
145 342
145 1045
145 483
145 532
145 84
145 413
145 69
145 788
145 365
145 0
145 848
145 505
145 100
145 780
145 699
145 793
145 32
145 551
145 347
145 695
145 281
145 1067
145 407
145 993
145 871
1062 998
1062 776
1062 84
1062 793
1062 1067
1062 27
998 608
998 776
998 342
998 1045
998 532
998 84
998 0
998 100
998 793
998 938
998 729
998 282
998 551
998 248
998 588
998 281
998 27
998 313
608 776
608 342
608 1059
608 44
608 69
608 100
608 548
608 32
608 403
608 972
608 77
608 551
608 487
608 588
608 470
608 27
608 1122
608 1107
608 387
608 1050
608 322
608 656
608 324
479 64
479 771
479 1075
479 932
479 222
479 857
479 296
466 776
466 532
466 84
466 879
466 885
466 501
466 413
466 251
466 793
466 691
466 527
466 881
466 695
466 435
466 686
776 342
776 1045
776 483
776 532
776 84
776 879
776 622
776 1059
776 432
776 100
776 793
776 561
776 691
776 708
776 347
776 695
776 761
342 532
342 84
342 752
342 1059
342 848
342 793
342 32
342 525
342 695
342 407
342 702
342 1088
1045 84
1045 294
1045 64
1045 539
1045 695
1045 1067
483 532
483 84
483 879
483 413
483 691
483 347
483 695
483 187
483 993
483 761
532 84
532 752
532 501
532 963
532 793
532 729
532 1044
532 695
532 248
650 501
84 879
84 963
84 413
84 788
84 691
84 151
84 932
84 695
84 27
84 435
84 761
84 1088
84 204
84 129
84 528
76 205
76 32
76 30
76 487
76 588
76 98
76 1118
76 493
76 57
76 723
76 19
673 750
537 885
537 14
537 678
537 561
537 485
537 888
537 539
537 420
537 265
537 519
537 944
537 584
537 1042
969 851
969 360
969 498
969 616
969 491
422 191
422 100
422 780
422 834
422 129
422 252
309 752
309 1117
309 50
309 281
309 366
309 826
309 571
309 801
309 54
309 1036
309 623
270 102
270 1091
620 93
620 736
620 1052
745 752
745 879
745 559
745 399
672 894
672 59
672 822
672 671
672 909
672 641
672 431
672 399
672 1030
424 474
424 802
424 289
424 470
424 316
199 518
199 800
199 425
199 514
199 1014
199 474
518 884
518 800
518 425
518 895
518 945
518 1059
518 909
518 29
884 425
884 787
884 556
884 706
884 725
800 885
800 577
425 885
425 474
425 577
425 29
425 733
859 302
496 659
496 399
895 909
895 29
894 1031
894 556
894 59
894 822
894 671
894 457
894 641
894 1053
894 399
894 1123
43 556
43 399
787 412
906 585
906 338
1031 822
1031 848
1031 14
1031 329
556 369
556 123
556 885
556 501
556 697
556 217
556 295
556 903
556 577
556 29
556 890
556 90
752 879
752 119
752 1069
752 559
752 400
752 402
752 567
752 177
752 548
752 856
752 578
752 464
752 10
752 666
752 941
752 210
752 25
752 108
752 986
752 313
752 1107
752 617
752 572
752 3
693 879
693 1069
693 400
693 294
693 360
693 778
693 415
879 559
879 413
879 788
879 505
879 251
879 793
879 64
879 691
879 120
879 881
879 932
879 606
879 695
879 248
879 686
879 528
879 396
426 599
426 344
426 329
426 553
426 900
426 698
426 127
426 423
426 652
119 32
119 438
119 666
119 332
119 3
89 732
89 46
89 720
89 248
89 948
89 512
89 975
89 575
89 320
89 869
89 891
89 181
1069 400
1069 343
1069 552
1069 248
1069 941
1069 109
1069 910
1069 419
1069 683
559 10
559 666
559 695
400 432
400 343
400 552
400 109
180 294
180 341
180 1035
180 934
180 833
180 737
180 821
180 1063
180 61
180 463
852 59
852 1074
852 615
852 1086
852 433
852 352
852 681
852 706
852 381
852 431
852 737
852 730
852 562
852 545
852 690
852 1106
852 877
852 61
873 59
873 1074
873 31
873 13
873 931
873 1101
873 755
873 706
873 1053
873 1115
873 957
873 281
873 815
873 503
237 331
237 289
237 1096
237 1082
237 558
237 355
59 822
59 1001
59 1074
59 75
59 31
59 615
59 476
59 750
59 457
59 885
59 13
59 360
59 704
59 218
59 1101
59 641
59 780
59 706
59 64
59 1053
59 957
59 737
59 56
59 1027
59 690
59 192
59 733
59 1008
59 503
59 16
59 715
59 760
822 1074
822 615
822 457
822 218
822 641
822 1053
822 715
822 770
671 1074
671 236
671 294
671 75
671 615
671 1086
671 433
671 352
671 641
671 431
671 534
671 345
671 399
671 545
671 136
671 141
671 390
671 1008
671 1063
671 61
671 715
671 796
383 1086
383 786
383 750
383 1040
383 15
383 218
383 381
383 281
383 616
383 1122
383 715
383 711
383 465
383 743
609 236
609 433
609 1000
609 1014
609 144
609 780
609 772
609 185
609 922
609 206
609 305
609 141
609 114
609 186
609 949
609 390
609 187
609 1099
609 579
1001 1068
1001 294
1001 750
1001 1097
1001 492
1001 704
1001 200
1001 931
1001 755
1001 834
1001 664
1001 706
1001 1119
1001 378
1001 359
1068 476
1068 460
1068 492
1068 1078
1068 834
1068 1113
1068 285
1068 378
1068 584
936 294
936 13
936 200
936 833
936 100
936 691
936 881
936 821
936 695
936 797
1074 236
1074 75
1074 844
1074 31
1074 1079
1074 791
1074 476
1074 786
1074 530
1074 750
1074 1097
1074 460
1074 13
1074 115
1074 704
1074 200
1074 931
1074 681
1074 834
1074 706
1074 539
1074 1053
1074 1119
1074 737
1074 56
1074 821
1074 545
1074 122
1074 60
236 75
236 389
236 31
236 1079
236 615
236 1086
236 786
236 530
236 433
236 352
236 704
236 218
236 200
236 664
236 1053
236 431
236 737
236 545
236 633
236 1063
236 796
236 1083
294 31
294 791
294 476
294 1086
294 352
294 13
294 474
294 641
294 706
294 1115
294 957
294 737
294 1008
75 615
75 791
75 786
75 641
75 64
75 1053
75 1027
75 136
75 1063
389 615
389 433
389 704
389 220
389 737
389 639
389 922
389 633
389 1083
844 1086
844 750
844 729
844 922
31 476
31 1097
31 704
31 474
31 706
31 1115
31 729
31 964
31 957
31 737
31 141
31 385
31 147
31 1063
1079 615
1079 1086
1079 433
1079 218
1079 431
1079 248
1079 980
1079 1063
1079 760
1079 1083
615 791
615 1086
615 786
615 433
615 352
615 641
615 681
615 431
615 534
615 56
615 655
615 1063
615 1083
615 1108
615 468
615 363
791 144
791 15
791 159
791 64
791 882
791 819
791 56
791 378
791 1042
791 1108
791 1077
791 392
476 963
476 13
476 704
476 931
476 706
476 344
476 1119
476 821
476 359
476 303
476 187
1086 786
1086 750
1086 433
1086 1040
1086 352
1086 218
1086 381
1086 431
1086 730
1086 562
1086 545
1086 141
1086 1063
1086 715
1086 743
786 750
786 433
786 1040
786 218
786 1053
786 957
786 690
786 141
786 71
786 715
786 743
786 1124
530 1040
530 963
530 931
530 659
530 185
530 61
530 468
750 704
750 834
750 381
750 957
750 577
750 248
750 690
750 136
750 113
750 715
750 682
433 352
433 218
433 431
433 56
433 562
433 278
433 359
433 187
433 1008
433 71
433 1063
433 1122
433 122
433 1083
433 86
433 23
457 1053
457 421
1040 218
1040 381
1040 1048
1040 690
1040 390
1040 715
1040 743
352 562
352 545
352 528
352 275
352 414
549 958
549 329
549 192
549 182
341 938
341 958
341 829
341 1082
341 653
1028 653
490 1047
1032 762
1032 197
1032 539
1032 403
1032 730
1032 577
1032 248
1032 395
203 501
203 1014
203 848
203 335
203 285
203 729
203 863
622 343
1112 1097
1112 1059
1112 472
1112 757
1112 282
1112 785
1112 61
1112 346
369 472
369 963
369 72
369 1110
369 678
369 751
1097 245
1097 131
1097 1059
1097 472
1097 963
1097 72
1097 331
1097 667
1097 377
1097 401
1097 539
1097 957
1097 962
1097 740
1097 944
1097 487
1097 176
1097 470
1097 975
1097 187
1097 423
1097 1043
1097 925
1097 516
1097 33
1097 228
1097 603
123 39
123 818
245 293
245 377
245 420
245 21
245 160
245 509
245 1129
245 967
245 498
245 731
885 360
885 377
885 432
885 335
885 938
885 962
885 552
885 821
885 577
885 944
885 601
885 1006
885 470
885 491
885 815
885 484
885 777
885 511
885 371
885 824
131 708
131 1
131 374
131 140
131 287
131 764
131 1098
131 1065
131 535
131 47
1059 963
1059 401
1059 298
1059 102
1059 551
1059 487
1059 588
1059 925
1059 516
1059 799
472 1035
472 401
472 769
472 234
472 282
472 962
472 463
472 2
501 963
501 360
501 432
501 335
501 177
501 211
501 420
501 21
501 160
501 438
501 91
501 319
501 944
501 948
501 307
951 265
951 248
951 680
963 920
963 100
963 361
963 32
963 416
963 21
963 551
963 948
963 588
963 470
963 2
963 297
963 611
963 965
412 539
412 772
412 659
412 489
858 191
858 1035
858 397
858 834
858 793
191 397
191 561
191 285
191 944
1035 251
1035 382
1035 211
1035 282
1035 345
1035 1048
1035 61
1035 346
1035 632
1035 506
261 401
397 1004
397 144
397 177
397 344
397 616
397 491
460 492
460 251
460 780
460 834
460 291
460 819
460 418
1004 401
1004 1078
1004 290
1004 423
72 1000
72 360
72 1110
72 405
72 678
72 944
72 1042
72 751
331 697
331 217
331 780
331 938
331 177
331 289
331 558
331 914
331 565
331 172
331 97
1033 360
1033 478
1033 778
1033 782
1033 687
1033 446
1033 194
1033 320
1033 792
1033 139
1033 256
293 432
293 793
293 816
293 238
293 509
293 967
293 975
293 1038
293 911
492 1113
1000 931
1000 377
1000 780
1000 291
1000 56
1000 839
1000 385
469 265
469 509
469 209
469 623
469 959
469 718
328 197
328 888
13 934
13 957
13 737
13 821
923 1
923 1098
923 318
923 660
923 1066
696 115
696 144
696 159
696 243
232 39
232 707
413 788
413 402
413 821
413 1075
413 151
413 695
413 589
413 1067
413 566
413 916
851 432
851 335
851 793
851 987
851 561
851 201
851 197
851 816
851 50
851 420
851 964
851 21
851 967
851 339
851 446
851 575
851 396
851 327
360 948
360 687
360 806
360 491
360 423
360 481
360 1025
314 802
314 539
314 285
314 944
314 124
314 870
314 228
314 603
314 297
314 334
314 349
314 536
1014 848
1014 780
1014 938
1014 205
1014 527
1014 211
1014 781
1014 729
1014 102
1014 826
1014 914
1014 864
1014 648
1014 748
853 938
853 659
853 950
853 550
704 641
704 510
704 1053
704 819
704 957
704 737
704 772
704 340
704 545
704 1008
704 621
321 861
321 230
321 539
321 420
321 790
321 509
321 183
44 69
44 780
44 956
44 578
44 77
44 599
44 509
44 588
44 1091
44 864
44 146
44 554
697 833
697 558
697 590
507 570
507 1098
507 47
507 318
507 660
507 607
507 592
507 300
507 105
861 527
861 420
861 640
861 790
861 967
861 707
861 512
861 809
585 527
585 211
585 577
585 1096
585 558
216 734
667 631
667 1041
667 195
667 962
667 845
667 1095
276 938
276 958
144 505
144 578
144 291
144 344
144 102
144 132
144 106
144 588
144 728
144 1122
144 322
1039 845
1039 454
1039 1116
1039 713
1039 1044
15 218
217 85
217 678
217 177
217 289
217 301
217 97
217 868
217 9
217 229
217 267
217 26
217 219
217 597
218 641
218 431
218 399
218 715
218 760
218 743
1103 938
1103 958
1103 1080
1103 1096
1103 812
1103 558
1103 565
1103 172
1103 55
200 474
200 664
200 737
200 838
200 562
200 1122
931 599
931 796
85 958
85 229
903 996
903 921
909 534
909 399
909 1030
909 26
909 722
757 344
757 282
757 487
757 1012
757 207
69 432
69 100
69 780
69 101
69 120
69 578
69 32
69 781
69 905
69 403
69 344
69 416
69 102
69 551
69 132
69 976
69 513
69 487
69 1122
69 1107
69 322
69 656
69 1091
69 579
69 207
69 292
69 645
69 524
69 68
788 691
788 211
788 599
788 185
788 695
788 303
557 251
557 898
557 318
557 1066
87 1043
920 474
920 402
920 692
920 548
920 510
920 749
920 856
920 1013
920 101
920 771
920 578
920 957
920 639
920 908
920 434
920 250
920 1029
920 759
920 583
920 1056
920 169
546 505
546 828
377 159
377 996
377 298
377 578
377 1119
377 364
377 147
377 322
401 835
401 616
401 252
401 688
401 372
401 721
159 997
159 1119
159 918
996 734
996 987
996 539
996 964
996 21
996 160
996 509
996 740
996 1129
996 464
996 1071
996 1123
996 818
996 911
996 921
679 77
679 817
994 835
994 365
994 279
994 837
835 365
835 848
835 505
835 372
365 505
365 1048
365 648
365 88
365 373
365 971
365 1002
365 253
0 83
0 362
0 539
0 1018
0 729
0 798
0 423
0 22
0 209
0 572
0 363
0 450
0 943
0 985
848 1119
848 509
848 438
848 1128
848 689
848 637
848 279
848 323
83 1113
83 32
83 798
83 639
83 930
83 22
83 363
432 734
432 699
432 793
432 987
432 197
432 539
432 905
432 420
432 958
432 73
432 577
432 720
432 498
432 484
432 307
432 598
432 978
1101 1078
1101 474
1101 690
1101 715
1007 375
92 1078
92 833
92 258
92 739
92 312
1078 474
1078 833
1078 762
1078 755
1078 381
1078 344
1078 997
1078 674
1078 187
1078 312
1078 937
474 755
474 664
474 1053
474 1115
474 1119
474 957
474 674
474 737
474 967
474 375
474 719
833 258
833 113
833 312
762 755
762 527
762 839
755 681
755 381
258 136
258 663
258 257
641 1053
641 431
641 248
641 399
641 562
641 278
641 136
641 715
681 381
505 251
505 100
505 780
505 834
505 938
505 856
505 420
505 291
505 290
505 132
505 106
505 268
505 629
298 485
298 539
298 944
298 423
298 921
298 940
251 780
251 664
251 734
251 856
251 291
251 238
251 290
251 106
251 1098
251 61
251 307
100 548
100 749
100 101
100 120
100 578
100 32
100 264
100 30
100 416
100 102
100 551
100 106
100 588
100 313
100 656
100 759
100 1056
100 373
100 149
780 834
780 664
780 215
780 64
780 527
780 548
780 856
780 1053
780 403
780 291
780 102
780 798
780 438
780 772
780 289
780 764
780 577
780 106
780 185
780 637
780 1098
780 594
780 305
780 1071
780 98
780 748
780 300
780 288
780 531
1110 793
1110 197
1110 39
1110 798
1110 427
1110 782
1110 701
1110 751
1110 813
1110 803
1110 166
834 291
834 577
834 106
834 359
834 862
664 1094
664 124
664 253
215 205
215 749
215 905
215 290
215 639
215 821
215 355
215 394
405 793
405 344
405 502
405 900
405 698
405 366
734 335
734 14
734 793
734 197
734 319
734 185
734 570
734 301
734 886
734 1123
734 840
734 1055
734 794
734 255
734 515
734 942
335 793
335 561
335 201
335 1071
335 1123
335 718
335 526
335 165
402 430
402 64
402 691
402 692
402 510
402 856
402 1013
402 120
402 578
402 77
402 881
402 345
402 513
402 695
402 248
402 686
402 207
402 908
402 434
402 250
402 1029
402 169
402 253
402 317
402 582
402 428
353 921
220 1115
220 737
220 1063
14 420
14 438
14 289
14 1129
14 329
14 1098
14 967
14 975
14 1042
14 231
336 362
678 197
678 485
678 285
678 265
678 464
337 205
337 487
337 98
337 57
337 19
337 807
337 991
337 138
337 784
337 902
337 747
337 482
1113 519
1113 944
1113 930
699 561
699 1128
699 143
362 882
362 423
362 765
362 555
802 197
802 570
802 870
802 616
802 815
802 387
802 297
802 911
802 300
42 732
42 46
42 720
42 948
42 512
42 658
42 975
42 320
42 939
42 889
42 676
42 440
230 211
230 659
230 164
230 967
230 248
230 139
230 1121
793 205
793 987
793 201
793 197
793 691
793 285
793 420
793 347
793 695
793 407
793 396
793 864
793 794
793 795
938 205
938 430
938 177
938 211
938 112
938 881
938 639
938 289
938 958
938 659
938 577
938 839
938 1080
938 1096
938 733
938 812
938 558
938 172
938 9
938 642
938 742
938 1125
938 330
205 120
205 211
205 285
205 264
205 403
205 599
205 639
205 772
205 106
205 976
205 584
205 487
205 588
205 313
205 1122
205 1118
205 493
205 723
205 826
205 373
205 747
205 482
205 148
205 310
430 749
430 881
430 908
430 250
430 169
987 816
987 539
987 964
987 21
987 73
987 326
987 484
987 826
987 320
987 288
987 63
567 714
567 423
567 572
647 706
647 56
706 1115
706 626
706 1077
561 766
561 438
561 1128
561 41
561 227
381 534
381 743
64 56
201 816
201 396
201 1121
201 63
177 639
177 772
177 289
177 958
177 577
177 385
177 1082
177 616
177 303
177 812
177 396
177 172
177 597
177 984
177 467
177 703
197 816
197 527
197 211
197 420
197 975
197 183
197 1055
197 440
197 63
816 21
816 415
816 1121
452 50
452 640
452 1016
452 809
691 881
691 821
691 686
527 539
527 46
527 164
527 656
361 344
361 81
485 1117
39 539
39 1018
39 133
39 640
39 767
39 344
39 343
39 798
39 499
39 427
39 867
39 782
39 495
39 701
39 296
39 809
39 738
39 677
39 619
39 1024
39 1026
888 344
888 519
888 944
888 722
888 966
888 1064
539 120
539 1053
539 1117
539 77
539 343
539 46
539 944
539 948
539 633
539 366
539 498
539 12
539 826
539 54
539 370
539 283
382 446
382 346
382 632
692 548
692 510
692 1013
692 771
692 711
692 685
548 510
548 749
548 856
548 1013
548 101
548 771
548 578
548 77
548 551
548 976
548 588
548 656
548 711
548 434
548 1029
510 749
510 856
510 1013
510 101
510 771
510 248
510 340
510 711
510 434
510 317
510 897
749 856
749 101
749 771
749 551
749 207
856 1013
856 101
856 771
856 578
856 264
856 905
856 106
856 248
856 711
856 1077
856 250
856 1029
856 169
856 428
1013 101
1013 771
1013 578
1013 1107
1013 711
1013 434
1013 169
101 771
101 551
101 656
771 588
771 428
956 32
956 729
956 588
956 632
956 864
956 434
956 1125
120 32
120 403
120 77
120 416
120 102
120 132
120 976
120 513
120 470
120 313
120 1107
120 322
120 1091
120 579
120 346
120 207
120 292
120 645
120 524
120 68
120 602
1053 737
1053 399
1053 1122
1053 760
1053 743
1053 421
1117 265
1117 509
1117 339
1117 801
1117 418
1117 792
1117 80
211 164
211 718
211 279
211 440
211 78
578 957
578 282
578 551
578 656
578 1029
578 759
578 583
578 1056
578 149
578 685
578 155
578 1132
578 1010
50 366
50 801
50 54
50 396
50 718
50 51
32 403
32 30
32 102
32 438
32 551
32 132
32 976
32 513
32 313
32 98
32 493
32 723
32 19
32 1091
32 434
32 1029
32 784
32 902
32 1125
32 107
32 605
1018 767
1018 798
1018 639
781 1091
781 138
781 1125
781 685
285 778
285 806
285 792
285 148
1115 594
1115 268
431 626
431 534
431 399
431 1063
431 1030
431 1124
431 421
431 196
112 102
112 339
112 373
112 48
112 110
133 639
133 185
133 248
133 312
133 677
729 102
729 695
729 1042
729 1093
769 344
325 264
325 70
325 324
264 70
264 403
264 972
264 976
264 656
264 61
264 117
264 351
70 905
70 949
70 1122
70 324
70 61
70 88
70 253
905 403
905 972
905 416
905 102
905 588
905 815
905 1107
905 322
905 864
905 1029
403 972
403 77
403 416
403 102
403 132
403 106
403 1107
403 579
403 1029
403 582
403 850
972 1044
972 976
972 419
30 77
30 976
30 487
30 313
30 1107
30 98
30 493
30 784
77 976
77 487
77 313
77 207
77 1010
599 102
599 252
420 21
420 525
420 8
420 164
420 329
420 967
420 694
420 498
420 815
420 307
420 978
881 695
881 566
640 798
640 782
640 826
640 809
265 319
265 1128
265 20
265 623
265 907
265 669
453 140
453 462
453 764
453 1098
453 863
453 660
291 106
291 594
291 61
767 1016
841 1
841 570
841 1098
841 47
841 742
841 154
238 975
238 928
964 195
964 446
964 818
964 792
964 1055
1041 705
1041 454
1041 525
1041 713
1041 901
1041 739
1041 183
1041 607
1041 253
1041 854
1041 52
1041 643
344 343
344 140
344 364
344 106
344 459
344 570
344 870
344 61
344 818
344 207
344 688
344 940
344 628
344 614
195 845
195 277
195 478
195 454
195 1095
416 1091
416 1029
416 88
416 899
766 867
766 824
766 648
766 1002
766 515
766 227
766 212
766 1049
290 106
290 616
290 421
290 394
102 639
102 551
102 1044
102 132
102 976
102 513
102 173
102 616
102 313
102 1107
102 322
102 19
102 1091
102 579
102 207
102 292
102 645
102 524
102 68
102 850
997 733
819 957
1119 659
1119 976
1119 1122
1119 322
957 359
957 744
234 962
234 113
534 739
534 399
534 1063
534 1030
534 653
534 722
282 962
282 551
282 18
282 252
282 61
282 346
282 506
519 654
519 790
519 367
519 967
519 584
519 948
737 639
737 545
737 305
737 1008
737 375
1 91
1 753
1 898
1 319
1 1098
1 603
1 47
1 154
1 1090
995 160
429 368
429 324
790 454
790 525
790 164
790 498
790 181
790 914
790 939
790 960
21 732
21 160
21 73
21 948
21 694
21 512
21 658
21 339
21 498
21 575
21 303
21 978
21 665
21 269
21 933
374 319
374 1098
374 616
343 552
343 248
343 707
343 900
343 210
343 437
343 109
343 910
343 601
343 25
343 81
343 1070
343 371
343 926
343 411
343 235
732 73
732 948
732 512
732 975
160 1123
160 818
160 665
798 639
798 813
509 326
509 900
509 870
509 484
509 792
509 628
509 1084
509 569
368 108
368 806
368 792
368 256
368 78
368 872
368 333
368 875
140 488
140 753
140 319
140 462
140 287
140 764
140 286
140 570
140 1098
140 93
140 660
140 531
140 669
140 614
140 773
140 62
140 449
140 612
140 543
140 350
140 388
140 233
367 870
96 731
96 1093
96 665
96 417
552 900
552 601
552 25
552 593
552 683
552 371
552 411
552 35
830 185
830 941
438 1128
438 329
438 698
438 423
438 572
438 475
438 832
46 639
46 772
46 329
46 948
46 512
46 975
46 320
46 869
46 777
46 676
46 269
639 289
639 976
639 637
639 695
639 281
639 914
639 323
639 515
639 467
639 735
639 947
772 454
772 659
772 714
772 751
772 914
488 764
488 185
488 93
488 863
488 660
488 893
56 71
91 724
91 570
91 1065
91 1066
91 1090
91 773
91 508
705 823
705 845
705 713
705 93
705 300
753 724
753 462
753 942
753 669
753 154
753 773
753 912
586 1098
817 823
817 540
817 570
817 1098
817 1066
817 742
817 1051
823 724
823 1082
823 1043
823 229
823 742
823 154
823 1051
540 287
540 570
540 1098
540 575
540 733
540 580
540 1065
540 318
540 717
540 451
898 1066
898 607
898 669
724 319
724 462
724 287
724 441
724 277
724 478
724 587
724 1098
724 176
724 1065
724 592
724 669
724 960
724 449
724 508
724 1057
724 273
724 65
724 983
319 462
319 329
319 1098
319 1065
319 300
319 105
319 669
319 543
845 713
845 1095
845 20
462 764
462 301
462 93
462 660
462 531
462 669
462 773
462 612
462 912
287 1098
287 93
287 388
287 37
287 443
289 958
289 1082
289 950
289 558
289 9
289 219
289 1111
302 441
441 277
441 739
441 587
441 176
441 870
441 273
958 1080
958 950
958 558
958 653
958 9
958 229
958 219
958 860
404 80
277 176
277 273
380 478
380 108
380 617
380 80
380 1104
478 806
478 628
478 134
454 1116
454 525
454 713
454 849
454 18
454 720
454 176
454 656
659 329
659 698
659 114
659 975
659 731
659 371
821 347
821 695
821 878
551 329
551 976
551 313
551 1107
551 656
551 632
551 1029
551 759
551 1056
551 149
551 155
551 436
347 695
347 686
347 129
1116 901
1116 538
525 901
525 739
525 1044
525 720
525 176
525 434
525 138
525 52
713 901
713 1061
713 176
713 209
713 623
901 714
901 22
901 436
345 1063
345 61
345 346
345 632
345 506
345 908
345 169
345 88
345 253
345 351
345 924
764 1098
764 93
764 863
764 660
764 893
1081 500
73 891
730 577
730 562
730 545
730 690
730 1106
730 877
730 914
714 128
714 248
714 423
714 572
714 569
587 176
1128 1047
1128 459
1128 504
1128 572
1128 824
1128 808
880 248
689 128
689 637
689 279
689 323
689 116
1047 329
1047 572
1047 824
128 637
128 837
709 939
125 921
577 512
577 980
577 616
577 815
577 965
577 564
286 782
286 93
8 820
164 939
164 174
1129 329
1129 665
132 976
132 1122
132 1107
132 322
132 1091
132 632
132 645
132 68
106 637
106 268
106 206
106 616
106 1065
106 993
106 893
185 268
185 305
185 1065
185 993
459 606
459 808
459 213
329 464
329 1098
329 967
329 975
329 572
329 603
329 965
329 952
464 572
976 513
976 487
976 1122
976 1107
976 322
976 656
976 1091
976 579
976 207
976 292
976 645
976 524
976 68
892 967
892 575
892 327
892 104
892 480
570 1098
570 301
570 1065
570 47
570 1066
570 607
570 592
570 840
570 1090
570 1017
1048 562
1048 616
1048 61
1048 632
1048 506
1048 648
1048 665
1048 1058
1075 695
151 695
151 407
151 993
637 279
637 837
637 323
637 116
932 129
655 662
178 648
178 279
178 323
178 116
178 541
178 1126
720 967
720 248
720 948
720 512
720 975
720 1042
720 320
1098 248
1098 975
1098 1065
1098 890
1098 863
1098 47
1098 660
1098 1066
1098 607
1098 592
1098 742
1098 669
1098 154
1098 388
301 603
301 47
301 717
10 666
10 722
967 707
967 658
967 975
967 1121
967 480
606 338
513 278
513 1107
513 1091
513 579
513 292
513 645
513 524
513 68
778 782
778 446
778 148
778 78
695 589
695 566
248 900
248 210
248 930
248 658
248 446
248 1096
248 986
248 1043
248 554
248 250
248 560
248 447
248 67
248 121
248 953
415 911
268 728
675 93
399 1030
399 715
399 653
944 575
944 1042
944 733
944 108
944 580
944 1010
584 698
584 1012
502 832
502 242
948 512
948 684
948 658
948 975
948 616
948 320
948 869
948 181
948 777
948 889
948 676
948 440
948 1121
948 624
332 498
487 588
487 313
487 656
487 98
487 1118
487 723
487 19
487 1091
487 807
487 747
487 482
487 310
588 313
588 1122
588 1107
588 98
588 1118
588 57
588 747
562 545
562 278
562 359
562 1122
562 1056
562 376
340 1008
340 493
340 883
340 814
545 690
545 1106
545 877
545 633
545 1008
278 1122
922 528
922 743
126 707
707 900
707 437
707 910
707 512
707 1070
707 986
707 129
707 166
707 440
707 735
707 1017
707 842
690 877
690 715
690 743
1106 1122
1106 528
1106 467
877 1111
941 109
941 910
900 437
900 495
900 129
900 1025
210 437
499 809
176 273
427 701
427 803
427 107
1016 809
867 782
867 824
867 738
867 208
867 184
930 687
930 628
782 813
782 677
782 107
782 477
782 1130
782 547
782 494
782 1015
785 875
687 108
687 481
206 1072
437 761
109 910
109 411
601 371
25 1042
741 173
136 113
136 1009
495 809
470 656
470 864
701 809
701 803
701 619
701 107
701 208
173 761
173 235
698 1042
305 141
305 114
305 186
305 949
141 114
114 186
390 796
390 743
390 1099
633 1008
633 1083
281 975
281 419
281 796
359 71
359 1063
359 61
878 224
876 327
512 658
512 975
512 320
512 869
512 181
658 320
658 440
339 366
339 801
339 799
339 718
339 80
1071 165
1071 196
1071 214
1071 657
1071 244
446 327
975 193
975 1042
975 320
975 181
975 63
975 104
366 81
366 801
366 1036
366 51
366 1015
498 986
575 733
575 580
575 919
193 137
887 1093
1080 558
1080 55
1096 355
1096 914
1096 142
1082 558
1082 229
1082 860
980 486
616 187
616 1063
616 600
616 81
616 628
616 1090
616 560
303 207
950 558
733 580
733 327
733 283
187 207
812 224
558 954
1008 71
1008 743
312 61
312 122
1063 122
1063 392
1063 23
1030 653
1030 597
1030 196
1030 610
108 792
806 792
806 576
600 796
81 61
815 154
815 1114
580 623
580 318
580 907
580 717
580 451
580 983
580 40
484 799
484 327
484 1121
484 269
1065 603
1065 1066
1065 508
1065 717
1065 40
589 993
589 222
589 857
589 566
423 748
423 721
423 436
22 363
5 48
5 981
986 939
209 925
1067 253
27 761
313 1118
313 57
313 723
313 807
313 991
313 747
313 482
313 1125
313 605
313 247
1122 1107
1122 322
1122 656
1122 1099
1122 1124
1107 322
1107 1091
1107 579
1107 292
1107 645
1107 524
1107 68
1107 602
1050 324
1050 685
1050 351
1050 899
322 864
656 1091
656 747
656 155
656 1132
656 1010
324 370
324 351
324 899
296 371
686 582
702 1108
528 467
98 57
98 19
98 902
98 747
1118 493
1118 57
1118 19
1118 796
1118 747
493 57
493 19
493 807
493 747
57 19
57 747
19 807
19 883
826 809
54 1036
1036 925
1091 61
1091 579
1091 292
1091 645
1091 524
1091 68
93 863
93 660
93 773
93 350
93 388
93 233
93 443
93 529
1123 794
1123 165
617 1104
572 363
572 824
572 808
572 1005
3 683
652 311
320 869
320 440
869 777
869 283
869 624
891 440
891 53
181 777
419 685
683 169
61 346
61 632
61 506
61 207
715 743
796 743
711 292
711 434
711 250
711 1056
711 317
579 292
579 645
579 524
579 68
1108 1049
1108 560
1108 67
1108 208
1108 831
468 346
363 837
363 1126
682 862
421 847
395 243
863 660
863 612
863 893
863 1114
346 632
346 506
1043 742
1043 1051
925 718
33 799
603 535
603 318
603 1066
731 1093
777 676
777 440
777 213
511 327
824 808
47 607
47 300
47 912
47 306
680 1017
965 685
632 506
632 253
506 249
914 864
914 269
914 521
914 712
914 843
565 172
565 55
792 78
318 508
318 451
318 983
318 40
660 893
660 443
660 40
1066 508
1066 1051
1066 983
1066 40
327 1055
481 592
1025 607
1025 592
1025 105
1025 813
1025 811
864 596
648 1002
648 227
648 1049
748 48
748 110
748 436
146 685
146 596
607 592
607 300
607 811
592 811
300 105
300 508
300 717
300 393
9 988
219 610
207 262
292 645
292 524
292 68
645 524
645 68
524 68
908 250
908 169
908 317
434 602
434 573
250 169
250 1002
583 1056
583 149
583 685
583 155
583 1132
583 1010
583 933
1056 149
1056 685
1056 155
1056 1010
169 803
169 317
688 150
372 721
721 213
279 323
279 1126
88 253
88 924
1002 985
1002 212
1002 1049
1002 560
1002 67
253 351
253 899
943 1049
943 560
943 67
943 208
943 831
323 116
323 541
323 1126
940 783
149 155
149 1010
288 919
531 614
813 612
803 107
840 1017
794 157
255 933
255 240
515 227
515 1049
165 196
165 214
807 991
807 482
991 138
138 1125
939 676
1121 63
742 669
742 154
742 1051
1125 605
1125 1058
1125 247
148 308
677 477
677 1015
685 155
685 1010
80 103
78 447
155 1010
155 710
196 214
48 436
110 436
1093 665
351 899
669 154
669 388
669 983
669 811
928 103
854 49
628 134
628 935
212 1049
212 560
212 67
212 831
1049 560
1049 67
1049 121
1049 831
665 651
872 875
872 447
875 447
612 445
543 1114
388 443
735 67
735 208
508 717
508 451
508 983
508 40
451 983
451 40
983 40
443 811
808 118
1126 831
560 67
560 121
560 208
560 831
67 121
67 208
67 831
121 831
624 38
208 184
477 1015
477 456
214 915
657 244
576 386
40 811
386 386
