0 540
1 925
2 654
3 940
4 86
5 754
6 545
7 425
8 787
9 183
10 96
11 1022
12 941
13 574
14 345
15 205
16 138
17 2
18 92
19 89
20 374
21 350
22 953
23 405
24 50
25 997
26 133
27 822
28 180
29 317
30 238
31 447
32 785
33 341
34 1060
35 464
36 793
37 440
38 610
39 820
40 295
41 904
42 661
43 792
44 1012
45 1040
46 718
47 137
48 1079
49 607
50 275
51 398
52 980
53 558
54 892
55 728
56 212
57 850
58 1124
59 585
60 165
61 287
62 472
63 609
64 780
65 208
66 843
67 351
68 670
69 485
70 428
71 408
72 530
73 360
74 54
75 766
76 600
77 680
78 401
79 347
80 227
81 809
82 10
83 518
84 899
85 886
86 572
87 896
88 849
89 47
90 38
91 173
92 463
93 504
94 28
95 7
96 258
97 935
98 462
99 268
100 759
101 1030
102 667
103 1048
104 693
105 630
106 1069
107 541
108 355
109 547
110 1019
111 949
112 534
113 300
114 946
115 498
116 738
117 105
118 150
119 219
120 570
121 629
122 1051
123 250
124 605
125 457
126 1009
127 735
128 73
129 448
130 714
131 413
132 168
133 312
134 495
135 477
136 992
137 682
138 626
139 957
140 434
141 781
142 624
143 1082
144 211
145 279
146 221
147 306
148 672
149 619
150 51
151 332
152 171
153 234
154 476
155 937
156 309
157 700
158 839
159 452
160 8
161 856
162 668
163 967
164 1085
165 478
166 1094
167 542
168 330
169 273
170 765
171 644
172 79
173 383
174 1057
175 772
176 1008
177 147
178 578
179 876
180 362
181 774
182 742
183 39
184 860
185 901
186 23
187 193
188 767
189 513
190 727
191 294
192 835
193 491
194 1026
195 503
196 36
197 657
198 603
199 265
200 944
201 254
202 889
203 573
204 1018
205 879
206 796
207 757
208 1042
209 490
210 505
211 161
212 846
213 1035
214 209
215 1100
216 688
217 502
218 840
219 533
220 961
221 166
222 1053
223 1003
224 22
225 13
226 608
227 650
228 587
229 1084
230 357
231 848
232 599
233 1070
234 528
235 591
236 210
237 87
238 948
239 1130
240 160
241 998
242 482
243 229
244 153
245 897
246 283
247 274
248 458
249 74
250 831
251 887
252 1114
253 248
254 508
255 557
256 783
257 484
258 164
259 1050
260 986
261 1044
262 187
263 1129
264 216
265 4
266 751
267 632
268 872
269 623
270 833
271 70
272 340
273 280
274 999
275 264
276 874
277 1049
278 189
279 643
280 964
281 1110
282 687
283 293
284 224
285 1093
286 803
287 391
288 1105
289 951
290 262
291 126
292 1014
293 837
294 689
295 741
296 186
297 810
298 202
299 764
300 569
301 647
302 549
303 319
304 891
305 499
306 439
307 145
308 988
309 441
310 618
311 496
312 730
313 363
314 1067
315 128
316 636
317 44
318 30
319 868
320 959
321 566
322 984
323 151
324 42
325 1029
326 655
327 560
328 712
329 811
330 1010
331 564
332 253
333 488
334 853
335 567
336 955
337 45
338 1061
339 236
340 99
341 407
342 704
343 252
344 744
345 455
346 880
347 326
348 437
349 1120
350 641
351 369
352 932
353 311
354 521
355 417
356 596
357 0
358 1113
359 921
360 736
361 342
362 277
363 769
364 1131
365 206
366 924
367 684
368 271
369 818
370 991
371 804
372 845
373 936
374 871
375 288
376 801
377 938
378 548
379 1122
380 489
381 245
382 97
383 12
384 456
385 960
386 526
387 188
388 885
389 25
390 862
391 878
392 952
393 823
394 156
395 939
396 272
397 562
398 739
399 969
400 515
401 671
402 1076
403 933
404 385
405 875
406 963
407 109
408 873
409 559
410 628
411 1077
412 1037
413 522
414 679
415 29
416 256
417 800
418 1099
419 93
420 140
421 756
422 129
423 512
424 784
425 506
426 392
427 483
428 1005
429 14
430 568
431 1068
432 148
433 331
434 554
435 893
436 203
437 928
438 233
439 598
440 278
441 519
442 198
443 770
444 926
445 239
446 692
447 415
448 1027
449 500
450 1017
451 775
452 660
453 399
454 1090
455 1126
456 243
457 1127
458 1033
459 194
460 356
461 430
462 418
463 102
464 411
465 3
466 297
467 422
468 1036
469 776
470 748
471 125
472 223
473 852
474 475
475 593
476 652
477 529
478 842
479 291
480 516
481 913
482 1
483 37
484 582
485 393
486 303
487 386
488 903
489 480
490 41
491 389
492 917
493 104
494 24
495 729
496 1089
497 403
498 373
499 723
500 817
501 975
502 734
503 592
504 675
505 789
506 382
507 666
508 494
509 368
510 914
511 753
512 443
513 974
514 763
515 338
516 1064
517 575
518 797
519 1006
520 337
521 844
522 409
523 200
524 106
525 1083
526 971
527 814
528 322
529 354
530 834
531 855
532 805
533 733
534 190
535 260
536 235
537 259
538 720
539 435
540 715
541 420
542 479
543 423
544 1073
545 348
546 995
547 367
548 195
549 334
550 213
551 859
552 543
553 66
554 637
555 691
556 176
557 170
558 33
559 703
560 749
561 923
562 18
563 1000
564 950
565 656
566 62
567 124
568 642
569 683
570 88
571 107
572 497
573 412
574 994
575 1016
576 633
577 761
578 888
579 645
580 296
581 752
582 613
583 310
584 911
585 232
586 815
587 517
588 131
589 981
590 677
591 1001
592 698
593 466
594 167
595 1039
596 201
597 706
598 446
599 184
600 985
601 929
602 292
603 397
604 376
605 257
606 426
607 378
608 1101
609 304
610 433
611 927
612 635
613 379
614 597
615 320
616 747
617 313
618 416
619 719
620 1117
621 970
622 826
623 576
624 5
625 26
626 977
627 285
628 75
629 59
630 117
631 653
632 864
633 930
634 85
635 460
636 1059
637 144
638 762
639 895
640 627
641 247
642 697
643 1055
644 1034
645 778
646 321
647 372
648 169
649 648
650 898
651 77
652 442
653 31
654 611
655 1054
656 388
657 63
658 473
659 17
660 716
661 394
662 589
663 870
664 1132
665 178
666 110
667 406
668 527
669 1056
670 821
671 690
672 196
673 308
674 281
675 421
676 550
677 130
678 1075
679 551
680 894
681 487
682 222
683 882
684 266
685 713
686 298
687 1071
688 813
689 249
690 993
691 6
692 1015
693 1103
694 58
695 231
696 289
697 807
698 218
699 152
700 1024
701 146
702 867
703 1043
704 836
705 432
706 16
707 471
708 53
709 81
710 1041
711 537
712 132
713 174
714 1025
715 465
716 57
717 710
718 270
719 546
720 511
721 380
722 779
723 931
724 20
725 444
726 1021
727 676
728 651
729 851
730 111
731 55
732 377
733 1038
734 1081
735 782
736 678
737 40
738 370
739 773
740 404
741 207
742 865
743 685
744 830
745 226
746 536
747 594
748 987
749 1066
750 976
751 113
752 523
753 883
754 612
755 1078
756 539
757 349
758 947
759 812
760 492
761 237
762 606
763 114
764 808
765 614
766 755
767 664
768 819
769 323
770 468
771 141
772 159
773 538
774 983
775 956
776 708
777 866
778 143
779 172
780 120
781 449
782 197
783 139
784 816
785 791
786 717
787 182
788 565
789 1028
790 162
791 118
792 1011
793 343
794 135
795 777
796 943
797 646
798 731
799 910
800 324
801 121
802 906
803 1109
804 290
805 581
806 701
807 760
808 832
809 681
810 1086
811 49
812 702
813 1074
814 11
815 1098
816 65
817 686
818 21
819 514
820 556
821 365
822 1111
823 15
824 230
825 192
826 900
827 470
828 1013
829 709
830 798
831 1108
832 467
833 410
834 185
835 136
836 71
837 1020
838 665
839 722
840 286
841 395
842 902
843 857
844 861
845 580
846 481
847 64
848 524
849 1091
850 98
851 553
852 649
853 9
854 604
855 510
856 1052
857 1072
858 663
859 191
860 336
861 108
862 1106
863 827
864 1065
865 740
866 750
867 978
868 175
869 507
870 622
871 1046
872 461
873 990
874 46
875 335
876 450
877 869
878 662
879 912
880 621
881 344
882 1092
883 790
884 934
885 877
886 1123
887 327
888 1112
889 788
890 724
891 922
892 854
893 1116
894 80
895 119
896 838
897 305
898 353
899 532
900 973
901 561
902 246
903 942
904 639
905 123
906 501
907 732
908 35
909 828
910 954
911 794
912 101
913 1088
914 325
915 1119
916 90
917 371
918 453
919 244
920 179
921 78
922 1096
923 329
924 890
925 634
926 60
927 674
928 267
929 43
930 726
931 829
932 82
933 825
934 302
935 157
936 919
937 115
938 68
939 19
940 673
941 251
942 301
943 390
944 588
945 241
946 56
947 590
948 571
949 1002
950 469
951 228
952 743
953 1121
954 863
955 909
956 318
957 1063
958 802
959 617
960 95
961 154
962 429
963 242
964 696
965 615
966 725
967 142
968 122
969 149
970 1128
971 1102
972 445
973 112
974 366
975 215
976 552
977 625
978 962
979 34
980 282
981 424
982 333
983 972
984 339
985 1045
986 384
987 52
988 544
989 640
990 601
991 263
992 746
993 459
994 396
995 535
996 316
997 94
998 638
999 699
1000 694
1001 945
1002 220
1003 314
1004 436
1005 1032
1006 707
1007 177
1008 525
1009 269
1010 786
1011 284
1012 616
1013 620
1014 155
1015 768
1016 979
1017 225
1018 358
1019 847
1020 276
1021 364
1022 711
1023 916
1024 577
1025 737
1026 555
1027 579
1028 858
1029 199
1030 841
1031 1031
1032 158
1033 255
1034 76
1035 531
1036 32
1037 1023
1038 163
1039 486
1040 1118
1041 27
1042 996
1043 204
1044 381
1045 1104
1046 758
1047 67
1048 799
1049 1115
1050 361
1051 1095
1052 966
1053 908
1054 881
1055 982
1056 100
1057 91
1058 771
1059 352
1060 359
1061 631
1062 1058
1063 240
1064 431
1065 595
1066 116
1067 299
1068 958
1069 451
1070 454
1071 669
1072 965
1073 84
1074 806
1075 695
1076 181
1077 61
1078 1125
1079 134
1080 602
1081 315
1082 83
1083 1007
1084 824
1085 48
1086 438
1087 705
1088 907
1089 493
1090 1004
1091 520
1092 419
1093 328
1094 658
1095 1107
1096 346
1097 509
1098 884
1099 427
1100 1097
1101 127
1102 214
1103 69
1104 217
1105 103
1106 795
1107 968
1108 721
1109 387
1110 905
1111 918
1112 1047
1113 400
1114 563
1115 375
1116 989
1117 584
1118 261
1119 474
1120 745
1121 586
1122 1080
1123 307
1124 1087
1125 583
1126 915
1127 659
1128 72
1129 920
1130 402
1131 1062
1132 414
