428 239
428 1015
428 136
428 1116
428 552
428 413
428 622
428 900
428 895
428 582
428 448
428 260
428 532
428 885
428 1115
428 455
428 525
428 1101
428 975
428 788
428 668
428 483
428 150
428 783
428 559
428 155
428 7
428 206
428 1129
428 935
239 1015
239 136
239 552
239 413
239 622
239 900
239 895
239 582
239 260
239 1115
239 525
239 1101
239 975
239 668
239 150
239 1117
239 414
239 548
239 808
239 628
239 775
239 322
1015 136
1015 552
1015 413
1015 622
1015 900
1015 582
1015 448
1015 260
1015 1115
1015 525
1015 1101
1015 975
1015 788
1015 668
1015 483
1015 155
1015 7
1015 548
1015 875
1015 738
1015 321
1015 838
1015 617
1015 250
1015 536
1015 81
1015 44
1015 878
1015 1098
1015 571
1015 312
1015 201
1015 1099
1015 277
1015 871
1015 454
136 582
136 668
136 81
136 268
136 898
136 992
136 41
136 638
136 962
136 54
136 1010
136 636
136 388
136 329
136 489
136 32
136 963
136 93
136 681
1116 552
1116 260
1116 120
1116 131
1116 735
1116 265
1116 314
1116 221
1116 186
552 413
552 622
552 260
552 1115
552 525
552 668
552 155
552 7
552 548
552 50
552 278
552 654
552 554
552 1090
552 333
552 509
552 642
413 900
413 895
413 260
413 885
413 1115
413 1101
413 668
413 7
413 265
413 1119
413 326
413 124
413 1049
413 1058
413 675
413 174
413 505
413 138
413 42
413 629
413 405
413 1055
622 668
622 7
622 205
622 1092
900 895
900 260
900 1115
900 788
900 668
900 150
900 1129
900 321
900 1041
900 1060
900 126
900 826
900 141
895 1115
895 150
895 1129
895 548
895 963
895 359
895 1111
895 730
895 255
895 929
895 1026
895 145
895 95
895 781
895 370
895 438
895 499
895 299
895 981
895 209
895 915
895 538
895 819
895 182
895 307
895 547
895 40
895 240
582 525
582 1101
582 975
582 668
582 783
582 155
582 536
582 120
582 449
582 561
582 715
582 1052
582 839
582 782
582 94
448 1090
448 555
448 219
448 770
448 754
448 46
448 492
448 345
448 223
448 707
448 845
448 0
448 415
448 18
448 123
448 296
260 532
260 1115
260 525
260 668
260 150
260 7
260 536
260 32
260 265
260 826
260 296
260 99
260 1032
260 169
260 676
260 442
260 308
260 549
532 885
532 1115
532 150
532 414
532 548
532 50
532 141
532 730
532 929
532 538
532 782
532 350
532 412
532 291
532 916
532 1128
532 841
532 408
532 37
532 1122
532 551
532 1014
532 128
532 872
532 1012
532 763
532 376
532 49
532 440
532 912
532 619
532 746
532 805
885 483
885 414
885 548
885 265
885 675
885 538
885 37
885 989
885 28
885 65
885 710
885 943
885 519
885 597
885 102
885 70
1115 150
1115 1129
1115 414
1115 548
1115 454
1115 314
1115 126
1115 359
1115 915
1115 307
1115 40
1115 743
1115 426
1115 980
1115 177
1115 705
1115 850
1115 190
1115 811
1115 122
1115 690
1115 517
1115 179
1115 1009
1115 572
1115 246
1115 12
1115 407
1115 507
1115 478
1115 188
1115 24
1115 387
1115 635
1115 904
1115 152
1115 684
1115 1127
1115 204
1115 861
1115 375
1115 891
455 150
455 548
455 95
455 1078
455 737
455 739
525 1101
525 788
525 668
525 483
525 783
525 559
525 155
525 322
525 875
525 34
525 953
525 829
1101 975
1101 155
1101 322
1101 321
1101 963
1101 654
1101 509
1101 299
1101 427
1101 710
1101 84
1101 947
1101 242
1101 1088
1101 66
1101 731
1101 1031
1101 263
1101 324
1101 148
1101 153
1101 938
975 668
975 321
975 617
975 571
975 278
975 826
975 829
975 66
975 945
975 441
975 674
975 576
788 483
788 783
788 875
788 738
788 321
788 81
788 44
788 571
788 277
788 871
788 992
788 1049
788 1041
788 1060
788 126
788 141
788 676
788 246
788 478
788 635
788 1078
788 153
788 125
788 1104
788 879
788 4
788 267
788 784
788 798
788 593
788 159
788 694
788 899
788 550
788 1021
788 303
788 158
788 402
668 155
668 1117
668 322
483 783
483 322
483 875
483 838
483 617
483 250
483 536
483 81
483 571
483 277
483 50
483 42
483 1052
483 839
483 46
483 805
483 705
483 179
483 953
483 947
483 938
483 1104
483 694
483 1057
483 323
483 911
483 724
483 181
483 785
483 207
483 272
483 998
483 1113
483 160
483 534
483 937
483 1075
483 774
483 537
483 476
483 237
483 315
483 132
483 1035
483 475
483 14
150 1129
150 414
150 548
150 898
150 963
150 359
150 1111
150 730
150 929
150 95
150 781
150 499
150 299
150 981
150 538
150 408
150 37
150 1012
150 376
150 805
150 323
150 539
150 332
150 905
150 498
150 379
150 111
150 172
150 1069
150 523
150 217
150 955
150 615
150 711
783 559
783 875
783 41
783 962
783 182
783 953
783 148
783 905
783 506
783 22
783 931
783 767
783 33
783 791
155 322
155 963
155 509
155 505
155 710
155 947
155 1088
155 1031
155 148
155 1075
155 792
155 92
155 842
155 115
7 548
7 805
7 66
7 315
7 216
7 330
206 707
206 565
206 967
206 1063
206 187
206 691
206 286
206 372
1129 548
1129 1098
1129 440
1129 980
1129 705
1129 122
1129 690
1129 188
1129 1127
1129 960
1129 996
1129 1086
1129 459
1129 444
1129 100
1129 109
1129 546
1129 335
1129 220
1129 58
1129 709
935 536
935 277
935 1060
935 676
935 517
935 945
935 125
935 815
935 303
935 1001
935 849
935 666
935 421
935 991
935 736
935 494
935 423
935 513
935 927
935 96
935 951
1117 670
414 548
414 299
414 1122
548 871
548 963
548 359
548 805
548 216
548 923
548 910
322 312
322 242
322 66
322 324
322 945
322 159
322 998
322 1075
322 849
322 1076
322 1072
322 764
322 934
322 1039
322 973
322 621
322 663
322 918
322 745
875 321
875 838
875 617
875 536
875 81
875 571
875 201
875 126
875 141
875 953
875 938
875 125
875 1104
875 784
875 724
875 187
875 691
875 421
875 570
875 77
875 995
875 300
875 48
738 838
738 81
738 44
738 1098
738 277
738 871
738 454
738 898
738 126
738 676
738 179
738 207
738 523
738 423
738 570
738 77
738 954
738 854
738 500
738 409
738 365
738 1121
738 618
738 508
738 563
321 81
321 44
321 878
321 571
321 312
321 277
321 962
321 642
321 174
321 1041
321 826
321 1052
321 839
321 70
321 980
321 478
321 1031
321 148
321 125
321 1104
321 879
321 784
321 158
321 1057
321 998
321 421
321 736
321 745
321 570
321 77
321 48
321 280
321 909
321 1071
321 779
321 114
321 354
321 392
321 1054
321 161
321 139
321 748
838 250
838 536
838 571
838 1090
838 1060
838 126
838 1052
838 676
838 125
838 1113
838 791
838 691
838 421
838 991
838 494
838 513
838 927
838 570
838 77
838 995
838 779
838 139
838 880
838 75
838 846
838 1077
838 254
838 518
838 361
838 1103
838 949
838 848
838 213
838 395
838 855
838 922
838 1130
838 683
838 288
838 959
838 165
838 526
838 1109
838 107
838 57
838 755
838 874
617 81
617 947
617 938
617 272
617 1035
617 133
250 201
250 839
250 421
250 670
250 1077
250 361
250 1027
250 631
250 531
250 664
250 610
250 623
250 706
250 273
250 920
536 571
536 277
536 120
536 70
536 953
536 815
536 303
536 991
536 973
536 77
536 409
536 526
536 944
536 541
536 793
536 966
536 275
536 319
536 659
536 1102
536 245
536 452
536 696
81 878
81 201
81 268
81 898
81 992
81 962
81 1010
81 388
81 489
81 32
81 93
81 681
81 278
81 945
81 1104
81 1035
81 663
81 570
81 114
81 526
81 920
81 73
81 580
81 400
81 1033
81 38
81 72
81 374
44 1060
44 513
44 91
878 615
878 563
878 383
1098 277
1098 871
1098 454
1098 265
1098 186
1098 1058
1098 126
1098 781
1098 547
1098 65
1098 690
1098 517
1098 246
1098 387
1098 945
1098 272
1098 937
1098 523
1098 791
1098 960
1098 444
1098 100
1098 335
1098 58
1098 709
1098 1076
1098 500
1098 365
1098 213
1098 671
1098 377
1098 1003
1098 306
1098 1062
1098 3
1098 713
1098 942
571 201
571 278
571 70
571 829
571 945
571 125
571 303
571 1113
571 691
571 546
571 991
571 927
571 570
571 563
571 280
571 874
571 481
571 1125
312 277
312 454
312 126
312 550
312 272
312 476
312 927
312 951
312 745
312 570
312 508
312 280
312 339
312 661
312 347
312 404
312 1005
312 876
312 977
201 278
201 547
201 715
201 839
201 223
201 676
201 805
201 829
201 945
201 4
201 159
201 272
201 905
201 372
201 991
201 494
201 951
201 663
201 409
201 618
201 563
201 57
201 273
201 908
201 214
201 471
201 573
201 166
201 985
201 773
201 790
201 436
201 1034
1099 681
277 265
277 642
277 989
277 65
277 943
277 597
277 70
277 207
277 372
277 1001
277 666
277 991
277 764
277 570
277 139
277 471
277 103
277 382
277 598
277 218
277 994
277 193
871 454
871 126
871 547
871 690
871 303
871 960
871 546
871 854
871 337
871 230
454 314
454 126
454 547
454 715
454 980
454 705
454 690
454 517
454 12
454 478
454 24
454 387
454 635
454 815
454 379
454 523
454 58
454 421
454 494
454 854
454 1121
454 213
454 855
454 1003
454 353
454 247
454 1000
454 334
454 432
268 898
268 992
268 962
268 1010
268 636
268 388
268 32
268 681
268 242
268 1035
268 114
268 319
268 73
268 390
268 1043
268 462
268 27
268 964
268 522
268 567
268 5
268 87
268 687
268 366
268 602
268 693
898 992
898 962
898 1010
898 388
898 329
898 32
898 681
898 141
898 929
898 538
898 743
898 246
898 694
898 1035
898 332
898 663
898 114
898 922
898 73
898 1062
898 1037
898 677
898 360
898 747
898 786
898 640
898 645
898 180
992 962
992 1010
992 388
992 32
992 93
992 681
992 899
992 1035
992 73
992 38
992 729
992 620
992 1114
992 51
41 366
638 1010
638 489
638 561
638 576
638 353
638 366
638 482
638 860
638 521
962 54
962 1010
962 388
962 329
962 93
962 681
962 219
962 345
962 415
962 65
962 179
962 785
962 670
962 241
962 114
962 1043
962 78
962 825
962 725
54 93
54 415
54 580
54 1043
54 486
54 316
54 1079
54 630
1010 636
1010 489
1010 32
1010 681
1010 124
1010 1035
1010 87
1010 366
1010 486
1010 794
636 489
636 124
636 1035
636 38
636 390
636 1043
636 462
636 567
636 87
636 366
636 794
636 144
636 424
636 704
636 197
388 32
388 93
388 681
388 1035
388 372
388 280
388 73
388 708
329 148
329 1035
329 332
329 38
329 366
329 360
329 747
329 1094
329 1042
329 821
329 569
489 32
489 124
489 1035
489 114
489 38
489 353
489 366
489 482
489 794
489 144
489 744
32 681
32 124
32 204
32 973
32 409
32 73
32 374
32 1125
32 994
32 482
32 486
32 630
32 71
32 913
32 195
32 936
32 439
32 986
32 313
32 318
32 194
963 654
963 359
963 370
963 1122
963 551
963 805
963 66
963 153
963 315
963 849
963 77
963 1125
963 786
963 180
963 803
963 477
963 577
93 1052
93 66
93 1033
93 1079
93 144
93 232
681 219
681 207
681 1035
681 539
681 96
681 663
681 745
681 995
681 909
681 114
681 288
681 245
681 73
681 573
681 482
681 316
681 794
681 144
681 688
681 443
681 233
681 437
681 859
681 163
681 480
681 611
681 176
120 326
120 715
120 158
120 998
120 1054
120 139
120 273
120 319
120 1102
120 347
120 193
120 318
120 970
120 820
120 926
120 733
120 310
120 881
131 205
131 547
131 1052
131 710
131 980
131 705
131 246
131 66
131 159
131 905
131 994
131 825
131 725
131 720
131 1050
131 447
131 380
131 394
131 625
131 257
735 845
735 123
735 785
735 570
735 337
735 1070
735 68
735 420
735 113
735 667
735 574
265 50
265 1090
265 126
265 370
265 499
265 538
265 707
265 415
265 989
265 65
265 710
265 943
265 597
265 66
265 785
265 272
265 372
265 670
265 918
265 288
265 103
265 994
265 193
265 394
265 411
265 484
265 624
265 887
265 601
265 212
265 252
265 384
265 309
265 10
265 83
265 466
314 707
314 705
314 109
314 319
314 914
221 1026
221 299
221 981
221 350
221 412
221 376
221 746
221 989
221 850
221 991
221 742
186 126
186 547
186 715
186 782
186 690
186 100
186 423
186 1109
186 261
186 1106
50 333
50 126
50 781
50 299
50 307
50 350
50 376
50 28
50 980
50 272
50 937
50 500
50 1109
50 107
50 1106
50 229
50 680
50 762
50 772
50 184
50 1006
50 493
278 174
278 1052
278 1032
278 1009
278 829
278 945
278 674
278 158
278 216
278 991
278 133
278 908
278 471
278 625
278 173
278 21
278 248
278 590
654 174
654 1026
654 376
654 619
654 805
654 690
654 66
654 731
654 324
654 272
654 1075
654 537
654 767
654 842
654 75
654 133
654 436
654 744
654 590
654 356
554 46
554 153
554 674
554 949
554 116
1090 219
1090 46
1090 223
1090 415
1090 123
1090 296
1090 421
1090 570
1090 466
1090 512
333 547
333 240
333 426
333 190
333 572
333 24
333 904
333 204
333 891
333 172
333 58
333 709
333 165
333 107
333 821
333 535
333 984
333 342
333 529
333 765
509 174
509 505
509 66
509 139
509 1033
509 471
509 888
509 105
642 1052
642 989
642 212
1119 1058
1119 426
1119 190
1119 1009
1119 204
1119 303
1119 821
1119 342
1119 399
1119 796
1119 633
326 675
326 471
326 598
326 13
326 129
326 398
124 1035
124 539
124 288
124 73
124 580
124 38
124 366
124 316
124 794
124 129
124 398
124 61
124 450
124 1061
124 665
124 1097
124 902
1049 66
1049 899
1049 272
1049 909
1049 1125
1049 685
1049 722
1049 558
1049 717
1049 59
1058 676
1058 690
1058 303
1058 14
1058 914
1058 1112
1058 134
1058 130
1058 1029
1058 386
675 438
675 597
675 70
675 471
675 218
675 13
675 129
675 1093
675 1064
675 23
675 270
675 282
675 605
675 836
675 657
675 104
174 405
174 449
174 427
174 242
174 66
174 324
174 945
174 181
174 663
174 1054
174 985
174 252
174 888
174 105
174 450
174 463
174 224
174 431
174 847
505 471
505 431
138 1055
138 1054
138 985
138 902
138 722
138 647
629 836
629 238
629 140
405 839
405 597
405 13
1055 105
205 547
205 561
205 705
205 724
205 1113
205 874
205 337
205 625
205 184
205 903
205 82
1092 96
1041 1104
1041 717
1041 557
1060 126
1060 547
1060 99
1060 690
1060 1127
1060 58
1060 991
1060 874
1060 860
126 781
126 547
126 40
126 989
126 705
126 190
126 122
126 690
126 517
126 179
126 1009
126 572
126 246
126 478
126 387
126 635
126 152
126 684
126 1127
126 953
126 263
126 815
126 303
126 937
126 14
126 172
126 115
126 444
126 666
126 991
126 494
126 500
126 139
126 213
126 1109
126 920
126 319
126 1003
126 1062
126 661
126 337
126 1000
126 78
126 926
126 229
126 765
126 1018
126 1004
126 363
126 1126
126 1053
126 293
126 62
126 276
126 393
126 641
126 734
826 1052
826 427
826 207
826 96
826 48
826 395
826 944
826 696
826 908
826 773
826 859
826 590
826 191
826 85
826 655
826 112
826 20
826 154
826 9
826 712
826 425
826 806
826 556
826 1095
826 151
826 804
141 547
141 805
141 705
141 122
141 246
141 684
141 798
141 323
141 1082
141 787
141 25
359 299
359 615
730 370
730 499
730 538
730 805
730 577
730 384
730 592
929 145
929 299
929 291
929 1128
929 408
929 37
929 551
929 912
929 746
929 1113
929 315
929 991
929 77
929 868
929 514
1026 299
1026 538
1026 1052
1026 412
1026 291
1026 37
1026 376
1026 746
1026 577
1026 167
145 370
145 912
145 384
145 592
95 737
95 739
95 694
95 905
95 563
95 471
95 25
95 119
95 594
95 227
781 307
781 547
781 980
781 190
781 690
781 1009
781 572
781 246
781 478
781 387
781 635
781 904
781 272
781 937
781 379
781 92
781 115
781 1076
781 213
781 671
781 1062
781 661
781 337
781 353
781 984
781 1004
781 276
781 185
781 658
781 79
781 497
781 429
781 304
370 499
370 299
370 538
370 715
370 839
370 350
370 408
370 65
370 577
370 384
370 274
438 572
438 713
438 230
438 1042
438 104
438 723
438 856
499 538
499 1122
499 384
499 592
299 350
299 291
299 1128
299 841
299 37
299 1122
299 551
299 128
299 1012
299 376
299 440
299 912
299 746
299 805
299 66
299 711
299 421
299 577
299 484
299 384
299 592
299 639
981 291
981 1128
981 841
981 37
981 1122
981 128
981 1012
981 440
981 484
209 798
209 905
209 111
209 1001
209 666
209 77
209 1033
209 970
209 926
209 262
209 568
209 1030
209 502
538 376
538 989
538 257
538 384
538 1100
538 461
819 427
819 805
819 694
819 905
819 1001
819 563
819 1033
819 627
819 192
819 52
182 856
307 811
307 407
307 204
307 937
307 661
307 342
307 62
307 276
307 393
307 269
307 290
547 427
547 805
547 980
547 705
547 690
547 246
547 12
547 684
547 242
547 674
547 937
547 379
547 523
547 791
547 92
547 444
547 546
547 335
547 1033
547 671
547 1062
547 429
547 516
40 122
40 960
40 1018
40 363
240 980
240 572
240 58
240 107
240 1003
240 337
240 167
240 430
240 472
449 1052
449 839
449 427
449 1032
449 731
449 711
449 436
449 567
449 233
449 173
449 685
449 717
449 658
449 870
449 892
449 844
449 378
449 527
561 576
561 303
561 187
561 666
561 353
561 860
561 310
561 134
561 82
715 1052
715 387
715 731
715 1035
715 661
715 390
715 887
1052 839
1052 219
1052 1032
1052 953
1052 938
1052 159
1052 927
1052 663
1052 280
1052 779
1052 161
1052 966
1052 339
1052 404
1052 567
1052 693
1052 173
1052 21
1052 1061
1052 1095
1052 461
1052 797
1052 101
1052 302
1052 457
1052 30
839 845
839 1032
839 28
839 705
839 953
839 967
839 421
839 951
839 563
839 1103
839 1130
839 72
839 193
839 522
839 825
839 936
839 926
839 252
839 21
839 105
839 450
839 192
839 801
839 840
839 215
839 851
839 367
839 924
782 387
782 33
782 187
782 232
782 887
782 261
782 722
782 274
782 672
782 777
782 236
427 94
427 805
427 635
427 947
427 66
427 148
427 153
427 674
427 272
427 444
427 421
427 409
427 1054
427 273
427 319
427 481
427 908
427 471
427 790
427 744
427 625
427 173
427 590
427 556
427 840
94 947
94 938
555 223
555 707
219 754
219 46
219 345
219 223
219 707
219 845
219 0
219 415
219 123
219 785
219 22
219 931
219 1063
219 187
219 691
219 1001
219 421
219 991
219 973
219 570
219 288
219 825
219 725
219 466
219 393
219 451
219 338
219 732
219 917
770 754
770 223
770 123
770 570
770 451
770 679
754 46
754 223
754 707
754 845
754 415
754 187
754 421
754 570
754 77
754 874
754 481
754 825
754 229
754 512
754 393
754 679
754 39
46 223
46 707
46 153
46 774
46 22
46 421
46 75
46 288
46 610
46 623
46 273
46 825
46 116
46 512
46 847
46 679
46 809
46 564
46 901
46 686
46 106
46 259
46 578
492 1121
492 1103
492 1070
492 113
492 1096
492 362
492 26
345 223
345 415
345 123
345 65
345 324
345 945
345 785
345 666
345 570
345 241
345 779
345 541
345 466
345 758
345 251
223 707
223 845
223 0
223 415
223 123
223 65
223 84
223 153
223 372
223 421
223 570
223 409
223 241
223 400
223 725
223 466
223 305
707 415
707 123
707 989
707 153
707 570
707 288
707 316
707 466
707 338
707 349
707 1047
845 123
845 246
845 1121
845 139
845 466
845 451
0 415
0 123
0 65
0 785
0 241
0 725
0 466
0 627
0 732
0 305
415 123
415 989
415 945
415 674
415 570
415 874
415 480
415 466
415 229
18 945
123 65
123 674
123 785
123 931
123 241
123 68
123 113
123 466
123 679
123 758
123 305
123 1047
123 812
123 88
123 56
296 995
296 288
296 706
296 116
296 512
296 930
296 1091
296 543
296 468
296 1087
296 603
99 1127
1032 324
1032 1076
1032 764
1032 409
1032 392
1032 161
1032 139
1032 944
1032 966
1032 339
1032 173
1032 21
1032 658
169 207
169 272
169 556
169 568
169 844
676 1104
676 421
676 991
676 494
676 88
676 1020
442 989
442 395
442 683
442 393
442 806
442 1011
442 897
442 751
442 488
442 43
442 1022
308 383
308 256
549 11
549 925
549 60
350 989
350 65
350 102
350 493
412 376
412 705
412 850
412 190
412 711
412 58
412 107
412 472
291 100
291 663
291 677
291 847
291 544
916 1128
916 408
916 37
916 872
916 1113
916 100
1128 841
1128 408
1128 37
1128 128
1128 1012
1128 153
1128 711
1128 484
841 37
841 440
841 805
841 500
841 786
408 324
408 577
37 324
37 100
37 577
37 484
37 461
551 360
1014 860
1014 493
128 711
128 484
376 746
376 805
376 705
376 850
376 190
376 861
376 58
376 213
376 493
376 456
49 805
49 493
440 576
912 315
912 592
746 850
746 691
746 1076
746 720
805 242
805 731
805 324
805 945
805 537
805 905
805 1069
805 615
805 577
805 484
805 776
805 31
989 65
989 943
989 597
989 102
989 70
989 670
989 954
989 563
989 75
989 254
989 922
989 447
989 601
989 212
989 13
989 398
989 282
989 870
989 924
989 39
989 564
989 416
989 294
989 616
28 65
28 597
28 70
28 246
28 272
28 83
28 680
65 102
65 785
65 931
65 1001
65 666
65 570
65 1121
65 241
65 848
65 541
65 113
65 384
65 466
65 229
65 251
65 56
65 279
710 920
710 1033
710 720
710 762
710 129
710 82
710 557
710 840
710 298
943 288
943 994
943 212
943 356
943 616
519 573
519 193
519 411
519 229
519 590
519 655
519 425
519 1095
519 750
519 357
519 317
519 673
597 70
597 471
597 598
597 229
597 13
597 1064
597 23
597 907
597 157
102 601
102 212
102 466
70 372
70 471
70 598
70 1064
743 246
743 737
743 4
743 498
743 109
743 661
743 78
743 430
743 800
743 1038
426 705
426 1009
426 24
426 904
426 204
426 891
426 709
426 500
426 365
426 107
426 661
426 821
426 535
426 342
426 399
426 796
426 633
426 800
980 705
980 1009
980 478
980 323
980 523
980 960
980 335
980 500
980 213
980 1109
980 393
980 797
980 147
177 694
177 677
177 514
177 227
177 52
177 336
705 850
705 690
705 1009
705 12
705 478
705 24
705 635
705 1127
705 861
705 324
705 323
705 272
705 937
705 379
705 960
705 58
705 991
705 500
705 1121
705 213
705 1062
705 661
705 1000
705 334
705 399
705 79
705 461
705 269
705 147
705 976
705 64
705 485
850 1009
850 24
850 861
850 379
850 58
850 213
850 64
850 344
190 1009
190 572
190 246
190 12
190 24
190 904
190 204
190 891
190 58
190 107
190 713
190 424
190 493
190 342
190 104
190 1004
190 62
190 269
190 430
190 800
190 64
190 643
811 904
811 152
811 1127
811 375
811 332
811 379
811 365
811 393
811 568
811 809
811 64
811 1044
811 189
811 458
122 572
122 204
122 303
122 1113
122 14
122 991
122 353
122 926
122 765
122 134
122 1018
122 1004
122 363
122 1053
122 293
122 62
122 627
122 837
122 243
690 517
690 246
690 1127
690 66
690 1021
690 937
690 172
690 523
690 335
690 494
690 423
690 500
690 306
690 432
690 641
517 635
517 815
517 1021
517 444
517 494
517 1039
517 526
517 432
517 21
179 246
179 323
179 172
179 109
179 421
179 241
179 541
179 78
179 466
179 283
1009 572
1009 12
1009 507
1009 478
1009 188
1009 387
1009 635
1009 152
1009 684
1009 1127
1009 66
1009 815
1009 160
1009 937
1009 172
1009 523
1009 709
1009 494
1009 500
1009 139
1009 213
1009 306
1009 661
1009 1000
1009 78
1009 342
1009 67
1009 226
572 12
572 407
572 478
572 188
572 24
572 904
572 152
572 684
572 204
572 891
572 937
572 379
572 172
572 423
572 213
572 107
572 661
572 342
572 276
572 430
572 643
572 718
246 478
246 387
246 635
246 904
246 891
246 323
246 100
246 58
246 500
246 1062
246 661
246 269
12 24
12 387
12 152
12 58
12 1121
12 213
12 334
12 104
12 430
407 24
407 204
407 937
407 910
407 661
407 337
407 765
407 276
407 718
507 1127
507 874
478 635
478 66
478 937
478 100
478 500
478 1109
478 874
478 696
478 1062
478 661
478 1004
478 167
478 185
478 430
188 24
188 904
188 204
188 379
188 107
188 229
188 429
188 430
188 485
188 718
24 387
24 904
24 152
24 204
24 891
24 58
24 709
24 107
24 713
24 1000
24 667
24 430
24 718
24 385
24 946
387 14
387 332
387 115
387 1121
387 508
387 1003
387 1000
387 432
387 658
387 385
387 17
387 146
635 674
635 323
635 937
635 523
635 500
635 1033
635 306
635 78
635 641
635 1030
635 627
904 152
904 1127
904 204
904 375
904 891
904 379
904 365
904 107
904 821
904 535
904 342
904 1004
904 430
904 64
904 458
152 1127
152 204
152 375
152 379
152 213
152 1062
152 399
152 1004
152 290
152 64
152 458
152 69
684 375
684 674
684 523
684 860
684 926
684 800
684 575
1127 937
1127 494
1127 365
1127 1062
1127 577
1127 229
1127 399
1127 104
1127 864
1127 64
1127 948
204 891
204 379
204 107
204 1000
204 535
204 529
204 641
204 627
204 269
204 290
204 430
204 809
204 67
204 718
204 609
204 401
861 213
861 1023
375 379
375 365
375 257
375 399
375 62
375 64
375 458
891 535
891 342
891 761
891 285
1078 180
1078 720
1078 79
1078 97
737 77
737 180
737 594
737 227
737 957
739 957
34 318
953 546
953 280
953 139
953 610
953 821
953 577
953 229
953 817
829 945
829 1113
829 691
829 951
829 526
829 874
829 583
84 471
947 66
947 153
947 938
947 506
947 481
947 558
947 800
947 271
242 938
242 674
242 159
242 736
242 764
242 225
66 1031
66 148
66 153
66 938
66 674
66 159
66 694
66 1035
66 92
66 842
66 139
66 1062
66 1125
66 688
66 173
66 116
66 1061
66 847
66 425
66 627
66 524
66 1084
66 142
66 586
66 348
66 983
731 1054
731 928
1031 92
1031 944
1031 908
1031 166
1031 773
1031 611
1031 252
1031 556
1031 465
324 272
324 92
324 372
324 951
324 77
324 1125
324 598
324 78
324 577
324 173
324 270
324 224
324 847
324 844
324 797
324 302
324 853
324 196
324 328
324 972
148 400
148 347
148 214
148 436
148 693
148 704
148 624
148 30
148 1045
148 637
153 674
153 842
153 849
153 383
153 825
153 116
153 512
153 1084
153 142
153 906
938 4
938 842
938 133
938 3
938 481
938 1125
938 1038
938 660
945 674
945 272
945 372
945 951
945 563
945 855
945 944
945 908
945 166
945 994
945 390
945 687
945 173
945 590
945 749
441 966
441 229
441 702
674 791
674 421
674 114
674 288
674 72
674 908
674 825
674 590
674 512
674 847
674 660
674 417
674 828
674 778
576 139
576 353
576 860
576 613
125 1104
125 4
125 784
125 494
125 570
1104 784
1104 409
1104 526
1104 173
4 666
4 748
4 855
4 481
4 424
4 257
4 800
4 271
4 814
4 560
267 842
784 798
784 14
784 563
784 1033
784 568
784 844
815 1021
815 666
815 991
815 494
815 319
815 1003
815 1107
798 842
798 444
798 91
798 840
159 303
159 272
159 736
159 927
159 173
159 658
159 225
694 537
694 905
694 991
694 77
694 563
694 677
694 52
694 789
694 579
694 1016
694 649
899 272
899 51
899 83
899 722
899 717
899 712
899 672
899 750
899 1120
899 45
899 656
550 372
550 570
550 909
550 245
550 773
550 252
550 425
550 469
550 355
1021 1039
303 523
303 92
303 991
303 319
303 1000
303 1082
303 167
158 966
158 773
158 236
158 1022
158 1132
158 584
1057 280
1057 161
323 498
323 1062
323 661
323 78
911 347
911 624
911 311
911 264
911 235
724 160
724 14
724 115
724 768
181 1054
181 105
785 931
785 670
785 78
785 1070
785 68
785 466
785 801
785 451
785 933
785 719
207 372
207 951
207 570
207 48
207 409
207 618
207 280
207 909
207 683
207 944
207 696
207 908
207 252
207 154
207 712
207 1095
207 279
207 553
272 590
272 717
272 892
272 844
272 840
272 19
272 835
998 663
998 139
998 526
998 173
998 386
998 431
998 348
998 983
998 417
998 832
998 728
998 545
1113 691
1113 991
1113 77
1113 995
1113 779
1113 855
1113 165
1113 874
1113 383
1113 1011
1113 789
1113 1073
1113 824
1113 652
534 77
534 860
534 502
937 58
937 846
937 213
937 1003
937 1062
937 661
937 353
937 984
937 342
937 269
937 156
1075 237
1075 745
1075 139
1075 944
1075 977
1075 773
1075 211
774 22
774 991
774 949
774 922
774 273
774 920
774 773
774 512
774 256
774 1073
774 208
774 612
537 109
537 52
537 979
476 625
476 624
476 637
476 311
476 264
476 894
476 89
476 596
476 528
237 779
237 944
237 793
237 977
237 252
237 105
237 655
237 589
315 779
315 855
315 577
315 514
315 52
132 96
1035 73
1035 580
1035 38
1035 1125
1035 366
1035 794
475 77
475 180
14 1001
14 922
14 319
14 1033
14 383
14 176
14 970
14 512
14 262
14 809
14 106
539 366
539 482
539 486
539 1079
539 480
332 379
905 955
905 764
905 563
905 677
905 887
905 649
905 608
905 958
905 697
905 80
905 884
905 487
379 58
379 107
379 493
379 64
379 485
379 458
111 77
111 180
111 25
111 514
111 192
111 52
111 579
111 1016
111 391
172 100
172 423
172 661
172 310
172 535
172 809
523 920
523 643
955 180
955 697
615 216
615 6
711 713
711 493
711 472
711 884
711 689
506 1033
506 481
506 116
506 877
506 651
22 372
22 421
22 991
22 361
22 848
22 922
22 288
22 165
22 664
22 610
22 1033
22 72
22 383
22 825
22 176
22 380
22 10
22 116
22 809
22 564
22 106
22 259
22 256
22 243
22 651
22 504
22 692
22 921
22 752
931 241
931 855
931 920
931 926
931 466
931 1030
767 666
767 5
767 311
767 235
33 524
791 100
791 670
791 880
791 75
791 846
791 1077
791 254
791 518
791 361
791 1103
791 922
791 1062
791 337
791 1108
791 614
791 284
791 445
791 511
791 410
791 795
791 292
792 1001
792 873
92 115
92 216
92 849
92 922
92 306
92 744
92 185
92 106
842 967
842 568
842 1020
842 606
842 474
842 352
115 671
115 306
115 117
216 96
216 48
216 139
216 696
216 908
216 166
216 773
216 688
216 611
216 447
216 9
216 456
216 928
216 355
216 6
330 273
330 964
565 967
565 1063
565 202
565 982
967 1063
967 691
967 1001
967 474
1063 1001
1063 257
1063 824
1063 118
1063 510
1063 600
1063 178
1063 1065
187 286
187 621
187 139
187 959
187 874
187 985
187 840
187 215
187 236
187 294
187 946
187 234
187 434
187 381
691 306
691 773
691 994
691 195
691 313
691 420
691 202
691 595
286 1039
286 288
286 985
286 337
286 685
286 215
286 946
372 96
372 973
372 570
372 48
372 280
372 139
372 664
372 944
372 180
372 708
372 577
372 411
372 556
372 302
372 749
372 1036
372 1110
960 444
960 399
960 64
1086 76
459 444
459 109
459 220
459 1042
459 516
444 100
444 109
444 546
444 335
444 365
444 1033
444 671
444 942
444 627
444 516
444 599
100 335
100 423
100 213
100 1109
100 306
100 1062
100 942
100 661
100 252
100 76
100 862
109 220
109 864
109 516
546 335
546 779
546 1082
335 709
335 365
220 104
220 304
220 1019
58 213
58 107
58 229
58 493
58 535
58 529
58 104
58 64
709 365
1001 666
1001 421
1001 991
1001 494
1001 77
1001 254
1001 944
1001 319
1001 91
1001 176
1001 970
1001 772
1001 119
849 392
849 139
849 173
849 840
849 6
849 867
666 991
666 423
666 96
666 254
666 319
666 245
666 91
666 970
666 624
666 800
666 749
421 75
421 1077
421 361
421 848
421 922
421 288
421 631
421 706
421 72
421 383
421 825
421 970
421 512
421 39
421 259
421 511
421 795
421 510
421 678
991 494
991 423
991 513
991 1121
991 779
991 75
991 254
991 213
991 610
991 319
991 383
991 985
991 994
991 353
991 677
991 704
991 577
991 970
991 926
991 420
991 624
991 914
991 1018
991 9
991 930
991 652
991 596
991 55
991 2
736 570
736 280
736 1054
736 985
736 665
736 722
736 647
736 225
736 162
736 203
736 1002
494 319
494 577
494 970
494 641
494 540
423 230
423 386
423 1065
513 995
513 1077
513 664
513 91
513 337
513 78
513 336
513 281
927 570
927 1033
927 248
927 129
927 82
927 806
96 951
96 1076
96 570
96 280
96 687
96 926
96 625
96 887
96 261
96 456
96 63
96 396
96 997
96 520
96 168
96 890
951 570
951 409
951 618
951 9
951 456
951 584
951 823
951 1007
670 300
670 1121
670 241
670 880
670 846
670 254
670 518
670 848
670 922
670 273
670 541
670 424
670 10
670 466
670 229
670 251
670 651
670 1108
670 614
670 284
670 445
670 292
670 1065
670 1123
670 143
670 1068
923 6
910 1109
910 661
910 430
1076 944
1076 994
1076 677
1076 611
1076 720
1076 624
1076 252
1076 425
1076 658
1076 932
1072 621
764 280
764 392
764 526
764 966
764 447
934 995
934 116
934 930
934 468
934 603
934 810
934 1083
934 98
934 170
934 760
934 473
934 896
1039 173
1039 685
973 409
973 195
973 231
621 508
621 840
621 827
621 418
663 280
663 625
663 431
663 568
663 797
663 901
663 417
663 355
663 596
918 573
918 193
918 411
918 590
918 655
918 20
918 425
918 750
918 978
918 886
918 802
918 149
745 855
745 860
745 859
745 252
745 229
745 45
745 607
570 995
570 48
570 618
570 280
570 241
570 526
570 944
570 725
570 466
570 338
570 279
570 1073
570 997
570 199
77 995
77 300
77 563
77 855
77 57
77 541
77 337
77 677
77 180
77 860
77 577
77 1082
77 25
77 514
77 461
77 192
77 52
77 1016
77 958
77 1028
77 816
77 950
77 253
995 848
995 855
995 526
995 631
995 610
995 920
995 337
995 353
995 970
995 380
995 21
995 116
995 512
995 39
995 809
995 1091
995 543
995 1087
995 1011
995 510
995 473
995 896
995 721
995 289
300 1077
300 541
300 1108
300 284
300 292
48 909
48 139
48 696
48 908
48 708
48 881
48 302
48 1011
48 750
48 55
48 858
954 71
954 840
954 294
854 500
854 1000
500 1109
500 377
500 17
409 374
409 994
409 195
409 820
409 403
365 713
365 458
1121 1000
618 909
618 279
618 607
618 858
563 337
563 353
563 677
563 180
563 577
563 167
563 227
563 568
563 1030
563 192
563 279
563 1016
563 487
563 343
563 1081
563 714
280 909
280 779
280 855
280 944
280 425
280 211
280 396
280 149
280 858
909 908
909 680
909 607
1071 683
1071 793
1071 1097
1071 589
241 541
241 78
241 251
779 139
779 193
779 859
779 259
114 1033
114 527
392 395
1054 139
1054 959
1054 755
1054 793
1054 659
1054 1033
1054 471
1054 985
1054 450
1054 665
1054 902
1054 722
1054 463
1054 647
1054 26
1054 589
1054 266
1054 1024
1054 889
1054 968
1054 501
161 1033
161 339
161 173
161 689
161 503
161 999
139 848
139 213
139 395
139 273
139 471
139 193
139 173
139 590
139 276
139 806
139 556
139 851
139 1011
139 488
139 587
139 756
748 712
748 271
748 814
880 75
880 846
880 518
880 1103
880 1044
880 866
75 846
75 1077
75 254
75 518
75 361
75 1103
75 922
75 273
75 825
75 380
75 512
75 259
75 1044
75 614
75 445
846 1077
846 254
846 518
846 361
846 1103
846 229
846 984
846 1044
846 614
846 1123
846 435
1077 254
1077 361
1077 1103
1077 825
1077 651
254 518
254 361
254 1103
254 922
254 631
254 664
254 970
254 229
254 1044
254 17
254 284
254 445
254 292
254 1068
518 361
518 1103
518 922
518 564
518 1044
518 614
518 292
361 1103
361 825
361 259
1103 512
1103 1068
949 288
949 874
949 512
949 814
949 1073
949 614
949 950
848 288
848 610
848 273
848 72
848 383
848 176
848 380
848 10
848 847
848 39
848 564
848 106
848 256
848 243
848 271
848 651
848 504
848 692
848 921
848 752
848 822
213 661
213 493
213 809
213 485
213 458
213 1023
395 966
395 154
395 751
395 1107
395 1120
395 766
855 859
855 584
855 202
855 149
855 389
922 1062
922 481
922 825
922 259
922 445
922 511
922 410
922 795
922 678
922 866
922 700
922 15
922 807
683 806
683 751
683 488
683 279
683 584
683 952
288 610
288 706
288 383
288 994
288 825
288 176
288 380
288 10
288 39
288 930
288 543
288 1087
288 603
288 256
288 614
288 445
288 170
288 760
288 950
288 8
288 295
959 659
959 985
959 337
165 256
165 98
165 950
165 866
526 83
526 892
526 1120
526 721
1109 914
1109 772
107 377
107 713
107 493
107 430
107 472
107 69
107 1023
107 703
57 383
57 154
57 510
57 47
755 337
755 926
755 229
755 516
755 1024
874 383
874 466
874 658
874 971
133 1033
1027 631
1027 531
1027 578
631 531
631 610
631 623
631 380
631 259
631 800
631 969
631 1048
531 664
531 293
531 809
531 578
531 800
531 118
531 1065
664 610
664 623
664 72
664 383
664 512
664 797
664 564
664 106
664 1073
664 445
610 623
610 273
610 72
610 383
610 176
610 564
610 243
610 445
610 143
610 741
623 480
623 380
623 907
706 273
706 380
706 116
706 39
706 564
706 930
706 543
706 170
273 380
273 116
273 39
273 807
920 383
920 1020
944 908
944 316
944 443
944 859
944 720
944 252
944 191
944 556
944 797
944 749
944 1110
541 466
541 933
793 985
793 722
793 1011
793 589
966 687
966 195
966 61
966 1022
966 939
966 834
275 436
275 602
275 704
275 624
275 583
275 264
319 970
319 914
319 800
659 1097
1102 347
1102 625
1102 624
1102 637
1102 816
1102 446
245 425
245 53
696 38
696 712
696 928
696 1120
696 396
580 1043
580 482
580 316
580 1079
580 630
580 1042
580 211
580 894
580 1065
580 634
580 491
580 644
1033 471
1033 436
1033 744
1033 970
1033 733
1033 625
1033 431
1033 800
1033 928
1033 651
1033 606
1033 867
1033 1105
1033 453
38 366
38 620
38 51
38 794
72 256
72 445
72 118
72 988
374 902
374 972
374 824
374 178
374 168
374 403
374 857
374 869
91 970
91 568
91 1023
91 281
383 337
383 825
383 480
383 176
383 380
383 10
383 140
383 568
383 39
383 564
383 106
383 603
383 256
383 243
383 651
383 504
383 692
383 921
383 752
383 741
671 461
1003 1062
306 860
306 380
306 809
306 106
1062 641
1062 974
3 1125
3 864
713 1042
713 493
713 430
713 472
713 957
713 689
481 1125
481 825
481 163
481 1020
481 800
481 271
481 560
339 404
339 977
339 1034
339 252
339 21
339 590
661 337
661 342
661 1018
661 269
661 76
347 390
347 462
347 5
347 687
347 624
347 983
347 637
347 446
347 1074
1005 166
876 790
876 578
977 482
977 316
977 859
977 556
977 673
977 789
977 978
977 327
908 573
908 166
908 708
908 590
908 191
908 655
908 20
908 154
908 556
908 1095
908 1030
908 1110
908 369
908 830
908 35
214 687
214 624
214 568
471 598
471 229
471 105
471 129
471 398
471 1093
471 1064
471 23
471 270
471 282
471 527
471 457
471 495
471 467
471 86
573 708
573 590
573 655
573 425
166 456
166 928
166 369
985 337
985 162
773 881
773 129
773 431
773 302
773 1120
773 1105
773 341
773 121
790 870
790 892
790 1120
790 656
790 389
790 419
790 479
790 228
436 247
436 462
436 687
436 602
436 693
436 704
436 232
436 625
436 624
436 11
436 264
436 2
436 834
436 453
436 653
436 883
436 1013
436 701
436 669
436 364
436 164
436 74
1034 431
103 465
103 971
103 369
103 406
598 129
598 270
598 282
598 605
598 157
598 328
598 467
598 588
218 926
218 13
994 195
994 720
994 82
994 840
994 294
994 542
994 726
193 337
193 353
193 720
193 590
193 655
193 425
193 750
193 357
193 853
193 802
193 830
337 677
337 380
337 420
337 466
337 393
337 789
337 595
337 168
337 1081
337 422
337 863
353 482
353 860
353 71
353 225
353 789
247 704
247 926
247 11
247 583
247 264
247 780
1000 290
390 87
390 625
390 30
390 235
390 1074
390 653
390 648
1043 522
1043 366
1043 1079
1043 11
1043 596
462 87
462 602
462 890
462 834
462 446
462 653
462 813
27 624
964 522
964 567
964 625
964 624
964 235
964 816
964 320
522 87
522 227
522 524
522 697
522 816
522 446
522 320
567 693
567 625
567 624
567 1095
567 101
567 30
567 311
567 244
567 818
5 235
5 894
5 834
87 687
87 602
87 693
87 747
87 620
87 51
87 913
87 624
87 1061
87 30
87 89
87 834
87 327
87 1013
87 648
87 698
87 1066
87 397
87 941
687 602
687 720
687 624
687 30
687 596
687 528
687 834
687 669
366 1079
366 794
366 61
602 704
602 887
602 11
602 264
602 2
602 834
602 653
602 701
602 813
693 624
693 11
693 164
693 340
693 757
677 180
677 227
677 502
677 958
677 753
677 632
360 747
747 620
747 1042
747 913
747 1061
747 431
747 1066
180 25
180 502
180 52
180 957
180 958
180 697
180 753
180 682
729 766
620 1061
620 1066
1114 51
1114 870
1114 416
1114 766
1114 331
51 892
51 1105
51 843
482 486
482 316
482 1079
482 437
482 163
482 411
482 1061
482 259
860 720
860 82
860 363
860 425
860 465
860 328
78 725
78 466
78 734
825 720
825 380
825 39
825 564
825 259
825 814
825 445
825 795
825 678
825 700
825 137
725 466
725 251
725 88
486 630
486 439
316 630
316 1042
316 480
316 411
316 1061
316 614
316 98
316 491
1079 630
1079 144
1079 1061
1079 236
1079 1022
630 71
630 215
630 137
424 430
424 800
424 271
424 814
424 560
424 1108
424 292
424 118
424 1065
424 1048
424 371
704 624
704 11
704 583
704 264
704 780
197 1085
708 317
821 577
821 535
821 342
821 399
821 796
821 633
821 789
71 194
71 229
71 840
71 294
71 121
913 1061
195 318
195 733
195 309
195 294
195 972
195 1017
936 229
313 194
313 420
313 202
313 595
313 464
318 720
318 294
318 972
194 420
194 982
803 978
477 6
577 655
577 429
577 568
577 797
577 778
577 695
232 722
232 11
443 210
859 978
859 1
611 720
611 369
176 380
176 809
176 564
176 106
176 256
176 814
176 692
176 752
970 420
970 772
970 134
970 568
970 30
970 732
970 780
926 772
926 1018
926 30
926 732
733 384
733 1017
733 1067
720 447
720 624
720 252
720 425
720 294
720 983
720 778
720 183
447 294
380 10
380 116
380 809
380 564
380 106
380 259
380 256
380 243
380 651
380 504
380 692
380 921
380 752
394 252
394 1095
394 553
394 301
394 287
625 624
625 887
625 30
625 637
625 235
625 894
625 89
625 63
625 1074
625 433
257 535
257 568
257 800
257 814
257 560
257 824
257 369
257 1051
1070 466
68 466
68 338
68 732
420 202
420 982
420 595
420 464
113 88
667 831
574 824
574 202
574 595
574 464
574 36
574 1025
411 252
411 229
411 590
411 655
411 425
411 658
411 750
624 229
624 425
624 30
624 776
624 583
624 637
624 264
624 235
624 894
624 89
624 816
624 834
624 446
624 164
887 983
887 637
887 244
601 212
601 689
252 105
252 20
252 425
252 607
252 287
384 592
10 529
10 564
10 256
10 243
10 504
10 692
10 921
10 752
83 722
83 712
83 721
83 389
466 801
466 933
229 129
229 398
229 685
229 20
229 712
229 514
229 924
229 524
229 612
229 284
229 562
229 727
229 882
229 993
229 175
680 355
772 262
184 11
493 472
493 64
493 957
173 1095
173 658
173 461
173 870
173 101
173 807
21 82
21 877
248 726
248 249
590 655
590 112
590 425
590 568
590 750
590 357
590 673
590 853
590 886
590 802
590 149
590 607
590 1124
356 556
116 512
116 39
116 259
116 930
116 1091
116 1087
116 603
116 256
116 810
116 473
116 896
116 289
512 39
512 809
512 564
512 930
512 1091
512 468
512 473
535 342
535 529
535 641
535 809
535 795
535 646
984 269
984 543
984 1059
984 893
342 399
342 796
342 633
342 276
342 269
529 809
765 56
765 458
888 105
105 129
105 1093
105 23
105 655
105 457
105 924
105 88
105 1002
105 149
105 422
105 433
105 626
399 633
399 64
399 458
796 809
796 56
796 1081
633 632
13 1064
13 23
129 1093
129 463
129 88
129 835
398 1093
450 589
1061 1066
665 647
665 203
665 8
1097 589
902 722
902 972
902 266
902 650
902 200
685 717
685 1105
722 162
722 1024
722 8
722 799
722 1008
722 1046
722 373
722 961
558 228
717 870
717 19
134 135
1093 305
1064 23
1064 467
270 328
282 658
836 140
104 864
104 723
463 589
847 259
847 1073
647 589
647 203
647 889
647 8
647 650
140 305
140 86
82 658
1018 1004
1018 363
1018 1053
1018 293
1004 363
363 1053
62 643
62 458
62 837
276 269
276 718
393 425
393 907
393 643
641 290
641 430
641 800
734 258
85 553
655 20
655 425
655 750
655 357
655 673
20 750
20 149
154 806
154 751
154 906
154 584
154 766
9 1007
9 703
9 16
9 940
9 591
712 553
425 151
425 658
425 750
425 673
425 858
425 301
806 527
806 751
806 43
806 952
806 961
556 924
1095 461
1095 101
1095 1131
151 1056
804 971
25 52
25 391
514 336
514 789
514 127
227 52
227 697
227 682
429 759
568 627
568 430
568 378
568 527
568 1105
568 1074
568 562
1030 651
502 52
461 101
461 553
461 756
627 651
192 258
52 460
269 290
269 458
516 800
516 67
430 67
430 146
430 401
472 957
472 487
472 703
472 490
870 1120
892 1120
892 852
378 643
527 800
797 446
101 1022
101 311
101 939
101 244
101 818
101 941
101 769
302 906
302 553
302 607
302 830
30 983
30 235
30 648
30 244
30 769
801 732
801 1096
801 362
801 933
840 652
840 352
840 137
367 47
367 716
924 978
236 1084
451 1065
679 305
39 1091
39 468
39 1087
39 810
39 1083
39 473
39 896
39 950
39 295
39 470
809 564
809 106
809 259
809 837
809 69
564 106
564 256
564 243
564 504
564 692
564 921
564 752
564 822
686 578
686 866
686 1048
686 988
106 1073
259 256
259 473
259 700
259 15
259 807
578 587
578 1048
578 988
26 328
251 143
349 385
56 1081
930 468
930 603
930 760
930 473
1091 543
1091 468
1091 603
1091 643
1091 473
543 468
543 603
543 810
543 473
468 603
468 473
603 810
603 1059
1011 589
488 43
43 1084
256 800
256 243
256 504
256 692
256 921
256 752
11 583
11 264
11 653
11 364
11 164
11 74
11 757
11 1040
456 997
456 1007
416 331
294 946
294 972
294 1017
294 833
616 157
298 198
750 357
750 149
357 853
357 756
357 1124
317 149
317 1118
673 853
907 866
157 292
800 271
800 814
800 560
800 651
64 458
643 458
1044 504
1044 614
1044 795
1044 1123
243 504
243 692
243 921
243 752
385 869
385 562
385 882
385 650
385 325
575 271
946 982
946 1025
948 540
1023 171
817 768
583 264
583 701
583 780
583 965
271 814
271 560
524 816
524 320
1084 584
586 906
983 1045
983 311
983 235
465 971
853 802
853 149
853 1067
196 553
972 1017
637 894
637 596
637 813
637 346
702 433
778 866
814 560
814 1065
560 987
789 1073
789 830
789 533
789 530
789 90
579 1016
579 391
1120 389
311 648
311 818
311 941
311 769
264 780
264 757
264 769
235 648
235 320
235 941
235 769
553 396
19 89
835 894
835 89
835 528
835 162
835 351
1073 1080
824 178
824 403
824 869
652 47
652 990
652 137
208 866
208 1080
894 89
894 596
894 351
89 351
596 528
596 648
596 244
596 956
958 699
753 490
504 692
504 921
504 752
692 921
692 752
921 752
1108 284
1108 292
1108 1123
614 822
614 108
284 292
284 178
410 795
410 678
410 866
410 700
410 15
410 807
410 35
795 678
795 866
795 700
795 807
292 203
292 1123
606 740
474 352
352 1067
202 595
202 1025
118 1065
118 371
178 381
178 857
178 869
178 562
178 882
1065 1048
1065 988
434 869
434 562
434 882
434 650
434 325
595 464
595 36
595 1025
867 919
678 700
678 807
55 1131
2 453
162 701
203 8
63 433
997 515
520 35
520 865
168 403
168 869
1007 703
1007 16
810 1083
810 896
1083 98
98 950
978 802
607 858
816 834
816 446
816 320
950 295
950 1051
950 470
721 585
1024 799
1024 961
866 700
866 807
766 358
389 727
700 807
700 110
703 16
47 137
990 137
971 369
1048 988
834 164
834 941
834 351
53 358
634 771
1105 843
1105 297
857 869
857 562
857 882
857 325
869 562
869 882
869 993
869 325
369 1089
419 228
419 727
228 727
701 29
669 965
164 757
422 882
422 650
648 244
648 818
648 941
648 769
818 941
818 769
941 769
757 351
1017 604
1025 325
562 882
562 993
562 650
562 325
882 993
882 650
882 325
993 325
1124 222
650 200
799 961
799 662
16 368
940 591
852 496
769 351
496 496
