0 470
1 958
2 49
3 397
4 128
5 65
6 713
7 305
8 959
9 403
10 708
11 810
12 1087
13 217
14 143
15 264
16 939
17 574
18 1108
19 560
20 644
21 215
22 78
23 1075
24 514
25 701
26 1008
27 591
28 654
29 310
30 340
31 60
32 126
33 829
34 84
35 92
36 721
37 981
38 21
39 519
40 717
41 773
42 626
43 942
44 898
45 791
46 1005
47 987
48 285
49 419
50 25
51 1011
52 887
53 173
54 956
55 805
56 1030
57 1067
58 1017
59 39
60 1073
61 459
62 728
63 609
64 463
65 328
66 62
67 988
68 1114
69 103
70 224
71 975
72 1012
73 259
74 87
75 769
76 530
77 844
78 209
79 1034
80 1061
81 873
82 289
83 625
84 14
85 131
86 1046
87 318
88 947
89 1092
90 544
91 1130
92 290
93 465
94 715
95 989
96 494
97 816
98 323
99 918
100 486
101 912
102 281
103 1106
104 995
105 236
106 102
107 1085
108 496
109 684
110 424
111 212
112 618
113 619
114 36
115 1001
116 76
117 309
118 692
119 422
120 130
121 299
122 527
123 910
124 1037
125 37
126 450
127 868
128 659
129 1078
130 789
131 940
132 583
133 842
134 42
135 320
136 117
137 798
138 734
139 1117
140 135
141 48
142 601
143 854
144 834
145 371
146 856
147 846
148 1014
149 413
150 679
151 784
152 1022
153 5
154 690
155 227
156 629
157 923
158 139
159 933
160 741
161 66
162 948
163 675
164 1018
165 740
166 796
167 162
168 949
169 1084
170 483
171 116
172 732
173 642
174 1038
175 258
176 249
177 401
178 957
179 828
180 877
181 547
182 722
183 121
184 205
185 921
186 733
187 855
188 666
189 497
190 945
191 707
192 85
193 1113
194 456
195 973
196 864
197 181
198 885
199 267
200 841
201 557
202 176
203 937
204 253
205 182
206 515
207 964
208 272
209 909
210 352
211 222
212 458
213 512
214 953
215 47
216 907
217 488
218 418
219 976
220 257
221 532
222 447
223 26
224 383
225 248
226 831
227 32
228 168
229 220
230 663
231 41
232 380
233 190
234 768
235 1124
236 1104
237 348
238 421
239 729
240 1077
241 1000
242 799
243 435
244 1066
245 140
246 994
247 271
248 104
249 599
250 835
251 53
252 890
253 247
254 319
255 387
256 359
257 112
258 192
259 174
260 903
261 35
262 678
263 993
264 539
265 317
266 1040
267 73
268 874
269 662
270 764
271 567
272 198
273 876
274 251
275 1053
276 950
277 98
278 531
279 985
280 676
281 743
282 1097
283 446
284 332
285 804
286 54
287 767
288 749
289 155
290 347
291 80
292 1122
293 455
294 410
295 986
296 100
297 636
298 1126
299 1060
300 561
301 489
302 794
303 255
304 399
305 893
306 778
307 528
308 521
309 268
310 185
311 925
312 433
313 795
314 388
315 487
316 562
317 941
318 200
319 1042
320 867
321 685
322 783
323 881
324 968
325 812
326 213
327 895
328 45
329 59
330 254
331 634
332 444
333 1100
334 292
335 237
336 1052
337 334
338 436
339 646
340 731
341 477
342 38
343 301
344 809
345 77
346 354
347 899
348 123
349 723
350 1035
351 928
352 657
353 1
354 1041
355 119
356 969
357 161
358 160
359 674
360 648
361 453
362 621
363 568
364 1010
365 649
366 56
367 790
368 751
369 536
370 1105
371 159
372 481
373 157
374 336
375 507
376 929
377 787
378 2
379 214
380 362
381 1027
382 18
383 505
384 311
385 871
386 473
387 672
388 894
389 484
390 210
391 273
392 225
393 1089
394 677
395 552
396 999
397 474
398 361
399 930
400 284
401 698
402 307
403 992
404 151
405 742
406 1070
407 226
408 596
409 188
410 872
411 827
412 134
413 896
414 556
415 11
416 972
417 338
418 1101
419 960
420 142
421 650
422 108
423 900
424 611
425 840
426 358
427 935
428 1072
429 652
430 423
431 203
432 926
433 1096
434 370
435 589
436 216
437 372
438 772
439 223
440 141
441 1028
442 434
443 154
444 1016
445 837
446 691
447 1057
448 1007
449 439
450 516
451 331
452 391
453 144
454 409
455 367
456 977
457 586
458 982
459 593
460 786
461 633
462 315
463 870
464 669
465 803
466 510
467 469
468 839
469 699
470 533
471 500
472 653
473 114
474 624
475 781
476 888
477 725
478 345
479 584
480 321
481 1013
482 508
483 196
484 524
485 490
486 193
487 863
488 924
489 467
490 1110
491 1032
492 1132
493 350
494 69
495 147
496 95
497 195
498 326
499 385
500 400
501 617
502 647
503 1081
504 179
505 0
506 1055
507 892
508 366
509 822
510 91
511 187
512 402
513 322
514 631
515 726
516 614
517 711
518 239
519 1021
520 191
521 149
522 520
523 283
524 833
525 862
526 20
527 780
528 183
529 152
530 511
531 136
532 330
533 478
534 175
535 452
536 771
537 120
538 1125
539 966
540 991
541 442
542 431
543 287
544 962
545 761
546 703
547 115
548 360
549 417
550 585
551 902
552 502
553 341
554 849
555 686
556 1098
557 163
558 82
559 429
560 1045
561 1102
562 278
563 107
564 879
565 201
566 858
567 33
568 581
569 754
570 282
571 683
572 63
573 1059
574 797
575 384
576 878
577 1115
578 23
579 241
580 996
581 580
582 681
583 10
584 608
585 129
586 595
587 363
588 304
589 576
590 738
591 651
592 425
593 922
594 1121
595 17
596 491
597 312
598 153
599 504
600 695
601 861
602 802
603 58
604 869
605 8
606 801
607 696
608 234
609 70
610 600
611 302
612 495
613 537
614 1065
615 518
616 776
617 548
618 984
619 1103
620 395
621 1023
622 792
623 602
624 927
625 1006
626 68
627 558
628 1086
629 638
630 189
631 475
632 178
633 836
634 499
635 501
636 1058
637 246
638 641
639 55
640 61
641 79
642 228
643 756
644 335
645 826
646 313
647 944
648 1129
649 1107
650 343
651 620
652 883
653 260
654 938
655 356
656 471
657 889
658 269
659 655
660 859
661 443
662 169
663 990
664 720
665 765
666 170
667 906
668 1033
669 291
670 381
671 404
672 1003
673 605
674 630
675 643
676 540
677 28
678 506
679 627
680 838
681 587
682 280
683 184
684 744
685 64
686 57
687 390
688 578
689 99
690 277
691 295
692 682
693 727
694 411
695 915
696 1049
697 592
698 757
699 656
700 815
701 529
702 622
703 303
704 1112
705 46
706 263
707 800
708 105
709 525
710 978
711 4
712 865
713 635
714 709
715 158
716 1015
717 405
718 897
719 88
720 440
721 706
722 493
723 542
724 171
725 110
726 1050
727 665
728 349
729 613
730 83
731 376
732 639
733 125
734 1088
735 300
736 406
737 573
738 554
739 623
740 509
741 952
742 1074
743 180
744 242
745 974
746 89
747 124
748 1026
749 325
750 747
751 1054
752 232
753 1039
754 373
755 762
756 369
757 408
758 594
759 479
760 132
761 694
762 238
763 680
764 914
765 94
766 346
767 543
768 782
769 416
770 1127
771 661
772 365
773 904
774 564
775 946
776 817
777 857
778 204
779 668
780 565
781 632
782 298
783 165
784 866
785 127
786 526
787 172
788 207
789 905
790 472
791 1091
792 90
793 34
794 549
795 1043
796 462
797 81
798 445
799 735
800 270
801 832
802 275
803 389
804 673
805 1069
806 1128
807 219
808 582
809 324
810 16
811 758
812 109
813 265
814 375
815 563
816 704
817 705
818 970
819 1062
820 598
821 737
822 967
823 461
824 1076
825 860
826 297
827 202
828 344
829 572
830 522
831 27
832 396
833 1051
834 93
835 853
836 961
837 12
838 569
839 355
840 1068
841 979
842 517
843 1120
844 329
845 426
846 186
847 233
848 730
849 364
850 687
851 637
852 437
853 777
854 438
855 830
856 451
857 50
858 736
859 256
860 208
861 523
862 1079
863 414
864 51
865 645
866 1083
867 122
868 266
869 498
870 1004
871 575
872 1093
873 1094
874 166
875 604
876 466
877 553
878 788
879 971
880 1025
881 541
882 9
883 901
884 240
885 824
886 806
887 774
888 820
889 963
890 513
891 377
892 118
893 342
894 206
895 814
896 138
897 22
898 1111
899 702
900 1029
901 1024
902 333
903 746
904 1109
905 886
906 86
907 288
908 745
909 658
910 823
911 293
912 714
913 843
914 231
915 908
916 551
917 559
918 1082
919 441
920 943
921 577
922 997
923 306
924 588
925 793
926 1099
927 420
928 454
929 597
930 74
931 250
932 1047
933 211
934 667
935 616
936 430
937 218
938 785
939 852
940 590
941 368
942 221
943 535
944 697
945 101
946 1116
947 1056
948 244
949 3
950 460
951 199
952 936
953 43
954 719
955 998
956 393
957 13
958 1002
959 875
960 1119
961 775
962 917
963 432
964 931
965 351
966 448
967 916
968 15
969 427
970 468
971 819
972 748
973 449
974 379
975 570
976 538
977 955
978 1131
979 294
980 534
981 610
982 407
983 934
984 492
985 274
986 357
987 480
988 24
989 851
990 164
991 382
992 1031
993 286
994 1080
995 1019
996 628
997 813
998 712
999 229
1000 378
1001 550
1002 19
1003 133
1004 245
1005 546
1006 353
1007 316
1008 262
1009 965
1010 825
1011 111
1012 689
1013 113
1014 1048
1015 386
1016 919
1017 571
1018 96
1019 763
1020 710
1021 374
1022 913
1023 845
1024 97
1025 980
1026 579
1027 891
1028 296
1029 1071
1030 339
1031 7
1032 1118
1033 954
1034 415
1035 882
1036 670
1037 545
1038 693
1039 664
1040 920
1041 72
1042 230
1043 156
1044 1044
1045 137
1046 606
1047 279
1048 482
1049 1090
1050 197
1051 603
1052 671
1053 1095
1054 766
1055 808
1056 718
1057 337
1058 750
1059 724
1060 40
1061 566
1062 951
1063 848
1064 31
1065 607
1066 327
1067 194
1068 739
1069 759
1070 398
1071 485
1072 314
1073 884
1074 752
1075 755
1076 150
1077 167
1078 67
1079 880
1080 807
1081 75
1082 1036
1083 30
1084 44
1085 1064
1086 700
1087 148
1088 1123
1089 145
1090 412
1091 770
1092 476
1093 818
1094 1020
1095 6
1096 146
1097 261
1098 660
1099 235
1100 1009
1101 760
1102 555
1103 753
1104 1063
1105 932
1106 983
1107 716
1108 503
1109 308
1110 29
1111 464
1112 640
1113 52
1114 276
1115 821
1116 612
1117 811
1118 688
1119 615
1120 71
1121 428
1122 457
1123 392
1124 779
1125 847
1126 177
1127 394
1128 911
1129 106
1130 850
1131 252
1132 243
