977 622
977 610
977 289
977 1034
977 626
977 217
977 515
977 1084
977 363
977 740
977 1024
977 320
977 220
977 273
977 971
977 409
977 21
977 670
977 480
977 216
977 1091
977 115
977 514
977 178
977 614
977 382
977 644
977 396
977 1048
977 121
622 610
622 289
622 626
622 217
622 515
622 1084
622 363
622 740
622 320
622 971
622 21
622 670
622 1091
622 514
622 417
622 1054
622 228
622 904
622 389
622 138
622 791
610 289
610 626
610 217
610 515
610 1084
610 740
610 1024
610 320
610 971
610 21
610 670
610 480
610 216
610 1091
610 115
610 382
610 644
610 228
610 383
610 588
610 576
610 895
610 887
610 1103
610 893
610 866
610 727
610 804
610 520
610 681
610 1080
610 720
610 759
610 831
610 1009
610 972
289 740
289 1091
289 866
289 385
289 857
289 425
289 861
289 1067
289 885
289 270
289 95
289 1113
289 1045
289 302
289 787
289 195
289 830
289 877
1034 626
1034 320
1034 777
1034 347
1034 161
1034 898
1034 799
1034 865
1034 1089
626 217
626 515
626 320
626 971
626 21
626 1091
626 382
626 644
626 228
626 173
626 726
626 358
626 965
626 821
626 1111
626 191
626 633
217 1084
217 363
217 320
217 273
217 971
217 670
217 1091
217 644
217 898
217 719
217 352
217 1094
217 630
217 50
217 446
217 235
217 786
217 100
217 753
217 717
217 136
217 560
515 1091
515 644
515 579
515 209
1084 363
1084 320
1084 971
1084 216
1084 1091
1084 514
1084 1048
1084 576
1084 843
1084 826
1084 36
1084 750
1084 846
363 971
363 514
363 1048
363 228
363 830
363 916
363 86
363 60
363 499
363 501
363 42
363 391
363 279
363 1106
363 367
363 426
363 1059
363 212
363 400
363 929
363 518
363 789
363 59
363 187
363 793
363 1027
363 215
363 714
740 21
740 670
740 480
740 1091
740 178
740 382
740 893
740 777
740 1082
740 838
740 239
740 440
740 1044
740 34
740 1078
740 428
1024 821
1024 648
1024 805
1024 240
1024 828
1024 32
1024 27
1024 14
1024 663
1024 978
1024 318
1024 430
1024 164
1024 897
1024 172
1024 1112
320 220
320 971
320 21
320 1091
320 514
320 644
320 893
320 195
320 898
320 750
320 1112
320 58
320 424
320 388
320 651
320 823
320 287
320 807
220 273
220 971
220 514
220 1054
220 228
220 173
220 846
220 60
220 501
220 518
220 789
220 34
220 982
220 738
220 37
220 715
220 1036
220 678
220 1005
220 855
220 735
220 62
220 436
220 634
220 8
220 1117
220 326
220 931
220 1122
220 423
220 762
220 587
220 625
220 835
273 115
273 1054
273 228
273 898
273 446
273 789
273 855
273 477
273 907
273 194
273 1040
273 874
273 159
273 628
273 180
273 276
971 514
971 1048
971 1054
971 228
971 972
971 799
971 36
971 916
971 518
971 793
971 215
971 401
971 408
971 665
971 226
971 312
971 1105
971 584
971 17
971 418
971 162
971 661
971 699
971 741
971 879
971 174
971 93
971 1092
971 957
971 1070
971 841
971 452
971 571
971 548
971 171
971 416
971 462
971 448
971 371
971 851
409 514
409 228
409 279
409 1057
409 912
409 834
21 670
21 216
21 1091
21 115
21 178
21 614
21 382
21 791
21 383
21 540
21 660
21 761
670 480
670 382
670 791
670 576
670 830
670 358
670 191
670 212
670 1078
670 1040
670 736
670 107
670 921
670 956
670 549
670 285
670 1053
670 772
670 438
670 734
670 360
670 632
480 1091
480 576
480 887
480 681
480 726
480 750
480 761
480 549
480 643
480 132
480 1097
480 112
216 115
216 178
216 383
216 588
216 576
216 866
216 727
216 681
216 831
216 1009
216 425
216 630
216 843
216 826
216 36
216 846
216 651
216 879
216 1092
216 452
216 1057
216 360
216 333
216 888
216 201
216 815
216 450
216 676
216 902
216 443
216 646
216 354
216 1087
216 800
216 544
216 160
216 45
216 404
1091 382
1091 417
1091 791
115 178
115 383
115 895
115 887
115 1103
115 893
115 866
115 681
115 831
115 173
115 753
115 440
115 1044
115 32
115 835
115 312
115 661
115 660
115 107
115 632
115 888
115 354
115 662
115 991
115 532
115 40
115 732
115 529
115 682
115 256
115 67
115 677
115 601
115 1043
115 361
115 1096
115 74
115 617
115 300
115 503
115 227
115 624
115 167
115 530
115 64
514 1048
514 1054
514 228
514 857
514 830
514 916
514 86
514 60
514 501
514 279
514 1106
514 1059
514 212
514 400
514 789
514 1005
514 855
514 1117
514 931
514 835
514 991
514 941
514 373
514 84
514 809
514 69
514 203
514 148
514 710
514 776
514 468
514 737
514 705
514 474
178 614
178 383
178 861
178 885
178 187
178 660
178 734
178 40
178 84
178 465
178 1056
178 1104
178 387
178 66
178 716
382 791
382 830
382 191
382 786
382 1040
382 107
382 956
382 1053
382 734
382 1096
382 1058
382 606
382 166
382 245
644 228
644 835
644 549
644 227
644 1066
644 580
396 978
396 25
396 984
396 44
396 411
396 711
396 134
396 528
1048 228
1048 520
1048 423
1048 665
1048 312
1048 365
1048 418
1048 957
1048 416
1048 81
1048 899
1048 55
1048 5
1048 668
1048 541
1048 553
1048 525
1048 763
1048 973
1048 925
1048 742
121 893
121 831
121 826
121 651
121 162
121 643
121 333
121 902
121 160
121 386
121 572
121 294
121 1077
121 451
121 1052
121 526
121 1004
121 918
121 97
121 165
121 679
417 700
1054 228
1054 212
1054 735
228 1009
228 830
228 916
228 835
228 1066
228 323
228 778
791 1080
791 921
791 549
791 438
791 643
791 278
791 67
791 1096
791 572
791 407
791 348
791 91
791 185
791 129
791 299
791 255
791 214
791 1126
791 65
383 576
383 895
383 887
383 893
383 866
383 681
383 720
383 36
383 846
383 660
383 632
383 333
383 888
383 676
383 40
383 411
383 711
383 208
383 905
383 197
383 403
383 23
588 895
588 866
588 727
588 520
588 831
588 1009
588 972
588 857
588 36
588 651
588 661
588 682
588 776
588 1004
588 208
588 905
588 101
588 267
588 1114
588 412
588 1101
588 994
588 695
588 659
588 796
576 866
576 727
576 804
576 681
576 1080
576 831
576 885
576 633
576 235
576 843
576 750
576 440
576 1044
576 276
576 665
576 1092
576 1053
576 734
576 333
576 888
576 201
576 676
576 45
576 662
576 67
576 1077
576 1052
576 65
576 208
576 905
576 23
576 415
576 656
576 225
576 1130
576 264
576 135
576 1010
576 569
576 995
576 332
576 405
895 1103
895 893
895 681
895 821
895 826
895 36
895 440
895 651
895 333
895 677
895 716
895 711
895 1077
895 451
895 526
895 918
895 97
895 208
895 905
895 197
895 264
895 332
895 547
895 934
895 583
895 966
895 205
895 691
895 395
895 113
895 1071
895 524
895 169
895 847
895 486
895 120
895 11
895 355
895 627
895 410
895 516
895 770
895 884
895 718
895 341
895 139
895 30
887 866
887 107
887 632
887 256
887 167
887 497
1103 720
1103 1044
1103 1077
1103 700
1103 966
1103 395
1103 1132
1103 456
1103 771
1103 819
1103 920
1103 915
1103 504
1103 353
1103 1019
893 681
893 831
893 777
893 239
893 276
893 660
893 902
893 160
893 451
893 299
893 905
893 412
893 770
893 914
893 603
893 379
893 324
893 620
893 672
893 72
893 917
893 751
893 500
893 455
866 804
866 720
866 385
866 857
866 425
866 885
866 95
866 1045
866 787
866 195
866 877
866 1049
866 726
866 643
866 888
866 167
866 214
866 208
866 135
866 770
866 1019
866 143
866 1007
866 552
866 510
866 900
866 377
727 826
727 918
727 506
804 705
804 1077
804 796
804 1068
520 831
520 1009
520 972
520 898
520 1089
520 50
520 36
520 1106
520 1027
520 194
520 418
520 162
520 879
520 841
520 643
520 256
520 361
520 776
520 716
520 81
520 668
520 541
520 763
520 925
520 742
520 407
520 1114
520 1101
520 169
520 351
520 604
520 1115
520 788
520 962
520 687
520 68
520 903
681 720
681 726
681 276
681 761
681 643
681 333
681 160
681 677
681 711
681 525
681 451
681 97
681 208
681 796
681 415
681 30
681 667
681 817
1080 831
1080 972
1080 800
1080 256
1080 300
1080 97
1080 679
1080 65
1080 208
1080 659
1080 415
1080 878
1080 642
1080 328
1080 795
1080 57
1080 190
1080 343
720 726
720 1027
720 239
720 1044
720 663
720 651
720 835
720 761
720 643
720 815
720 278
720 256
720 84
720 528
720 451
720 526
720 679
720 214
720 412
720 695
720 796
720 341
720 353
720 242
720 527
720 284
720 269
720 863
720 803
720 1051
720 176
720 262
720 156
759 1049
831 898
831 633
831 789
831 477
831 194
831 874
831 628
831 276
831 682
831 528
831 386
831 294
831 451
831 91
831 208
831 332
831 284
831 658
831 1131
831 315
831 533
831 568
831 26
1009 972
1009 36
1009 1027
1009 418
1009 160
1009 81
1009 525
1009 267
1009 76
1009 637
972 799
972 36
972 1027
972 239
972 665
972 312
972 418
972 162
972 990
972 1092
972 1070
972 841
972 452
972 902
972 69
972 776
972 925
972 1077
972 526
972 267
972 994
972 169
972 486
972 1115
972 774
972 947
972 850
972 252
972 3
385 857
385 425
385 885
385 95
385 1113
385 1045
385 195
385 1049
385 921
385 167
385 135
385 672
385 143
385 867
385 1073
385 593
385 90
385 723
385 422
385 993
385 989
385 945
385 591
385 1093
385 512
385 594
857 425
857 885
857 95
857 1045
857 302
857 195
857 1049
857 846
857 501
857 789
857 401
857 879
857 354
857 167
857 373
857 214
857 135
857 120
857 143
857 962
857 442
857 260
857 248
857 883
857 1081
857 981
857 83
857 461
425 885
425 95
425 1045
425 195
425 877
425 1049
425 1087
425 143
425 510
425 935
425 886
425 265
425 578
861 1093
1067 95
1067 787
1067 838
1067 112
1067 774
1067 1093
1067 154
1067 635
1067 631
885 270
885 95
885 1045
885 302
885 877
885 1049
885 14
885 164
885 194
885 661
885 529
885 700
885 1130
885 135
885 1073
885 875
885 709
885 1099
270 877
270 164
270 327
270 1073
270 1129
270 82
270 570
270 125
95 1113
95 787
95 195
95 1049
95 1094
95 167
95 945
95 1093
95 1129
95 88
1113 787
1113 1094
1113 167
1113 510
1113 867
1113 593
1113 993
1113 945
1113 1093
1113 88
1113 357
1113 130
1113 427
1113 458
1045 195
1045 877
1045 1049
1045 167
1045 528
1045 415
1045 143
1045 238
302 734
302 167
302 373
302 510
302 1093
302 248
302 883
302 338
302 686
302 509
302 433
787 195
787 1094
787 167
787 135
787 510
787 774
787 1093
787 154
787 88
787 357
787 439
195 1049
195 1094
195 462
195 299
195 412
195 143
195 377
195 817
195 568
195 154
195 1129
195 125
195 219
195 1109
195 924
195 573
195 175
195 694
195 806
195 654
830 916
830 367
830 735
830 62
830 835
830 549
830 360
830 227
830 572
830 905
830 817
830 1081
830 461
830 46
830 825
830 794
877 440
877 549
877 327
877 552
877 570
877 357
877 1014
1049 805
1049 682
1049 167
1049 941
1049 165
1049 214
1049 65
1049 197
1049 656
1049 135
1049 627
1049 751
1049 143
1049 269
1049 154
1049 82
1049 88
1049 357
1049 429
1049 316
1049 199
1049 881
1049 702
1049 261
1049 557
1049 157
1049 380
777 352
777 239
777 45
777 67
777 995
777 332
777 353
777 672
777 917
777 328
777 26
777 806
777 621
777 974
777 959
777 366
777 811
777 773
347 579
347 1027
347 440
347 1040
347 665
347 312
347 879
347 549
347 278
347 84
347 568
347 709
347 1099
347 655
347 406
347 913
347 566
347 98
347 296
347 784
161 318
161 172
161 529
161 208
161 961
161 1079
161 906
161 1006
161 609
161 384
898 173
898 821
898 36
898 367
898 1059
898 789
898 978
898 164
898 477
898 194
898 1040
898 874
898 628
898 180
898 549
898 529
898 256
898 528
898 700
898 1126
898 627
898 658
898 568
898 26
898 98
898 334
898 378
898 1063
898 283
898 666
898 47
898 246
898 1022
898 413
898 523
898 295
898 987
799 978
799 312
799 553
799 672
799 463
865 42
865 212
865 400
865 982
865 738
865 931
865 625
865 477
865 1105
865 451
865 1069
1089 36
1089 1027
1089 239
1089 34
1089 418
1089 541
1089 1004
1089 884
1089 1015
1089 476
173 1111
173 36
173 1106
173 212
173 793
173 982
173 931
173 907
173 665
173 256
173 361
173 1114
173 884
173 718
173 476
173 119
173 706
173 585
173 522
173 317
173 910
173 607
726 235
726 440
726 424
726 699
726 761
726 643
726 1097
726 45
726 1066
726 451
726 497
726 242
726 284
726 262
726 296
726 1095
726 1046
726 649
726 204
358 235
358 42
358 931
358 587
358 835
358 418
358 549
358 285
358 438
358 256
358 1096
358 617
358 387
358 166
358 934
358 497
358 262
358 439
358 204
358 769
965 32
965 360
965 1097
965 1071
965 690
821 805
821 240
821 32
821 663
821 164
821 172
821 1112
821 1077
821 208
821 987
821 758
1111 1027
1111 714
1111 408
1111 584
1111 741
1111 1070
1111 462
1111 851
1111 148
1111 925
1111 742
1111 516
1111 509
1111 781
1111 321
1111 845
1111 189
1111 335
191 235
191 786
191 549
191 332
191 552
191 284
191 842
191 247
633 440
633 477
633 47
719 50
719 408
719 584
719 699
719 462
719 160
719 509
719 845
719 725
719 698
719 54
352 446
352 284
352 315
352 876
352 496
352 586
1094 167
1094 941
1094 627
1094 327
1094 510
1094 1093
1094 82
1094 88
1094 496
1094 586
1094 188
1094 713
1094 314
1094 652
1094 539
1094 49
630 549
630 1087
630 256
630 656
630 817
630 937
630 292
630 1
630 998
630 15
50 651
50 418
50 160
50 64
50 463
50 685
50 1090
50 757
50 234
50 818
446 426
446 628
446 276
446 284
446 533
446 876
446 496
446 780
446 561
446 147
446 473
446 744
446 39
446 241
446 674
446 224
235 136
235 1078
235 921
235 549
235 438
235 643
235 732
235 214
235 995
235 803
235 246
235 842
235 247
235 713
235 1037
235 31
235 1003
235 257
786 284
786 1003
100 560
100 995
100 803
100 49
100 292
100 955
717 247
717 241
717 79
717 976
136 1044
136 628
136 876
560 247
579 1027
579 838
579 312
579 40
579 677
579 30
579 76
579 296
579 317
579 707
579 1023
209 165
209 225
843 888
843 998
843 550
826 36
826 1027
826 1044
826 58
826 418
826 416
826 925
826 451
826 30
826 635
826 1008
36 1106
36 1027
36 215
36 477
36 312
36 584
36 365
36 418
36 162
36 661
36 699
36 741
36 879
36 1092
36 841
36 452
36 548
36 171
36 416
36 660
36 772
36 902
36 160
36 361
36 64
36 148
36 245
36 668
36 294
36 451
36 526
36 1114
36 332
36 169
36 1019
36 672
36 1115
36 962
36 642
36 76
36 850
36 875
36 959
36 119
36 335
36 109
36 1061
36 852
36 236
36 650
36 880
36 337
36 837
36 128
36 872
750 440
750 1078
750 682
750 165
750 23
750 847
750 914
750 455
750 242
750 1051
750 26
750 702
750 204
750 928
750 798
750 946
750 231
750 669
750 1072
750 948
750 485
750 56
750 792
750 864
750 894
750 636
750 1047
846 1027
846 835
846 312
846 365
846 879
846 171
846 443
846 991
846 78
846 619
846 103
916 212
916 705
60 367
60 1059
60 789
60 835
60 794
60 1022
60 345
501 391
501 212
501 37
501 1036
501 1005
501 855
501 62
501 762
501 625
501 677
501 227
501 451
501 905
501 708
501 801
42 212
42 789
42 440
42 738
42 37
42 855
42 931
42 625
42 794
42 211
391 367
391 762
391 1022
391 345
279 912
279 834
279 354
279 84
279 796
279 284
279 103
279 390
279 487
279 200
1106 793
1106 1027
1106 665
1106 584
1106 418
1106 699
1106 741
1106 879
1106 1092
1106 841
1106 452
1106 571
1106 256
1106 361
1106 69
1106 606
1106 245
1106 407
1106 169
1106 351
1106 962
1106 642
1106 76
1106 774
1106 321
1106 1061
1106 337
1106 785
1106 258
1106 198
1106 305
1106 372
1106 77
367 1059
367 212
367 789
367 239
367 1044
367 982
367 1005
367 194
367 794
367 1022
367 491
426 741
426 68
426 637
426 686
426 224
426 790
426 952
1059 789
1059 735
1059 1022
1059 345
212 982
212 37
212 1036
212 678
212 855
212 735
212 62
212 634
212 1117
212 931
212 423
212 762
212 625
212 835
212 549
212 474
212 1077
212 794
212 378
212 1022
212 345
212 999
400 37
400 1036
400 678
400 855
400 735
400 634
400 1117
400 423
400 378
929 443
929 84
929 203
929 386
929 294
929 905
929 552
929 621
929 959
929 1074
929 170
929 827
929 829
789 931
789 477
789 784
789 1022
789 983
789 414
59 1078
59 835
59 354
59 84
59 386
59 796
59 552
59 475
59 94
59 745
187 952
793 17
793 462
793 361
793 642
793 845
793 880
793 337
793 837
793 765
793 901
1027 1078
1027 835
1027 665
1027 312
1027 418
1027 879
1027 990
1027 171
1027 921
1027 1097
1027 361
1027 69
1027 776
1027 606
1027 668
1027 525
1027 763
1027 552
1027 351
1027 962
1027 372
1027 168
215 365
215 81
215 109
215 852
714 665
714 741
714 925
714 718
714 1115
714 76
714 211
714 331
714 155
1082 440
1082 1044
1082 1078
1082 424
1082 285
1082 474
1082 572
1082 262
1082 993
1082 199
1082 1095
1082 937
1082 998
1082 258
1082 963
1082 942
1082 268
1082 802
1082 615
838 112
838 160
838 411
838 294
838 774
838 635
838 811
838 1090
838 1023
239 440
239 841
239 285
239 167
239 642
239 867
239 283
440 1044
440 805
440 424
440 660
440 632
440 278
440 711
440 97
440 214
440 415
440 264
440 105
440 324
440 878
440 795
440 993
440 594
440 1095
440 1046
440 314
440 894
440 414
440 854
440 288
440 768
440 482
440 1026
1044 318
1044 424
1044 907
1044 312
1044 660
1044 984
1044 1077
1044 679
1044 796
1044 113
1044 11
1044 410
1044 900
1044 803
1044 26
1044 422
1044 709
1044 573
1044 959
1044 246
1044 1046
1044 247
1044 713
1044 94
1044 402
1044 567
1044 970
1044 271
1044 229
1044 466
34 841
34 66
34 411
34 1014
34 283
34 1015
34 292
34 491
34 202
34 1041
34 243
1078 428
1078 835
1078 452
1078 107
1078 549
1078 734
1078 360
1078 1097
1078 256
1078 668
1078 1077
1078 412
1078 995
1078 353
1078 672
1078 667
1078 242
1078 284
1078 176
1078 439
1078 296
1078 1095
1078 204
1078 864
1078 567
428 107
428 632
648 663
648 978
805 828
805 32
805 14
805 663
805 978
805 318
805 430
805 164
805 172
805 529
805 1056
805 1104
805 44
805 411
805 711
805 386
805 1077
805 451
805 299
805 208
805 627
805 709
805 1099
805 987
805 837
805 688
805 537
805 692
805 133
240 828
240 663
240 172
240 208
240 688
240 444
828 32
828 663
828 978
828 318
828 164
828 172
828 411
828 1077
828 208
828 905
828 30
828 667
828 709
828 119
828 758
828 837
828 444
828 534
32 663
32 978
32 360
32 74
32 1056
32 1077
32 934
32 627
32 920
32 915
32 353
32 709
32 690
32 758
32 257
32 444
32 832
32 184
32 1032
32 680
32 118
32 748
32 179
27 994
27 113
27 961
27 1006
27 73
27 293
27 820
14 663
14 164
14 172
14 194
14 438
14 643
14 529
14 294
14 208
14 1130
14 264
14 603
14 987
14 207
14 183
663 978
663 318
663 430
663 164
663 172
663 194
663 736
663 360
663 528
663 1077
663 208
663 412
663 1130
663 1007
663 1099
663 987
663 85
978 164
978 172
978 477
978 360
978 711
978 208
978 627
978 987
978 537
978 233
978 930
318 172
318 879
318 994
318 332
318 987
318 688
430 164
430 172
430 194
430 529
430 1130
430 1099
430 987
430 475
430 692
430 85
164 172
164 477
164 643
164 1097
164 208
164 30
164 557
164 987
164 119
897 643
172 194
172 1097
172 529
172 1104
172 1130
172 1079
172 1006
172 987
172 444
172 207
172 85
172 930
172 124
172 701
172 508
1112 197
1112 627
1112 504
1112 690
1112 758
1112 460
1112 730
1112 575
1112 546
1112 747
1112 307
58 416
424 438
424 407
424 91
424 412
424 569
424 105
424 332
424 914
424 324
424 878
424 1095
424 1046
424 258
388 682
388 864
388 170
388 268
651 888
651 1077
651 451
651 526
651 701
651 1021
823 477
823 847
823 355
823 837
823 792
823 374
823 729
823 346
823 511
823 150
823 469
287 1068
287 1064
807 639
807 393
807 1002
982 477
982 194
982 180
982 607
738 931
738 312
738 1105
738 584
738 474
738 925
738 718
738 607
738 155
37 541
37 214
37 260
37 257
37 824
715 1036
715 1005
715 855
715 8
715 677
715 541
1036 678
1036 1005
1036 855
1036 634
1036 1117
1036 360
1036 474
1036 378
678 855
678 423
678 835
678 1114
678 1081
1005 438
1005 794
855 438
855 541
855 794
855 378
855 414
62 248
436 635
436 607
634 474
634 378
931 625
931 835
931 312
931 1105
931 584
931 448
931 925
931 169
931 607
931 608
1122 835
1122 607
423 112
762 227
762 345
625 1105
625 711
625 407
625 655
835 921
835 285
835 438
835 643
835 617
835 84
835 710
835 705
835 794
835 378
835 844
835 848
477 194
477 874
477 180
477 276
477 101
477 796
477 934
477 205
477 120
477 913
477 666
477 47
477 876
477 586
477 744
477 963
477 466
477 534
477 184
477 52
477 849
477 638
907 194
907 628
907 276
907 879
907 256
907 295
907 706
194 180
194 529
194 1104
194 386
194 294
194 208
194 994
194 1130
194 524
194 603
194 1006
194 1022
194 119
194 183
194 508
194 22
1040 1019
1040 552
1040 655
1040 585
1040 496
1040 1023
1040 550
1040 567
1040 856
874 627
874 568
874 47
874 769
874 638
159 269
159 26
159 334
159 119
159 204
159 946
159 56
159 894
159 951
159 249
159 954
159 421
628 276
628 284
628 315
628 119
628 876
628 561
628 147
628 1025
628 369
180 666
180 47
180 987
276 528
276 284
276 315
276 561
401 879
401 912
401 815
401 809
401 553
401 642
401 875
401 331
401 38
401 822
408 312
408 699
408 1070
408 571
408 462
408 851
408 742
408 1114
408 1101
408 718
408 642
408 509
408 781
408 845
408 725
408 698
408 54
408 38
665 312
665 699
665 1092
665 991
665 776
665 81
665 763
665 1114
665 169
665 884
665 962
665 837
665 854
665 266
226 354
226 260
226 801
226 200
226 745
226 810
312 1105
312 418
312 699
312 990
312 1092
312 1070
312 452
312 416
312 448
312 438
312 991
312 256
312 361
312 69
312 81
312 925
312 451
312 1114
312 994
312 169
312 962
312 642
312 850
312 252
312 725
312 198
312 414
312 765
312 266
312 291
312 457
312 749
1105 699
1105 1070
1105 448
1105 69
1105 925
1105 169
1105 457
1105 808
584 699
584 741
584 879
584 990
584 1070
584 571
584 462
584 851
584 925
584 718
584 68
584 130
584 607
584 845
584 224
584 1061
584 880
584 765
584 331
584 38
584 457
584 250
17 571
17 548
17 416
17 371
17 373
17 69
17 1101
17 837
17 170
17 832
17 457
17 434
17 1100
17 728
365 741
365 462
365 160
365 677
365 64
365 451
365 774
365 959
365 335
365 1090
365 1061
365 852
365 7
365 650
365 880
365 475
365 703
365 1016
418 162
418 879
418 416
418 549
418 544
418 361
418 148
418 776
418 763
418 526
418 1004
418 1114
418 788
418 3
418 128
162 452
162 902
162 544
162 668
162 526
162 129
162 770
162 3
162 1046
661 879
661 991
661 148
661 553
661 1077
661 1130
661 603
661 875
661 987
661 936
699 741
699 990
699 93
699 1092
699 957
699 841
699 452
699 548
699 171
699 416
699 549
699 902
699 991
699 601
699 361
699 148
699 776
699 742
699 526
699 1114
699 332
699 169
699 788
699 642
699 850
699 875
699 845
699 559
699 938
741 990
741 174
741 1092
741 957
741 1070
741 571
741 548
741 171
741 462
741 851
741 361
741 69
741 148
741 1004
741 169
741 718
741 642
741 845
741 337
741 331
741 250
741 1018
879 1092
879 841
879 452
879 571
879 851
879 991
879 541
879 925
879 1114
879 884
879 962
879 642
879 765
990 1070
990 841
990 548
990 925
990 994
990 169
990 252
990 224
990 331
174 1070
174 462
174 361
174 778
174 642
174 76
174 335
174 337
174 1018
93 571
93 416
93 30
93 335
1092 452
1092 549
1092 361
1092 541
1092 1114
1092 884
1092 30
1092 455
1092 962
1092 642
1092 1061
1092 211
1092 785
1092 331
957 1070
957 571
957 462
957 69
957 718
957 119
957 372
957 331
957 749
957 1018
1070 841
1070 571
1070 548
1070 462
1070 851
1070 925
1070 742
1070 718
1070 68
1070 850
1070 609
1070 331
1070 1018
1070 558
1070 1020
1070 493
841 64
841 373
841 245
841 994
841 659
841 1115
841 850
841 3
841 258
841 558
841 968
841 671
452 1097
452 991
452 361
452 776
452 1114
452 552
452 788
452 875
452 128
452 827
452 475
571 548
571 416
571 462
571 371
571 851
571 69
571 1101
571 718
571 509
571 781
571 845
571 1061
571 331
571 457
571 728
548 416
548 462
548 371
548 69
548 169
548 962
548 725
548 1061
548 901
548 457
548 728
548 432
171 371
171 1097
171 776
171 635
171 959
171 38
171 1020
416 361
416 526
416 1101
416 962
416 794
416 119
416 725
416 224
416 1008
416 457
416 375
462 851
462 69
462 718
462 850
462 781
462 189
462 128
462 475
462 765
462 901
462 331
462 832
462 559
462 1018
462 1055
462 562
448 169
448 538
371 69
371 1101
371 784
371 725
371 880
371 457
371 728
851 781
851 845
851 508
851 329
851 985
1057 461
1057 655
1057 198
1057 969
912 905
912 461
912 487
912 200
912 28
834 28
540 806
660 525
660 415
660 332
660 920
660 509
660 794
660 119
660 33
761 643
761 677
761 711
761 679
761 770
761 30
761 1076
107 549
107 360
107 632
107 465
107 667
107 1
107 38
107 612
921 632
921 1097
921 278
921 1052
921 91
921 908
549 1053
549 734
549 360
549 632
549 1097
549 278
549 354
549 167
549 166
549 332
549 962
549 817
549 429
549 1095
549 690
549 314
549 257
549 56
549 475
549 567
549 186
549 325
549 862
549 756
549 1030
549 277
285 995
285 145
1053 800
1053 606
1053 914
1053 242
1053 863
1053 1051
1053 157
1053 864
1053 868
438 256
438 606
438 528
438 679
438 905
438 817
438 315
438 875
438 794
438 1095
438 473
438 31
438 257
438 268
438 854
438 768
438 2
438 953
438 563
438 813
734 1007
734 328
734 527
734 262
734 594
734 427
734 1063
734 1026
734 1098
734 949
360 1097
360 166
360 572
360 1068
360 709
360 690
360 758
360 325
360 862
360 89
632 815
632 166
632 497
632 687
632 667
632 817
632 822
632 1065
643 1097
643 256
643 528
643 679
643 796
643 486
643 914
643 242
643 863
643 568
643 867
643 591
643 1095
643 204
643 339
132 324
132 119
132 1128
1097 716
1097 1077
1097 135
1097 627
1097 242
1097 709
1097 204
1097 758
1097 257
1097 1065
1097 731
1097 213
1097 80
112 332
112 774
112 635
112 75
333 888
333 815
333 676
333 526
333 208
888 676
888 412
888 770
888 1095
815 294
815 405
815 486
815 667
815 130
815 784
815 38
815 612
815 733
815 629
450 166
676 443
676 64
676 796
676 552
676 170
676 268
902 544
902 294
902 451
902 526
902 672
902 1115
902 437
443 166
443 668
443 506
443 567
278 160
278 256
278 1052
278 97
278 91
278 1095
278 258
278 908
354 617
354 84
354 451
354 905
354 796
354 260
354 745
354 392
354 140
354 940
354 454
1087 256
1087 578
1087 295
1087 292
1087 998
1087 485
1087 202
1087 951
1087 344
1087 840
1087 739
800 528
800 208
800 656
800 751
800 1051
800 246
800 56
800 398
800 488
544 129
160 776
160 606
160 451
160 672
160 850
160 78
160 211
45 324
45 1051
45 243
45 469
45 435
45 891
662 415
662 105
991 809
991 962
991 642
991 875
532 328
532 1063
532 297
532 1102
532 554
40 601
40 64
40 245
40 839
732 995
732 247
529 1104
529 700
529 875
529 961
529 1079
529 987
529 402
529 688
529 536
529 274
682 528
682 679
682 208
682 23
682 412
682 695
682 415
682 656
682 355
682 914
682 455
682 242
682 246
682 1072
682 485
682 894
682 22
682 1039
256 204
256 998
256 942
256 268
256 567
256 222
256 1110
67 214
67 332
67 770
67 1095
67 818
67 1003
67 1030
67 277
67 731
67 641
67 122
67 986
677 711
677 451
677 905
677 197
677 264
677 486
677 516
677 30
677 1068
677 374
677 392
677 24
677 111
677 992
1043 905
1043 635
1043 829
1043 131
361 925
361 583
361 169
361 1115
361 962
361 642
361 774
361 321
361 845
361 765
361 764
1096 503
1096 65
1096 332
1096 914
1096 343
1096 1051
1096 1127
74 451
74 1071
74 120
74 353
74 1019
74 1051
74 758
74 1064
74 24
74 114
74 577
617 553
617 745
617 797
300 296
300 1063
300 949
300 297
300 1102
300 1001
300 340
300 41
300 873
503 264
503 914
503 343
503 246
503 247
503 946
503 927
227 264
227 486
227 794
227 801
227 745
624 165
167 143
167 327
167 510
167 817
167 1093
167 88
530 905
530 461
64 386
64 120
64 672
64 552
64 1068
64 380
64 621
64 758
64 1074
64 832
64 118
941 1093
941 154
941 1129
941 570
941 557
373 69
84 737
84 91
84 796
84 260
84 283
84 454
84 158
84 263
84 746
84 308
84 1035
84 1083
84 684
69 718
69 607
69 457
69 749
69 728
203 905
203 103
203 801
203 94
203 745
203 140
203 940
203 63
148 541
148 1004
148 642
148 811
148 781
148 832
776 1019
776 250
737 461
737 746
705 1066
705 253
474 68
474 607
474 155
474 1035
474 611
465 552
465 667
465 690
465 152
465 495
1056 528
1056 1077
1056 451
1056 395
1056 524
1056 120
1056 627
1056 819
1056 920
1056 552
1056 900
1056 1068
1056 709
1056 380
1056 566
1056 523
1056 690
1056 832
1056 184
1056 118
1056 748
1056 1064
1056 1016
1056 495
1056 12
1056 251
1056 889
1056 1118
1104 1130
1104 486
1104 1019
1104 959
1104 987
1104 827
387 294
387 989
387 297
387 554
66 186
716 541
716 700
716 547
716 934
716 583
716 966
716 205
716 691
716 395
716 113
716 120
716 962
716 76
716 1033
716 298
716 1038
716 0
716 9
716 869
716 1062
716 1123
1058 386
1058 958
606 245
606 1066
606 572
606 120
606 788
606 439
606 785
606 118
166 984
166 170
166 1021
166 192
166 447
166 933
245 351
245 788
245 689
1066 165
1066 332
1066 455
1066 242
1066 863
1066 1051
1066 429
1066 157
1066 913
1066 948
1066 608
1066 145
1066 488
1066 253
580 353
580 723
25 984
25 44
25 767
25 13
984 44
984 711
984 386
984 447
44 386
44 784
44 111
44 505
44 979
44 481
44 141
44 535
411 134
411 255
411 332
411 410
411 30
411 803
411 567
411 970
411 243
411 849
411 493
411 1085
411 149
411 368
711 788
711 1051
711 568
711 924
711 694
711 906
711 767
711 1000
134 129
134 627
134 803
134 76
134 937
134 970
528 165
528 299
528 208
528 23
528 415
528 332
528 819
528 914
528 461
528 238
528 794
528 334
528 864
528 768
528 339
528 210
528 303
81 668
81 541
81 725
81 457
55 616
5 668
5 553
5 973
5 686
5 168
668 541
668 553
668 525
668 763
668 1101
668 552
668 351
668 903
668 475
668 110
541 763
541 1004
541 169
541 884
541 788
541 962
541 903
541 642
541 246
541 616
541 492
553 973
553 1008
553 168
525 763
525 264
525 78
763 742
763 1101
973 224
973 1011
925 169
925 718
925 119
925 607
925 781
925 189
925 224
925 457
742 1101
386 294
386 1077
386 451
386 526
386 905
386 205
386 914
386 672
386 506
386 380
386 621
386 522
386 390
572 569
572 332
572 1095
572 567
572 253
572 833
294 451
294 1004
294 165
294 205
294 672
294 751
294 506
294 621
294 1063
294 38
294 339
1077 934
1077 966
1077 395
1077 524
1077 120
1077 627
1077 456
1077 504
1077 900
1077 1068
1077 709
1077 621
1077 758
1077 534
1077 748
1077 9
1077 1062
1077 979
1077 494
451 526
451 1004
451 918
451 994
451 264
451 934
451 205
451 169
451 920
451 672
451 1068
451 803
451 568
451 774
451 260
451 427
451 794
451 621
451 959
451 906
451 1063
451 463
451 109
451 948
451 460
451 992
451 41
451 623
451 362
1052 208
1052 415
1052 995
1052 803
1052 652
1052 292
1052 955
1052 908
1052 555
1052 223
1052 597
526 672
526 794
526 621
526 128
526 1125
1004 637
1004 818
1004 535
918 197
918 966
918 819
918 506
918 76
918 875
918 810
918 196
97 208
97 552
97 649
97 496
97 1023
97 792
165 679
165 407
165 208
165 415
165 591
165 959
165 296
165 283
165 1015
165 608
165 431
165 564
165 259
165 359
165 137
165 356
679 208
679 412
679 695
679 948
679 891
679 743
679 939
700 403
700 994
700 1130
700 547
700 583
700 205
700 691
700 524
700 120
700 353
700 603
700 130
700 523
700 987
700 119
700 183
700 495
700 1033
700 298
700 1038
700 0
700 1123
700 535
700 565
700 397
700 43
323 253
778 884
778 642
778 331
407 914
407 568
407 260
407 157
407 655
407 1063
407 246
407 56
407 258
407 1029
348 255
91 415
91 569
91 770
91 324
91 913
185 197
185 690
185 460
185 546
185 307
185 814
185 53
185 206
185 926
185 376
185 1108
185 4
129 878
129 1095
129 937
299 412
299 924
299 664
255 659
255 567
255 722
255 1075
214 415
214 296
214 1003
214 170
214 854
214 1032
214 731
214 488
214 41
1126 269
1126 26
1126 334
1126 204
1126 946
1126 669
1126 56
1126 951
1126 860
1126 108
1126 574
1126 498
65 486
65 635
65 702
65 246
65 119
65 840
65 922
208 197
208 23
208 695
208 415
208 1130
208 770
208 914
208 1099
208 987
208 537
208 22
208 24
208 259
208 1107
905 197
905 403
905 796
905 486
905 341
905 603
905 76
905 260
905 461
905 635
905 794
905 78
905 103
905 801
905 414
905 94
905 745
905 940
905 263
905 693
905 151
905 858
905 290
197 524
197 486
197 770
197 456
197 920
197 1019
197 76
197 774
197 621
197 566
197 1046
197 690
197 758
197 534
197 832
197 730
197 575
197 747
197 374
197 979
197 1108
197 4
197 543
197 1119
403 966
403 603
403 1033
403 1038
403 1123
23 656
23 332
23 455
23 242
23 238
23 773
23 768
23 374
23 951
23 623
23 754
101 219
101 567
101 849
267 1114
267 850
1114 884
1114 604
1114 968
412 377
412 568
412 924
412 974
412 464
1101 68
1101 728
994 850
695 656
695 22
695 922
695 754
796 76
796 774
796 260
796 461
796 794
796 211
796 200
796 827
796 94
796 22
796 940
796 684
796 653
796 582
796 153
415 656
415 264
415 486
415 914
415 56
415 1127
415 564
415 498
415 754
656 242
656 706
656 922
225 355
225 379
225 539
225 927
1130 603
1130 875
1130 183
264 332
264 26
264 702
264 748
135 552
135 615
569 847
995 332
995 410
995 139
995 379
995 72
995 552
995 284
995 803
995 713
995 652
995 49
995 292
995 1037
995 955
995 820
995 927
995 306
995 310
995 193
995 96
995 336
105 552
105 878
105 1095
105 611
105 766
105 342
332 524
332 169
332 847
332 353
332 284
332 26
332 1095
332 204
332 337
332 792
332 864
332 271
332 374
332 511
332 319
332 449
405 485
405 612
405 733
547 934
547 583
547 691
547 113
547 434
547 71
934 583
934 966
934 205
934 691
934 395
934 113
934 120
934 353
934 709
934 566
934 758
934 748
934 434
934 298
934 0
583 966
583 205
583 691
583 395
583 113
583 119
583 321
583 434
583 298
583 565
583 394
966 205
966 395
966 113
966 709
966 495
205 691
205 395
205 113
205 120
205 456
205 819
205 621
205 119
205 434
205 968
205 1038
205 0
205 1123
205 43
691 395
691 113
691 120
691 184
691 434
691 298
691 1123
395 113
395 709
395 748
113 758
113 43
1071 627
1071 30
1071 758
1071 733
1071 24
1071 298
524 627
524 920
524 353
524 900
524 1068
524 380
524 566
524 523
524 257
524 534
524 184
524 118
524 1064
524 1016
524 612
524 495
524 12
524 251
524 889
524 545
169 642
169 607
169 832
169 749
169 728
169 538
847 324
847 1051
847 1072
847 346
847 437
847 344
847 892
486 702
486 891
486 767
486 498
486 182
120 962
120 667
120 709
120 0
120 9
120 869
120 1062
120 494
120 71
120 996
120 919
120 230
355 792
355 346
355 511
355 22
355 891
355 1086
627 920
627 504
627 1068
627 568
627 709
627 380
627 566
627 523
627 534
627 460
627 575
627 747
627 307
627 1064
627 298
627 0
627 926
627 376
627 858
627 99
627 640
410 72
410 803
410 76
516 1064
516 206
516 858
516 71
770 295
770 942
770 344
770 543
884 463
884 522
718 604
718 68
718 607
718 331
718 155
718 432
718 538
718 613
341 1068
341 1072
341 979
341 760
341 87
139 76
139 959
139 119
139 168
139 310
30 1068
30 987
30 258
30 381
497 552
1132 456
1132 771
1132 179
456 771
456 920
456 915
456 566
456 38
456 647
456 232
771 819
771 650
771 832
771 179
771 38
771 505
771 535
819 920
819 915
819 900
819 1068
819 758
819 854
819 184
819 118
819 24
819 0
920 915
920 353
920 900
920 1068
920 380
920 621
920 184
920 1016
920 0
920 397
920 1121
915 557
915 566
915 1025
504 353
504 566
504 690
504 534
504 184
504 460
504 575
504 926
353 566
353 690
353 534
353 495
353 230
1019 1068
1019 1021
914 242
914 82
914 316
914 702
914 655
914 246
914 928
914 864
914 854
914 339
914 303
603 987
603 536
379 803
379 292
379 374
379 927
324 591
324 924
324 188
324 469
324 859
324 484
620 262
620 512
620 427
620 1063
620 1076
620 1102
672 621
672 463
672 38
72 539
917 328
917 296
917 1063
917 949
917 151
917 932
751 56
751 18
455 510
455 485
455 145
455 344
455 564
327 1073
327 154
327 82
327 570
327 125
327 686
327 1127
327 1001
327 535
327 301
327 1013
552 262
552 439
552 621
552 366
552 296
552 1003
552 38
552 495
552 192
552 833
552 311
552 142
510 1093
510 886
510 578
510 154
510 88
900 1064
900 0
900 505
900 254
377 49
377 813
377 111
377 141
377 137
377 464
377 459
377 349
506 621
506 170
506 538
506 196
1068 76
1068 709
1068 557
1068 380
1068 566
1068 523
1068 976
1068 170
1068 534
1068 184
1068 118
1068 307
1068 1064
1068 1016
1068 495
1068 12
1068 251
1068 889
1068 1118
1068 1121
351 414
1115 962
788 635
788 566
788 832
788 118
962 128
962 531
687 817
687 1008
68 686
68 607
68 331
68 155
68 28
68 611
667 817
667 709
667 261
667 1021
667 38
667 612
667 629
878 795
878 343
878 156
878 246
878 1046
878 204
642 76
642 845
642 109
642 765
642 616
328 867
328 593
328 989
328 591
328 1063
328 277
328 949
328 932
328 489
57 863
190 176
190 179
343 154
343 82
343 864
343 421
343 392
343 860
343 1116
242 269
242 863
242 238
242 204
242 928
242 946
242 669
242 1072
242 864
242 894
242 827
242 303
242 605
242 1042
242 364
527 591
527 1063
527 170
284 315
284 119
284 247
284 496
284 586
284 780
284 561
284 147
284 473
284 744
284 615
284 482
284 563
284 472
284 92
284 960
269 238
269 204
269 946
269 56
863 608
863 145
863 605
803 76
803 555
1051 773
1051 496
1051 1003
1051 768
1051 344
1051 311
1051 419
1051 1124
176 963
176 942
176 344
176 739
176 182
176 48
176 20
176 645
262 947
262 593
262 591
262 512
262 594
262 427
262 1014
262 296
262 1063
262 639
262 1102
262 362
262 484
262 142
262 752
262 975
262 755
262 596
262 964
262 675
262 988
262 704
156 1003
658 868
658 381
658 605
658 697
315 496
315 473
315 744
315 39
315 369
315 563
315 92
315 519
533 959
533 876
568 924
568 655
568 1023
568 567
568 849
568 871
568 721
26 76
26 774
26 655
26 204
26 946
26 56
26 951
26 249
26 2
26 1042
76 260
76 566
76 906
76 987
76 837
76 392
76 1000
76 137
76 582
76 890
76 1120
774 154
774 635
774 219
774 908
774 392
947 427
947 959
947 639
947 1076
947 1102
947 909
850 901
867 945
867 296
867 1026
867 554
867 489
867 752
867 479
1073 422
1073 1093
1073 570
1073 639
1073 41
593 945
593 512
593 356
593 484
593 932
593 752
593 599
90 1063
723 422
723 993
723 296
723 1063
723 554
723 151
723 1060
422 945
422 200
422 186
422 746
422 151
422 932
422 1060
993 594
993 296
993 1063
993 894
993 414
993 288
993 1026
993 297
993 29
993 272
989 554
989 1001
989 484
945 591
945 512
945 594
945 883
945 886
945 1109
945 1063
945 314
945 1026
945 340
945 484
945 1116
945 755
945 479
945 542
945 943
945 420
945 589
591 512
591 655
591 1063
591 1026
591 41
591 873
591 484
591 964
1093 570
1093 88
1093 188
512 427
512 283
512 639
512 1102
512 362
512 484
512 752
512 596
512 599
594 639
594 988
594 598
594 177
260 461
260 200
260 829
260 745
260 263
260 1083
260 146
248 883
883 886
883 686
883 1109
883 314
883 1003
883 943
461 103
461 829
461 745
461 28
461 263
461 746
461 1083
461 782
935 892
886 314
886 943
265 578
265 963
265 52
265 892
265 490
578 942
578 311
578 470
154 1129
154 82
154 570
154 881
154 261
154 334
154 314
154 748
635 655
635 1023
635 852
635 56
635 868
635 563
875 1099
875 987
875 872
709 655
709 566
709 534
709 184
709 748
709 733
709 0
709 9
709 1062
709 494
709 996
709 35
1099 987
1099 183
1099 701
1129 125
1129 618
82 125
82 686
82 557
82 334
82 314
82 298
82 206
82 967
570 125
570 357
570 314
570 243
570 469
125 219
125 970
125 35
130 331
130 38
130 612
130 733
130 629
130 1033
130 1123
130 505
130 535
130 232
130 980
427 1063
427 639
427 1076
427 1102
427 909
458 102
238 954
509 794
509 781
509 845
509 725
509 698
509 54
509 392
219 654
219 119
219 567
219 849
219 1124
1109 314
924 806
924 366
924 413
924 849
924 813
924 853
573 119
694 654
694 906
694 767
694 1000
694 181
806 655
806 849
806 813
654 906
654 13
46 860
825 253
794 946
794 372
794 170
794 854
794 80
794 521
1014 292
1014 639
316 556
702 860
702 144
157 655
157 605
380 566
380 832
380 184
380 118
380 1064
380 733
380 251
380 1118
621 906
621 522
621 1090
621 170
621 1026
621 692
621 909
959 522
959 109
959 1026
959 692
366 1022
366 853
366 783
655 913
655 1063
655 246
655 56
655 849
655 277
655 80
655 116
913 849
566 523
566 690
566 832
566 184
566 118
566 748
566 1064
566 1016
566 495
566 12
566 251
566 889
566 1118
98 246
98 894
98 1039
98 106
98 441
296 1063
296 283
296 1026
296 949
296 554
296 1001
296 340
296 431
296 489
296 1088
784 781
784 170
784 38
784 733
784 629
784 605
784 399
961 987
1079 987
1079 537
1079 692
906 767
906 13
906 1000
906 181
1006 701
609 453
384 111
384 767
384 1000
384 181
384 445
384 286
334 246
334 119
334 204
334 946
334 56
334 258
334 951
1063 119
1063 56
1063 1026
1063 844
1063 1076
1063 949
1063 1102
1063 554
1063 1001
1063 340
1063 151
1063 484
1063 932
1063 988
283 277
283 949
283 29
666 47
666 611
246 247
246 669
246 56
246 922
246 441
1022 345
523 189
523 184
523 1064
523 1016
523 12
523 251
523 889
523 1118
295 292
295 485
295 543
295 182
987 402
987 536
119 496
119 586
119 937
119 669
119 485
119 801
119 466
119 186
119 577
119 1038
119 221
119 812
119 1028
119 1012
119 870
706 488
522 1074
317 639
607 155
607 457
607 28
1095 894
1095 258
1095 414
1095 963
1095 288
1095 230
1046 1023
1046 152
649 721
649 51
204 946
204 231
204 669
204 56
204 170
204 951
204 249
204 421
204 2
204 108
204 574
204 498
204 922
204 16
769 864
690 758
690 534
690 748
690 460
690 730
690 747
690 307
690 1064
690 814
690 1108
690 4
690 1119
758 832
758 184
758 460
758 730
758 546
758 1108
781 845
781 189
781 128
781 832
781 1062
781 923
321 765
321 575
321 816
321 313
845 725
845 698
845 54
845 337
845 765
189 832
335 508
335 728
842 247
247 496
247 780
247 147
247 946
247 482
247 466
247 701
247 597
247 498
247 890
247 1088
247 882
725 54
725 457
725 728
698 832
698 508
698 582
54 146
876 561
876 147
496 780
496 1037
496 701
496 1110
586 780
713 927
314 943
652 955
652 223
652 99
539 927
49 292
49 813
49 306
49 592
49 775
937 998
937 311
292 555
292 310
292 683
292 513
292 1031
292 281
292 127
1 645
998 963
998 222
1090 507
780 85
561 147
561 92
473 563
744 258
241 976
224 1008
224 790
1037 927
257 748
257 24
955 927
955 223
955 193
955 99
955 592
976 85
976 960
1023 258
109 1061
109 852
109 7
109 650
1061 852
852 7
880 728
880 703
337 765
337 1018
837 56
837 1025
837 250
128 901
128 331
128 38
872 502
798 1039
946 669
946 56
946 951
946 249
946 421
669 951
669 498
1072 792
1072 346
1072 89
1072 891
1072 892
948 939
948 613
948 280
948 370
485 1039
56 636
56 258
56 951
56 421
56 754
56 106
792 615
792 346
792 150
792 1086
792 127
864 466
894 414
894 288
894 275
636 657
1047 381
103 745
103 63
801 810
801 392
801 517
200 745
200 746
200 782
372 6
170 475
170 331
170 802
170 615
170 311
170 489
170 221
827 495
829 745
414 288
414 1039
414 449
475 495
94 502
745 673
765 901
765 728
168 38
168 559
331 559
331 671
331 562
155 28
155 684
155 613
155 467
963 344
942 344
942 911
802 250
615 38
854 932
854 997
288 469
288 297
288 859
288 29
288 272
288 589
288 1050
768 89
768 1039
768 1042
1026 277
1026 554
1026 479
1026 29
1026 1050
402 692
402 73
402 536
567 992
567 933
567 35
970 493
229 760
229 478
466 860
243 325
688 535
444 85
534 730
534 546
534 747
534 814
534 53
534 1108
534 4
534 858
534 640
534 70
832 184
832 118
832 748
832 703
832 432
184 118
184 1064
184 1016
184 12
184 251
184 889
184 1118
184 545
680 71
680 232
680 254
118 24
748 1064
748 1108
748 996
748 919
748 230
179 319
179 232
179 254
820 563
183 397
233 558
508 582
460 546
460 307
460 376
460 1108
730 575
730 546
730 307
730 250
730 1108
575 546
575 307
575 814
575 1108
546 307
546 1108
307 814
307 816
374 927
511 150
150 325
1064 38
1064 1016
1064 12
1064 251
1064 889
1064 1118
639 1076
639 1102
639 752
639 675
639 988
639 704
639 177
639 602
608 259
608 939
52 490
849 493
849 813
849 853
849 836
638 369
856 304
951 249
951 498
249 2
249 449
249 16
954 498
954 950
421 2
1025 71
369 1123
38 612
38 733
38 629
38 495
457 728
250 728
434 298
434 1038
434 1062
434 565
1016 12
1016 251
1016 889
1016 1118
558 349
558 221
558 1028
558 592
558 724
1020 612
493 13
493 286
375 1125
538 944
33 839
1076 1102
1076 596
1076 909
1076 997
612 733
612 629
186 151
186 1060
325 891
756 89
277 1098
277 297
277 554
868 381
2 574
2 498
2 783
953 1039
813 853
949 1001
949 41
949 599
949 218
1128 1088
80 71
733 629
733 535
629 696
392 24
392 1042
392 471
392 237
392 1017
140 940
140 63
344 182
297 479
297 272
297 589
297 1050
1102 909
1102 177
1102 1050
554 479
554 1060
554 589
554 1050
1039 564
222 340
1110 1001
1110 340
1110 873
1110 555
1110 123
24 163
111 141
111 464
111 349
992 760
992 87
992 35
114 71
114 163
1001 340
1001 41
1001 123
340 123
41 873
41 479
41 29
41 350
263 309
1083 467
495 581
12 251
12 889
12 1118
251 889
251 1118
889 1118
1033 1038
1033 1123
1033 565
298 545
298 779
1038 1123
1038 141
869 1062
869 494
869 71
869 996
869 919
869 230
869 364
1062 494
1062 71
1062 996
1062 230
1123 223
1123 565
192 551
447 933
933 783
767 1000
767 286
505 535
505 980
141 368
141 459
141 349
141 221
141 1028
535 232
535 254
149 349
149 221
149 1028
149 592
149 724
1000 181
1000 445
1000 286
833 896
494 996
494 230
623 275
362 142
555 596
223 99
431 1088
259 595
359 364
359 244
137 464
137 349
939 613
939 280
814 53
814 4
53 206
206 858
860 574
922 754
151 484
151 932
151 1060
858 640
858 399
858 70
543 19
310 683
310 127
71 996
71 230
892 330
182 812
996 230
996 322
613 280
760 35
87 35
381 605
232 254
484 932
484 988
484 589
484 123
18 330
301 104
311 470
311 61
459 349
459 221
459 1028
459 724
349 221
349 1028
349 1012
349 724
605 10
48 645
48 812
645 812
596 282
964 997
988 177
890 1028
890 592
479 29
479 272
479 589
479 1050
272 589
272 1050
589 1050
177 123
853 712
286 724
221 1028
221 1012
221 592
221 724
1028 1012
1028 592
1028 724
1012 724
16 600
592 775
683 127
683 590
280 117
126 370
911 483
1050 123
483 483
