513 661
513 395
513 596
513 606
513 999
513 835
513 44
513 100
513 306
513 611
513 463
513 505
513 1125
513 1081
513 860
513 1
513 698
513 554
513 172
513 1001
513 392
513 317
513 288
513 1066
513 613
513 7
513 1099
513 85
513 1055
661 395
661 189
661 606
661 999
661 835
661 44
661 100
661 306
661 463
661 1081
661 1
661 698
661 554
661 1001
661 317
661 236
661 109
661 688
661 486
661 928
661 369
661 410
395 189
395 606
395 999
395 835
395 44
395 306
395 611
395 463
395 1081
395 1
395 698
395 554
395 172
395 1001
395 392
395 613
395 7
395 688
395 31
395 265
395 92
395 504
395 852
395 527
395 685
395 944
395 98
395 197
395 736
395 1056
395 679
395 1085
395 453
395 1022
395 975
395 282
189 306
189 1001
189 944
189 182
189 514
189 1038
189 783
189 853
189 345
189 667
189 784
189 95
189 525
189 629
189 437
189 359
189 20
189 19
596 606
596 463
596 618
596 1006
596 269
596 703
596 56
596 192
596 556
606 999
606 835
606 463
606 1081
606 1
606 1001
606 613
606 7
606 688
606 202
606 444
606 633
606 696
606 295
606 458
606 589
606 187
999 44
999 100
999 463
999 1125
999 1081
999 698
999 1001
999 7
999 703
999 1075
999 80
999 1013
999 112
999 991
999 427
999 869
999 1122
999 678
999 6
999 823
999 648
835 1001
835 7
835 130
835 971
44 100
44 463
44 1081
44 172
44 1001
44 317
44 85
44 92
44 901
44 358
44 451
44 842
44 587
100 1081
100 317
100 85
100 688
100 359
100 760
100 879
100 1008
100 253
100 407
100 378
100 706
100 485
100 622
100 572
100 614
100 530
100 1049
100 5
100 868
100 367
100 878
100 808
100 474
100 1053
100 670
100 148
100 951
306 1
306 698
306 554
306 1001
306 288
306 613
306 685
306 618
306 1113
306 974
306 496
306 574
306 637
306 375
611 295
611 1106
611 225
611 1100
611 924
611 919
611 193
611 1102
611 420
611 533
611 849
611 59
611 68
611 478
611 399
611 1111
463 505
463 1081
463 1
463 1001
463 7
463 685
463 437
463 703
463 842
463 1111
463 46
463 590
463 411
463 388
463 181
463 535
463 251
505 1125
505 1081
505 317
505 109
505 688
505 202
505 587
505 1008
505 407
505 367
505 878
505 166
505 625
505 329
505 841
505 576
505 1097
505 1025
505 105
505 249
505 340
505 384
505 929
505 517
505 142
505 336
505 739
505 164
505 1129
505 464
505 66
505 922
1125 392
1125 109
1125 688
1125 703
1125 991
1125 878
1125 1025
1125 213
1125 518
1125 324
1125 900
1125 1091
1125 863
1125 697
1125 569
1125 836
1081 317
1081 109
1081 688
1081 282
1081 56
1081 451
1081 760
1081 367
1081 1053
1081 1057
1081 1109
1081 652
1081 775
1081 113
1081 135
1081 807
1081 210
1081 634
1081 490
1081 304
1081 224
1081 984
1081 512
1081 78
1081 393
1081 871
1081 747
1081 415
1081 1021
1081 13
1081 416
1081 1072
1081 465
1081 905
1081 479
1081 1058
1081 599
1081 702
1081 981
860 317
860 688
860 485
860 91
860 547
860 711
1 698
1 172
1 1001
1 392
1 288
1 1066
1 613
1 410
1 31
1 1047
1 969
1 320
698 554
698 613
698 410
698 92
698 359
698 633
698 589
698 1049
698 375
698 900
698 126
698 328
698 8
698 958
698 826
698 298
698 199
698 522
698 147
698 592
698 668
698 97
554 1001
554 92
554 852
554 1056
554 444
554 842
554 320
554 826
554 27
554 508
554 529
554 184
172 392
172 288
172 31
172 265
172 92
172 944
172 98
172 1056
172 1022
172 975
172 514
172 1013
172 901
172 358
172 451
172 587
172 388
172 78
172 747
172 416
172 91
172 668
172 246
172 84
172 430
172 914
172 580
172 663
172 750
172 907
172 500
172 21
172 584
172 889
172 588
172 47
172 480
172 933
1001 613
1001 410
392 288
392 410
392 31
392 504
392 852
392 527
392 685
392 944
392 1056
392 1022
392 202
392 678
392 574
392 919
392 922
392 113
392 224
392 969
392 328
392 97
392 246
392 21
392 902
392 218
392 681
392 258
392 1119
392 232
392 520
392 40
392 646
392 1115
392 200
392 884
392 0
392 346
392 279
392 713
392 143
392 61
392 930
392 434
392 332
392 499
317 85
317 109
317 688
317 874
317 359
317 760
317 879
317 1008
317 407
317 485
317 622
317 530
317 1049
317 5
317 878
317 1097
317 1025
317 517
317 336
317 922
317 218
317 460
317 749
317 404
317 436
317 595
317 628
317 229
317 439
317 381
317 494
317 405
317 36
288 31
288 1038
288 853
288 474
288 969
288 258
288 404
288 607
288 761
288 828
288 502
288 363
288 1031
613 410
613 359
613 589
613 869
613 900
613 328
613 958
613 199
613 592
613 0
613 1017
613 548
613 820
613 798
7 688
7 922
7 61
7 1116
7 285
1099 533
1099 1040
1099 177
1099 730
1099 487
1099 473
1099 966
1099 1027
85 688
85 736
85 164
85 652
85 113
85 634
85 490
85 415
85 479
85 796
85 299
85 870
85 1018
85 290
85 913
85 1096
85 610
85 412
85 561
85 273
1055 685
1055 1022
1055 358
1055 388
1055 304
1055 27
1055 988
1055 663
1055 47
1055 647
1055 961
1055 88
1055 356
1055 917
1055 865
1055 1048
1055 673
1055 675
1055 1065
1055 833
1055 1069
236 482
109 688
109 1049
109 105
688 975
688 359
688 760
688 922
688 1116
688 1104
688 718
410 679
410 8
410 826
410 147
410 27
410 500
410 646
410 0
410 961
410 424
410 949
410 959
410 86
410 620
410 274
410 331
410 742
31 92
31 504
31 852
31 685
31 944
31 1056
31 1085
31 451
31 587
31 969
31 97
31 988
31 246
31 580
31 258
31 487
31 356
31 707
31 694
31 989
31 583
265 504
265 944
265 98
265 736
265 1022
265 975
265 282
265 874
265 451
265 388
265 224
265 520
265 439
265 673
265 1016
265 707
265 1117
265 43
265 1093
265 771
265 351
265 58
265 553
265 908
265 691
92 944
92 98
92 197
92 1056
92 679
92 1022
92 853
92 187
92 427
92 901
92 842
92 574
92 637
92 836
92 652
92 747
92 199
92 592
92 988
92 246
92 84
92 580
92 480
92 902
92 646
92 356
92 865
92 690
92 1016
92 583
92 762
92 565
92 396
92 397
92 1092
92 523
92 335
92 349
92 960
92 283
92 516
92 781
504 527
504 685
504 1056
504 295
504 358
504 451
504 574
504 388
504 988
504 377
504 1031
504 473
504 356
504 917
504 1048
504 675
504 1065
504 1016
504 707
504 694
504 1092
504 516
504 390
504 211
504 119
504 39
504 898
504 636
504 728
504 403
504 591
504 768
504 621
504 89
504 417
504 769
504 1094
504 1023
504 353
504 235
504 316
504 1084
504 275
504 337
504 318
504 289
504 343
852 944
852 328
852 97
852 40
852 434
852 1120
527 1085
527 637
527 356
527 482
527 39
527 728
527 425
527 183
527 593
527 322
527 419
527 786
527 893
527 682
527 372
685 1056
685 1022
685 618
685 496
685 836
685 969
685 663
685 47
685 917
685 620
685 707
685 771
685 1084
685 11
685 741
685 449
685 292
685 994
685 501
685 816
685 131
685 226
685 770
685 376
944 197
944 1085
944 182
944 874
944 514
944 853
944 667
944 95
944 629
944 437
944 20
944 19
944 444
944 27
944 246
944 434
944 331
944 1016
944 523
944 1084
944 372
944 810
944 660
944 845
944 526
944 954
944 550
944 714
98 358
98 675
98 716
197 405
197 356
197 691
197 903
736 1022
736 975
736 282
736 703
736 556
736 112
736 451
736 622
736 670
736 324
736 490
736 304
736 78
736 13
736 27
736 40
736 884
736 439
736 1031
736 796
736 290
736 913
736 610
736 561
736 273
736 424
736 1093
736 351
736 621
736 1108
736 785
736 733
736 521
736 1079
736 776
736 173
736 735
1056 1085
1056 444
1056 836
1056 320
1056 27
1056 988
1056 47
1056 377
1056 473
1056 248
1056 917
1056 1065
1056 1016
1056 691
1056 762
1056 343
1056 725
1056 791
679 1022
679 282
679 451
679 889
679 40
679 713
679 1065
679 1069
679 690
679 1016
679 908
679 762
679 134
679 28
679 476
679 237
679 744
679 120
679 575
1085 444
1085 670
1085 496
1085 637
1085 420
1085 388
1085 922
1085 320
1085 27
1085 430
1085 500
1085 40
1085 404
1085 1027
1085 917
1085 1048
1085 1069
1085 331
1085 771
1085 553
1085 691
1085 318
1085 682
1085 644
1085 721
1085 1131
1085 927
1085 207
1085 980
1085 160
1085 676
1085 244
1085 858
453 19
1022 703
1022 187
1022 878
1022 213
1022 324
1022 1091
1022 697
1022 520
1022 1027
1022 647
1022 88
1022 917
1022 959
1022 1016
1022 516
1022 1131
1022 507
1022 729
1022 601
1022 1128
1022 110
1022 360
975 282
975 670
975 490
975 47
975 796
975 248
975 43
975 777
975 51
282 451
282 670
282 496
282 652
282 113
282 490
282 304
282 872
282 747
282 1021
282 13
282 416
282 663
282 436
282 439
282 561
282 356
282 1048
282 43
282 58
282 621
282 417
282 733
282 979
282 103
282 29
282 124
282 469
182 874
182 514
182 853
182 667
182 784
182 95
182 437
182 19
182 8
182 434
182 523
182 501
182 810
182 792
182 115
182 217
182 1024
182 701
182 443
182 937
182 925
182 70
182 239
182 1124
182 357
182 612
874 514
874 853
874 667
874 95
874 525
874 437
874 19
874 587
874 407
874 878
874 1057
874 78
874 21
874 434
874 749
874 331
874 523
874 769
874 810
874 1079
874 106
874 1062
874 886
874 558
874 1105
874 509
874 910
514 853
514 667
514 95
514 437
514 20
514 19
514 584
514 434
514 810
514 954
514 745
514 883
514 566
514 228
1038 1124
783 667
783 629
783 974
783 184
783 979
783 1124
783 201
783 757
783 1029
853 345
853 95
853 525
853 20
853 19
853 225
853 1102
853 68
853 224
853 232
853 482
853 397
853 523
853 115
853 185
853 936
853 294
345 20
345 68
345 660
345 115
345 1030
345 545
345 4
345 1063
667 784
667 629
667 437
667 19
667 80
667 434
667 70
667 1124
667 1030
667 497
784 629
784 80
784 434
784 954
784 792
784 115
784 217
784 937
784 70
784 1124
784 497
784 1087
784 1014
784 339
784 787
95 437
95 20
95 19
95 434
95 1027
95 762
95 810
95 899
525 592
525 434
525 749
525 954
525 1124
525 30
525 886
525 477
525 540
525 996
629 437
629 80
629 434
629 523
629 954
629 979
629 1124
629 201
629 497
629 1087
629 571
437 19
437 80
437 1058
437 620
437 771
437 810
437 714
437 791
437 110
437 201
437 1030
437 1063
437 280
437 293
437 315
437 321
437 16
437 82
437 559
437 302
437 539
359 633
359 760
359 572
359 105
359 249
359 922
359 826
359 668
359 61
359 961
359 707
359 791
359 558
359 910
359 1010
359 34
359 311
20 574
20 826
20 660
20 526
20 4
20 1087
20 81
19 225
19 520
19 434
19 460
19 833
19 331
19 690
19 694
19 565
19 523
19 353
19 226
19 810
19 927
19 201
19 545
19 497
19 1087
19 838
19 17
19 758
19 492
19 751
19 267
19 680
19 931
618 1075
618 496
618 480
618 646
618 960
618 516
618 682
618 501
618 131
618 476
618 360
618 302
618 738
618 662
618 510
618 666
618 385
618 69
1006 130
1006 670
1006 574
1006 900
1006 652
1006 113
1006 78
1006 826
1006 500
1006 404
1006 110
1006 936
1006 294
1006 64
1006 186
1006 2
1006 861
1006 579
1006 338
1006 895
269 849
269 399
269 232
269 1016
269 777
269 144
269 325
269 557
269 300
269 982
703 202
703 295
703 451
703 572
703 530
703 878
703 533
703 68
703 213
703 324
703 900
703 1091
703 697
703 569
703 826
703 232
703 40
703 1027
703 482
703 742
703 353
703 507
703 110
703 360
703 579
703 309
703 926
703 382
703 746
703 541
703 909
703 136
703 731
703 846
703 790
703 45
703 400
56 533
56 113
56 1096
56 501
56 597
192 378
192 1049
192 5
192 166
192 727
192 336
192 66
192 213
192 135
192 917
192 560
556 451
556 670
556 496
556 683
556 490
556 913
556 673
556 275
556 818
556 470
202 451
202 622
202 1049
202 1053
202 166
202 336
202 518
202 652
202 40
202 884
202 1093
202 275
202 337
202 470
202 873
202 630
202 1112
202 972
202 488
202 693
202 79
444 427
444 574
444 590
444 984
444 320
444 27
444 529
444 480
444 1116
444 917
444 1120
444 644
444 1131
444 244
444 338
444 1000
444 12
444 168
444 179
633 427
633 378
633 336
633 464
633 922
633 490
633 826
633 298
633 147
633 40
633 0
633 279
633 502
633 820
633 211
633 1120
633 244
633 571
633 179
633 772
696 919
696 668
696 529
696 591
696 373
295 225
295 1100
295 919
295 420
295 68
295 399
295 1111
295 356
295 1016
295 400
295 1064
458 670
458 951
458 1109
458 807
458 512
458 1021
458 1072
458 1058
458 981
458 628
458 561
458 273
458 316
458 1051
458 206
458 920
458 53
458 50
458 153
589 427
589 869
589 826
589 526
589 1131
589 257
589 1034
187 574
187 213
187 909
191 112
191 1109
191 807
191 984
191 1058
191 47
191 1051
191 53
191 287
191 15
1075 991
1075 1131
1075 601
1075 609
1075 73
1075 1132
80 434
80 460
80 353
80 810
80 660
80 954
80 1124
80 545
80 497
80 73
80 1132
80 158
80 383
80 659
80 250
80 432
80 301
1013 826
1013 584
1013 40
1013 565
1013 791
1013 1090
1013 1046
1013 491
1013 204
1013 1007
112 388
112 490
112 47
112 499
112 597
112 319
112 26
112 1083
112 450
112 562
991 614
991 697
991 836
991 1131
991 1128
991 609
991 73
991 52
991 1114
991 656
991 139
991 940
991 945
991 774
991 542
991 221
427 823
427 1113
427 375
427 8
427 826
427 147
427 27
427 1119
427 331
427 960
427 980
427 136
427 257
427 1034
427 383
427 732
427 995
427 582
427 813
869 1131
869 582
1122 648
1122 960
1122 980
1122 301
1122 1046
1122 850
6 1034
6 774
6 1039
6 719
823 637
823 697
823 609
648 1034
130 670
130 974
130 113
130 258
130 377
130 343
130 338
130 488
130 256
130 631
971 833
971 396
901 246
901 204
901 123
358 451
358 670
358 637
358 46
358 490
358 479
358 561
358 917
358 343
358 757
358 543
451 622
451 670
451 148
451 213
451 113
451 807
451 634
451 490
451 304
451 224
451 512
451 78
451 747
451 13
451 416
451 465
451 905
451 479
451 969
451 522
451 663
451 47
451 884
451 499
451 628
451 798
451 290
451 88
451 917
451 1048
451 1093
451 516
451 621
451 275
451 372
451 501
451 733
451 1079
451 28
451 777
451 29
451 185
451 510
451 873
451 153
451 705
451 586
451 159
451 370
451 532
451 121
451 778
451 1089
451 640
451 355
451 616
842 574
842 375
842 520
842 833
842 583
842 89
842 11
842 376
842 644
842 160
842 360
842 751
842 179
842 684
842 209
842 578
842 296
842 133
842 552
842 1127
842 712
842 655
842 441
842 41
842 90
842 748
587 670
587 922
587 113
587 634
587 78
587 905
587 750
587 218
587 233
587 25
587 1074
760 405
1008 572
1008 530
1008 878
1008 922
1008 731
1008 862
407 706
407 1049
407 625
407 841
407 1097
407 1025
407 249
407 1129
407 66
407 377
407 61
407 917
407 707
407 305
378 1049
378 878
378 574
378 727
378 625
378 1025
378 336
378 66
378 311
378 1019
706 572
706 1129
706 731
706 862
485 547
485 711
485 21
485 404
485 691
485 1131
485 1074
485 594
485 766
485 157
622 1053
622 670
622 652
622 807
622 984
622 512
622 78
622 747
622 416
622 1072
622 40
622 884
622 436
622 548
622 798
622 424
622 621
622 1108
622 1079
622 28
622 777
622 979
622 920
622 586
622 1089
622 756
622 389
622 426
622 108
622 243
622 1130
572 530
572 1049
572 878
572 496
572 637
572 166
572 1097
572 311
572 731
572 445
614 512
614 173
614 51
614 540
614 221
614 178
614 149
530 878
530 105
530 731
530 862
1049 166
1049 625
1049 841
1049 576
1049 1025
1049 105
1049 249
1049 384
1049 517
1049 336
1049 164
1049 1129
1049 922
1049 826
1049 36
1049 356
1049 311
1049 926
1049 731
1049 862
1049 24
5 625
5 841
5 576
5 1025
5 105
5 384
5 517
5 164
5 926
868 750
868 404
868 595
868 647
868 88
868 707
868 526
868 738
868 510
868 277
868 1068
868 1044
878 336
878 895
878 731
878 840
878 939
808 375
808 922
808 21
808 404
808 647
808 691
808 526
808 428
808 1082
808 815
474 149
1053 210
1053 393
1053 1058
1053 884
1053 28
1053 53
1053 778
1053 1089
1053 640
1053 834
1053 941
670 375
670 922
670 652
670 113
670 490
670 78
670 872
670 905
670 8
670 529
670 884
670 436
670 439
670 1031
670 548
670 290
670 248
670 610
670 526
670 1108
670 1079
670 243
670 653
148 634
148 796
148 705
148 159
951 652
951 512
951 561
951 337
951 733
951 777
951 1019
951 344
951 408
1113 574
1113 637
1113 375
1113 590
1113 298
1113 36
1113 961
1113 244
1113 937
1113 758
1113 1000
1113 1090
1113 204
1113 389
1113 544
1113 10
1113 664
1113 639
974 184
974 47
974 487
974 88
974 979
974 757
974 385
974 26
974 631
496 574
496 13
496 298
496 434
496 28
496 792
496 746
574 637
574 225
574 590
574 969
574 97
574 500
574 473
574 1065
574 331
574 762
574 1092
574 283
574 292
574 134
574 237
574 937
574 612
574 1000
574 12
574 659
574 90
574 939
574 198
574 1015
574 867
574 877
574 827
637 849
637 590
637 518
637 113
637 969
637 177
637 356
637 1069
637 691
637 403
637 1094
637 235
637 550
637 980
637 360
637 443
637 936
637 321
637 510
637 136
637 12
637 1034
637 383
637 1082
637 665
637 398
637 268
637 170
637 986
683 13
683 363
683 487
683 81
683 746
683 818
683 1046
683 445
683 65
683 855
683 812
375 528
375 922
375 416
375 328
375 826
375 592
375 668
375 529
375 40
375 290
375 356
375 771
375 960
375 682
375 501
375 725
375 644
375 1131
375 676
375 571
375 338
375 1000
375 179
375 41
375 398
528 328
528 97
1106 420
1106 533
225 924
225 919
225 1102
225 420
225 533
225 849
225 59
225 68
225 399
225 232
225 761
225 828
225 730
225 487
225 473
225 647
225 356
225 917
225 620
225 1016
225 353
225 936
225 294
225 400
225 640
225 763
225 830
225 146
225 1070
1100 924
1100 420
1100 399
1100 1016
1100 763
1100 672
924 919
924 420
924 533
924 849
924 68
924 399
924 487
924 356
924 1016
924 707
924 343
924 725
924 936
924 873
924 1064
924 640
924 672
924 651
919 420
919 533
919 668
919 346
919 761
919 356
919 211
919 353
919 419
919 786
919 682
919 936
919 373
919 813
919 672
919 252
919 154
919 983
919 1110
919 435
919 585
193 58
193 403
193 144
193 300
193 779
193 911
193 957
1102 420
1102 68
1102 399
1102 324
1102 147
1102 27
1102 232
1102 88
1102 1016
1102 397
1102 1092
1102 741
1102 400
1102 18
1102 245
420 533
420 849
420 59
420 68
420 399
420 324
420 126
420 668
420 1027
420 356
420 1016
420 771
420 397
420 845
420 294
420 400
420 362
533 68
533 399
533 213
533 668
533 473
533 1016
533 353
533 545
533 400
533 830
533 74
533 205
849 78
849 58
849 516
849 400
849 763
59 68
59 399
59 324
59 232
59 397
59 294
59 400
59 428
59 146
59 362
68 399
68 213
68 27
68 529
68 1016
68 343
68 680
68 400
68 873
478 27
399 324
399 529
399 232
399 828
399 397
399 325
399 300
399 400
399 672
399 18
399 362
399 205
399 912
399 102
399 483
1111 694
1111 893
1111 373
1111 1064
1111 454
1111 885
1111 864
1111 1011
1111 567
1111 365
46 479
590 147
590 424
590 959
590 771
590 349
590 283
590 516
590 11
590 292
590 134
590 1000
590 12
590 389
411 520
411 40
411 41
411 277
411 10
388 246
388 356
388 917
388 1048
388 102
388 472
181 213
181 89
181 1023
181 640
181 441
181 602
181 645
181 935
181 948
181 272
181 261
535 903
535 538
251 604
251 722
251 1059
166 213
166 324
166 569
166 79
727 336
727 113
727 135
727 807
727 36
727 561
727 337
727 79
727 408
625 913
625 331
625 1062
625 813
625 242
329 841
329 1097
329 1025
329 929
329 377
329 913
841 576
841 1097
841 1025
841 384
841 517
841 668
841 36
841 926
576 1025
576 164
576 922
576 1093
576 558
1097 147
1097 311
1025 147
1025 913
1025 311
1025 926
1025 939
249 30
340 757
340 79
384 36
384 926
336 66
336 922
336 113
336 135
336 807
336 599
336 561
336 621
336 79
739 922
739 79
164 184
1129 61
1129 862
66 135
66 473
66 424
66 64
922 8
922 298
922 147
922 27
922 279
922 404
922 229
922 405
922 311
922 926
922 255
922 308
213 324
213 1091
213 697
213 569
213 836
213 482
213 1117
213 691
213 211
213 898
213 769
213 2
213 541
213 909
213 609
213 1132
213 940
213 797
213 986
213 651
213 154
213 643
213 921
213 1052
518 324
518 697
518 836
518 78
518 40
518 45
518 630
324 569
324 232
324 828
324 647
324 88
324 1016
324 58
324 397
324 768
324 741
324 300
324 400
324 873
324 245
324 483
324 402
900 372
900 526
900 1112
900 73
900 631
900 123
900 398
900 549
1091 353
1091 110
1091 909
1091 772
1091 1052
863 927
863 360
863 309
863 873
863 179
863 578
863 655
863 90
863 649
863 111
863 577
863 431
697 836
697 1131
697 601
697 873
697 609
697 1114
697 656
697 519
697 49
569 541
569 909
569 400
836 1027
836 1131
836 601
836 1114
1057 78
1057 547
1057 430
1057 906
1057 1096
1057 28
1057 185
1057 344
1057 581
1057 354
1109 113
1109 984
1109 1021
1109 1072
1109 1058
1109 981
1109 273
1109 351
1109 337
1109 28
1109 1051
1109 206
1109 53
1109 287
1109 342
1109 581
652 113
652 984
652 747
652 218
652 439
652 796
652 610
652 1093
652 621
652 275
652 1079
652 640
652 198
652 635
775 21
775 1062
775 305
775 157
775 815
775 844
113 135
113 490
113 984
113 872
113 747
113 1021
113 416
113 479
113 599
113 147
113 218
113 40
113 884
113 436
113 796
113 561
113 917
113 1093
113 58
113 621
113 1079
113 28
113 29
113 124
113 287
113 426
113 939
113 834
113 635
113 964
113 932
113 654
135 984
135 1021
135 599
135 436
135 561
135 621
135 932
135 194
807 984
807 512
807 78
807 872
807 1021
807 1072
807 1058
807 981
807 561
807 337
807 173
807 1014
807 79
807 221
807 586
807 778
807 834
807 344
807 581
807 932
807 923
210 465
210 479
210 702
210 749
210 436
210 351
210 640
210 277
210 252
210 932
210 1050
210 23
210 350
634 512
634 1058
634 47
634 377
634 499
634 917
634 979
634 510
634 153
634 26
634 705
634 586
634 159
634 532
634 121
634 778
634 428
634 484
634 291
490 304
490 78
490 479
490 826
490 588
490 884
490 628
490 439
490 610
490 1048
490 673
490 1093
490 521
490 469
490 355
304 416
304 663
304 588
304 290
304 1048
304 86
304 1084
304 469
304 12
224 78
224 218
224 628
224 1096
224 356
224 397
224 741
224 185
224 400
224 307
984 512
984 872
984 871
984 747
984 415
984 13
984 416
984 465
984 905
984 479
984 826
984 663
984 218
984 1115
984 884
984 628
984 439
984 273
984 1048
984 1093
984 516
984 621
984 521
984 28
984 29
984 185
984 53
984 495
984 734
512 872
512 747
512 415
512 1021
512 1072
512 465
512 905
512 1058
512 981
512 884
512 436
512 628
512 673
512 621
512 337
512 28
512 53
512 1089
512 344
512 923
512 720
78 747
78 13
78 416
78 1072
78 981
78 218
78 913
78 561
78 275
78 1079
78 28
78 834
872 1021
872 13
872 465
872 561
872 58
872 621
872 124
872 221
872 344
393 1021
393 1058
393 884
393 718
393 28
393 777
393 153
393 1089
393 720
871 1072
871 479
871 343
871 153
747 416
747 826
747 884
747 913
747 1093
747 275
747 343
747 376
747 1079
747 28
747 586
747 1019
747 756
747 344
415 1021
415 1072
415 1058
415 436
415 337
415 873
415 243
415 344
415 654
415 720
1021 13
1021 1072
1021 465
1021 1058
1021 981
1021 561
1021 273
1021 337
1021 173
1021 29
1021 982
1021 344
1021 720
1021 446
1021 1036
13 499
13 749
13 798
13 58
13 908
13 733
13 29
13 469
13 389
13 1061
13 511
13 754
416 529
416 218
416 884
416 439
416 1093
416 526
416 521
416 185
416 355
416 1068
416 428
1072 465
1072 479
1072 1058
1072 702
1072 981
1072 436
1072 351
1072 337
1072 1051
1072 206
1072 53
1072 586
1072 344
1072 932
1072 350
465 479
465 1058
465 702
465 436
465 621
465 1079
465 287
465 586
465 941
465 932
465 350
465 238
905 702
905 529
905 439
905 757
905 510
905 581
905 446
479 884
479 1048
479 351
479 1079
479 311
479 873
479 287
479 221
479 543
479 932
479 1098
1058 981
1058 436
1058 337
1058 29
1058 206
1058 50
1058 355
1058 428
1058 834
1058 941
1058 344
1058 252
1058 495
1058 720
1058 334
1058 281
599 621
599 946
702 436
702 351
702 895
702 287
702 778
702 932
702 350
981 206
981 53
981 483
981 57
981 600
91 910
91 64
91 426
91 203
547 707
547 910
547 766
547 157
547 915
711 915
1047 302
969 248
969 762
969 516
969 419
969 1051
969 311
969 873
969 724
320 27
320 377
320 473
320 1069
320 1084
320 343
320 617
126 1131
328 826
328 668
328 97
328 607
328 725
328 491
328 581
328 692
8 97
8 529
8 500
8 865
8 959
8 534
826 199
826 592
826 668
826 97
826 529
826 21
826 434
826 548
826 820
826 516
826 1079
826 791
826 838
826 1000
826 373
826 659
826 813
826 655
826 428
826 398
826 851
826 278
826 822
826 704
826 967
826 461
298 960
298 918
199 889
199 548
199 11
199 644
199 207
199 160
199 931
199 136
199 41
199 536
147 40
147 548
147 1027
147 1069
147 707
147 791
147 601
147 185
147 311
147 1000
147 139
147 995
147 813
147 10
147 198
147 867
147 442
147 169
147 887
147 162
592 845
592 476
592 721
592 244
592 612
592 339
592 382
592 827
592 700
668 529
668 820
668 961
668 903
668 936
668 373
668 1064
668 278
668 822
668 63
97 430
97 820
97 1120
97 776
97 725
97 791
97 354
97 394
27 529
27 40
27 1027
27 1069
27 691
27 417
27 11
27 644
27 207
27 110
27 792
27 239
27 1000
27 179
27 286
508 292
508 873
508 992
529 1031
529 356
529 523
529 353
529 550
529 644
529 936
529 179
529 1064
529 813
529 394
529 717
529 987
529 726
184 516
184 979
184 757
184 623
988 246
988 430
988 580
988 1048
988 1016
246 580
246 771
246 1084
246 1000
430 88
430 781
430 417
430 725
430 1014
430 895
430 581
430 692
430 180
430 171
914 820
580 750
580 499
580 691
580 526
580 277
580 10
663 588
663 88
663 917
663 1048
663 501
663 733
663 802
750 820
750 290
750 716
750 398
500 47
500 40
500 865
500 1065
500 959
500 1000
500 389
500 534
21 279
21 404
21 917
21 707
21 691
21 1062
21 815
21 33
21 387
21 271
21 1043
584 40
584 228
584 45
584 1046
584 204
584 712
584 65
584 649
584 380
584 117
584 669
889 1027
889 1016
889 565
889 226
889 160
889 136
889 655
889 314
889 638
588 86
47 439
47 548
47 917
47 501
47 29
47 233
47 1019
480 292
480 160
480 812
480 261
480 715
480 953
902 762
902 283
218 1079
218 28
218 185
681 476
681 382
681 137
681 161
681 803
258 1115
258 798
258 386
1119 960
1119 1034
232 828
232 482
232 185
232 144
232 325
232 400
232 665
232 763
232 780
232 151
520 1027
520 1069
520 1016
520 583
520 771
520 553
520 762
520 565
520 1023
520 11
520 376
520 644
520 136
520 552
520 712
520 90
520 402
520 934
40 179
40 204
40 544
40 10
40 398
40 341
40 3
646 331
646 516
646 1084
646 1000
646 562
646 582
646 967
646 461
646 717
646 950
646 619
646 165
377 473
377 917
377 707
377 694
377 1092
377 417
377 316
377 343
377 903
377 602
377 33
377 303
377 970
377 352
200 707
200 757
200 1044
200 54
884 561
884 119
884 621
884 733
884 1079
884 28
884 979
884 920
884 53
884 834
884 195
0 143
0 690
0 11
0 575
0 160
0 570
346 761
346 917
346 591
346 769
346 682
346 372
346 160
346 1064
346 538
346 303
346 573
346 819
279 1096
279 815
279 361
713 338
713 382
713 752
713 137
713 161
713 414
713 650
713 555
713 60
143 1092
143 11
143 575
143 136
143 1034
143 578
143 429
61 1092
61 417
61 311
61 305
61 815
930 833
434 810
434 660
434 954
434 791
434 1124
434 497
332 707
332 910
499 647
499 769
499 501
499 526
499 903
499 1037
499 738
499 1064
499 14
499 252
499 175
460 1124
460 201
460 1030
460 4
460 680
749 436
404 494
404 959
404 691
404 1062
404 746
404 1043
404 62
404 452
404 284
404 1101
404 695
404 421
404 765
436 561
436 337
436 79
436 932
436 654
436 350
595 707
595 910
595 1074
595 305
595 1082
595 387
595 271
595 254
628 913
628 673
628 28
628 385
628 206
628 252
439 372
439 923
494 910
494 284
405 1116
405 230
36 173
36 79
36 408
36 695
36 312
607 526
607 725
607 373
607 1054
607 1002
761 1027
761 356
761 917
761 728
761 768
761 769
761 353
761 316
761 322
761 419
761 526
761 550
761 903
761 936
761 1037
761 861
761 790
761 373
761 252
761 154
761 175
761 435
761 538
761 291
761 1002
761 859
761 824
761 1071
761 227
828 397
828 417
828 372
828 510
828 400
828 1068
502 88
502 925
502 137
502 803
363 851
1031 913
1031 482
1031 390
1031 211
1031 119
1031 39
1031 898
1031 636
1031 728
1031 403
1031 769
1031 1079
1031 777
1031 374
1031 856
1031 598
1031 77
1031 156
1031 947
1031 266
1031 71
1017 647
1017 892
548 798
548 1116
548 961
548 769
548 521
548 571
548 756
548 175
820 177
820 277
820 472
820 270
820 212
820 1123
798 1108
798 521
798 457
1116 833
1116 583
1116 516
1116 376
1116 644
1116 207
1116 160
1116 838
1116 931
1116 2
1116 1127
1116 998
1116 918
1116 638
1116 230
285 682
285 701
1040 177
1040 730
1040 938
1040 1078
177 730
177 473
177 647
177 212
730 647
730 895
730 970
730 737
730 965
730 962
730 837
730 223
487 966
487 274
487 516
487 235
487 343
487 980
487 398
487 196
487 812
487 921
487 1036
487 263
487 537
487 809
473 521
473 160
473 110
473 315
473 559
473 557
473 938
473 152
966 86
966 353
966 980
966 777
966 1090
966 196
966 1036
1027 833
1027 620
1027 1016
1027 583
1027 762
1027 516
1027 322
1027 11
1027 910
1027 899
1027 311
1027 309
1027 41
1027 867
1027 286
1027 1004
1027 977
796 290
796 913
796 287
796 932
870 76
1018 290
1018 1096
1018 412
1018 540
1018 653
290 913
290 1096
290 248
290 610
290 351
290 526
290 1108
290 735
290 428
290 653
290 323
913 610
913 673
913 275
913 521
913 1079
913 735
913 28
913 136
913 76
913 788
1096 412
1096 543
1096 653
248 610
248 1092
248 233
610 273
610 351
412 221
412 1130
412 793
561 621
561 337
561 873
561 79
561 206
561 50
561 221
561 932
273 351
647 88
647 356
647 917
647 1048
647 707
647 898
647 11
647 501
647 716
647 1037
647 738
647 972
647 594
961 349
961 516
961 1000
961 398
961 230
961 1026
88 917
88 673
88 833
88 898
88 501
88 226
88 716
88 738
88 382
88 286
356 211
356 39
356 728
356 768
356 353
356 183
356 893
356 550
356 903
356 936
356 738
356 1064
356 651
356 435
356 156
356 266
356 475
917 1048
917 673
917 675
917 58
917 211
917 898
917 621
917 501
917 903
917 980
917 110
917 979
917 1062
917 339
917 311
917 738
917 510
917 557
917 382
917 597
917 705
917 1127
917 454
917 352
917 555
917 128
917 804
865 762
865 960
865 980
865 250
865 1046
865 850
865 534
865 371
865 1009
865 37
1048 501
1048 311
1048 738
1048 355
1048 627
673 51
673 562
673 223
675 694
675 39
675 322
675 716
675 777
675 185
675 844
675 418
1065 1016
1065 526
1065 168
1065 73
1065 631
1065 441
833 1069
833 424
833 1016
833 762
833 239
833 510
833 338
833 746
833 818
833 998
833 216
833 952
833 605
833 755
833 1028
1069 1016
1069 771
1069 553
1069 1127
1069 998
1069 953
1069 686
1069 219
482 989
482 58
482 397
482 390
482 898
482 636
482 768
482 769
482 741
482 1014
482 790
482 400
482 873
482 245
482 1002
482 374
482 856
482 598
482 77
482 71
482 223
482 1080
482 401
482 1032
1104 230
718 275
718 28
718 344
424 11
424 110
424 1062
424 931
424 64
424 382
424 136
424 655
424 389
424 916
949 274
959 762
959 349
959 1084
959 292
959 2
564 694
564 373
564 454
564 1011
564 365
564 897
564 459
564 894
564 38
564 247
564 875
86 134
86 1000
86 1090
620 771
620 315
620 1003
274 908
274 398
274 35
274 531
331 762
331 338
331 582
331 277
331 198
331 983
331 717
331 638
331 555
742 927
742 309
742 179
742 578
742 133
742 655
742 649
742 806
742 188
742 723
742 241
690 417
690 757
690 751
690 136
690 873
690 117
690 145
1016 694
1016 583
1016 553
1016 762
1016 397
1016 1084
1016 11
1016 294
1016 400
1016 830
1016 402
1016 303
1016 215
1016 847
707 694
707 989
707 691
707 417
707 318
707 741
707 777
707 1062
707 910
707 757
707 311
707 1074
707 305
707 939
707 1082
707 815
707 271
707 452
707 677
707 626
707 881
707 22
694 768
694 417
694 1084
694 183
694 419
694 372
694 777
694 979
694 861
694 12
694 373
694 1064
694 651
694 252
694 885
694 864
694 567
694 602
694 965
694 247
694 875
694 767
694 848
989 39
989 741
989 374
989 598
989 71
583 565
583 516
583 376
583 644
583 899
583 69
583 867
583 602
583 128
583 551
1117 280
1117 398
1117 921
43 1093
43 29
1093 275
1093 785
1093 511
771 714
771 110
771 315
771 662
771 1073
351 173
351 350
58 29
553 565
553 402
553 145
553 551
691 777
691 979
691 1062
691 910
691 311
691 1019
691 157
691 277
691 1068
691 1082
691 402
691 271
691 765
691 364
691 740
691 1067
762 565
762 1092
762 417
762 11
762 655
762 570
762 952
762 241
762 551
565 644
565 630
565 145
396 1023
396 449
396 429
397 741
397 185
397 245
1092 516
1092 360
1092 751
1092 435
523 526
523 639
349 89
960 516
960 235
960 289
960 449
960 816
960 526
960 1131
960 980
960 383
960 250
960 301
960 1046
960 732
960 850
960 957
960 429
960 101
960 87
960 1103
960 107
960 563
283 526
283 134
283 1000
283 312
283 963
283 163
516 768
516 621
516 89
516 682
516 1131
516 360
516 1000
516 179
516 1089
516 441
516 41
516 268
516 602
516 948
516 462
516 1107
781 712
781 692
781 180
390 211
390 119
390 403
390 1050
390 956
211 119
211 39
211 898
211 636
211 728
211 403
211 769
211 682
211 936
211 861
211 1064
211 435
211 1050
211 856
211 77
119 39
119 898
119 728
119 403
119 873
119 920
119 1050
119 856
119 1080
119 368
39 898
39 728
39 403
39 936
39 1002
898 636
898 728
898 403
898 769
898 183
898 738
898 873
898 1050
898 511
898 598
898 77
898 71
898 1032
636 728
636 403
636 769
636 154
636 1050
636 856
636 71
728 403
728 936
728 435
403 1064
403 1032
591 353
591 343
591 1064
591 180
591 303
591 856
591 881
768 353
768 419
768 682
768 550
768 903
768 1037
768 861
768 790
768 813
768 154
768 175
768 538
768 291
768 692
768 1002
768 859
768 824
768 1071
768 227
621 28
621 252
621 654
621 350
621 946
89 292
89 160
89 552
89 935
89 802
89 380
89 438
417 751
417 953
417 938
417 241
417 506
769 1079
769 725
769 936
769 435
769 77
769 156
769 947
769 266
769 475
769 956
769 789
769 759
769 132
1023 441
1023 935
1023 948
1023 402
1023 953
1023 990
353 419
353 893
353 903
353 110
353 936
353 1037
353 861
353 790
353 651
353 454
353 864
353 567
353 365
353 538
353 856
353 77
353 896
353 38
353 881
353 568
353 976
235 816
235 980
235 777
316 538
316 894
316 881
316 956
1084 45
1084 544
1084 380
1084 767
275 597
275 972
337 785
337 173
337 79
337 344
337 408
337 238
337 946
337 978
318 552
318 965
318 658
318 176
289 777
289 510
289 873
289 653
289 87
343 903
343 400
343 389
343 1095
1120 526
425 183
425 593
425 585
183 419
183 786
183 861
183 435
183 581
183 993
183 99
593 322
593 121
593 252
593 585
593 581
593 223
322 419
322 786
322 550
322 903
322 1064
322 198
322 154
322 175
322 303
322 77
419 786
419 682
419 550
419 903
419 1037
419 738
419 154
419 291
419 77
419 401
419 260
786 861
786 519
893 682
893 861
893 373
893 651
893 154
893 454
893 864
893 896
682 861
682 373
682 651
682 1002
682 132
372 903
372 472
11 644
11 545
11 17
11 751
11 64
11 136
11 684
11 41
11 198
11 286
11 977
741 400
741 780
449 980
449 1046
449 602
449 429
292 239
292 315
292 158
292 261
292 471
292 832
994 244
994 357
994 339
994 382
994 617
994 161
501 738
501 597
501 581
816 432
131 476
131 338
131 382
131 752
131 626
131 880
226 655
226 800
376 954
376 712
376 918
376 380
376 952
660 115
660 201
660 545
660 4
660 1063
660 540
660 570
660 414
660 223
660 942
660 890
660 150
526 1131
526 244
526 571
526 738
526 666
526 338
526 582
526 581
526 918
526 1002
526 270
526 1026
526 155
526 493
954 1124
954 883
954 228
954 201
954 497
550 538
550 77
550 737
550 904
714 301
714 162
714 970
714 837
714 755
714 1073
714 674
714 347
716 738
716 277
716 946
716 418
903 777
903 936
903 680
903 1037
903 861
903 790
903 719
903 277
903 651
903 154
903 175
903 365
903 538
903 291
903 1002
903 859
903 824
903 1071
903 227
903 260
1108 939
733 1079
521 757
521 861
521 252
521 175
1079 355
1079 167
776 791
776 543
173 540
173 79
173 344
173 408
173 915
173 312
725 791
725 936
725 267
725 472
725 581
725 692
725 171
134 237
134 575
134 858
134 136
134 12
28 777
28 53
28 705
28 834
28 76
476 792
476 217
476 925
476 239
476 382
476 461
476 752
476 880
476 1020
744 207
120 676
120 585
575 201
575 545
575 751
575 41
575 431
575 33
575 806
575 129
644 927
644 207
644 899
644 179
644 684
644 578
644 133
644 552
644 41
644 90
644 1068
644 977
644 140
644 83
644 125
721 239
721 382
721 277
1131 601
1131 873
1131 1034
1131 73
1131 1132
1131 52
1131 1114
1131 656
1131 139
1131 940
1131 639
1131 877
1131 887
1131 699
1131 1005
1131 122
927 899
927 179
927 578
927 655
207 998
207 918
207 140
980 777
980 371
160 69
160 73
160 582
160 867
160 380
160 155
160 814
160 93
676 797
676 544
676 380
676 669
676 506
676 1033
676 753
676 489
244 103
244 217
244 239
244 612
244 339
244 81
244 338
244 382
244 604
244 161
244 804
244 832
244 493
244 1118
244 709
244 138
244 943
244 710
244 795
244 1121
244 433
858 582
507 536
507 1095
507 140
507 468
601 73
601 139
601 940
601 945
601 49
601 887
601 1005
601 642
1128 510
1128 609
110 315
110 64
110 631
110 398
110 921
110 801
110 1041
360 777
360 979
360 64
360 179
360 578
360 655
360 649
360 111
360 442
360 723
360 83
777 1062
777 861
777 557
777 400
777 640
777 33
777 152
777 755
777 740
777 1077
777 48
979 201
979 757
979 280
979 534
979 33
103 510
103 604
103 617
103 161
103 1035
29 941
792 70
792 338
792 827
792 803
792 1020
792 1118
792 481
115 443
115 1124
115 4
115 604
115 555
217 70
217 357
217 1028
217 832
217 880
217 1118
217 1012
1024 382
701 443
701 937
701 338
701 382
701 803
701 626
701 423
443 70
443 157
443 851
443 284
443 626
443 880
443 423
937 612
937 338
937 382
937 90
937 939
937 1015
937 827
937 137
937 843
937 116
925 803
925 414
925 832
70 239
70 357
70 612
70 886
70 883
70 228
70 293
70 382
70 659
70 827
70 832
70 129
70 138
70 481
70 825
70 817
70 743
70 379
239 357
239 64
239 382
239 827
239 555
239 60
239 832
239 710
1124 4
1124 497
1124 158
357 339
357 746
357 604
357 161
357 804
357 832
357 1118
357 943
357 1012
612 382
612 604
612 1121
612 524
612 641
1062 910
1062 157
1062 1044
1062 815
1062 452
1062 421
1062 327
30 886
886 883
886 540
886 293
886 659
886 582
886 817
910 1074
910 1044
910 815
910 915
910 452
910 284
910 421
910 687
745 438
883 659
883 817
566 228
566 797
566 643
566 438
566 866
228 544
228 155
228 503
201 1030
201 545
201 4
201 492
201 267
201 309
201 659
201 435
757 64
757 631
757 159
757 655
757 536
757 887
185 294
185 400
185 616
936 64
936 861
936 651
936 154
936 435
936 180
936 77
936 156
936 266
936 475
936 789
936 891
294 400
294 245
1030 1063
1030 16
545 1063
545 540
545 680
545 309
545 659
545 856
545 894
545 890
4 1063
4 1087
4 659
4 812
4 261
1063 280
1063 196
1063 891
1014 344
1014 581
1014 692
1014 180
1014 171
1014 374
1014 71
1014 737
1014 223
1014 99
1014 42
339 382
339 604
339 617
339 161
339 1035
787 811
1051 311
1051 206
1051 53
1051 287
1051 342
1051 15
1051 33
280 539
280 873
280 398
280 921
280 93
293 659
315 302
315 666
315 846
315 921
315 162
315 440
321 873
559 539
559 557
559 938
559 152
559 603
302 64
302 921
302 162
539 557
539 1078
1010 806
311 578
311 243
311 277
311 198
311 726
311 231
81 1046
81 604
17 997
751 806
751 857
931 64
931 140
1037 861
1037 252
1037 154
1037 175
1037 538
1037 180
1037 824
1037 227
738 557
738 972
738 26
738 277
738 827
738 146
738 1035
510 972
510 705
510 827
510 146
666 731
666 440
666 546
64 2
64 382
64 136
64 655
64 921
64 461
64 726
64 333
2 921
861 790
861 373
861 252
861 154
861 175
861 435
861 538
861 291
861 1002
861 859
861 824
861 1071
861 227
579 136
579 90
579 934
579 1076
579 671
338 382
338 746
338 827
338 752
338 803
338 414
338 650
338 216
338 1020
338 330
895 206
895 277
895 581
895 180
895 171
895 970
895 140
895 222
144 400
325 400
325 830
325 146
557 938
557 1078
557 152
557 603
300 102
982 882
67 970
67 938
67 152
67 603
67 422
67 466
309 136
309 873
309 179
309 578
309 655
309 389
309 649
382 873
382 655
382 827
382 255
382 617
382 752
382 161
382 803
382 414
382 650
382 626
382 832
382 880
382 1121
746 461
746 752
746 843
541 909
541 312
136 1034
136 133
136 655
136 145
136 671
731 862
790 50
790 154
790 538
790 291
790 859
790 824
790 1071
790 227
45 1046
45 712
45 767
45 506
400 665
400 780
873 73
873 1132
873 1090
873 133
873 712
873 305
873 986
873 851
873 819
873 598
873 220
873 214
873 839
873 297
873 689
630 638
972 14
488 604
79 408
79 932
79 915
1000 90
1000 389
1000 939
1000 797
1000 1015
1000 132
12 631
12 1054
168 1041
168 75
179 578
179 296
179 655
179 277
179 649
179 111
179 431
179 442
179 188
179 723
179 241
179 145
179 447
772 41
373 1064
373 651
373 435
373 454
373 885
373 567
373 365
373 897
373 247
373 875
373 848
1064 651
1064 252
1064 154
1064 454
1064 885
1064 1011
1064 247
206 53
206 50
206 355
206 252
206 266
206 240
920 834
920 864
920 406
920 968
53 287
53 342
53 15
53 1089
53 834
50 252
153 483
153 350
257 1034
1034 73
1034 52
1034 656
1034 578
1034 877
1034 986
1034 102
1034 37
1034 241
1034 1077
1034 330
1034 264
287 15
287 932
287 350
342 252
342 483
342 740
15 327
609 1114
609 656
73 52
73 732
73 102
73 3
1132 52
383 429
659 817
250 850
250 1009
250 568
432 429
301 1046
301 162
301 101
301 615
301 608
1090 204
1090 155
1046 371
1046 87
1046 568
1046 1126
1046 141
1046 498
1046 456
1046 1086
491 489
204 797
204 341
26 391
52 362
1114 656
1114 1005
139 887
940 389
774 719
221 543
221 178
732 429
813 435
813 303
850 429
850 1009
850 568
850 615
719 362
719 122
705 586
705 159
705 532
705 121
586 159
159 532
778 923
778 350
778 484
1089 834
1089 720
640 655
640 519
640 923
355 941
355 344
355 581
616 888
209 934
578 133
578 649
578 111
133 649
133 241
552 441
552 935
552 63
552 953
552 438
1127 219
1127 978
1127 259
1127 773
1127 829
712 934
655 234
655 389
655 649
655 431
655 551
655 1076
441 639
441 935
441 272
441 990
441 1086
41 986
90 939
90 1015
90 799
234 276
748 1095
1074 815
1074 254
305 844
305 33
305 624
157 815
157 284
157 687
243 854
277 428
277 344
277 664
277 639
277 155
277 220
1068 1002
1044 815
939 1015
939 934
939 1107
428 1002
1082 888
815 72
834 941
834 350
653 581
653 495
344 495
344 754
344 281
408 915
408 765
408 978
408 262
797 380
544 380
544 448
664 923
639 581
198 880
198 55
1015 261
1015 137
1015 471
1015 843
1015 116
1015 379
1015 118
867 63
867 934
867 145
867 83
827 461
827 803
827 481
827 843
827 118
665 146
665 779
665 911
665 780
398 352
398 1123
398 891
196 1036
170 658
170 366
986 806
812 278
763 223
672 362
651 885
651 1011
651 567
651 897
651 459
651 247
651 875
651 881
651 976
651 657
252 154
252 175
252 435
252 484
252 238
154 175
154 538
154 291
154 859
154 824
154 1071
154 227
154 96
1110 585
1110 956
1110 99
1110 904
175 303
435 538
435 247
435 789
435 759
435 132
585 462
585 99
585 904
957 887
245 401
74 1061
483 740
454 1011
454 365
454 38
454 247
885 864
885 1011
885 365
885 923
885 247
864 1011
864 365
864 897
864 247
1011 365
1011 247
365 897
365 406
602 429
948 272
272 278
538 581
538 291
538 859
538 824
538 1071
538 227
604 617
604 161
604 1118
604 795
604 1121
604 433
604 641
604 190
998 215
998 219
643 866
921 1036
921 162
921 440
921 104
1052 49
549 1060
649 111
649 241
111 442
111 1107
111 447
577 241
577 973
431 442
519 956
49 71
581 692
581 180
581 171
581 1002
932 350
923 350
1050 859
1050 856
1050 598
1050 266
1050 1080
291 859
291 824
291 1071
291 227
1061 347
1061 220
1061 839
1061 615
1061 782
446 692
1036 1078
1036 466
1098 627
946 831
724 386
617 161
617 943
617 1035
617 55
692 180
692 171
851 626
851 423
278 953
704 63
461 700
461 137
461 803
536 1095
442 723
442 241
442 546
169 934
162 440
752 414
752 555
752 1012
752 467
992 330
726 956
180 171
180 223
171 174
33 303
33 83
33 348
33 955
33 632
387 271
387 254
380 506
137 481
137 116
137 379
137 118
161 1035
161 641
161 118
803 481
803 423
803 379
803 118
934 952
341 650
3 414
3 650
3 60
3 371
3 1045
303 9
970 837
970 1073
970 347
352 658
352 176
352 891
573 956
573 9
414 650
414 555
414 1045
650 1045
555 60
555 481
555 843
555 326
452 1042
421 262
1002 455
859 824
859 227
824 1071
824 227
1071 227
374 598
374 71
374 1080
856 96
856 32
598 71
598 837
947 266
947 475
947 956
947 789
947 759
947 132
947 125
266 475
266 956
266 789
266 132
71 1009
71 1080
270 127
212 1123
1123 546
938 152
938 466
737 223
737 42
837 809
837 674
837 347
837 220
837 839
223 99
223 904
537 347
537 220
537 839
537 615
537 782
152 603
152 422
152 466
1026 985
475 789
475 132
128 799
804 493
371 943
1009 568
216 330
215 313
605 125
605 413
755 1073
755 347
219 978
219 259
897 459
897 875
459 894
894 881
806 723
145 551
626 832
626 880
626 423
881 976
881 222
881 657
767 876
87 1086
956 789
956 132
438 1088
506 214
789 132
789 764
978 259
658 891
176 891
1095 140
99 904
832 880
832 1121
832 379
832 1045
800 1088
155 503
155 794
674 347
674 220
674 839
674 782
347 220
347 839
347 297
347 782
140 208
1033 489
1033 214
943 708
710 55
1121 641
1077 839
1077 615
481 843
481 116
481 379
481 118
116 379
116 118
379 118
641 1045
440 114
466 782
220 839
220 297
220 615
220 782
839 297
839 615
839 782
297 782
447 409
615 608
1126 1086
1126 805
259 821
773 829
448 310
118 1045
310 310
