148 706
148 1002
148 591
148 737
148 981
148 58
148 24
148 815
148 571
148 194
148 463
148 506
148 240
148 136
148 404
148 852
148 130
148 133
148 920
148 403
148 989
148 550
148 1007
148 842
148 563
148 27
148 144
148 1036
148 703
148 7
706 1002
706 591
706 981
706 58
706 24
706 815
706 571
706 194
706 506
706 404
706 130
706 133
706 920
706 989
706 1007
706 719
706 490
706 1061
706 13
706 549
706 387
706 516
1002 591
1002 981
1002 58
1002 24
1002 815
1002 194
1002 463
1002 506
1002 404
1002 130
1002 133
1002 920
1002 403
1002 989
1002 550
1002 27
1002 144
1002 1061
1002 452
1002 803
1002 11
1002 408
1002 538
1002 407
1002 32
1002 215
1002 1112
1002 586
1002 350
1002 332
1002 1004
1002 471
1002 129
1002 110
1002 39
1002 268
591 194
591 989
591 215
591 222
591 219
591 73
591 340
591 728
591 421
591 331
591 1114
591 790
591 742
591 544
591 440
591 789
591 464
591 271
591 573
737 981
737 506
737 1053
737 217
737 432
737 33
737 141
737 134
737 1119
981 58
981 24
981 506
981 404
981 130
981 989
981 27
981 144
981 1061
981 623
981 1106
981 505
981 438
981 326
981 396
981 829
981 145
58 815
58 571
58 506
58 136
58 404
58 133
58 989
58 144
58 33
58 344
58 835
58 753
58 998
58 1054
58 65
58 594
58 810
58 410
58 588
58 1095
58 444
58 710
24 989
24 144
24 990
24 510
815 571
815 506
815 404
815 403
815 989
815 1007
815 703
815 11
815 561
815 1015
815 533
815 262
815 277
571 404
571 1007
571 703
571 1061
571 464
571 1042
571 1029
571 1111
571 765
571 639
571 338
571 846
571 937
571 104
571 88
571 416
571 1070
571 694
571 804
571 374
571 907
571 709
571 568
571 1072
571 318
571 723
571 622
571 363
194 130
194 133
194 920
194 989
194 842
194 27
194 32
194 1053
194 1043
194 66
194 595
194 687
194 604
194 578
194 671
194 503
463 326
463 861
463 446
463 224
463 55
463 1104
463 498
463 508
463 235
463 999
463 734
463 1132
463 177
463 967
463 927
463 701
506 240
506 404
506 130
506 989
506 1007
506 144
506 32
506 789
506 33
506 262
506 701
506 746
506 305
506 225
506 307
506 519
506 685
506 319
240 136
240 404
240 1007
240 490
240 1061
240 623
240 277
240 1111
240 639
240 907
240 709
240 578
240 605
240 847
240 637
240 836
240 948
240 500
240 814
240 103
240 244
240 107
240 892
240 821
240 135
240 170
240 960
240 700
240 1115
240 902
240 939
240 715
240 634
240 714
136 550
136 490
136 1061
136 33
136 65
136 709
136 103
136 1101
136 1052
136 611
136 581
136 984
136 792
136 559
136 299
136 113
404 1007
404 703
404 490
404 1061
404 268
404 141
404 533
404 1042
404 907
404 318
404 622
404 576
404 1022
404 455
404 957
404 147
404 749
404 470
404 246
404 857
404 501
404 770
404 648
404 949
404 401
404 528
404 675
404 531
404 1037
404 926
404 626
404 300
404 64
404 785
404 682
404 656
404 198
404 278
404 828
404 1048
404 722
404 188
852 1007
852 1061
852 937
852 955
852 669
852 279
130 133
130 403
130 989
130 550
130 842
130 563
130 27
130 516
130 452
130 1120
130 560
130 986
133 920
133 27
133 516
133 11
133 464
133 505
133 829
133 694
133 671
133 581
133 616
133 200
133 5
133 632
133 724
133 721
133 688
133 1
133 659
133 727
133 869
133 146
920 989
920 11
920 538
920 332
920 1106
920 262
920 986
920 724
920 530
920 1117
920 395
920 627
403 550
403 842
403 452
403 803
403 11
403 215
403 1112
403 332
403 110
403 39
403 73
403 998
403 561
403 1015
403 533
403 277
403 307
403 528
403 926
403 785
403 955
403 869
403 840
403 486
403 369
403 26
403 963
403 34
403 272
403 491
403 346
403 985
403 323
403 95
403 511
403 1064
403 630
403 917
403 238
989 27
989 719
989 516
550 842
550 516
550 452
550 408
550 538
550 407
550 32
550 215
550 332
550 110
550 623
550 588
550 687
550 604
550 1104
550 714
550 147
550 648
550 560
550 200
550 146
550 486
550 323
550 541
550 596
550 487
550 962
550 851
550 593
550 628
550 357
550 353
550 982
550 245
550 991
550 876
550 411
550 950
550 512
550 241
550 358
550 906
550 111
550 808
550 140
550 537
1007 703
1007 490
1007 1061
1007 219
1007 464
1007 1042
1007 1029
1007 1111
1007 639
1007 937
1007 104
1007 1070
1007 694
1007 804
1007 709
1007 814
1007 103
1007 170
1007 700
1007 714
1007 596
1007 1124
1007 3
1007 320
1007 91
1007 426
1007 645
1007 476
1007 184
1007 195
1007 431
1007 415
1007 311
1007 196
842 563
842 452
842 340
842 421
842 1072
842 560
842 727
842 962
842 320
842 362
842 914
842 564
842 63
842 900
842 686
27 516
27 464
27 829
27 810
27 581
27 200
27 632
27 688
27 727
27 411
27 1028
27 558
27 385
27 584
144 1061
144 714
144 724
144 906
144 365
144 802
1036 999
1036 726
1036 189
1036 230
1036 812
1036 866
1036 897
1036 397
703 1061
703 350
703 902
703 455
703 147
703 857
703 501
703 626
703 278
703 483
703 540
703 18
703 987
703 1093
703 368
703 137
703 329
703 429
703 643
703 166
703 635
7 32
7 110
7 1015
7 307
7 770
7 530
7 840
7 272
7 630
7 903
7 228
7 301
7 164
7 288
7 413
7 93
7 497
7 469
7 539
7 583
7 116
719 485
490 1061
490 694
490 244
1061 39
1061 464
1061 1042
1061 714
1061 365
1061 239
1061 929
516 1004
516 5
516 724
516 659
516 530
516 985
516 353
516 411
516 228
516 1008
516 459
516 1050
516 699
516 43
516 959
516 525
516 819
516 234
516 289
452 11
452 408
452 538
452 32
452 215
452 332
452 471
452 533
452 277
452 560
452 146
452 840
452 486
452 34
452 962
452 812
452 866
452 164
452 919
452 757
452 767
452 183
452 940
803 408
803 215
803 1112
803 350
803 110
803 39
803 268
803 219
803 533
803 307
803 648
803 628
803 195
803 497
803 919
803 757
803 60
803 725
803 1110
803 298
803 190
803 237
803 466
803 822
803 782
11 215
11 1112
11 586
11 332
11 1004
11 110
11 421
11 145
11 594
11 561
11 262
11 687
11 604
11 113
11 455
11 926
11 688
11 727
11 840
11 486
11 369
11 34
11 917
11 541
11 353
11 164
11 413
11 289
11 919
11 757
11 940
11 70
11 351
11 1130
11 341
11 10
11 475
11 162
11 1025
11 330
11 858
11 521
11 933
408 407
408 32
408 332
408 326
408 1015
408 533
408 687
408 307
408 840
408 982
408 686
408 866
408 164
408 288
408 93
408 469
408 539
408 919
408 757
408 767
408 10
408 521
408 818
408 20
408 1116
408 1123
408 255
408 617
408 1083
408 115
408 392
408 441
408 180
408 696
408 925
408 751
408 445
408 187
408 764
408 276
408 1051
408 787
408 794
408 1105
408 16
408 894
408 679
538 215
538 200
538 146
538 357
538 808
538 572
407 471
407 604
407 164
407 485
407 1123
407 1083
407 554
407 553
407 663
407 50
407 484
407 826
407 580
407 17
407 457
32 332
32 110
32 1053
32 595
32 113
32 560
32 272
32 630
32 288
32 959
32 757
32 298
32 787
32 928
32 954
32 881
32 801
32 1097
32 941
32 313
32 938
32 394
32 621
32 117
215 586
215 471
215 222
215 219
215 73
215 421
215 1114
215 742
215 440
215 789
215 271
215 573
215 1106
215 530
215 486
215 808
215 819
215 919
215 475
215 787
215 457
215 529
215 566
215 733
215 51
215 870
215 797
215 437
1112 1015
1112 469
1112 995
586 311
586 164
586 782
586 367
350 110
350 39
350 268
350 33
350 1119
350 1054
350 533
350 104
350 723
350 611
350 501
350 770
350 528
350 64
350 530
350 357
350 876
350 195
350 686
350 483
350 1093
350 368
350 429
350 166
350 635
350 1008
350 1110
350 190
350 180
350 965
350 270
350 296
350 1058
350 887
350 873
350 75
350 361
332 471
332 1106
332 113
332 986
332 530
332 840
332 630
332 982
332 866
332 329
332 288
332 539
332 919
332 782
332 70
332 679
332 911
332 1073
1004 110
1004 268
1004 533
1004 511
1004 357
1004 241
1004 539
1004 116
1004 289
1004 919
1004 822
1004 70
1004 1078
1004 964
1004 120
1004 207
1004 257
1004 1087
1004 1107
471 1106
471 723
471 595
471 604
471 235
471 307
471 714
471 986
471 530
471 26
471 985
471 357
471 320
471 397
471 288
471 93
471 116
471 819
471 298
471 466
471 782
471 16
471 17
471 1041
471 15
471 400
471 517
471 642
471 600
471 236
471 458
471 893
471 423
129 573
110 33
110 145
110 709
110 1101
110 611
110 984
110 559
110 113
110 628
110 397
110 903
110 301
110 288
110 1050
110 919
110 521
110 400
110 769
110 978
110 946
110 179
110 1006
110 74
39 268
39 533
39 723
39 501
39 630
39 483
39 329
39 725
39 430
39 598
268 141
268 533
268 723
268 595
268 455
268 147
268 501
268 770
268 675
268 926
268 300
268 64
268 785
268 272
268 426
268 195
268 166
268 164
268 93
268 725
268 237
268 180
268 925
268 296
268 712
268 150
268 730
268 220
268 1062
222 219
222 73
222 421
222 1114
222 790
222 742
222 789
222 573
222 5
222 808
222 475
222 941
222 529
222 328
222 402
222 755
222 35
222 1069
222 206
222 1127
222 106
222 22
222 1045
222 1094
222 1021
222 142
219 73
219 421
219 1114
219 742
219 544
219 789
219 573
219 277
219 639
219 709
219 576
219 528
219 323
219 808
219 3
219 819
219 475
219 751
219 529
219 887
219 507
219 8
219 509
219 172
219 345
219 1057
219 555
219 306
73 421
73 1114
73 742
73 789
73 271
73 573
73 95
73 808
73 529
73 870
73 62
73 800
73 201
73 315
340 1094
728 1114
728 440
728 66
728 627
728 712
728 1094
728 646
728 99
728 337
421 331
421 1114
421 742
421 544
421 271
421 573
421 446
421 508
421 177
421 611
421 648
421 593
421 485
421 341
421 475
421 402
421 231
421 773
421 523
331 271
331 177
331 566
331 402
331 280
331 1032
331 859
331 12
1114 790
1114 440
1114 789
1114 573
1114 753
1114 808
1114 22
1114 1094
1114 280
1114 494
790 440
790 753
790 808
790 870
790 328
790 402
790 755
790 1127
790 22
790 1094
790 494
790 832
790 670
790 936
790 1076
742 789
742 271
742 573
742 808
742 397
742 70
742 529
742 910
544 727
544 808
544 3
544 870
544 1094
544 509
544 172
544 46
544 565
544 412
544 1108
440 789
440 753
440 808
440 475
440 870
440 712
440 1094
440 646
440 494
440 832
440 310
789 573
789 753
789 828
789 959
789 298
789 529
789 437
789 1073
789 1006
789 646
789 280
789 12
789 127
789 1068
789 273
789 898
789 297
789 697
789 327
789 827
789 951
464 505
464 1042
464 88
464 244
464 107
464 714
464 724
464 869
464 906
464 228
464 757
464 1073
464 345
464 306
464 744
464 436
464 969
271 687
271 724
271 566
271 51
271 859
271 832
271 774
573 446
573 628
573 808
573 1124
573 583
573 819
573 289
573 767
573 351
573 475
573 764
573 394
573 529
573 517
573 646
573 1032
573 494
573 832
573 882
573 383
573 122
573 1040
573 666
573 763
573 443
573 901
573 796
1053 835
1053 595
1053 917
1053 353
1053 330
1053 521
1053 17
1053 941
1053 938
1053 120
1053 74
1053 827
1053 856
1053 302
1053 838
1053 176
1053 460
1053 547
217 990
217 723
217 687
217 581
217 455
217 147
217 528
217 724
217 985
217 320
217 1006
217 773
217 523
217 284
217 890
217 575
217 209
217 0
217 1126
217 848
432 734
432 927
432 593
432 919
432 430
432 226
432 118
432 428
432 449
432 518
432 1046
33 623
33 326
33 533
33 88
33 1070
33 709
33 999
33 177
33 1101
33 611
33 581
33 984
33 559
33 299
33 724
33 593
33 357
33 397
33 485
33 234
33 764
33 769
33 1006
33 74
33 0
33 57
33 499
33 514
33 676
33 213
33 608
33 1034
33 377
33 47
33 211
33 813
33 173
141 999
141 147
141 137
141 941
141 918
134 338
134 694
134 804
134 605
134 847
134 700
134 634
134 1101
134 749
134 288
134 186
1119 533
1119 723
1119 595
1119 578
1119 501
1119 368
1119 497
1119 794
1119 360
1119 839
623 396
623 533
623 104
623 694
623 318
623 605
623 700
623 1052
623 455
623 357
623 876
623 1110
623 794
623 1105
623 839
623 1131
623 641
623 266
623 662
623 668
623 994
623 98
1106 594
1106 687
1106 305
1106 949
1106 986
1106 530
1106 395
1106 917
1106 365
1106 288
1106 572
1106 1041
1106 400
1106 893
1106 1126
1106 915
1106 163
1106 548
1106 664
505 594
505 338
505 700
505 715
505 714
505 501
505 724
505 721
505 659
505 357
505 411
505 512
505 63
505 385
505 20
505 572
505 893
505 310
505 664
505 958
438 1104
438 869
438 395
438 392
438 157
326 446
326 224
326 1104
326 235
326 177
326 927
326 701
326 164
326 919
326 173
326 891
396 723
396 363
396 1022
396 470
396 401
396 300
396 682
396 828
396 188
396 476
396 166
396 635
396 1051
396 1105
396 412
396 294
396 254
396 1016
396 908
396 155
829 594
829 810
829 724
829 521
829 51
829 400
829 260
829 756
145 687
145 1101
145 608
344 1054
344 1022
344 470
344 949
344 828
344 630
344 412
344 1016
344 592
344 743
344 693
835 65
835 400
835 946
835 314
835 673
835 736
753 808
753 1124
753 764
753 529
753 566
753 870
753 1094
753 1032
753 494
753 673
753 736
753 451
753 317
753 1019
753 1103
753 78
753 585
998 724
998 95
998 357
998 351
998 1073
998 119
998 343
998 21
998 695
998 720
1054 307
1054 501
1054 630
1054 537
1054 918
1054 1011
1054 761
1054 956
1054 809
1054 599
65 416
65 559
65 113
65 400
65 179
65 314
65 673
65 552
65 570
65 191
65 778
65 23
65 218
65 9
65 221
65 293
594 444
594 1043
594 671
594 5
594 724
594 659
594 530
594 851
594 819
594 330
594 600
594 1034
594 260
594 756
594 317
594 321
594 708
594 161
594 660
810 400
810 161
410 710
410 330
410 600
410 585
410 343
410 977
1095 756
1095 9
1095 376
1095 143
444 604
444 559
444 314
710 756
990 723
990 66
990 147
990 962
990 982
990 679
990 430
990 1126
990 668
990 151
990 707
510 583
510 1130
561 486
561 695
561 352
1015 533
1015 723
1015 604
1015 746
1015 501
1015 278
1015 166
1015 288
1015 679
1015 99
1015 447
533 104
533 723
533 622
533 1101
533 147
533 470
533 857
533 501
533 770
533 648
533 949
533 401
533 528
533 926
533 64
533 785
533 656
533 198
533 278
533 560
533 1
533 272
533 630
533 876
533 537
533 476
533 584
533 1093
533 301
533 288
533 93
533 1110
533 521
533 180
533 794
533 457
533 941
533 296
533 887
533 964
533 430
533 730
533 231
533 838
533 1131
533 155
533 629
533 214
533 878
533 479
533 233
533 1023
533 1000
533 31
533 841
533 966
533 359
262 687
262 671
262 628
262 583
262 940
262 696
262 928
262 117
262 1041
262 236
262 74
262 666
262 664
262 182
262 718
262 1005
262 252
262 845
262 203
262 692
262 384
262 89
262 40
262 472
262 223
262 1026
262 1092
277 723
277 714
277 147
277 857
277 528
277 198
277 491
277 596
277 942
277 875
277 677
1042 694
1042 311
1111 88
1111 1070
1111 709
1111 714
1111 969
1111 377
1111 652
639 846
639 694
639 637
639 948
639 814
639 103
639 107
639 939
639 634
639 982
639 906
639 288
639 757
639 356
639 159
338 694
338 709
338 687
338 847
338 637
338 103
338 700
338 634
338 969
338 199
846 88
846 939
846 377
846 652
937 669
937 279
937 323
937 320
937 782
937 400
937 677
937 602
937 556
937 467
104 318
104 723
104 455
104 470
104 501
104 949
104 401
104 528
104 926
104 64
104 785
104 682
104 357
104 876
104 426
104 558
104 584
104 1008
104 180
104 965
104 887
104 964
104 430
104 712
104 254
104 214
104 31
104 382
104 123
104 943
104 590
104 589
104 625
88 1070
88 694
88 709
88 595
88 604
88 605
88 814
88 611
88 969
88 377
88 684
416 401
416 75
416 598
416 565
416 293
416 983
416 312
1070 709
1070 244
1070 377
1070 652
694 605
694 637
694 948
694 500
694 103
694 244
694 107
694 821
694 170
694 700
694 902
694 939
694 634
694 714
694 724
694 196
694 164
694 969
694 499
694 377
694 652
694 61
804 637
804 948
804 500
804 103
804 244
804 821
804 170
804 902
804 499
374 491
374 320
374 645
374 903
374 301
374 757
374 51
374 856
374 838
374 409
374 92
374 42
374 243
709 700
709 1101
709 848
709 377
709 232
709 474
568 671
568 714
568 323
568 320
568 903
568 782
568 51
568 1080
568 165
568 185
1072 312
318 246
318 531
318 828
318 876
318 964
318 1016
318 1000
318 31
318 841
318 865
318 309
723 671
723 714
723 455
723 147
723 501
723 528
723 675
723 198
723 5
723 395
723 876
723 426
723 195
723 686
723 558
723 1093
723 329
723 429
723 51
723 965
723 887
723 589
723 303
622 857
622 483
622 629
622 878
363 455
363 401
363 166
363 1105
363 296
363 430
363 199
363 1077
363 1049
1043 687
1043 604
1043 671
1043 305
1043 721
1043 196
1043 228
1043 893
1043 1127
1043 122
1043 915
1043 119
1043 695
1043 123
1043 414
1043 532
1043 1118
1043 974
1043 1055
66 627
66 630
66 812
66 301
66 712
66 99
66 460
66 761
66 707
595 687
595 64
595 721
595 808
595 964
595 328
595 676
687 604
687 446
687 305
687 560
687 146
687 985
687 866
687 539
687 819
687 70
687 10
687 858
687 801
687 1078
687 207
687 1127
687 142
687 915
687 163
687 1019
687 223
687 474
687 1102
687 1129
687 478
687 1109
687 574
604 734
604 305
604 1052
604 147
604 560
604 189
604 164
604 116
604 782
604 115
604 445
604 276
604 797
604 600
604 74
604 206
604 773
604 898
604 838
604 1034
604 163
604 756
604 317
604 165
604 366
604 636
604 771
604 193
604 1113
604 620
578 64
578 900
578 812
578 774
578 676
578 360
578 343
578 684
578 880
578 740
578 1013
671 503
671 714
671 785
671 200
671 724
671 727
671 869
671 395
671 357
671 1093
671 164
671 298
671 330
671 17
671 941
671 911
671 1041
671 400
671 458
671 310
671 1126
671 915
671 664
671 472
671 636
503 200
503 146
861 235
861 999
446 55
446 1104
446 508
446 235
446 999
446 734
446 1132
446 177
446 927
446 593
446 914
446 564
446 230
446 812
446 866
446 903
446 164
446 288
446 959
446 919
446 764
446 773
446 523
446 173
446 841
446 579
446 825
446 1018
446 256
224 55
224 235
224 927
224 919
224 579
224 657
55 1104
55 235
55 999
55 734
55 177
55 927
55 812
55 164
55 919
55 757
55 679
55 911
55 773
55 1131
55 891
55 841
55 657
55 265
1104 235
1104 999
1104 869
1104 950
1104 914
1104 164
1104 20
1104 764
1104 484
1104 826
1104 17
1104 773
1104 157
1104 891
1104 660
1104 657
1104 480
1104 772
1104 597
1104 647
1104 456
1104 393
1104 324
498 237
498 115
498 226
498 449
498 806
498 216
498 390
508 235
508 177
508 927
508 611
508 659
508 530
508 593
508 301
508 919
508 341
508 10
508 954
508 173
508 748
508 96
235 999
235 734
235 1132
235 177
235 927
235 611
235 616
235 869
235 397
235 164
235 919
235 298
235 341
235 733
235 523
235 173
235 253
999 177
999 927
999 1101
999 869
999 866
999 919
999 764
999 1032
999 173
999 825
999 777
999 97
734 927
734 528
734 237
734 521
734 173
734 579
1132 177
1132 927
1132 611
1132 593
1132 341
1132 523
1132 173
1132 1080
1132 1018
1132 253
177 927
177 1101
177 530
177 395
177 919
177 679
177 443
177 173
177 1131
967 530
927 611
927 395
927 593
927 564
927 341
927 118
927 449
927 173
927 657
927 748
927 253
927 97
927 904
927 102
927 131
701 767
701 764
701 580
701 157
701 891
701 587
701 45
701 154
701 747
701 582
701 1001
746 278
305 659
305 1008
305 1050
305 298
305 1025
305 858
305 521
305 928
305 801
305 1078
305 915
305 163
305 123
225 628
225 357
225 472
225 92
225 1118
307 486
307 164
307 288
307 93
307 102
307 425
519 1101
519 696
519 187
519 841
519 40
519 197
519 551
519 54
519 895
519 468
519 417
685 367
685 442
319 1038
319 823
319 831
605 1101
605 611
605 299
605 98
847 700
847 147
847 749
847 470
847 196
847 166
847 1105
847 98
847 1049
637 368
637 819
637 8
637 660
637 291
836 948
836 814
836 103
836 135
836 982
836 368
948 500
948 814
948 103
948 821
948 170
948 869
948 196
948 499
500 103
500 902
500 714
500 1110
500 345
814 659
814 969
103 659
103 368
103 969
103 499
103 474
107 509
892 99
892 98
821 196
821 499
700 634
700 714
700 147
700 749
700 470
700 1048
700 166
700 180
700 98
700 229
1115 714
1115 98
902 627
939 906
939 652
634 749
634 866
634 1008
634 284
714 5
714 721
714 659
714 530
714 512
714 320
714 184
714 311
714 969
714 499
714 577
714 754
1101 611
1101 984
1101 559
1101 299
1101 113
1101 485
1101 60
1101 782
1101 20
1101 255
1101 751
1101 575
1101 213
1101 608
1101 314
1101 736
1101 23
1101 414
1101 620
1101 265
1101 772
1101 705
1101 1017
1101 567
1052 611
1052 559
1052 113
1052 528
1052 357
1052 813
1052 641
611 299
611 593
611 564
611 903
611 301
611 919
611 237
611 341
611 441
611 954
611 449
611 377
611 173
611 1131
611 96
611 131
611 167
581 457
581 51
581 284
581 266
581 673
581 707
581 352
581 636
581 860
984 764
984 1006
984 608
984 958
984 567
792 517
792 74
792 57
792 1131
792 664
792 1005
792 89
792 223
792 601
792 28
792 82
792 788
559 113
559 400
559 946
559 1131
559 314
559 570
559 191
559 372
559 1067
299 213
299 608
299 173
113 397
113 400
113 946
113 570
576 528
576 669
576 26
576 91
576 137
576 964
576 231
576 1077
576 651
576 624
1022 147
1022 949
1022 300
1022 682
1022 828
1022 188
1022 635
1022 1110
1022 190
1022 1105
1022 964
1022 412
1022 294
1022 1016
1022 592
1022 743
1022 693
1022 651
455 147
455 949
455 926
455 596
455 195
455 483
455 429
455 1110
455 180
455 794
455 887
455 841
455 1102
455 811
957 323
957 8
957 159
957 467
957 185
957 992
147 749
147 501
147 949
147 675
147 926
147 300
147 785
147 278
147 1048
147 659
147 596
147 357
147 876
147 426
147 483
147 166
147 288
147 1110
147 237
147 180
147 887
147 964
147 730
147 220
147 592
147 943
147 474
147 865
147 811
147 1122
147 1085
147 783
749 949
749 300
749 1048
749 426
749 166
749 180
749 1085
749 295
470 949
470 401
470 528
470 675
470 300
470 682
470 828
470 188
470 166
470 1105
470 75
470 670
470 98
470 1016
470 293
470 214
470 1000
470 865
470 1077
470 651
470 1085
470 752
246 682
246 656
246 278
246 722
246 3
246 426
246 190
246 841
246 92
246 480
246 1085
246 287
246 41
246 979
857 401
857 828
857 630
857 982
857 537
857 288
857 712
857 838
857 155
857 761
857 629
857 214
857 878
857 233
857 1023
857 1000
857 1080
857 766
857 603
501 770
501 528
501 278
501 724
501 1064
501 876
501 476
501 195
501 429
501 93
501 497
501 1110
501 1058
501 1062
501 966
770 785
770 272
770 1064
770 1093
770 93
770 43
770 787
770 1062
770 163
648 528
648 596
648 476
648 137
648 164
648 341
648 954
648 231
648 173
648 53
949 401
949 675
949 1037
949 926
949 626
949 64
949 785
949 656
949 198
949 278
949 724
949 272
949 596
949 245
949 876
949 476
949 195
949 635
949 93
949 1110
949 521
949 180
949 1058
949 964
949 730
949 231
949 1016
949 49
949 879
401 675
401 531
401 926
401 626
401 300
401 682
401 656
401 198
401 828
401 188
401 876
401 426
401 476
401 497
401 180
401 1105
401 964
401 1016
401 31
401 1077
401 752
401 653
528 926
528 64
528 785
528 682
528 188
528 596
528 368
528 166
528 1110
528 794
528 887
528 964
528 865
675 300
675 64
675 656
675 166
675 237
675 180
675 220
675 293
675 1077
531 300
531 828
531 876
531 929
531 964
531 430
531 155
531 31
531 653
1037 682
1037 278
1037 679
1037 155
926 785
926 724
926 876
926 368
926 1110
926 794
926 679
926 117
926 887
926 964
926 214
926 199
926 382
926 1077
626 300
626 682
626 828
626 426
626 1105
626 1131
626 589
626 1077
626 783
626 653
300 64
300 682
300 656
300 828
300 188
300 166
300 635
300 1105
300 75
300 730
300 518
300 1077
300 653
300 462
300 496
300 972
64 537
64 3
64 584
64 237
64 822
64 296
64 730
64 1062
64 123
64 462
64 661
64 609
785 395
785 596
785 876
785 195
785 1110
785 51
785 1058
785 231
785 966
785 42
785 1080
682 656
682 278
682 828
682 722
682 188
682 426
682 190
682 1105
682 412
682 294
682 1016
682 214
682 1077
682 1085
682 979
656 278
656 828
656 722
656 426
656 180
656 887
656 592
656 214
656 309
656 1085
656 979
656 716
198 722
198 395
198 195
198 99
198 838
198 651
198 496
278 876
278 93
278 190
278 887
278 969
278 1131
278 592
278 293
278 447
278 1085
278 762
828 188
828 426
828 1105
828 730
828 294
828 908
828 966
828 1080
828 865
828 309
828 1077
828 480
828 49
828 653
828 674
828 631
1048 180
1048 952
722 426
722 190
722 848
722 592
722 1000
722 1085
722 979
188 294
188 1016
188 131
188 48
188 830
955 306
955 284
955 943
955 121
669 757
669 306
669 556
669 467
669 817
279 817
1120 827
560 329
560 70
560 521
560 484
560 412
560 969
560 1131
560 971
986 530
986 982
986 866
986 116
986 787
986 679
986 68
616 400
200 724
200 869
200 146
200 362
200 911
200 21
200 651
200 731
5 146
5 395
5 985
5 413
5 1050
5 1030
724 688
724 727
724 869
724 146
724 395
724 985
724 323
724 808
724 558
724 385
724 521
724 887
724 1073
724 882
724 915
724 157
724 1019
724 660
724 89
724 1080
724 636
724 454
724 759
724 375
724 132
724 862
724 86
721 330
721 741
688 511
688 558
688 928
688 1041
688 642
688 236
688 901
688 1034
688 472
688 250
659 357
659 558
659 397
659 116
659 757
659 1073
659 946
659 231
659 969
659 915
659 778
659 708
659 660
659 1118
659 1102
659 478
659 871
659 139
659 922
659 658
727 733
727 120
727 15
727 893
727 142
727 936
727 514
727 574
727 482
727 473
869 395
869 385
869 228
869 367
869 773
869 157
869 891
869 759
869 375
869 1039
146 26
146 385
146 572
146 873
146 911
146 1073
146 624
146 738
530 395
530 357
530 397
530 116
530 782
530 925
530 928
530 1041
530 642
530 1006
530 328
530 1045
530 915
530 664
530 1100
1117 801
1117 1131
1117 381
395 686
395 164
395 475
395 764
395 797
395 1041
395 773
395 664
395 891
395 660
395 738
395 535
395 434
395 175
627 521
627 712
627 99
627 1128
840 486
840 26
840 34
840 93
840 919
486 34
486 298
486 787
486 915
26 301
26 933
26 925
26 911
26 670
26 848
26 651
26 731
26 4
26 1027
963 385
34 491
34 537
34 782
34 51
34 92
34 1118
272 1064
272 301
272 288
272 93
272 941
272 296
272 29
491 385
491 1093
491 995
491 636
985 630
985 357
985 413
985 539
985 1050
985 915
985 123
985 1030
323 512
323 320
323 288
323 757
323 782
323 8
323 185
323 545
323 422
323 557
323 439
95 357
95 315
95 813
95 343
95 695
95 384
95 880
95 601
95 433
95 76
95 844
511 397
511 919
511 351
511 394
511 236
511 1034
511 89
511 1020
511 504
1064 43
630 195
630 558
630 288
630 941
630 730
630 942
630 199
917 801
917 236
917 1013
917 417
917 124
917 888
541 70
541 858
596 91
596 887
596 964
596 231
487 120
487 514
487 94
487 739
487 259
962 245
962 537
962 584
962 993
851 330
851 756
593 564
593 485
593 231
593 226
593 118
593 173
593 366
593 579
593 160
593 885
628 397
628 116
628 919
628 940
628 298
628 466
628 70
628 351
628 187
628 928
628 117
628 1041
628 1034
628 203
628 384
628 223
628 167
628 495
357 664
357 695
357 532
357 1118
357 636
357 204
357 83
353 819
353 521
353 787
353 915
353 599
353 161
353 862
353 86
353 535
353 336
353 1074
353 192
982 866
982 288
982 757
982 767
982 10
982 925
982 1051
982 679
982 367
982 197
982 545
982 67
982 667
982 286
991 757
991 99
991 243
991 427
876 166
876 1116
876 180
876 296
876 887
876 964
876 712
876 254
876 1016
876 865
876 105
411 358
411 289
411 521
411 928
411 1107
411 236
411 171
950 914
950 288
950 392
950 751
950 17
950 457
950 236
950 891
950 442
950 67
950 889
950 610
512 137
512 185
512 1024
241 1126
241 514
241 473
241 94
241 739
241 997
241 227
241 867
241 128
358 10
358 928
358 881
358 1107
358 1034
358 756
358 1005
358 899
906 10
906 925
906 969
906 159
906 185
111 583
808 529
808 566
808 870
808 1073
808 1094
808 494
140 757
140 306
537 903
537 751
537 941
537 51
537 367
537 796
537 856
537 891
537 409
537 480
537 456
1124 1094
1124 646
1124 280
1124 859
1124 443
3 426
320 415
320 1050
320 782
320 8
320 676
320 439
320 874
320 618
320 795
320 398
320 515
320 1044
320 930
426 166
426 1105
426 98
426 1085
426 783
426 979
645 757
645 306
645 677
645 159
645 165
645 185
645 422
645 557
645 1125
476 368
476 497
476 964
476 460
476 294
476 480
195 457
195 752
415 306
415 795
311 365
311 520
196 75
196 98
196 1049
196 515
196 691
362 51
362 911
362 157
362 30
362 109
914 397
914 164
914 288
914 1083
914 441
914 751
914 764
914 1051
914 50
914 484
914 51
914 797
914 367
914 773
914 796
914 209
914 211
914 157
914 480
914 772
914 456
914 393
914 442
914 603
914 109
914 1035
914 546
914 745
914 84
564 341
564 925
564 457
564 838
564 173
564 42
63 301
63 106
63 94
63 259
900 454
686 368
686 485
686 818
686 20
686 1116
686 1123
686 255
686 617
686 1083
686 115
686 751
686 887
686 430
686 156
686 1003
686 386
686 1081
686 543
686 905
686 837
686 1091
1028 903
1028 138
558 584
558 365
558 228
558 751
558 1058
558 310
558 382
558 456
385 189
385 92
385 425
385 932
385 292
385 868
584 965
584 1058
584 1099
365 583
365 940
365 521
365 117
365 1041
365 642
365 236
365 882
365 901
365 575
365 692
365 229
365 741
365 504
365 520
802 17
802 1069
726 189
726 230
726 542
726 79
189 230
189 866
189 903
189 292
230 903
230 848
230 667
230 931
230 44
230 52
230 461
230 784
812 897
812 525
812 521
812 276
812 679
812 600
812 636
812 771
812 1013
812 1017
812 972
812 909
812 619
812 261
866 1058
866 236
866 1006
866 273
866 327
866 428
866 542
866 522
897 43
897 764
897 600
897 430
897 119
897 771
897 972
397 583
397 959
397 919
397 940
397 70
397 521
397 50
397 928
397 306
397 910
397 969
397 57
397 472
397 478
397 1100
397 606
397 680
483 1093
483 368
483 592
483 1085
18 912
987 1093
987 137
987 643
987 565
987 303
1093 368
1093 137
1093 329
1093 429
1093 190
1093 51
1093 965
1093 361
1093 1080
1093 303
1093 450
368 429
368 497
368 180
368 794
368 1058
368 887
368 361
368 964
368 1034
368 912
368 1063
137 643
137 447
137 303
329 429
329 10
329 942
429 635
429 190
643 293
643 625
643 883
166 180
166 1105
166 1131
166 98
166 294
166 908
166 293
166 1085
635 190
903 301
903 164
903 288
903 93
903 757
903 255
903 928
903 941
903 995
903 796
903 856
903 662
903 602
228 1025
228 521
228 915
228 636
228 520
228 481
301 288
301 497
301 583
301 255
301 941
301 394
301 995
301 856
301 514
301 651
301 1100
164 20
164 1123
164 1083
164 441
164 751
164 764
164 553
164 580
164 797
164 367
164 773
164 856
164 891
164 265
164 393
164 543
164 837
164 44
164 1121
288 93
288 497
288 469
288 237
288 10
288 20
288 255
288 180
288 484
288 941
288 367
288 600
288 1006
288 712
288 8
288 936
288 969
288 856
288 838
288 428
288 514
288 918
288 629
288 692
288 587
288 286
288 867
288 843
288 263
413 919
413 70
413 330
413 600
413 1103
413 343
413 977
413 1030
413 465
413 758
413 689
93 941
93 969
93 856
93 966
93 435
497 598
497 599
497 784
469 767
469 1123
469 50
469 995
469 430
469 231
469 992
469 81
539 919
539 51
539 548
539 673
539 707
539 40
583 116
583 1008
583 919
583 70
583 1045
583 838
583 1126
583 676
583 360
583 229
583 1056
583 853
583 678
583 208
583 607
583 14
116 919
116 298
116 466
116 692
116 229
116 888
116 370
116 333
485 183
485 237
485 341
485 818
485 1116
485 255
485 617
485 441
485 751
485 17
485 954
485 670
485 211
485 173
485 1131
485 96
485 109
485 156
485 1003
485 386
485 1081
485 1091
485 784
485 125
485 406
485 210
239 520
929 794
929 964
929 1077
1008 928
1008 1006
1008 8
1008 901
1008 284
1008 514
1008 1034
1008 89
1008 123
1008 735
459 525
1050 70
1050 1025
1050 787
1050 801
1050 575
699 767
699 157
699 587
699 747
699 1001
699 1065
699 267
699 1010
699 1082
699 824
699 347
699 513
43 1078
43 915
43 119
959 298
959 273
959 389
525 822
525 636
525 704
525 1031
819 70
819 1126
819 161
819 92
819 1102
819 597
819 535
819 504
819 867
234 517
234 74
234 57
234 664
234 1005
234 845
234 89
234 601
234 896
234 502
234 923
234 886
289 925
289 99
289 666
289 1034
289 1131
289 76
289 100
919 767
919 940
919 466
919 70
919 341
919 787
919 928
919 523
919 173
919 825
919 167
919 67
919 678
919 152
757 767
757 183
757 782
757 925
757 16
757 954
757 430
757 8
757 306
757 99
757 969
757 942
757 677
757 159
757 474
757 165
757 185
757 557
757 618
757 650
757 322
757 944
757 1084
767 441
767 925
767 787
767 553
767 484
767 457
767 430
767 712
767 856
767 209
767 163
767 157
767 891
767 265
767 480
767 45
767 154
767 582
767 197
767 44
767 347
767 513
767 913
767 371
183 1123
183 954
183 156
183 386
183 1091
940 351
940 521
940 117
940 1041
940 910
940 547
940 478
940 197
940 601
940 843
940 935
60 127
60 636
60 1017
725 1110
725 730
1110 794
1110 270
1110 661
298 437
298 1006
298 273
298 302
298 713
190 75
190 979
237 730
466 351
466 167
466 100
466 935
782 430
782 712
782 8
782 306
782 969
782 199
782 467
782 92
782 42
782 165
782 167
782 557
782 930
782 1088
782 71
782 242
70 351
70 10
70 925
70 928
70 89
70 171
70 853
70 886
70 935
351 1041
351 641
351 100
1130 187
1130 881
1130 78
1130 899
341 954
341 231
341 96
10 521
10 74
10 666
10 393
475 51
475 1055
1025 696
330 521
330 276
330 894
330 881
330 313
330 51
330 400
330 600
330 317
330 1103
330 585
330 343
330 321
330 977
330 390
330 899
330 251
330 249
330 492
330 644
330 816
858 51
858 1078
858 915
858 691
858 536
858 373
521 441
521 180
521 696
521 17
521 400
521 74
521 915
521 664
521 31
521 40
521 472
521 193
521 197
521 895
521 349
521 1012
933 384
933 731
933 4
818 20
818 1116
818 617
818 115
818 287
818 112
20 1116
20 1123
20 255
20 617
20 1083
20 115
20 751
20 17
20 773
20 209
20 891
20 393
20 287
20 1003
20 1081
1116 1123
1116 255
1116 617
1116 1083
1116 115
1116 1131
1116 254
1116 287
1116 1003
1116 125
1116 924
1123 255
1123 1083
1123 115
1123 773
1123 109
255 617
255 1083
255 115
255 751
255 553
255 50
255 856
255 1131
255 287
255 661
255 386
255 1081
255 1091
255 210
617 1083
617 115
617 751
617 772
617 287
617 1003
617 1091
1083 115
1083 773
1083 393
115 891
115 210
392 764
392 679
392 891
392 4
392 67
392 1003
392 944
441 764
441 484
441 17
441 797
441 367
441 796
441 209
441 211
441 660
441 265
441 772
441 456
441 442
441 603
441 731
441 109
441 1035
441 546
441 745
441 84
441 1075
180 964
180 98
180 480
180 783
180 979
180 952
696 801
696 236
696 203
696 54
696 29
696 433
696 448
925 666
925 888
925 542
925 886
925 1009
751 887
751 911
751 773
751 393
751 1081
751 543
751 905
751 837
751 1121
751 112
751 775
751 791
751 304
187 40
187 54
187 895
187 167
187 888
187 2
764 484
764 580
764 367
764 1006
764 773
764 796
764 209
764 211
764 265
764 587
764 154
764 582
764 1001
764 442
764 1003
764 1081
764 1082
764 824
764 944
764 1059
764 1090
276 313
276 600
276 430
1051 442
1051 1010
1051 944
1051 112
787 813
787 532
787 433
787 913
794 918
794 662
1105 270
1105 75
1105 98
1105 1077
1105 1049
1105 716
1105 952
1105 793
16 367
16 203
16 44
16 921
16 863
894 430
894 838
894 1131
894 303
894 249
679 367
679 173
679 123
679 849
572 51
554 553
554 663
554 324
553 663
553 484
553 826
553 209
553 393
553 651
553 569
553 181
663 50
663 1023
663 480
663 324
663 651
663 931
663 784
50 484
50 826
50 797
50 367
50 891
50 1102
50 772
50 456
50 67
50 1081
484 826
484 17
484 797
484 367
484 796
484 856
484 772
484 603
484 1081
484 406
484 524
826 443
826 209
826 372
580 17
580 209
580 157
580 265
580 772
580 587
580 154
580 1082
17 209
17 157
17 265
17 109
17 304
457 367
457 425
928 1041
928 1032
928 383
928 666
928 284
928 1034
928 182
928 472
928 1102
928 1100
928 680
954 173
954 160
881 600
881 343
881 197
881 899
801 1045
801 273
801 451
801 417
801 681
801 655
1097 893
1097 1021
1097 936
1097 514
1097 68
1097 739
941 856
941 918
941 651
313 78
938 120
938 1126
938 514
938 473
938 322
938 282
394 89
394 419
117 870
117 384
117 741
117 433
117 853
566 402
566 646
566 1032
566 859
566 12
566 565
566 171
566 997
566 784
566 702
566 258
566 1060
51 400
51 893
51 310
51 856
51 176
51 1126
51 161
51 651
51 741
51 109
51 932
51 481
51 77
51 779
870 1094
870 800
870 315
870 646
870 494
797 442
797 1081
797 931
797 80
437 585
437 658
437 667
437 461
437 607
437 713
437 534
437 56
995 856
995 92
995 952
995 81
367 430
367 773
367 443
367 796
367 209
367 211
367 143
367 92
367 265
367 772
367 456
367 1001
367 442
367 603
367 109
367 1035
367 546
367 745
367 84
367 524
965 474
296 887
1058 99
1058 209
1058 480
1058 456
887 966
887 354
873 1073
873 447
75 565
75 98
75 1077
75 1049
75 817
75 691
911 1073
911 773
911 763
911 425
911 651
911 731
911 1027
1078 207
1078 1107
1078 423
1078 1034
1078 163
1078 664
964 430
964 1016
964 629
964 865
964 912
120 328
120 755
120 106
120 1045
120 514
120 86
120 473
120 282
120 970
257 642
1087 458
1087 324
1107 646
1107 1032
1107 666
1107 472
1107 788
1107 545
1107 896
1107 612
1041 517
1041 642
1041 910
1041 664
1041 182
1041 1005
1041 845
1041 203
1041 472
1041 223
1041 42
1041 680
1041 85
1041 153
1041 212
15 1045
15 514
15 92
400 946
400 1131
400 756
400 673
400 736
400 552
400 570
400 191
400 778
400 23
400 1055
400 1109
400 922
400 248
400 158
400 364
517 910
517 664
517 1005
517 89
642 229
642 741
642 85
600 430
600 465
236 547
236 673
236 161
236 478
236 433
236 77
236 768
236 290
458 414
458 532
458 433
458 844
458 1009
458 379
458 665
458 38
893 150
893 755
893 1045
893 1021
893 142
893 936
893 774
893 1126
893 514
893 1038
893 739
893 263
893 655
893 779
893 281
893 527
893 308
893 126
893 1047
893 488
893 378
893 654
423 161
769 250
769 849
769 85
769 399
946 673
946 778
946 23
946 218
946 1067
946 922
946 158
946 424
179 838
179 314
1006 273
1006 284
1006 707
1006 636
1006 1017
1006 178
1006 1089
74 430
74 712
74 284
74 664
74 1005
74 89
74 601
74 28
74 871
74 923
74 153
430 8
430 209
430 428
430 173
430 841
430 545
430 522
430 607
430 71
430 781
430 283
712 646
712 99
712 127
712 1030
712 545
150 936
150 838
150 1038
150 68
150 739
150 114
730 309
328 22
328 1126
328 574
328 259
328 970
328 281
328 168
402 206
402 1094
402 859
402 1038
402 867
755 22
755 1021
755 14
755 655
755 282
755 281
755 683
35 514
1069 206
1069 1127
1069 1126
1069 514
1069 259
1069 322
1069 335
206 22
206 467
206 454
206 795
206 322
206 282
206 335
1127 142
1127 1126
1127 514
1127 223
1127 474
1127 1129
1127 574
1127 94
1127 342
1127 453
106 259
106 997
106 655
22 1045
22 1021
22 142
22 172
22 800
22 315
22 1068
22 514
22 1019
22 574
22 227
22 655
22 612
22 308
22 168
22 968
22 285
22 833
22 477
1045 1021
1045 284
1045 514
1045 574
1045 867
1045 128
1045 655
1045 1047
1094 859
1094 494
1094 451
1021 936
1021 676
1021 1038
1021 739
1021 263
1021 655
1021 281
1021 126
1021 683
142 514
142 1038
142 378
142 526
142 1079
8 306
8 467
8 243
8 185
8 618
8 1044
8 174
509 172
172 800
172 565
172 1068
172 1019
172 161
172 285
306 677
306 243
306 185
306 817
306 618
306 795
306 1044
306 961
62 448
800 1019
800 285
201 315
201 414
201 705
201 448
201 1098
315 532
315 77
315 339
646 280
646 1032
646 859
646 1040
646 763
646 57
646 1019
646 393
99 284
99 707
99 878
99 89
99 250
99 922
231 523
231 173
231 359
773 284
773 209
773 265
773 772
773 393
773 4
773 1081
773 543
773 837
773 1121
773 775
773 37
523 173
523 96
523 102
280 12
280 297
1032 12
1032 565
1032 443
1032 57
1032 1019
1032 1003
1032 1010
1032 258
859 12
859 832
859 1019
859 1013
859 417
12 127
12 771
12 37
670 1077
670 651
670 731
670 4
670 1027
670 156
670 1091
670 931
670 784
670 181
670 864
936 514
936 1038
936 68
936 739
936 114
1076 613
910 82
412 969
412 294
412 1016
412 592
412 743
412 693
412 545
127 951
127 1131
127 636
127 1017
127 290
1068 1019
273 827
273 176
273 47
273 1017
273 658
273 72
898 1131
327 951
327 428
327 542
327 522
327 25
827 284
827 1017
827 658
951 428
951 79
744 896
436 520
969 1005
969 589
969 92
969 1102
969 175
969 275
774 343
774 1038
383 6
666 896
666 980
901 284
901 85
796 209
796 480
796 772
796 456
796 442
796 4
796 546
796 84
856 428
856 662
856 761
856 92
856 574
856 1018
856 114
838 662
838 629
838 574
838 1018
176 377
176 72
176 1086
284 575
284 514
284 1034
284 89
284 1017
284 86
284 175
284 87
575 1017
209 211
209 157
209 480
209 772
209 456
209 393
209 442
209 603
209 109
209 1035
209 546
209 745
209 84
0 1034
0 223
0 495
0 169
0 108
1126 514
1126 676
1126 574
1126 473
1126 259
1126 997
1126 227
1126 1056
1126 970
1126 101
848 294
848 92
848 651
848 4
848 1027
848 667
848 85
848 855
226 173
118 173
118 825
118 1018
428 542
428 79
428 522
428 25
449 102
518 633
1046 667
1046 542
1046 522
1046 25
1046 493
1046 649
57 1034
57 1131
57 664
57 1005
57 89
57 123
57 601
514 1131
514 89
514 574
514 577
514 68
514 473
514 739
514 259
514 997
514 227
514 322
514 655
514 282
514 378
676 86
676 473
676 342
213 608
213 691
1034 756
1034 845
1034 89
1034 100
1034 108
377 652
211 908
211 772
211 442
211 603
211 1035
211 546
211 745
211 84
813 343
813 384
813 913
813 1009
173 366
173 160
1131 673
1131 736
1131 119
1131 845
1131 384
1131 159
1131 620
1131 454
1131 610
1131 386
1131 732
1131 834
1131 418
1131 988
1131 274
641 504
662 409
668 1038
98 1049
98 1085
98 817
915 223
915 123
915 474
915 414
915 1129
915 304
163 707
163 30
548 1089
548 69
664 1005
664 252
664 845
664 89
664 92
664 601
664 28
664 788
664 871
664 502
664 923
664 886
664 100
664 36
958 472
157 891
157 265
157 393
157 587
157 45
157 582
157 1001
157 442
157 1065
157 347
157 513
157 371
891 265
891 480
891 772
891 587
891 45
891 747
891 347
294 1016
294 908
294 966
294 480
294 837
294 1033
254 865
254 154
254 786
254 805
1016 592
1016 743
1016 693
1016 31
1016 865
908 480
155 131
155 979
260 756
756 673
756 552
756 191
756 1005
756 1109
756 620
756 102
756 689
756 886
756 781
756 101
756 562
592 693
592 1085
592 979
743 480
743 131
743 71
693 174
314 570
314 191
673 552
673 321
673 102
673 83
736 552
317 899
1019 285
1103 977
1103 758
1103 1059
78 899
585 343
585 658
585 251
585 945
585 780
119 695
119 77
343 465
343 249
343 1059
343 760
343 776
343 947
343 264
343 19
21 38
695 414
695 204
761 640
552 253
570 191
570 158
778 922
23 123
9 143
293 447
293 983
321 899
660 393
660 67
977 899
977 758
977 492
977 1059
977 945
143 253
143 364
707 123
629 214
629 878
629 233
629 1023
214 878
878 233
1000 752
1000 979
1000 766
31 865
31 653
841 89
841 372
841 752
966 309
966 1077
966 651
359 269
718 495
1005 845
1005 89
1005 601
1005 28
1005 788
845 601
845 886
203 40
203 54
203 1039
203 888
203 448
692 333
692 793
692 247
692 698
692 348
384 495
89 1026
89 123
89 601
89 788
89 935
89 169
40 1055
40 54
40 468
40 2
40 19
472 620
223 474
223 1129
223 953
1026 202
1092 849
677 185
677 1125
159 992
159 545
159 717
467 185
467 795
467 961
589 614
92 1080
92 1077
92 974
92 1055
92 77
92 970
92 732
42 109
243 185
474 1129
474 495
474 1012
1080 109
165 269
185 934
865 309
865 979
303 651
303 49
1077 49
1077 609
1077 631
1049 817
1049 930
1049 793
1049 996
414 433
532 433
532 750
974 752
1055 651
1102 282
1102 877
1129 417
1129 94
1129 681
1129 342
1129 453
1129 477
1129 59
478 1039
478 495
478 100
478 153
574 86
574 259
574 168
574 342
574 59
366 1018
366 806
366 216
366 160
636 286
636 868
636 37
771 972
1113 921
1113 690
620 896
1013 759
579 784
657 253
265 45
265 747
265 582
265 1065
265 267
265 347
265 513
265 944
265 1090
265 325
480 772
480 456
480 393
480 766
480 716
772 456
772 442
772 603
772 1035
772 546
772 745
772 84
772 1075
647 324
647 112
647 181
647 80
456 67
393 442
393 347
393 775
393 791
393 304
324 349
324 181
324 80
390 922
96 406
777 462
131 71
587 747
587 1001
587 824
587 347
45 154
45 747
45 1001
45 752
45 347
154 747
154 1001
154 1065
154 347
747 1001
747 347
1001 1065
1001 786
197 899
895 468
468 759
442 651
442 603
442 1035
442 546
442 745
442 84
1038 68
1038 739
1038 281
1038 488
1038 378
1038 654
1038 1079
1038 355
229 678
229 333
705 1098
1017 972
1017 658
1017 72
1017 854
567 1067
860 729
601 28
601 886
28 871
28 1012
28 36
82 886
82 405
788 871
372 112
1067 1091
651 731
651 4
651 1027
651 109
1085 979
752 979
287 1035
287 1003
287 386
287 837
287 125
603 1035
603 546
603 745
603 84
462 56
462 732
462 418
462 945
462 798
496 731
972 79
972 649
762 435
952 975
971 993
68 739
68 126
68 114
68 877
731 4
731 1027
454 322
454 335
759 888
132 1039
86 482
86 94
86 259
250 849
871 923
871 886
871 1086
139 495
658 72
473 997
473 867
473 683
473 976
381 101
175 112
4 1027
4 784
1027 391
545 67
545 153
545 316
545 820
545 1014
422 557
422 1125
433 1009
94 168
94 453
94 477
94 59
739 114
739 1079
739 59
259 168
259 335
259 477
259 59
495 853
204 227
83 997
83 227
83 128
83 465
83 388
67 973
667 461
667 713
667 56
286 921
286 863
286 37
889 112
889 973
997 227
997 867
997 388
227 388
867 128
867 168
867 342
867 799
618 711
1044 996
109 672
1035 546
1035 745
1035 84
546 745
546 84
745 84
156 386
156 1091
156 125
1003 1075
1003 380
386 1091
386 461
905 837
905 1121
905 112
905 775
905 791
905 304
905 212
837 1121
837 112
837 775
837 304
1091 758
1091 125
932 872
292 868
868 1086
542 522
542 649
931 784
931 864
461 261
461 534
461 56
461 732
461 418
784 181
784 80
619 56
619 732
619 418
619 945
619 798
522 25
522 493
522 649
481 807
1121 775
1121 304
843 953
263 779
465 126
758 1059
1056 101
678 90
208 212
208 334
607 713
607 56
333 793
333 247
1065 267
1065 513
267 1010
1010 944
896 923
100 935
322 655
322 282
322 335
944 1090
944 855
944 325
913 1096
249 760
249 19
112 775
112 304
448 205
1009 834
775 304
775 1071
793 247
921 37
863 37
849 85
181 80
655 282
655 378
655 477
655 388
419 205
702 149
77 339
77 850
534 56
534 732
534 418
534 798
56 732
56 418
56 988
56 798
85 1066
379 38
379 834
38 834
126 489
1047 877
378 1079
781 418
781 945
168 342
168 453
168 477
168 59
453 477
453 59
477 59
1079 388
72 420
649 798
732 418
732 988
732 945
732 798
418 988
418 945
418 798
988 798
36 615
945 780
760 19
760 916
247 638
698 348
750 884
59 388
884 884
