0 843
1 255
2 1082
3 306
4 572
5 1009
6 283
7 800
8 346
9 752
10 422
11 690
12 669
13 566
14 208
15 1043
16 75
17 217
18 922
19 1025
20 93
21 357
22 646
23 986
24 848
25 696
26 545
27 340
28 202
29 675
30 764
31 542
32 930
33 116
34 1005
35 835
36 934
37 134
38 564
39 174
40 367
41 663
42 534
43 910
44 117
45 307
46 719
47 605
48 347
49 812
50 977
51 1131
52 416
53 20
54 824
55 674
56 459
57 503
58 396
59 69
60 1124
61 970
62 716
63 131
64 767
65 1028
66 1071
67 598
68 775
69 245
70 411
71 246
72 593
73 949
74 869
75 1042
76 311
77 337
78 493
79 802
80 289
81 879
82 816
83 309
84 483
85 353
86 41
87 1094
88 811
89 439
90 79
91 99
92 1057
93 912
94 221
95 171
96 295
97 187
98 670
99 15
100 80
101 1117
102 1098
103 97
104 673
105 1111
106 532
107 364
108 601
109 928
110 25
111 385
112 231
113 112
114 909
115 643
116 76
117 222
118 857
119 528
120 780
121 452
122 862
123 573
124 536
125 741
126 62
127 887
128 642
129 730
130 884
131 917
132 434
133 1084
134 822
135 550
136 290
137 613
138 424
139 1116
140 586
141 184
142 1108
143 584
144 270
145 923
146 188
147 581
148 535
149 1019
150 538
151 747
152 1046
153 240
154 963
155 527
156 901
157 147
158 361
159 827
160 705
161 333
162 962
163 118
164 21
165 846
166 27
167 1077
168 561
169 569
170 159
171 926
172 1091
173 583
174 293
175 914
176 170
177 579
178 517
179 828
180 195
181 540
182 760
183 678
184 774
185 274
186 50
187 142
188 301
189 980
190 987
191 972
192 864
193 1015
194 388
195 12
196 244
197 30
198 257
199 958
200 997
201 897
202 891
203 374
204 29
205 872
206 895
207 71
208 863
209 436
210 36
211 249
212 680
213 695
214 911
215 417
216 241
217 591
218 377
219 903
220 590
221 609
222 801
223 193
224 765
225 849
226 380
227 782
228 44
229 509
230 834
231 1123
232 929
233 393
234 996
235 161
236 145
237 84
238 948
239 228
240 916
241 92
242 156
243 139
244 198
245 387
246 725
247 821
248 33
249 734
250 465
251 744
252 1080
253 42
254 562
255 383
256 720
257 905
258 855
259 733
260 640
261 18
262 510
263 818
264 19
265 618
266 788
267 230
268 247
269 349
270 547
271 414
272 8
273 756
274 820
275 297
276 488
277 794
278 463
279 892
280 1038
281 435
282 471
283 1127
284 946
285 66
286 523
287 141
288 115
289 629
290 485
291 258
292 186
293 128
294 621
295 875
296 412
297 219
298 713
299 974
300 119
301 199
302 363
303 632
304 168
305 1022
306 431
307 851
308 496
309 183
310 548
311 1059
312 291
313 936
314 616
315 403
316 456
317 78
318 52
319 166
320 943
321 341
322 777
323 1039
324 577
325 721
326 973
327 918
328 1000
329 279
330 991
331 783
332 1110
333 418
334 1030
335 227
336 945
337 714
338 81
339 288
340 574
341 264
342 1018
343 472
344 676
345 495
346 420
347 537
348 595
349 1103
350 998
351 173
352 438
353 762
354 181
355 271
356 464
357 626
358 1109
359 740
360 649
361 82
362 1011
363 482
364 861
365 372
366 995
367 259
368 938
369 57
370 707
371 335
372 778
373 927
374 169
375 266
376 126
377 129
378 504
379 415
380 137
381 196
382 151
383 749
384 43
385 1004
386 736
387 56
388 16
389 614
390 204
391 216
392 60
393 1072
394 546
395 189
396 1113
397 22
398 265
399 351
400 108
401 1100
402 109
403 826
404 870
405 308
406 701
407 101
408 369
409 682
410 544
411 1008
412 163
413 133
414 1047
415 432
416 1029
417 520
418 567
419 742
420 732
421 1002
422 179
423 268
424 107
425 785
426 95
427 757
428 610
429 976
430 1075
431 960
432 604
433 712
434 378
435 582
436 655
437 359
438 440
439 4
440 913
441 1099
442 65
443 658
444 314
445 874
446 457
447 666
448 596
449 755
450 275
451 365
452 148
453 947
454 302
455 178
456 1036
457 636
458 617
459 86
460 637
461 512
462 234
463 263
464 124
465 850
466 597
467 968
468 215
469 313
470 162
471 478
472 386
473 1085
474 494
475 153
476 944
477 1132
478 1107
479 212
480 419
481 1037
482 34
483 873
484 694
485 660
486 345
487 1060
488 239
489 559
490 1063
491 810
492 406
493 287
494 300
495 556
496 1012
497 122
498 772
499 555
500 1089
501 1027
502 759
503 753
504 880
505 983
506 966
507 751
508 127
509 1066
510 804
511 1051
512 882
513 856
514 201
515 924
516 348
517 2
518 1078
519 238
520 557
521 1101
522 120
523 679
524 211
525 518
526 1020
527 1055
528 426
529 908
530 793
531 628
532 907
533 836
534 659
535 449
536 190
537 531
538 399
539 750
540 158
541 448
542 606
543 281
544 49
545 798
546 130
547 635
548 941
549 277
550 769
551 999
552 248
553 26
554 114
555 103
556 723
557 1013
558 48
559 477
560 136
561 352
562 776
563 408
564 144
565 662
566 389
567 717
568 990
569 1130
570 1112
571 746
572 743
573 1048
574 940
575 608
576 28
577 1069
578 191
579 1088
580 770
581 1044
582 132
583 1053
584 931
585 317
586 551
587 866
588 481
589 428
590 1128
591 343
592 697
593 298
594 563
595 1067
596 837
597 105
598 209
599 61
600 805
601 1125
602 638
603 647
604 779
605 952
606 316
607 111
608 840
609 1033
610 157
611 844
612 286
613 1054
614 1062
615 644
616 379
617 1118
618 489
619 296
620 868
621 511
622 552
623 684
624 731
625 376
626 575
627 627
628 185
629 499
630 391
631 1056
632 687
633 256
634 685
635 664
636 303
637 152
638 502
639 90
640 88
641 737
642 355
643 942
644 328
645 203
646 1023
647 1014
648 530
649 1126
650 40
651 197
652 469
653 514
654 825
655 7
656 549
657 487
658 13
659 1021
660 123
661 410
662 956
663 250
664 94
665 473
666 318
667 833
668 77
669 269
670 381
671 462
672 529
673 688
674 671
675 521
676 150
677 704
678 214
679 261
680 933
681 955
682 553
683 957
684 1032
685 0
686 964
687 305
688 867
689 164
690 292
691 32
692 233
693 672
694 235
695 392
696 624
697 1129
698 91
699 143
700 554
701 85
702 708
703 994
704 587
705 748
706 375
707 362
708 54
709 1026
710 992
711 661
712 651
713 267
714 339
715 350
716 324
717 585
718 560
719 490
720 589
721 282
722 681
723 87
724 526
725 395
726 382
727 989
728 781
729 236
730 525
731 652
732 935
733 761
734 853
735 631
736 336
737 702
738 795
739 224
740 1087
741 900
742 657
743 829
744 497
745 758
746 1061
747 404
748 1
749 491
750 971
751 602
752 925
753 982
754 11
755 533
756 72
757 558
758 1064
759 592
760 1086
761 370
762 285
763 225
764 167
765 894
766 508
767 1045
768 729
769 1052
770 433
771 541
772 686
773 1104
774 45
775 409
776 407
777 899
778 1074
779 612
780 480
781 252
782 475
783 984
784 400
785 515
786 58
787 149
788 206
789 1093
790 691
791 492
792 486
793 773
794 745
795 226
796 639
797 505
798 1081
799 38
800 539
801 96
802 461
803 405
804 842
805 813
806 965
807 344
808 768
809 710
810 138
811 1040
812 14
813 200
814 506
815 969
816 100
817 325
818 104
819 276
820 668
821 792
822 1007
823 1114
824 454
825 594
826 237
827 102
828 625
829 571
830 692
831 937
832 789
833 754
834 600
835 1010
836 885
837 360
838 437
839 5
840 876
841 633
842 718
843 709
844 815
845 329
846 1083
847 771
848 565
849 326
850 140
851 993
852 519
853 796
854 819
855 17
856 180
857 878
858 98
859 823
860 611
861 10
862 218
863 254
864 46
865 262
866 476
867 413
868 442
869 599
870 445
871 809
872 838
873 978
874 479
875 727
876 786
877 961
878 6
879 1095
880 784
881 280
882 429
883 284
884 693
885 59
886 106
887 889
888 55
889 37
890 177
891 3
892 902
893 23
894 466
895 63
896 68
897 677
898 24
899 568
900 615
901 1079
902 444
903 507
904 543
905 953
906 331
907 1006
908 358
909 272
910 883
911 739
912 319
913 906
914 366
915 64
916 421
917 806
918 954
919 645
920 113
921 501
922 656
923 516
924 327
925 939
926 146
927 304
928 368
929 854
930 273
931 35
932 988
933 830
934 1076
935 474
936 893
937 1120
938 689
939 919
940 630
941 182
942 450
943 580
944 1119
945 210
946 453
947 155
948 498
949 427
950 356
951 451
952 242
953 253
954 738
955 443
956 603
957 89
958 791
959 831
960 1041
961 735
962 9
963 121
964 650
965 886
966 192
967 576
968 207
969 1096
970 83
971 165
972 1106
973 845
974 1068
975 513
976 1001
977 371
978 484
979 797
980 808
981 470
982 447
983 803
984 1049
985 47
986 1121
987 1097
988 1031
989 699
990 232
991 322
992 402
993 641
994 175
995 904
996 1065
997 950
998 920
999 460
1000 53
1001 951
1002 932
1003 722
1004 790
1005 921
1006 787
1007 320
1008 858
1009 860
1010 73
1011 299
1012 622
1013 703
1014 524
1015 967
1016 397
1017 31
1018 522
1019 898
1020 832
1021 220
1022 890
1023 839
1024 877
1025 728
1026 1058
1027 500
1028 799
1029 390
1030 1050
1031 467
1032 441
1033 315
1034 1115
1035 229
1036 373
1037 323
1038 354
1039 401
1040 172
1041 312
1042 425
1043 278
1044 1090
1045 39
1046 110
1047 859
1048 67
1049 683
1050 251
1051 294
1052 620
1053 154
1054 70
1055 213
1056 711
1057 871
1058 634
1059 1035
1060 342
1061 1016
1062 766
1063 915
1064 807
1065 223
1066 243
1067 74
1068 310
1069 160
1070 881
1071 321
1072 578
1073 623
1074 1003
1075 665
1076 338
1077 260
1078 430
1079 1017
1080 852
1081 458
1082 706
1083 865
1084 975
1085 667
1086 959
1087 1034
1088 841
1089 334
1090 847
1091 979
1092 653
1093 588
1094 607
1095 330
1096 763
1097 1102
1098 981
1099 619
1100 715
1101 394
1102 726
1103 446
1104 888
1105 698
1106 194
1107 423
1108 814
1109 332
1110 125
1111 1024
1112 1092
1113 51
1114 1122
1115 985
1116 724
1117 205
1118 455
1119 1070
1120 468
1121 648
1122 384
1123 817
1124 570
1125 135
1126 1105
1127 398
1128 896
1129 1073
1130 700
1131 176
1132 654
