0 407
1 687
2 498
3 540
4 57
5 1038
6 43
7 120
8 895
9 602
10 738
11 147
12 40
13 401
14 781
15 1037
16 483
17 645
18 518
19 395
20 709
21 896
22 703
23 397
24 0
25 113
26 1023
27 653
28 295
29 823
30 351
31 726
32 533
33 714
34 1025
35 1130
36 1096
37 521
38 4
39 975
40 990
41 860
42 459
43 986
44 969
45 313
46 580
47 310
48 20
49 427
50 682
51 887
52 1112
53 624
54 265
55 1101
56 183
57 436
58 1072
59 360
60 465
61 851
62 744
63 312
64 284
65 878
66 320
67 1004
68 240
69 262
70 94
71 63
72 319
73 479
74 1099
75 214
76 491
77 874
78 700
79 1035
80 224
81 1042
82 953
83 103
84 584
85 857
86 234
87 1007
88 769
89 627
90 488
91 354
92 891
93 415
94 357
95 472
96 29
97 54
98 877
99 618
100 981
101 455
102 1074
103 1077
104 577
105 695
106 489
107 640
108 97
109 673
110 100
111 956
112 920
113 393
114 323
115 858
116 11
117 51
118 219
119 277
120 238
121 755
122 872
123 165
124 748
125 164
126 485
127 431
128 1006
129 208
130 897
131 467
132 734
133 798
134 328
135 141
136 434
137 413
138 955
139 833
140 121
141 604
142 136
143 1118
144 119
145 1027
146 365
147 149
148 1097
149 937
150 671
151 167
152 544
153 626
154 745
155 698
156 287
157 484
158 1116
159 408
160 1100
161 916
162 819
163 1034
164 197
165 767
166 753
167 557
168 440
169 105
170 347
171 928
172 683
173 101
174 620
175 302
176 776
177 689
178 942
179 154
180 186
181 730
182 470
183 292
184 25
185 482
186 476
187 622
188 329
189 37
190 914
191 1080
192 952
193 267
194 426
195 524
196 332
197 385
198 927
199 1109
200 635
201 991
202 567
203 232
204 1021
205 353
206 972
207 933
208 1022
209 873
210 1031
211 1089
212 670
213 808
214 233
215 801
216 712
217 902
218 727
219 419
220 705
221 678
222 200
223 613
224 86
225 492
226 821
227 49
228 545
229 322
230 337
231 785
232 799
233 998
234 661
235 230
236 445
237 441
238 1044
239 939
240 868
241 822
242 314
243 721
244 1017
245 78
246 513
247 1010
248 73
249 1012
250 563
251 221
252 330
253 12
254 815
255 863
256 132
257 495
258 187
259 657
260 656
261 30
262 156
263 572
264 883
265 531
266 414
267 573
268 903
269 8
270 685
271 24
272 800
273 83
274 885
275 72
276 1128
277 950
278 1008
279 966
280 130
281 1115
282 439
283 1105
284 58
285 213
286 693
287 116
288 346
289 866
290 215
291 177
292 871
293 1108
294 610
295 594
296 750
297 143
298 541
299 517
300 182
301 616
302 15
303 311
304 1029
305 560
306 356
307 178
308 652
309 809
310 768
311 1032
312 404
313 566
314 477
315 888
316 741
317 747
318 632
319 539
320 429
321 954
322 1090
323 464
324 309
325 905
326 679
327 139
328 237
329 763
330 725
331 26
332 666
333 201
334 510
335 257
336 379
337 396
338 134
339 207
340 174
341 636
342 425
343 185
344 220
345 898
346 1073
347 835
348 161
349 82
350 381
351 587
352 511
353 391
354 102
355 367
356 1019
357 526
358 275
359 171
360 758
361 806
362 890
363 964
364 684
365 1107
366 690
367 648
368 369
369 789
370 677
371 150
372 496
373 242
374 1030
375 1075
376 782
377 611
378 909
379 783
380 892
381 446
382 231
383 973
384 681
385 984
386 362
387 146
388 1062
389 236
390 358
391 205
392 558
393 845
394 117
395 784
396 1048
397 38
398 245
399 350
400 867
401 696
402 807
403 772
404 740
405 417
406 562
407 169
408 91
409 556
410 820
411 384
412 137
413 797
414 203
415 848
416 525
417 911
418 168
419 190
420 651
421 839
422 925
423 739
424 273
425 997
426 751
427 970
428 428
429 637
430 598
431 1083
432 184
433 502
434 980
435 893
436 989
437 879
438 172
439 449
440 39
441 250
442 321
443 128
444 437
445 854
446 326
447 775
448 552
449 47
450 14
451 1065
452 843
453 138
454 759
455 960
456 1092
457 929
458 704
459 140
460 1039
461 163
462 333
463 922
464 125
465 1079
466 339
467 199
468 372
469 1095
470 282
471 512
472 1001
473 559
474 940
475 575
476 243
477 349
478 64
479 474
480 122
481 338
482 1052
483 595
484 710
485 686
486 555
487 1051
488 490
489 315
490 804
491 2
492 198
493 943
494 96
495 646
496 382
497 1086
498 352
499 118
500 469
501 1091
502 274
503 564
504 924
505 614
506 724
507 503
508 1040
509 778
510 794
511 7
512 802
513 918
514 870
515 471
516 760
517 325
518 1058
519 1009
520 454
521 742
522 497
523 830
524 777
525 831
526 663
527 697
528 605
529 792
530 699
531 52
532 460
533 1015
534 534
535 527
536 639
537 788
538 603
539 504
540 41
541 371
542 306
543 1102
544 112
545 32
546 585
547 728
548 944
549 1124
550 115
551 570
552 676
553 713
554 481
555 301
556 642
557 612
558 90
559 634
560 965
561 915
562 222
563 18
564 912
565 135
566 538
567 246
568 945
569 56
570 227
571 299
572 1002
573 451
574 688
575 294
576 258
577 548
578 968
579 743
580 42
581 462
582 192
583 643
584 593
585 847
586 74
587 392
588 761
589 756
590 810
591 279
592 553
593 87
594 658
595 303
596 826
597 405
598 66
599 994
600 706
601 195
602 528
603 568
604 1093
605 21
606 318
607 930
608 589
609 466
610 641
611 110
612 669
613 834
614 816
615 463
616 723
617 17
618 300
619 644
620 1104
621 615
622 818
623 617
624 270
625 811
626 1131
627 390
628 493
629 31
630 409
631 259
632 813
633 403
634 842
635 864
636 988
637 551
638 520
639 949
640 288
641 1070
642 281
643 649
644 519
645 957
646 1088
647 884
648 1055
649 749
650 307
651 261
652 77
653 674
654 331
655 500
656 473
657 144
658 114
659 216
660 889
661 803
662 373
663 787
664 1125
665 341
666 536
667 124
668 394
669 1026
670 1057
671 162
672 93
673 81
674 746
675 293
676 774
677 729
678 398
679 894
680 16
681 256
682 1113
683 828
684 36
685 148
686 1045
687 46
688 907
689 993
690 647
691 276
692 549
693 716
694 189
695 886
696 22
697 210
698 597
699 947
700 582
701 638
702 435
703 665
704 780
705 752
706 305
707 976
708 191
709 1067
710 478
711 388
712 458
713 211
714 720
715 1087
716 84
717 253
718 71
719 1063
720 630
721 766
722 108
723 628
724 342
725 707
726 561
727 152
728 380
729 832
730 297
731 908
732 252
733 675
734 432
735 430
736 805
737 228
738 442
739 992
740 204
741 468
742 53
743 1066
744 1094
745 10
746 900
747 266
748 764
749 239
750 977
751 62
752 76
753 923
754 535
755 1114
756 917
757 420
758 509
759 717
760 795
761 919
762 34
763 1024
764 1
765 88
766 672
767 160
768 523
769 304
770 655
771 343
772 609
773 48
774 757
775 166
776 1003
777 825
778 271
779 770
780 260
781 1064
782 978
783 967
784 364
785 450
786 193
787 359
788 596
789 296
790 817
791 715
792 383
793 514
794 9
795 126
796 85
797 45
798 153
799 400
800 248
801 104
802 324
803 27
804 386
805 932
806 244
807 869
808 1098
809 951
810 853
811 974
812 849
813 1013
814 906
815 1053
816 179
817 934
818 1132
819 654
820 702
821 846
822 75
823 1085
824 475
825 69
826 443
827 600
828 550
829 958
830 106
831 708
832 985
833 1069
834 1117
835 1060
836 904
837 590
838 95
839 588
840 765
841 592
842 249
843 289
844 737
845 1068
846 569
847 278
848 247
849 286
850 876
851 537
852 145
853 59
854 202
855 660
856 180
857 389
858 1081
859 852
860 444
861 522
862 263
863 529
864 111
865 814
866 6
867 601
868 664
869 308
870 3
871 599
872 982
873 1041
874 850
875 1016
876 61
877 280
878 452
879 931
880 547
881 327
882 226
883 217
884 995
885 506
886 913
887 456
888 290
889 840
890 901
891 368
892 829
893 80
894 591
895 621
896 1018
897 50
898 65
899 1129
900 13
901 532
902 272
903 608
904 962
905 486
906 92
907 1123
908 255
909 946
910 1005
911 786
912 129
913 345
914 355
915 269
916 1050
917 1119
918 79
919 370
920 1011
921 487
922 251
923 691
924 1059
925 1078
926 1103
927 861
928 1127
929 424
930 344
931 447
932 1076
933 680
934 44
935 530
936 1000
937 996
938 375
939 796
940 565
941 410
942 361
943 35
944 19
945 89
946 516
947 827
948 719
949 334
950 453
951 285
952 1043
953 959
954 837
955 291
956 732
957 235
958 631
959 1122
960 159
961 578
962 194
963 170
964 662
965 107
966 55
967 841
968 366
969 348
970 1121
971 335
972 421
973 543
974 961
975 480
976 571
977 264
978 363
979 633
980 5
981 574
982 836
983 70
984 133
985 694
986 508
987 667
988 791
989 542
990 67
991 1084
992 583
993 971
994 771
995 316
996 33
997 607
998 790
999 438
1000 754
1001 1061
1002 855
1003 196
1004 650
1005 1014
1006 692
1007 941
1008 880
1009 963
1010 938
1011 722
1012 109
1013 619
1014 579
1015 402
1016 28
1017 99
1018 448
1019 983
1020 142
1021 987
1022 838
1023 418
1024 336
1025 659
1026 1020
1027 376
1028 123
1029 188
1030 999
1031 882
1032 711
1033 505
1034 1120
1035 127
1036 23
1037 422
1038 378
1039 910
1040 1126
1041 718
1042 979
1043 157
1044 865
1045 254
1046 1033
1047 60
1048 1111
1049 926
1050 412
1051 935
1052 68
1053 176
1054 1054
1055 899
1056 859
1057 387
1058 735
1059 209
1060 762
1061 793
1062 212
1063 131
1064 218
1065 399
1066 862
1067 881
1068 406
1069 223
1070 374
1071 1071
1072 423
1073 1082
1074 812
1075 668
1076 377
1077 773
1078 1056
1079 606
1080 779
1081 501
1082 576
1083 824
1084 411
1085 416
1086 1036
1087 494
1088 629
1089 948
1090 1110
1091 844
1092 181
1093 875
1094 298
1095 1046
1096 155
1097 1047
1098 921
1099 701
1100 317
1101 731
1102 581
1103 151
1104 225
1105 623
1106 340
1107 433
1108 515
1109 173
1110 625
1111 158
1112 1049
1113 936
1114 461
1115 457
1116 241
1117 98
1118 175
1119 856
1120 586
1121 733
1122 546
1123 1028
1124 283
1125 736
1126 268
1127 554
1128 499
1129 1106
1130 507
1131 229
1132 206
