1014 162
1014 1012
1014 1033
1014 109
1014 665
1014 896
1014 170
1014 669
1014 205
1014 782
1014 336
1014 1069
1014 365
1014 452
1014 1037
1014 1116
1014 810
1014 53
1014 402
1014 954
1014 439
1014 225
1014 326
1014 444
1014 1096
1014 306
1014 305
1014 301
1014 460
1014 138
162 1012
162 1033
162 665
162 896
162 170
162 669
162 205
162 782
162 1069
162 1037
162 810
162 53
162 402
162 439
162 326
162 1016
162 645
162 632
162 55
162 606
162 1111
162 427
1012 1033
1012 665
1012 896
1012 170
1012 669
1012 782
1012 336
1012 1069
1012 1037
1012 810
1012 53
1012 402
1012 954
1012 439
1012 225
1012 306
1012 305
1012 632
1012 720
1012 500
1012 904
1012 715
1012 587
1012 519
1012 944
1012 1110
1012 130
1012 757
1012 963
1012 502
1012 289
1012 323
1012 612
1012 613
1012 899
1012 816
1033 782
1033 439
1033 1110
1033 221
1033 182
1033 913
1033 540
1033 333
1033 330
1033 951
1033 146
1033 648
1033 803
1033 884
1033 442
1033 872
1033 387
1033 38
1033 375
109 665
109 1069
109 602
109 434
109 1038
109 337
109 801
109 547
109 845
665 896
665 170
665 1069
665 1037
665 810
665 439
665 306
665 305
665 632
665 850
665 495
665 638
665 95
665 121
665 823
665 49
665 553
896 669
896 205
896 1069
896 452
896 1037
896 53
896 439
896 305
896 337
896 922
896 559
896 107
896 171
896 852
896 882
896 431
896 456
896 727
896 110
896 1021
896 983
896 26
170 439
170 305
170 745
170 40
669 205
669 1069
669 1037
669 954
669 439
669 326
669 460
669 904
669 477
669 966
669 384
669 1064
669 245
205 1037
205 326
205 460
205 632
205 387
205 134
205 815
205 446
205 977
205 363
205 258
205 667
205 489
205 248
205 184
205 593
205 265
205 372
205 41
205 307
205 382
205 523
205 1129
205 1063
205 5
205 443
205 34
205 48
782 810
782 53
782 402
782 439
782 444
782 306
782 944
782 602
782 678
782 1013
782 799
782 825
782 783
782 542
782 233
782 566
336 121
336 571
336 1115
336 532
336 1131
336 860
336 772
336 530
336 885
336 938
336 381
336 115
336 546
336 636
336 967
336 268
1069 365
1069 1037
1069 810
1069 439
1069 326
1069 305
1069 944
1069 872
1069 337
1069 1064
1069 268
1069 533
1069 359
1069 892
1069 781
1069 847
1069 367
1069 272
365 452
365 1037
365 326
365 645
365 632
365 850
365 245
365 446
365 363
365 382
365 523
365 542
365 78
365 478
365 912
365 562
365 111
365 1120
365 1118
365 81
365 579
365 276
365 1074
365 713
365 66
365 51
365 936
365 161
365 879
365 1101
365 203
365 997
365 60
365 1106
452 225
452 645
452 632
452 337
452 882
452 523
452 81
452 1057
452 42
452 591
452 90
452 634
452 1054
452 338
452 490
452 732
1037 326
1037 460
1037 645
1037 632
1037 816
1037 801
1037 384
1037 134
1037 382
1037 5
1037 34
1037 168
1037 32
1037 800
1037 1040
1037 131
1037 379
1037 643
1037 744
1037 1081
1037 230
1037 232
1037 790
1037 28
1037 257
1037 798
1037 396
1037 479
1037 617
1037 598
1037 94
1037 761
1037 394
1037 742
1037 1004
1037 736
1037 778
1037 814
1037 380
1037 831
1037 1041
1037 840
1116 326
1116 632
1116 489
1116 284
1116 401
1116 31
810 53
810 954
810 439
810 225
810 444
810 1096
810 306
810 427
810 720
810 253
810 246
810 243
53 402
53 306
53 427
53 904
53 387
53 638
53 49
53 372
53 233
53 90
53 923
53 820
53 877
53 315
53 707
53 7
53 397
53 145
53 862
53 255
53 1068
53 207
402 439
402 904
402 587
402 502
402 495
402 1064
402 243
402 707
402 1023
402 652
402 909
402 935
954 225
954 444
954 720
954 500
954 904
954 1110
954 130
954 502
954 613
954 899
954 913
954 171
954 477
954 966
954 384
954 245
954 781
954 798
954 598
954 742
954 284
954 1068
954 283
954 574
954 855
954 690
954 341
954 267
954 416
954 414
954 770
954 8
954 290
954 931
954 325
954 806
954 802
954 739
954 358
439 306
439 1016
439 427
225 444
225 427
225 720
225 715
225 587
225 519
225 944
225 1110
225 502
225 613
225 850
225 110
225 825
225 783
225 860
225 1106
225 131
225 790
225 246
225 820
225 207
225 574
225 290
225 475
225 240
225 657
225 219
225 647
225 164
225 528
225 1005
225 1051
225 62
225 228
225 67
225 807
225 44
225 740
225 1108
225 137
225 996
225 1126
225 708
225 604
225 224
225 83
326 460
326 645
326 632
326 182
326 387
326 134
326 815
326 446
326 363
326 489
326 248
326 265
326 372
326 41
326 523
326 1118
326 81
326 51
326 161
326 1106
326 240
326 894
326 930
326 266
326 449
326 176
326 755
326 3
326 177
326 1022
326 686
326 970
326 589
326 294
444 1096
444 720
444 540
444 330
444 1063
444 246
444 255
444 219
444 266
444 373
444 213
444 269
444 684
444 1002
444 35
306 427
306 387
306 49
306 456
306 90
306 820
306 315
306 397
306 255
306 44
306 949
306 462
306 484
306 906
305 632
305 1106
305 707
305 1126
305 133
305 706
301 938
301 641
301 1113
301 827
301 653
301 86
301 357
301 1
460 632
460 963
460 1101
460 800
460 131
460 1081
460 230
460 94
460 814
460 1070
460 21
460 946
460 662
460 1084
460 978
460 461
460 152
460 635
460 1036
460 565
460 1100
138 944
138 613
138 966
138 781
138 232
138 1023
138 283
138 416
138 802
138 11
138 943
138 621
138 908
138 685
138 202
138 354
138 583
138 614
138 656
138 795
138 274
1016 418
645 632
645 372
645 579
632 899
632 387
632 134
632 1106
632 133
632 127
632 961
427 289
427 877
427 707
427 862
427 1023
427 8
427 1051
427 44
427 943
427 1082
427 1001
427 521
427 628
427 360
427 622
427 554
427 1122
427 550
427 633
720 904
720 715
720 587
720 944
720 1110
720 502
720 323
720 384
720 245
720 246
720 207
720 283
720 574
720 267
720 219
720 653
720 86
720 908
720 844
720 787
720 741
720 1121
720 952
500 715
500 1110
500 130
500 963
500 613
500 899
500 816
500 182
500 384
500 781
500 790
500 528
500 1022
500 583
500 844
500 787
500 716
500 897
500 486
500 1006
500 859
500 303
500 1094
500 386
500 79
904 1110
904 130
904 757
904 502
904 289
904 613
904 330
904 553
904 431
904 477
904 1064
904 825
904 783
904 732
904 800
904 598
904 397
904 255
904 283
904 574
904 855
904 267
904 739
904 475
904 1051
904 908
904 202
904 633
904 844
904 787
904 952
904 718
904 723
904 473
904 84
904 321
904 4
904 508
904 625
904 765
904 408
904 1024
904 487
715 519
715 944
715 502
715 121
715 966
715 384
715 825
715 781
715 283
715 62
715 35
715 86
715 908
715 685
715 354
715 614
715 656
715 844
715 787
715 741
715 321
715 1024
715 985
715 349
715 999
715 106
715 459
715 499
715 279
715 848
715 1010
715 179
715 768
715 717
715 681
715 775
715 1127
715 132
715 861
715 206
715 292
715 917
715 278
715 839
715 353
715 853
715 549
587 1110
587 820
587 207
587 1005
587 604
587 616
519 323
519 783
519 908
519 418
519 106
519 279
519 1123
519 59
519 501
519 575
519 994
519 995
519 147
519 1059
519 76
944 502
944 613
944 602
944 799
944 732
944 246
944 416
944 802
944 685
944 622
944 787
944 1006
944 917
944 786
944 471
944 229
944 1086
944 100
944 610
944 731
944 366
944 369
944 482
944 846
1110 757
1110 323
1110 221
1110 182
1110 913
1110 330
1110 146
1110 803
1110 442
1110 872
1110 38
1110 375
1110 495
1110 1023
1110 574
1110 604
1110 1122
1110 844
1110 4
1110 917
1110 76
1110 116
1110 75
1110 493
1110 204
1110 371
1110 496
1110 296
130 966
130 614
130 345
757 589
757 908
757 79
757 154
963 613
963 899
963 816
963 337
963 845
963 852
963 384
963 248
963 443
963 591
963 230
963 232
963 798
963 394
963 1023
963 1005
963 807
963 1022
963 35
963 1070
963 1084
963 978
963 635
963 565
963 1100
963 1082
963 486
963 859
963 768
963 620
963 231
963 214
963 746
963 286
963 1091
963 738
963 714
502 323
502 495
502 732
502 243
502 1023
502 283
502 802
502 62
502 86
502 152
502 685
502 656
502 844
502 79
502 718
502 549
502 497
502 173
289 613
289 816
289 384
289 325
289 1005
289 137
289 656
289 274
289 633
289 844
289 386
289 718
289 71
289 623
289 492
289 548
289 457
289 611
289 45
323 495
323 443
323 799
323 783
323 885
323 781
323 1106
323 243
323 1023
323 690
323 8
323 1005
323 266
323 1
323 685
323 354
323 274
323 1122
323 1006
323 1094
323 79
323 353
323 1059
323 320
323 129
323 696
323 390
323 440
323 189
323 870
323 327
323 1062
323 350
612 375
613 337
613 553
613 523
613 1057
613 591
613 634
613 338
613 732
613 528
613 1
613 11
613 621
613 685
613 521
613 844
613 1024
613 696
613 890
613 703
613 582
613 254
613 932
613 91
899 816
899 384
899 443
899 230
899 802
899 1070
899 152
899 897
899 273
899 153
816 801
816 384
816 443
816 799
816 800
816 131
816 230
816 232
816 396
816 598
816 761
816 394
816 742
816 416
816 176
816 1022
816 565
816 908
816 354
816 897
816 303
816 768
816 681
816 214
816 640
816 964
816 445
816 864
816 378
221 182
221 913
221 330
221 146
221 648
221 803
221 872
221 375
221 877
221 604
221 4
221 610
221 116
221 824
221 959
221 368
221 156
221 391
221 52
221 694
221 1124
221 808
221 1017
221 309
221 730
221 180
182 913
182 330
182 146
182 803
182 884
182 872
182 375
182 245
182 363
182 523
182 168
182 798
182 290
182 604
182 930
182 1122
182 4
182 775
182 116
182 286
182 405
182 511
182 169
182 335
182 887
182 586
182 601
182 629
913 330
913 146
913 803
913 872
913 38
913 375
913 931
913 604
913 116
913 371
913 655
913 895
913 991
913 856
540 309
333 146
333 442
333 1013
333 935
333 640
333 309
333 10
333 347
333 752
330 951
330 146
330 803
330 884
330 38
330 375
330 1115
330 530
330 546
330 591
330 790
330 164
330 418
330 84
330 4
330 959
330 47
330 988
330 163
951 38
951 546
951 75
951 959
951 1102
951 868
951 311
951 1055
146 648
146 442
146 872
146 375
146 107
146 604
146 808
146 309
146 1102
146 1089
648 442
648 107
648 604
648 371
648 824
648 959
648 368
648 694
648 808
648 309
648 1089
648 536
648 819
648 453
648 465
803 872
803 38
803 375
803 604
803 1
803 718
803 116
803 16
884 255
884 604
884 930
884 371
884 309
884 169
884 335
884 1080
884 1053
884 1061
884 328
442 872
442 107
442 604
442 4
442 371
442 640
442 309
442 10
442 1089
442 536
442 319
872 375
872 107
872 380
872 622
872 1006
872 116
872 296
872 173
872 932
872 10
872 1102
872 1055
872 249
872 869
872 123
872 56
872 1011
872 792
872 1119
872 889
872 150
387 638
387 134
387 184
387 579
387 276
387 1106
387 707
387 1068
387 1126
387 943
387 787
387 173
387 887
387 629
387 481
387 1009
387 476
38 825
38 707
38 75
38 204
38 311
38 536
38 313
375 1115
375 528
375 604
375 894
375 795
375 1122
375 633
375 741
375 723
375 4
375 861
375 369
375 116
375 390
375 10
375 868
375 1089
375 536
375 1028
375 1030
375 702
375 277
375 805
375 637
375 191
375 165
375 928
602 559
602 799
602 739
602 1051
602 765
602 1024
602 1059
602 610
602 366
602 492
602 91
602 889
602 101
602 585
602 835
602 220
602 726
602 1095
434 745
434 443
434 825
434 90
434 800
434 131
434 798
434 707
434 8
434 266
434 932
434 988
434 163
434 74
434 54
434 395
434 9
434 969
434 750
434 692
1038 381
1038 967
1038 164
1038 844
1038 273
1038 767
1038 407
1038 96
1038 351
1038 144
1038 415
337 850
337 121
337 384
337 184
337 265
337 523
337 938
337 546
337 1057
337 591
337 90
337 634
337 338
337 490
337 707
337 164
337 1005
337 1
337 418
337 550
337 861
337 890
337 932
337 91
337 969
337 849
337 322
337 693
337 122
337 1048
337 568
337 838
337 837
337 793
337 871
337 701
337 766
801 938
801 131
801 461
801 610
801 1092
547 258
547 372
547 41
547 78
547 478
547 161
547 60
547 1057
547 379
547 685
547 285
845 384
845 443
845 799
845 542
845 230
845 978
845 583
845 278
845 1008
845 447
850 823
850 384
850 248
850 372
850 5
850 78
850 161
850 42
850 800
850 1005
850 807
850 486
850 278
850 839
850 447
850 947
850 987
850 259
850 843
850 644
850 57
850 186
495 431
495 825
495 359
495 28
495 243
495 1023
495 909
495 739
495 133
495 685
495 616
495 320
495 696
495 1062
495 750
495 804
495 0
495 863
495 385
638 431
638 258
638 161
638 997
638 1106
638 230
638 707
638 7
638 862
638 1005
638 44
638 1108
638 684
638 484
638 349
638 616
638 1062
638 319
638 385
638 141
95 860
95 1068
95 909
95 1010
95 483
121 1115
121 532
121 860
121 885
121 546
121 967
121 268
121 908
121 844
121 766
121 97
823 443
823 48
823 32
823 643
823 257
823 761
823 1004
823 380
823 840
823 3
823 565
823 1100
823 292
823 839
823 1061
823 503
823 1105
823 878
823 880
823 687
49 431
49 456
49 707
49 1024
49 204
49 696
49 812
49 70
553 825
553 1057
553 568
922 852
922 32
922 643
922 28
922 380
922 802
922 1061
922 878
922 388
922 866
922 185
559 882
559 696
559 582
559 441
559 626
559 421
107 604
107 894
107 861
107 116
107 75
107 371
107 309
107 868
107 1089
107 626
107 421
107 208
107 535
107 429
107 666
107 992
107 304
171 707
171 931
171 1005
171 723
171 173
171 832
171 39
171 409
171 261
171 114
852 781
852 230
852 802
852 83
852 1092
852 1019
852 818
852 788
852 505
852 420
882 593
882 338
882 732
882 696
882 254
882 441
882 626
882 516
882 934
882 412
882 467
882 68
882 619
882 128
882 1007
882 1060
431 983
431 678
431 233
431 877
431 707
431 862
431 1023
431 647
431 1122
431 765
431 189
431 838
431 812
431 70
431 535
431 1034
431 494
431 960
431 580
456 696
456 960
727 26
727 765
727 189
727 304
727 39
727 758
1021 70
1021 128
1021 112
1021 743
983 783
983 338
983 441
26 70
745 443
745 1013
745 131
745 219
745 62
745 549
745 273
745 750
745 644
745 392
745 282
40 795
40 473
477 574
477 261
477 1047
966 384
966 443
966 783
966 533
966 230
966 814
966 565
966 685
966 549
966 347
966 570
384 248
384 443
384 34
384 1057
384 131
384 643
384 1081
384 230
384 232
384 790
384 28
384 257
384 798
384 598
384 394
384 742
384 736
384 778
384 814
384 246
384 145
384 416
384 802
384 807
384 83
384 3
384 906
384 1084
384 621
384 685
384 354
384 486
384 1024
384 768
384 278
384 76
384 610
384 214
384 286
384 623
384 273
384 445
384 47
384 835
384 947
384 687
384 148
384 210
384 1090
384 543
384 227
384 914
384 1015
384 113
384 291
384 187
384 1076
1064 825
1064 233
1064 528
1064 795
1064 952
1064 717
1064 786
1064 846
1064 320
1064 870
1064 91
1064 805
1064 385
1064 33
1064 136
1064 236
1064 1052
1064 234
1064 310
1064 64
1064 980
1064 356
1064 557
1064 157
1064 1050
1064 218
1064 403
245 443
245 1106
245 131
245 1081
245 798
245 778
245 414
245 240
245 595
245 1043
245 672
134 372
134 589
446 184
446 265
446 523
446 1106
446 476
446 837
446 451
363 667
363 372
363 912
363 111
363 1118
363 81
363 276
363 203
363 60
363 62
363 1126
363 685
363 787
363 389
363 425
258 372
258 523
258 825
258 478
258 912
258 81
258 161
258 60
258 476
258 712
667 184
667 203
667 837
667 451
489 401
489 31
489 290
489 266
489 79
489 696
489 672
489 973
489 513
489 728
248 5
248 443
248 800
248 643
248 230
248 28
248 257
248 798
248 598
248 394
248 742
248 1004
248 1005
248 807
248 176
248 462
248 906
248 1082
248 768
248 620
248 286
248 623
248 273
248 640
248 1105
248 210
248 113
248 58
248 1112
248 512
248 733
248 618
248 331
184 265
184 372
184 523
184 799
184 783
184 78
184 1118
184 591
184 476
184 837
184 829
593 257
593 738
593 153
593 1053
593 1060
593 143
593 915
265 523
265 579
265 837
265 451
372 78
372 912
372 111
372 1120
372 81
372 579
372 276
372 713
372 51
372 161
372 1101
372 203
372 60
372 1106
372 707
372 294
372 908
372 476
372 322
372 837
372 451
372 544
41 912
41 111
41 1120
41 81
41 579
41 713
41 51
41 1101
41 322
307 414
307 266
307 755
307 11
307 621
307 787
307 204
307 101
307 835
307 99
307 962
307 104
307 891
523 161
523 1057
523 692
523 837
523 12
523 993
1129 233
1129 1106
1129 290
1129 266
1129 11
1129 79
1129 204
1129 17
1129 135
1129 590
1063 915
5 744
5 479
5 380
5 807
5 623
5 878
5 1015
5 113
5 291
5 244
5 704
443 233
443 1106
443 800
443 131
443 230
443 798
443 396
443 778
443 877
443 909
443 807
443 176
443 1022
443 35
443 462
443 1084
443 152
443 635
443 204
443 620
443 286
443 618
443 679
34 1081
34 1070
34 148
34 1090
48 800
48 257
48 565
48 839
48 214
48 273
48 712
48 597
48 87
678 825
678 783
678 233
678 359
678 7
678 294
678 943
678 1062
678 694
678 702
678 804
678 832
678 261
678 1112
678 438
678 89
678 705
678 560
678 472
1013 935
1013 802
1013 653
1013 621
1013 640
1013 347
1013 726
1013 818
1013 282
799 825
799 394
799 7
799 604
799 623
799 824
799 122
825 783
825 1115
825 359
825 246
825 207
825 8
825 86
825 656
825 1122
825 718
825 321
825 408
825 1086
825 71
825 548
825 694
825 180
825 804
825 0
825 429
825 1050
825 993
825 197
825 509
825 797
825 525
825 1132
783 381
783 359
783 42
783 131
783 246
783 1113
783 908
783 274
783 79
783 848
783 1127
783 206
783 496
783 189
783 91
783 52
783 988
783 56
783 835
783 838
783 0
783 70
783 535
783 135
783 942
783 759
783 160
783 958
783 1049
783 929
542 394
542 1002
542 653
542 313
542 122
542 1008
542 39
542 829
542 426
542 558
542 295
233 566
233 1106
233 742
233 820
233 707
233 255
233 1068
233 909
233 1005
233 1084
233 908
233 1006
233 765
233 1059
233 610
233 497
233 320
233 696
233 327
233 319
233 750
233 804
233 385
233 157
233 759
566 820
566 207
571 885
571 938
1115 1131
1115 860
1115 530
1115 885
1115 938
1115 381
1115 115
1115 546
1115 967
1115 164
1115 213
1115 269
1115 827
1115 653
1115 86
1115 11
1115 908
1115 685
1115 622
1115 844
1115 861
1115 988
1115 163
1115 766
1115 291
1115 298
1115 659
1115 406
1115 275
532 1131
532 885
532 967
532 844
532 298
532 1025
1131 860
1131 885
1131 938
1131 381
1131 546
1131 967
1131 653
1131 908
1131 844
1131 787
1131 549
1131 497
1131 988
1131 947
1131 97
1131 291
1131 1025
1131 572
860 885
860 938
860 1068
860 740
860 213
860 908
860 349
860 861
860 994
860 995
860 1059
860 988
860 483
860 97
860 580
860 1025
860 498
860 30
860 982
860 608
860 1087
860 784
860 779
772 303
772 848
772 767
772 351
772 1107
772 867
772 332
530 885
530 546
530 967
530 591
530 862
530 1023
530 164
530 621
530 844
530 84
530 321
530 471
530 766
530 37
530 531
885 938
885 381
885 115
885 546
885 967
885 591
885 923
885 1068
885 1
885 908
885 844
885 1006
885 84
885 493
885 163
885 766
885 340
938 546
938 967
938 1057
938 1068
938 86
938 844
938 861
938 868
938 766
938 659
938 893
938 945
381 967
381 798
381 303
381 1024
381 766
381 298
115 546
115 967
115 591
115 164
115 84
115 163
115 766
115 17
115 406
115 340
546 967
546 1057
546 1023
546 909
546 844
546 549
546 191
546 766
546 947
636 1023
967 591
967 909
967 164
967 269
967 84
967 407
967 351
967 766
967 1025
967 37
967 340
967 945
967 181
967 1027
967 764
268 741
268 861
268 147
268 483
268 97
268 1075
268 454
268 649
268 15
268 578
268 567
533 814
359 862
359 1082
359 521
359 1006
359 625
359 408
359 1024
359 786
359 1086
359 71
359 804
359 0
359 1112
892 528
892 1005
892 157
892 962
892 705
781 574
781 908
781 685
781 354
781 1027
781 722
847 1057
847 717
847 132
847 291
847 557
847 937
847 174
847 209
847 29
847 422
847 302
367 154
367 149
272 139
272 858
272 85
78 1057
78 591
78 490
78 186
478 161
478 131
478 379
478 643
478 294
478 565
478 839
478 186
478 87
912 978
912 1122
912 511
912 580
912 262
562 111
562 1118
562 81
562 66
562 62
562 978
111 1120
111 1118
111 81
111 713
111 51
111 1068
111 294
111 322
1120 81
1120 1101
1120 1106
1120 486
1120 887
1118 862
1118 476
81 862
81 978
81 476
81 322
81 993
276 169
1074 347
1074 186
713 294
713 322
161 60
161 1106
161 131
161 379
161 643
161 831
161 565
161 768
161 186
161 748
879 1106
879 186
1101 935
203 1126
203 451
60 379
60 86
60 1082
60 74
1106 877
1106 7
1106 862
1106 1023
1106 1108
1106 266
1106 177
1106 589
1106 476
1106 322
1106 561
1106 450
1057 591
1057 634
1057 338
1057 490
1057 732
1057 418
1057 716
1057 79
1057 349
1057 459
1057 775
1057 395
1057 1048
1057 568
1057 441
1057 421
1057 68
1057 438
1057 929
1057 572
1057 30
1057 193
1057 18
1057 252
42 591
42 338
42 732
42 798
42 1005
42 701
42 987
591 490
591 164
591 269
591 11
591 621
591 844
591 303
591 84
591 179
591 471
591 351
591 837
591 766
591 947
591 531
591 764
591 119
90 76
90 204
90 74
90 259
90 626
90 282
90 1047
90 759
90 902
634 861
634 932
634 568
634 141
634 252
1054 390
1054 91
1054 849
1054 947
1054 385
1054 236
1054 356
1054 1050
1054 711
1054 615
1054 734
1054 821
338 732
338 696
338 582
338 947
338 441
338 934
338 412
338 242
338 105
490 1048
490 568
490 766
732 1
732 696
732 582
732 934
168 798
168 401
168 690
168 449
168 461
168 623
168 47
168 597
168 729
168 735
32 131
32 28
32 761
32 1004
32 380
32 840
32 1100
32 486
32 859
32 839
32 623
32 1061
32 503
32 878
32 388
32 866
32 185
32 729
800 131
800 28
800 598
800 240
800 1022
800 1070
800 635
800 486
800 768
800 278
800 286
800 291
800 197
800 918
1040 290
1040 511
1040 425
1040 728
1040 590
1040 671
131 379
131 230
131 28
131 396
131 598
131 761
131 742
131 814
131 831
131 862
131 240
131 1005
131 807
131 176
131 1070
131 565
131 685
131 486
131 303
131 768
131 286
131 623
131 445
131 864
131 388
131 512
131 993
131 244
131 918
131 314
131 971
131 1098
379 28
379 761
379 831
379 176
379 565
379 768
379 971
379 682
643 28
643 257
643 798
643 396
643 761
643 1004
643 380
643 840
643 565
643 839
643 738
643 819
643 186
643 878
643 1060
643 210
643 1015
643 244
643 597
643 729
643 971
643 972
744 1004
744 736
744 814
744 1041
744 930
744 176
744 859
744 291
744 962
744 498
744 971
744 627
744 212
744 1077
1081 257
1081 380
1081 802
1081 62
1081 83
1081 685
1081 640
1081 835
1081 687
1081 818
1081 148
1081 210
1081 1090
1081 227
1081 914
1081 1015
1081 17
1081 976
1081 364
230 232
230 798
230 814
230 707
230 806
230 807
230 3
230 1022
230 635
230 354
230 583
230 486
230 746
230 378
230 187
232 742
232 416
232 806
232 1084
232 354
232 360
232 917
232 378
232 0
790 798
790 240
790 3
790 461
790 908
790 84
790 471
790 47
790 766
790 222
28 257
28 396
28 617
28 598
28 94
28 394
28 742
28 736
28 778
28 814
28 707
28 416
28 240
28 228
28 807
28 3
28 1022
28 1100
28 354
28 486
28 1024
28 768
28 746
28 623
28 445
28 47
28 878
28 88
28 491
257 396
257 479
257 598
257 94
257 761
257 1004
257 736
257 778
257 380
257 840
257 807
257 176
257 3
257 583
257 768
257 839
257 623
257 878
257 113
257 597
257 972
257 201
798 598
798 394
798 742
798 1004
798 840
798 240
798 978
798 565
798 486
798 278
798 286
798 623
798 244
396 761
396 394
396 736
396 565
396 303
396 768
396 864
396 1060
396 597
479 761
479 380
479 807
479 961
479 623
479 273
479 687
479 113
479 201
617 1004
617 814
617 549
617 687
598 742
598 707
598 807
598 978
598 486
598 278
598 549
598 846
598 286
598 623
598 210
598 712
598 58
598 597
94 761
94 1004
94 380
94 176
94 839
94 947
94 618
94 597
94 1098
94 201
761 394
761 1004
761 736
761 380
761 840
761 565
761 1100
761 839
761 738
761 445
761 144
761 597
761 201
761 25
761 817
761 957
394 83
394 930
394 906
394 303
394 386
394 214
394 445
394 378
394 1112
394 25
394 346
394 1125
742 909
742 240
742 807
742 1022
742 486
742 204
742 746
742 47
742 187
742 104
742 17
1004 736
1004 814
1004 380
1004 1041
1004 840
1004 176
1004 859
1004 839
1004 1061
1004 503
1004 878
1004 210
1004 597
1004 971
1004 1077
736 814
736 380
736 1041
736 176
736 768
736 286
736 388
736 210
736 704
736 971
736 1077
736 98
778 1041
778 909
778 1022
778 347
778 835
778 729
778 817
814 807
814 354
814 859
814 286
814 476
814 947
814 388
814 1060
814 570
814 971
814 886
380 840
380 176
380 839
380 445
380 503
380 880
380 187
380 17
380 244
380 704
380 597
380 498
380 88
380 201
380 654
380 534
831 768
831 251
1041 176
1041 859
1041 692
1041 388
1041 1015
1041 971
1041 1077
840 503
840 878
840 764
840 756
840 300
284 629
284 74
284 512
284 1093
401 787
401 629
401 513
401 728
401 271
31 271
253 889
246 152
246 718
246 1024
246 994
246 1061
246 476
246 947
246 526
243 1023
243 62
243 86
243 274
243 917
243 549
243 573
923 696
820 707
820 1068
820 207
820 373
820 497
820 409
820 729
820 721
877 207
877 909
877 8
877 202
877 521
877 898
707 397
707 255
707 1068
707 207
707 909
707 8
707 290
707 604
707 462
707 484
707 1024
707 286
707 173
707 1028
707 804
707 483
707 429
707 580
707 356
707 17
707 759
707 151
707 1072
707 537
707 196
707 312
707 953
7 765
7 424
397 325
397 462
397 786
397 320
397 440
397 870
397 165
397 838
397 157
397 514
862 1005
862 462
862 1
862 274
862 787
862 173
862 582
862 47
862 476
862 804
862 467
862 494
862 580
862 705
862 197
862 797
862 510
862 166
862 77
862 989
255 493
255 492
255 129
255 1062
255 180
255 453
255 693
255 1132
255 921
255 13
1068 909
1068 484
1068 943
1068 154
1068 988
1068 483
1068 97
1068 1072
1068 537
1068 762
207 690
207 484
207 616
207 1091
207 497
207 173
207 735
207 529
1023 909
1023 1005
1023 1
1023 274
1023 79
1023 681
1023 786
1023 320
1023 440
1023 932
1023 824
1023 1017
1023 804
1023 385
1023 423
652 1086
652 947
652 235
909 35
909 908
909 4
909 861
909 496
909 320
909 988
909 385
909 97
909 580
909 529
909 661
909 1020
909 919
935 1024
935 640
935 347
935 1035
283 574
283 690
283 267
283 354
283 844
574 267
574 1006
574 917
574 804
690 621
690 487
690 681
690 497
690 819
690 692
690 729
690 721
690 117
690 488
341 484
267 414
267 83
267 79
267 204
267 962
267 705
416 806
416 621
416 685
416 354
416 610
416 214
416 216
414 484
414 1084
414 345
414 759
8 802
8 1005
8 202
8 656
8 521
8 804
8 1112
8 898
290 1108
290 266
290 685
290 787
290 79
290 511
290 590
290 527
290 907
290 1097
290 507
931 1005
931 856
931 701
931 39
931 261
931 980
931 426
931 711
931 430
931 188
931 1130
325 1
325 844
325 723
325 369
325 870
325 838
325 356
325 774
325 63
806 360
802 1022
802 462
802 685
802 610
802 445
802 595
802 712
739 1086
739 870
739 295
739 302
739 293
739 771
475 718
475 408
240 449
240 286
240 623
240 47
657 492
657 693
657 24
657 933
657 370
219 228
219 83
219 906
219 630
647 765
647 70
164 269
164 418
164 47
164 767
164 407
164 766
164 942
164 298
164 352
164 297
528 1
528 274
528 844
528 952
528 1006
528 1094
528 718
528 723
528 132
528 786
528 846
528 320
528 838
528 310
528 980
528 1050
528 119
528 463
1005 385
1005 261
1005 89
1005 705
1005 759
1005 308
1005 998
1051 1122
1051 1024
1051 917
1051 804
1051 420
1051 960
1051 312
1051 953
1051 661
1051 1078
1051 281
1051 650
62 86
62 685
62 787
62 741
62 321
62 681
62 292
62 549
62 154
62 937
62 527
62 393
62 1103
62 374
67 787
67 347
67 891
67 468
807 565
807 999
807 768
807 214
807 286
807 623
807 640
807 1105
807 878
807 244
807 881
44 996
44 633
44 1024
44 786
44 45
44 870
44 556
740 213
740 685
740 1010
740 775
740 1059
740 76
740 870
740 97
740 149
740 393
740 22
740 624
1108 461
1108 590
1108 676
137 750
137 693
137 13
137 24
137 933
137 826
137 675
137 118
137 873
996 321
996 786
996 229
996 45
996 838
996 70
996 236
996 833
1126 321
1126 681
1126 476
1126 425
1126 590
708 795
604 116
604 75
604 371
604 173
604 309
604 1089
224 787
224 629
83 11
83 775
83 610
83 204
83 154
83 928
83 101
83 97
83 99
83 498
83 1087
894 309
894 10
894 1102
894 311
894 191
930 176
266 970
266 521
266 79
266 511
266 122
266 507
266 432
266 383
266 1003
266 834
266 986
266 1044
266 69
176 565
176 839
176 186
176 971
176 1098
176 1077
755 787
755 629
755 672
755 425
755 135
755 590
755 907
755 1097
755 288
3 978
3 583
3 623
3 726
3 503
3 498
1022 76
1022 972
970 629
970 1003
589 133
589 1029
294 738
294 186
294 87
294 986
294 903
373 204
373 497
373 483
373 794
373 411
213 1
213 908
213 685
213 279
213 179
213 775
213 861
213 292
213 575
213 994
213 204
213 496
213 154
213 988
213 928
213 9
213 871
213 483
213 498
213 30
213 1087
213 784
213 149
213 364
213 411
213 796
213 979
213 1071
213 324
269 84
269 681
269 76
269 835
269 766
269 104
684 621
684 1124
684 24
684 370
1002 151
35 978
35 418
35 985
35 349
35 999
35 106
35 459
35 499
35 279
35 848
35 775
35 286
35 273
35 217
35 520
35 1067
35 555
35 677
35 1104
35 830
35 200
949 11
949 1128
462 906
462 133
462 943
462 775
462 746
462 319
462 58
462 1087
484 1113
484 962
484 722
484 737
484 905
484 398
906 620
906 746
906 474
133 795
133 952
133 1024
133 846
133 320
133 440
133 870
133 1028
133 165
133 395
133 64
133 748
133 424
133 63
133 1029
706 1059
706 391
641 1113
641 827
641 280
641 883
1113 827
1113 86
1113 11
1113 905
827 11
827 692
827 1103
827 348
827 2
827 344
827 691
827 968
653 357
653 554
653 1024
653 206
653 549
653 189
653 759
653 160
653 295
653 18
653 957
653 984
653 215
653 664
86 746
86 870
86 932
86 123
86 1119
86 96
86 280
86 828
357 360
357 861
357 189
357 273
357 832
357 160
357 957
1 795
1 622
1 844
1 952
1 718
1 1024
1 575
1 786
1 629
1 16
1 476
1 849
1 157
1 797
1 423
1 480
1 46
1070 1084
1070 978
1070 388
1070 971
946 192
662 1084
662 461
662 1036
662 1053
662 679
1084 978
1084 461
1084 152
1084 635
1084 859
1084 204
1084 620
1084 714
1084 17
1084 679
1084 698
978 635
978 583
978 768
978 278
978 746
978 286
978 714
978 623
978 838
978 192
978 842
461 1036
461 570
461 679
152 635
152 321
152 595
635 1100
635 859
1036 1060
1036 331
1036 198
565 768
565 839
565 947
565 186
565 503
565 880
565 1060
565 971
1100 859
11 621
11 908
11 685
11 354
11 787
11 459
11 786
11 610
11 345
11 928
11 101
11 843
11 973
943 625
943 1024
943 804
943 759
943 1029
943 61
621 685
621 583
621 795
621 459
621 610
621 369
621 345
621 101
621 693
621 729
621 423
908 349
908 106
908 279
908 179
908 775
908 861
908 59
908 147
908 496
908 154
908 988
908 101
908 97
908 572
908 784
908 677
908 830
908 2
908 1099
685 354
685 583
685 614
685 303
685 321
685 349
685 459
685 768
685 994
685 610
685 154
685 189
685 932
685 640
685 511
685 453
685 476
685 101
685 835
685 96
685 693
685 1092
685 148
685 64
685 1075
685 374
685 118
685 955
685 719
202 844
202 718
202 765
202 189
202 666
202 39
202 758
202 898
202 769
202 760
202 603
354 610
354 476
354 101
354 187
354 167
583 153
583 420
583 968
614 741
614 106
614 575
614 345
614 273
614 47
614 671
614 195
656 844
656 204
656 863
656 626
656 282
656 557
795 274
795 1082
795 844
795 718
795 1017
795 835
795 750
795 122
795 1008
795 748
795 72
795 851
795 920
795 709
795 697
795 92
274 844
274 1006
274 1094
274 64
274 748
274 771
274 410
274 751
418 1121
418 303
418 84
418 985
418 999
418 459
418 499
418 179
418 775
418 1059
418 471
418 819
418 871
418 766
418 947
418 531
418 411
418 217
418 520
418 1067
418 555
418 200
418 968
418 940
418 264
418 1056
127 1029
961 278
961 623
961 597
1082 786
1082 932
1082 511
1082 165
1082 74
1082 693
1082 838
1082 356
1082 1112
1082 588
1001 554
521 718
521 625
521 917
521 1086
521 395
628 741
628 483
628 1075
628 15
628 567
628 747
628 874
628 660
628 749
628 400
628 699
628 1065
360 71
360 804
360 832
622 1006
622 123
622 950
554 386
554 759
554 974
554 911
1122 718
1122 750
1122 960
1122 962
1122 197
1122 982
1122 661
1122 63
1122 118
550 390
550 91
550 849
550 385
550 236
550 234
550 356
550 711
550 342
550 822
550 926
550 663
633 681
633 347
633 805
633 838
633 947
633 188
633 1031
844 741
844 952
844 1094
844 718
844 84
844 917
844 786
844 163
844 766
844 659
844 119
844 393
844 920
844 811
787 741
787 1121
787 79
787 681
787 353
787 471
787 273
787 511
787 629
787 347
787 476
787 595
787 672
787 425
787 993
787 135
787 590
787 1097
787 383
787 563
787 125
787 1109
787 948
741 179
741 681
741 917
741 59
741 994
741 76
741 273
741 640
741 101
741 9
741 0
741 483
741 97
741 572
741 498
741 454
741 649
741 578
741 937
741 2
741 699
741 1065
741 226
741 900
1121 106
1121 471
1121 217
1121 1067
1121 200
952 723
952 1024
952 846
952 320
952 16
952 1095
952 797
952 937
952 711
952 955
952 256
716 249
716 759
716 18
897 486
897 445
486 278
486 231
486 346
1006 296
1006 932
1006 123
1006 585
1006 809
859 738
859 1077
303 445
1094 723
1094 119
1094 1031
1094 256
79 273
79 640
79 511
79 629
79 476
79 712
79 728
79 962
79 104
79 135
79 119
79 1097
79 69
79 888
79 670
79 596
718 723
718 321
718 681
718 786
718 356
718 556
718 851
718 663
718 256
723 320
723 987
723 1031
473 132
473 229
473 992
473 833
84 471
84 47
84 531
321 1024
321 91
321 805
321 784
4 204
4 472
625 717
765 1024
765 206
765 853
765 229
765 731
765 204
765 696
765 189
765 535
765 666
765 304
765 39
765 1034
765 758
765 332
765 833
765 464
765 250
765 237
765 270
765 600
408 204
408 71
408 804
408 903
408 854
408 581
1024 179
1024 768
1024 717
1024 1059
1024 696
1024 91
1024 804
1024 385
1024 113
1024 557
1024 157
1024 958
1024 937
1024 29
1024 777
1024 524
487 980
487 721
487 117
985 349
985 999
985 499
985 848
985 627
985 82
349 999
349 106
349 459
349 499
349 279
349 848
349 775
349 1059
349 988
349 9
349 97
349 784
349 627
349 520
349 555
999 106
999 459
999 499
999 279
999 848
999 947
999 1105
999 627
999 520
999 940
999 841
106 459
106 279
106 848
106 988
106 411
459 499
459 279
459 848
459 775
459 59
459 575
459 101
459 947
459 627
459 346
459 1067
459 555
459 200
459 1056
499 279
499 848
499 775
499 30
499 627
499 520
499 200
279 848
279 988
279 784
848 97
848 1056
1010 861
1010 549
1010 97
1010 117
1010 393
1010 520
1010 1109
179 861
179 994
179 1059
179 496
179 154
179 928
179 9
179 871
179 580
179 572
179 30
179 1087
179 149
179 364
179 721
179 411
179 796
179 979
179 1071
179 324
179 183
768 623
768 186
768 498
768 1098
768 1077
768 251
717 1086
717 870
717 310
717 209
717 216
717 430
717 551
681 805
681 771
681 280
681 663
681 785
775 286
775 497
775 988
775 784
775 555
775 677
775 1104
775 830
775 1099
775 82
775 299
775 773
775 120
132 557
132 209
132 29
132 119
132 771
132 658
861 994
861 147
861 154
861 932
861 988
861 928
861 9
861 871
861 572
861 1075
861 649
861 578
861 567
861 149
861 520
861 555
861 749
861 400
861 1109
861 515
861 1018
206 731
206 189
206 273
292 149
292 660
292 1109
292 82
917 701
917 89
917 430
917 226
278 1092
278 843
839 231
839 738
839 186
839 597
839 87
839 98
839 251
839 23
353 154
353 310
353 2
353 140
353 901
853 273
853 835
853 947
853 679
853 250
549 154
549 766
549 1112
549 419
616 204
1123 59
1123 501
1123 779
59 501
59 994
59 995
59 9
59 784
59 729
59 700
59 674
501 575
501 914
501 498
501 779
501 729
501 348
501 968
575 994
575 995
575 496
575 154
575 97
575 197
575 30
575 1087
575 393
575 555
994 995
994 1059
994 496
994 154
994 928
994 101
994 30
994 364
994 555
994 264
994 865
995 191
995 9
995 242
147 1059
147 9
147 483
147 572
147 30
147 1075
147 649
147 749
1059 9
1059 483
1059 572
1059 411
1059 120
76 154
76 722
786 320
786 868
786 1030
786 805
786 74
786 838
786 33
786 157
786 197
786 423
786 46
471 766
471 352
229 189
229 39
229 937
229 833
1086 1017
1086 123
1086 208
1086 302
1086 1045
1086 194
100 1062
100 730
100 453
100 693
100 573
100 933
610 101
610 1092
610 729
731 992
366 492
366 750
366 693
366 13
366 125
366 469
369 356
369 607
846 371
846 980
846 424
846 430
846 851
75 959
75 10
75 868
75 311
75 1055
75 1053
75 556
75 826
75 968
75 539
75 316
75 981
204 696
204 1062
204 319
204 101
204 220
204 750
204 960
204 729
204 424
204 411
204 737
204 61
204 584
204 1000
371 309
371 895
371 856
371 10
371 1089
496 149
496 555
496 348
496 1117
296 304
296 989
296 1103
296 691
296 697
296 809
296 1114
296 377
345 101
345 962
345 251
345 195
154 273
154 988
154 191
154 928
154 9
154 871
154 743
154 962
154 572
154 30
154 1087
154 567
154 149
154 364
154 411
154 796
154 979
154 1071
154 324
154 865
620 993
214 286
746 347
746 9
746 498
746 1087
286 187
286 1046
1091 173
1091 570
738 1053
738 186
738 597
738 87
738 271
738 903
497 173
497 988
497 637
497 722
497 729
497 721
497 488
71 548
71 45
71 350
71 838
71 0
71 385
623 273
623 878
623 148
623 244
623 192
492 824
492 368
492 1124
492 1017
492 693
492 953
492 13
492 469
492 6
457 440
611 327
611 779
45 10
45 868
45 805
45 157
45 821
45 527
45 342
45 1039
320 390
320 440
320 16
320 385
320 33
320 236
320 234
320 310
320 157
320 1050
320 104
320 46
320 199
320 965
320 339
129 1017
129 693
129 962
696 582
696 947
696 70
696 626
696 421
696 516
696 934
696 412
696 467
696 68
696 472
696 525
696 77
696 576
696 939
696 27
390 16
390 385
390 236
390 356
440 748
440 424
440 199
189 273
189 769
870 1095
870 626
870 960
870 797
870 430
870 584
870 569
870 780
327 438
327 89
327 430
327 1130
327 785
327 317
327 564
327 545
1062 964
1062 368
1062 1017
1062 730
1062 180
1062 453
1062 313
1062 750
1062 693
1062 139
1062 933
1062 719
1062 194
1062 1000
1062 124
1062 108
1062 437
1062 1073
1062 538
1062 65
1062 376
1062 609
350 960
890 514
890 419
890 199
890 924
582 626
582 467
582 68
582 619
582 105
582 77
582 939
582 857
254 835
254 441
932 123
932 74
932 282
932 759
932 18
932 975
932 599
91 273
91 640
91 74
91 385
91 236
91 356
91 711
91 615
91 510
91 926
91 965
273 511
273 9
273 96
273 766
273 291
273 527
273 828
273 697
273 670
273 668
273 631
640 10
640 347
640 249
640 898
640 527
964 453
964 835
964 139
964 573
964 933
964 50
445 704
824 808
824 750
824 1132
824 370
824 6
824 124
824 343
959 52
959 309
959 311
959 139
959 118
368 808
368 730
368 92
368 194
368 469
368 124
368 466
156 693
391 52
391 694
391 750
391 693
391 370
391 125
391 263
52 808
52 728
52 151
52 1003
52 125
52 469
52 263
694 180
694 750
694 693
694 1050
694 993
694 509
694 1132
694 24
694 355
694 404
1124 370
1124 826
1124 194
808 1017
808 730
808 180
808 335
808 895
808 856
808 869
808 693
808 429
808 1132
808 675
808 194
808 1039
808 437
808 343
808 925
808 19
808 93
808 688
1017 730
1017 74
1017 693
1017 1132
1017 118
1017 873
1017 194
1017 538
309 311
309 1089
309 208
730 453
730 122
730 139
730 933
730 719
730 194
730 124
730 1073
730 466
180 693
180 139
180 376
180 178
180 238
511 629
511 728
511 891
511 590
511 383
511 1044
511 791
169 335
335 895
335 1053
335 869
335 429
335 960
335 19
629 672
629 891
629 590
629 271
629 383
629 1003
629 1044
629 287
655 551
895 429
895 19
991 856
991 438
991 193
991 551
991 155
856 89
856 584
856 126
10 1102
10 868
10 311
10 277
10 637
10 849
10 429
10 784
347 74
347 282
347 1090
347 356
347 514
347 77
47 163
47 766
47 1076
988 74
988 9
988 572
988 30
988 784
988 117
988 555
988 677
988 830
988 1099
988 299
988 223
163 766
163 531
163 1027
1102 1055
1102 1011
868 1055
868 1053
868 191
868 849
868 429
868 520
868 660
868 316
311 1055
311 536
311 429
311 295
311 302
1055 249
1055 160
1055 223
819 597
819 729
819 721
819 117
819 488
819 217
819 200
819 348
819 968
819 674
819 642
453 693
453 139
453 573
453 933
453 50
465 506
16 734
1061 476
1061 503
1061 878
1061 388
1061 866
1061 185
1061 527
249 150
249 947
249 759
249 18
249 780
869 429
123 889
123 220
123 793
123 18
123 989
123 594
56 947
1119 150
1119 96
1119 280
1119 828
1119 517
889 74
889 18
889 989
150 96
150 883
481 342
1009 1029
476 236
476 618
476 962
476 197
476 919
476 80
313 39
313 139
1030 142
805 342
805 680
165 74
165 199
928 9
928 498
928 30
928 1087
928 149
928 117
928 979
928 324
101 96
101 843
101 818
101 962
101 1132
101 406
101 50
835 843
835 148
835 1132
835 406
220 837
220 594
220 876
74 395
74 693
74 838
74 356
74 18
74 953
74 919
74 20
395 18
9 871
9 483
9 498
9 30
9 1087
9 784
9 149
9 364
9 411
9 796
9 979
9 1071
9 324
969 838
969 1050
969 463
969 875
969 763
750 693
750 122
750 1132
750 13
750 370
750 826
750 675
750 72
750 6
750 485
692 503
692 962
692 729
692 117
692 488
692 1103
692 199
692 36
767 766
407 766
407 659
407 406
96 280
96 883
96 828
96 517
351 1027
144 318
415 1103
415 280
415 828
415 517
415 592
415 417
849 838
849 947
849 385
849 236
849 356
849 1112
849 711
693 947
693 356
693 1132
693 561
693 573
693 13
693 933
693 370
693 826
693 675
693 125
693 194
693 469
693 376
122 953
122 13
122 355
1048 568
1048 903
838 70
838 234
838 356
838 1031
838 763
837 451
871 880
871 30
871 149
871 364
871 796
871 979
871 1071
871 324
701 39
701 980
701 226
701 785
766 942
766 352
947 626
947 421
947 832
947 234
947 980
947 425
947 929
947 151
947 624
947 1067
947 695
947 1026
947 1079
947 172
947 956
987 63
843 99
644 139
186 87
186 971
186 271
804 1050
804 1112
804 993
804 438
804 509
804 120
0 282
0 794
863 599
863 673
385 236
385 1052
385 234
385 356
385 962
385 711
385 615
385 821
385 510
385 822
385 926
385 663
385 1031
385 651
141 157
483 97
483 572
483 784
483 1075
483 454
483 578
483 567
483 149
483 747
483 699
483 1065
483 900
97 572
97 498
97 30
97 1075
97 454
97 15
97 699
503 878
503 880
503 187
503 498
503 830
503 260
1105 244
1105 649
1105 577
1105 927
878 388
878 866
878 185
878 113
878 244
880 498
687 764
687 1077
812 70
70 626
70 516
70 412
70 236
70 525
70 929
70 1027
70 603
70 663
70 668
70 485
70 754
388 185
388 971
388 1077
866 498
866 764
866 670
185 791
441 934
441 412
626 516
626 1034
626 1027
626 998
421 516
535 833
429 19
666 758
666 760
666 515
992 833
304 39
304 989
304 464
304 247
304 646
832 261
832 584
39 769
39 250
39 515
39 241
39 102
39 813
39 14
39 522
409 545
261 438
261 308
818 435
516 340
934 412
934 939
467 77
68 1112
128 743
1060 570
1060 143
1034 833
580 784
580 393
758 833
758 760
758 237
758 515
758 247
743 340
743 27
282 1112
148 210
148 1090
148 227
148 914
210 1090
1090 227
1015 972
1015 1077
1015 976
113 244
113 201
291 356
291 242
291 972
187 704
187 597
187 729
1076 552
136 463
236 234
236 356
236 711
236 615
236 821
234 711
234 663
310 557
310 209
310 762
310 771
310 551
64 751
64 23
64 361
64 541
64 43
980 463
356 218
356 1112
356 711
356 821
356 256
356 875
557 472
557 209
557 422
557 658
557 522
157 929
1050 993
1050 509
1050 455
218 362
403 419
672 590
672 288
425 671
425 527
425 103
728 590
728 1003
728 287
618 910
962 17
962 597
962 560
962 472
962 584
962 6
962 695
104 411
891 590
993 509
993 463
993 524
17 411
135 552
590 683
244 704
244 1077
679 729
679 88
597 88
597 1125
597 534
87 271
87 69
87 23
87 1066
438 430
89 430
89 753
560 972
472 729
197 469
197 159
509 302
509 24
509 1045
509 355
509 404
509 688
509 1083
797 762
797 463
797 1031
797 965
1132 953
1132 370
1132 343
1132 355
1132 1083
942 406
942 1107
942 867
942 352
759 374
759 398
759 223
160 957
1049 140
1049 175
929 342
295 1072
298 968
1025 340
572 454
572 15
572 578
572 747
572 874
572 699
572 1065
572 1109
572 1018
572 776
498 30
498 1087
498 784
498 976
498 98
30 1087
30 149
30 364
30 796
30 979
30 1071
30 324
30 183
608 779
608 82
608 674
608 1117
1087 393
784 149
784 699
784 299
784 773
784 120
779 777
779 674
779 1117
332 77
531 264
893 25
764 670
1075 15
1075 567
1075 400
1075 699
454 649
454 15
454 567
454 972
454 699
649 15
649 567
649 747
649 699
15 567
15 699
567 747
567 577
937 833
29 422
422 1072
149 729
149 364
149 796
149 979
149 1071
149 324
139 573
139 933
139 124
139 65
139 376
139 609
139 238
139 458
748 920
748 751
193 155
18 957
18 989
18 594
18 1088
252 105
902 329
711 615
711 663
615 510
615 524
615 651
734 663
734 1042
821 510
242 82
105 200
729 721
729 117
729 488
729 411
971 1077
972 1077
627 796
627 520
627 1067
627 830
627 940
364 796
364 979
364 1071
364 324
25 377
25 695
25 1079
25 247
25 990
817 721
957 883
957 417
886 167
251 190
526 630
573 933
573 1073
573 50
573 159
721 117
721 488
151 125
151 263
1072 771
196 762
953 921
953 24
953 370
514 419
510 926
510 663
510 876
166 463
989 594
13 826
13 118
13 466
13 689
235 485
919 82
117 488
117 968
488 916
527 393
527 965
527 428
527 334
527 518
907 1097
907 288
430 785
24 343
24 404
24 688
24 1083
933 50
933 238
933 1083
370 343
370 263
370 688
370 1083
463 851
308 675
998 826
998 675
998 873
998 769
998 433
393 710
1103 691
1103 809
1103 377
374 140
374 901
374 223
22 82
22 710
826 675
826 118
826 433
675 433
118 873
118 343
118 355
118 836
383 725
1044 1066
411 941
796 979
796 1071
796 324
979 1071
979 324
1071 324
217 1067
217 200
217 940
520 183
520 399
1067 200
1067 691
1104 830
1104 1099
1104 82
1104 299
1104 773
1104 120
1104 339
830 1099
830 82
830 299
830 120
200 760
200 940
737 789
905 398
398 876
280 828
280 417
348 968
348 642
691 664
691 1114
691 377
691 695
691 1079
968 674
968 1117
215 377
215 695
215 1079
215 247
215 990
828 517
828 592
828 417
61 448
1099 299
1099 120
955 455
719 1000
769 1073
760 515
72 485
920 211
709 339
709 436
697 809
697 377
751 23
751 361
747 874
747 1065
874 660
660 1109
342 926
1031 256
125 194
125 469
125 263
1109 1018
1109 36
1109 776
226 413
250 241
250 522
82 299
82 120
551 605
785 1026
299 120
299 724
23 361
140 223
901 223
419 199
674 1117
194 469
194 376
194 688
194 433
607 605
539 1085
584 126
584 470
1114 377
1114 695
1114 1079
1114 990
377 695
377 1079
377 172
377 990
199 1032
317 545
317 1026
545 1026
1073 239
538 159
376 238
668 1079
668 247
343 355
343 404
343 688
343 1083
404 688
404 1083
688 1083
238 433
594 1058
417 990
695 1079
695 172
695 247
695 990
1079 172
1079 247
1079 990
172 990
651 504
247 646
241 522
241 639
361 158
541 43
753 73
1083 433
73 73
