0 391
1 1087
2 729
3 70
4 493
5 631
6 782
7 208
8 612
9 936
10 761
11 883
12 62
13 255
14 595
15 469
16 392
17 1072
18 1094
19 37
20 981
21 176
22 613
23 1098
24 300
25 673
26 1060
27 303
28 1067
29 316
30 780
31 1084
32 470
33 746
34 1108
35 363
36 405
37 122
38 708
39 543
40 432
41 102
42 372
43 949
44 809
45 449
46 370
47 130
48 167
49 548
50 159
51 471
52 560
53 58
54 566
55 725
56 314
57 158
58 987
59 1089
60 1021
61 230
62 594
63 858
64 442
65 965
66 639
67 381
68 881
69 301
70 1105
71 184
72 643
73 562
74 1049
75 1129
76 479
77 735
78 347
79 908
80 309
81 1124
82 811
83 724
84 791
85 547
86 180
87 1029
88 197
89 349
90 892
91 1006
92 714
93 869
94 66
95 886
96 79
97 909
98 919
99 325
100 557
101 1043
102 522
103 623
104 51
105 805
106 34
107 771
108 467
109 461
110 288
111 101
112 743
113 402
114 750
115 638
116 382
117 1003
118 608
119 281
120 177
121 416
122 835
123 857
124 417
125 822
126 164
127 235
128 366
129 847
130 614
131 686
132 483
133 315
134 497
135 1091
136 1061
137 999
138 1131
139 266
140 73
141 882
142 23
143 1074
144 524
145 1020
146 413
147 656
148 654
149 453
150 456
151 734
152 496
153 1092
154 127
155 868
156 765
157 1055
158 248
159 275
160 82
161 69
162 758
163 525
164 903
165 1107
166 1111
167 513
168 793
169 322
170 838
171 1042
172 911
173 194
174 419
175 875
176 119
177 628
178 820
179 770
180 128
181 292
182 642
183 46
184 134
185 799
186 561
187 860
188 132
189 907
190 709
191 270
192 928
193 520
194 528
195 375
196 435
197 481
198 510
199 649
200 879
201 1025
202 988
203 569
204 1051
205 136
206 800
207 785
208 866
209 480
210 195
211 107
212 792
213 727
214 233
215 477
216 276
217 80
218 55
219 893
220 28
221 4
222 111
223 260
224 17
225 668
226 183
227 706
228 681
229 35
230 272
231 974
232 242
233 216
234 651
235 398
236 760
237 873
238 864
239 439
240 715
241 740
242 678
243 500
244 970
245 1052
246 730
247 720
248 1047
249 849
250 115
251 92
252 94
253 218
254 386
255 297
256 515
257 653
258 320
259 992
260 632
261 787
262 634
263 605
264 308
265 880
266 845
267 998
268 549
269 135
270 995
271 44
272 231
273 585
274 718
275 570
276 583
277 257
278 1095
279 1113
280 302
281 151
282 501
283 950
284 181
285 776
286 175
287 387
288 728
289 1024
290 774
291 572
292 856
293 403
294 165
295 1077
296 342
297 1002
298 901
299 1099
300 527
301 691
302 1050
303 1132
304 948
305 254
306 168
307 429
308 1015
309 192
310 604
311 1000
312 346
313 821
314 812
315 567
316 1059
317 1130
318 968
319 896
320 354
321 536
322 340
323 905
324 388
325 76
326 10
327 938
328 606
329 287
330 104
331 236
332 207
333 252
334 807
335 958
336 990
337 662
338 319
339 1011
340 993
341 671
342 784
343 756
344 1103
345 495
346 874
347 1045
348 667
349 173
350 941
351 237
352 359
353 225
354 1004
355 284
356 178
357 833
358 78
359 38
360 39
361 9
362 463
363 996
364 280
365 834
366 967
367 68
368 830
369 383
370 404
371 655
372 1117
373 502
374 310
375 454
376 487
377 146
378 345
379 508
380 491
381 368
382 296
383 648
384 929
385 1009
386 810
387 249
388 719
389 428
390 535
391 885
392 717
393 409
394 640
395 1035
396 343
397 798
398 109
399 174
400 418
401 766
402 827
403 918
404 764
405 617
406 726
407 1032
408 336
409 1028
410 966
411 401
412 14
413 1014
414 854
415 424
416 379
417 738
418 589
419 837
420 344
421 54
422 155
423 889
424 550
425 757
426 529
427 3
428 863
429 1027
430 293
431 1079
432 129
433 661
434 690
435 374
436 1005
437 110
438 884
439 721
440 1070
441 1056
442 609
443 602
444 712
445 748
446 516
447 989
448 1128
449 162
450 6
451 1038
452 923
453 698
454 576
455 803
456 206
457 394
458 682
459 855
460 976
461 674
462 1119
463 819
464 696
465 853
466 75
467 1075
468 772
469 1001
470 519
471 50
472 685
473 626
474 870
475 1115
476 48
477 472
478 431
479 139
480 1
481 447
482 961
483 1018
484 268
485 551
486 593
487 484
488 41
489 348
490 610
491 897
492 687
493 443
494 1116
495 141
496 588
497 659
498 582
499 305
500 420
501 1096
502 393
503 13
504 859
505 788
506 311
507 137
508 846
509 558
510 592
511 209
512 240
513 222
514 744
515 599
516 7
517 997
518 635
519 755
520 530
521 972
522 91
523 825
524 509
525 808
526 1080
527 701
528 246
529 412
530 994
531 953
532 839
533 67
534 400
535 598
536 753
537 357
538 213
539 1127
540 24
541 31
542 517
543 350
544 1064
545 531
546 264
547 1041
548 607
549 915
550 504
551 440
552 30
553 450
554 925
555 61
556 108
557 16
558 979
559 951
560 324
561 921
562 360
563 49
564 434
565 399
566 150
567 1068
568 533
569 273
570 365
571 506
572 565
573 741
574 542
575 226
576 658
577 65
578 836
579 286
580 352
581 563
582 1036
583 946
584 568
585 361
586 926
587 684
588 362
589 768
590 945
591 622
592 251
593 333
594 229
595 42
596 71
597 460
598 695
599 1090
600 95
601 358
602 118
603 898
604 545
605 160
606 699
607 914
608 18
609 574
610 763
611 877
612 704
613 245
614 969
615 238
616 954
617 679
618 906
619 591
620 554
621 939
622 815
623 580
624 196
625 890
626 395
627 198
628 1121
629 657
630 910
631 861
632 1010
633 603
634 186
635 147
636 385
637 546
638 212
639 313
640 619
641 742
642 737
643 933
644 166
645 210
646 705
647 60
648 410
649 331
650 171
651 1126
652 1110
653 261
654 722
655 423
656 867
657 106
658 494
659 894
660 747
661 1016
662 1026
663 624
664 406
665 125
666 1101
667 338
668 170
669 326
670 843
671 736
672 298
673 872
674 332
675 534
676 556
677 156
678 633
679 831
680 964
681 733
682 97
683 154
684 353
685 204
686 1058
687 185
688 1065
689 1082
690 597
691 277
692 1040
693 157
694 778
695 1039
696 290
697 1008
698 1076
699 1037
700 688
701 731
702 745
703 355
704 124
705 1017
706 832
707 232
708 963
709 452
710 579
711 555
712 77
713 299
714 217
715 228
716 775
717 669
718 1044
719 1019
720 489
721 1030
722 22
723 211
724 672
725 304
726 56
727 553
728 767
729 848
730 283
731 888
732 380
733 931
734 711
735 952
736 826
737 806
738 262
739 45
740 321
741 790
742 618
743 559
744 783
745 587
746 503
747 876
748 88
749 465
750 934
751 777
752 1088
753 891
754 116
755 511
756 389
757 334
758 99
759 940
760 459
761 841
762 759
763 215
764 977
765 544
766 291
767 90
768 422
769 637
770 629
771 219
772 468
773 133
774 802
775 356
776 1122
777 371
778 269
779 72
780 199
781 86
782 683
783 895
784 307
785 247
786 411
787 1057
788 947
789 179
790 8
791 797
792 980
793 689
794 63
795 1093
796 488
797 581
798 1031
799 143
800 390
801 769
802 446
803 943
804 978
805 663
806 426
807 1100
808 19
809 52
810 1081
811 142
812 786
813 937
814 221
815 202
816 384
817 328
818 844
819 899
820 189
821 271
822 971
823 441
824 149
825 32
826 577
827 749
828 924
829 816
830 241
831 458
832 87
833 327
834 148
835 145
836 664
837 223
838 692
839 29
840 932
841 123
842 376
843 438
844 144
845 203
846 944
847 20
848 433
849 507
850 1118
851 564
852 445
853 917
854 318
855 670
856 364
857 448
858 486
859 991
860 680
861 427
862 367
863 466
864 540
865 973
866 1013
867 33
868 666
869 89
870 351
871 267
872 959
873 234
874 762
875 117
876 152
877 1114
878 829
879 1078
880 813
881 1054
882 121
883 1102
884 1083
885 373
886 499
887 378
888 96
889 437
890 1125
891 526
892 814
893 796
894 975
895 253
896 85
897 258
898 15
899 817
900 282
901 840
902 523
903 710
904 414
905 492
906 985
907 113
908 330
909 694
910 81
911 1012
912 627
913 26
914 74
915 552
916 369
917 675
918 1022
919 773
920 1097
921 341
922 220
923 98
924 596
925 1069
926 927
927 703
928 1073
929 21
930 397
931 521
932 942
933 191
934 473
935 57
936 138
937 11
938 12
939 693
940 335
941 1086
942 377
943 578
944 862
945 482
946 794
947 285
948 636
949 455
950 0
951 646
952 274
953 451
954 337
955 621
956 935
957 407
958 421
959 962
960 498
961 660
962 294
963 474
964 1048
965 239
966 59
967 956
968 852
969 83
970 912
971 851
972 713
973 190
974 505
975 408
976 259
977 957
978 187
979 430
980 425
981 250
982 781
983 306
984 732
985 1007
986 1034
987 539
988 126
989 916
990 53
991 620
992 120
993 193
994 865
995 795
996 878
997 850
998 201
999 1062
1000 960
1001 920
1002 913
1003 922
1004 601
1005 512
1006 182
1007 1085
1008 339
1009 754
1010 779
1011 214
1012 630
1013 644
1014 818
1015 1109
1016 930
1017 312
1018 263
1019 1104
1020 571
1021 700
1022 645
1023 169
1024 47
1025 584
1026 112
1027 702
1028 278
1029 329
1030 751
1031 40
1032 665
1033 256
1034 676
1035 1046
1036 616
1037 84
1038 887
1039 1123
1040 716
1041 650
1042 823
1043 485
1044 955
1045 518
1046 444
1047 573
1048 188
1049 541
1050 900
1051 824
1052 1023
1053 93
1054 752
1055 615
1056 590
1057 789
1058 396
1059 457
1060 611
1061 707
1062 227
1063 1063
1064 244
1065 697
1066 1071
1067 36
1068 625
1069 163
1070 984
1071 2
1072 289
1073 904
1074 464
1075 224
1076 5
1077 538
1078 153
1079 647
1080 514
1081 415
1082 295
1083 114
1084 600
1085 1033
1086 172
1087 161
1088 739
1089 279
1090 462
1091 1106
1092 801
1093 723
1094 532
1095 842
1096 677
1097 586
1098 478
1099 1112
1100 804
1101 476
1102 103
1103 1066
1104 436
1105 641
1106 490
1107 100
1108 475
1109 828
1110 871
1111 1053
1112 140
1113 986
1114 902
1115 243
1116 982
1117 323
1118 265
1119 43
1120 317
1121 25
1122 64
1123 205
1124 537
1125 200
1126 1120
1127 131
1128 105
1129 575
1130 27
1131 983
1132 652
