0 237
1 586
2 933
3 579
4 314
5 134
6 185
7 494
8 890
9 552
10 1038
11 29
12 261
13 1096
14 182
15 919
16 522
17 859
18 719
19 137
20 211
21 790
22 97
23 1022
24 193
25 1028
26 353
27 264
28 868
29 704
30 679
31 409
32 656
33 746
34 359
35 776
36 907
37 742
38 913
39 940
40 1017
41 42
42 1064
43 58
44 764
45 603
46 387
47 1072
48 630
49 315
50 564
51 726
52 727
53 1118
54 675
55 810
56 834
57 32
58 695
59 208
60 576
61 1082
62 662
63 895
64 1044
65 375
66 1076
67 106
68 180
69 988
70 38
71 867
72 674
73 930
74 1009
75 5
76 716
77 772
78 1080
79 132
80 1069
81 231
82 495
83 27
84 308
85 1019
86 856
87 751
88 218
89 443
90 1084
91 605
92 183
93 515
94 245
95 745
96 94
97 77
98 1087
99 390
100 199
101 1010
102 368
103 911
104 78
105 671
106 477
107 531
108 647
109 1039
110 68
111 288
112 166
113 410
114 381
115 1074
116 412
117 329
118 539
119 420
120 980
121 277
122 791
123 360
124 147
125 354
126 425
127 9
128 1099
129 1061
130 263
131 670
132 699
133 532
134 582
135 591
136 643
137 837
138 900
139 787
140 870
141 1004
142 48
143 44
144 447
145 85
146 710
147 131
148 1032
149 192
150 968
151 53
152 456
153 992
154 449
155 752
156 488
157 125
158 639
159 363
160 523
161 722
162 219
163 698
164 1081
165 379
166 417
167 441
168 163
169 322
170 116
171 1051
172 479
173 1042
174 801
175 1007
176 284
177 75
178 778
179 1083
180 923
181 1103
182 1066
183 1090
184 214
185 807
186 831
187 824
188 1106
189 713
190 24
191 91
192 525
193 965
194 235
195 69
196 724
197 123
198 238
199 921
200 112
201 769
202 300
203 877
204 984
205 912
206 551
207 333
208 723
209 792
210 339
211 638
212 95
213 569
214 578
215 986
216 979
217 430
218 1070
219 889
220 995
221 186
222 512
223 738
224 279
225 141
226 117
227 88
228 2
229 961
230 465
231 459
232 399
233 161
234 661
235 397
236 866
237 970
238 899
239 944
240 396
241 982
242 621
243 879
244 659
245 610
246 1089
247 962
248 1024
249 773
250 162
251 18
252 467
253 429
254 391
255 809
256 1021
257 227
258 625
259 830
260 829
261 451
262 259
263 513
264 285
265 793
266 376
267 672
268 340
269 836
270 516
271 1086
272 438
273 260
274 291
275 317
276 543
277 184
278 692
279 720
280 226
281 565
282 273
283 10
284 715
285 1045
286 1011
287 566
288 542
289 1115
290 730
291 1075
292 1046
293 760
294 619
295 559
296 135
297 1107
298 177
299 203
300 321
301 17
302 677
303 105
304 408
305 1025
306 1123
307 832
308 393
309 593
310 457
311 939
312 731
313 204
314 82
315 588
316 113
317 1068
318 931
319 0
320 1113
321 802
322 849
323 1129
324 497
325 641
326 629
327 121
328 7
329 783
330 577
331 484
332 442
333 1102
334 828
335 246
336 1073
337 83
338 262
339 142
340 1121
341 139
342 1018
343 884
344 72
345 47
346 501
347 169
348 918
349 145
350 507
351 700
352 394
353 1055
354 820
355 926
356 637
357 585
358 242
359 411
360 126
361 946
362 794
363 1079
364 749
365 253
366 385
367 952
368 207
369 458
370 486
371 469
372 104
373 906
374 378
375 170
376 857
377 774
378 697
379 888
380 521
381 343
382 803
383 195
384 73
385 171
386 342
387 365
388 985
389 708
390 455
391 341
392 854
393 243
394 993
395 1001
396 1033
397 755
398 1016
399 98
400 743
401 908
402 428
403 350
404 684
405 553
406 1109
407 1093
408 842
409 1052
410 328
411 977
412 236
413 506
414 739
415 702
416 1036
417 942
418 439
419 224
420 179
421 1037
422 155
423 681
424 976
425 483
426 35
427 31
428 159
429 673
430 558
431 188
432 332
433 176
434 164
435 796
436 1085
437 812
438 489
439 1029
440 299
441 336
442 840
443 592
444 151
445 571
446 384
447 347
448 729
449 827
450 344
451 50
452 138
453 882
454 806
455 30
456 462
457 826
458 660
459 1050
460 934
461 305
462 917
463 622
464 784
465 120
466 646
467 372
468 847
469 189
470 797
471 223
472 804
473 617
474 1127
475 709
476 628
477 846
478 65
479 197
480 278
481 951
482 969
483 990
484 898
485 682
486 580
487 470
488 187
489 302
490 865
491 686
492 1095
493 367
494 266
495 714
496 149
497 175
498 852
499 498
500 927
501 499
502 634
503 156
504 1041
505 550
506 388
507 1126
508 938
509 885
510 70
511 215
512 821
513 395
514 380
515 152
516 1003
517 876
518 295
519 1100
520 496
521 115
522 478
523 694
524 547
525 606
526 922
527 1112
528 653
529 194
530 924
531 6
532 250
533 474
534 508
535 883
536 712
537 103
538 878
539 424
540 584
541 608
542 511
543 60
544 978
545 795
546 1117
547 748
548 691
549 945
550 1035
551 108
552 111
553 382
554 956
555 759
556 313
557 519
558 461
559 991
560 887
561 257
562 744
563 43
564 1130
565 903
566 590
567 822
568 165
569 225
570 1088
571 937
572 540
573 915
574 518
575 1116
576 987
577 436
578 453
579 361
580 853
581 209
582 256
583 403
584 583
585 133
586 276
587 304
588 602
589 331
590 869
591 818
592 575
593 493
594 838
595 1091
596 950
597 989
598 54
599 418
600 1110
601 181
602 721
603 475
604 239
605 89
606 268
607 528
608 491
609 594
610 538
611 490
612 290
613 650
614 626
615 786
616 62
617 666
618 817
619 1131
620 873
621 248
622 37
623 614
624 413
625 338
626 936
627 910
628 40
629 11
630 1053
631 533
632 210
633 49
634 217
635 925
636 1005
637 26
638 472
639 1122
640 718
641 780
642 143
643 1098
644 620
645 959
646 267
647 1013
648 886
649 351
650 301
651 325
652 767
653 570
654 687
655 556
656 789
657 703
658 67
659 943
660 798
661 534
662 1097
663 823
664 800
665 665
666 615
667 52
668 100
669 4
670 998
671 275
672 233
673 747
674 482
675 872
676 240
677 335
678 1078
679 158
680 252
681 86
682 323
683 148
684 271
685 466
686 971
687 668
688 202
689 230
690 306
691 604
692 955
693 84
694 383
695 146
696 281
697 241
698 599
699 20
700 904
701 1054
702 21
703 13
704 1077
705 529
706 16
707 389
708 689
709 434
710 307
711 221
712 247
713 492
714 627
715 843
716 232
717 101
718 981
719 298
720 707
721 173
722 848
723 567
724 530
725 294
726 404
727 144
728 753
729 875
730 8
731 690
732 136
733 316
734 957
735 901
736 563
737 808
738 422
739 59
740 1049
741 740
742 844
743 1059
744 153
745 128
746 74
747 537
748 500
749 894
750 560
751 505
752 334
753 524
754 460
755 972
756 732
757 473
758 683
759 1092
760 426
761 45
762 213
763 371
764 717
765 454
766 546
767 57
768 855
769 960
770 964
771 596
772 741
773 535
774 282
775 433
776 816
777 649
778 463
779 407
780 833
781 345
782 725
783 92
784 785
785 1128
786 303
787 1014
788 274
789 1008
790 107
791 287
792 172
793 432
794 311
795 935
796 1062
797 1056
798 405
799 997
800 270
801 440
802 309
803 19
804 728
805 941
806 1124
807 23
808 763
809 711
810 355
811 611
812 678
813 46
814 28
815 272
816 587
817 514
818 39
819 327
820 902
821 228
822 427
823 167
824 319
825 1043
826 766
827 448
828 356
829 1030
830 51
831 56
832 400
833 402
834 504
835 358
836 1060
837 1057
838 555
839 130
840 735
841 953
842 762
843 178
844 63
845 476
846 893
847 212
848 805
849 421
850 33
851 1031
852 781
853 258
854 733
855 244
856 502
857 963
858 419
859 289
860 64
861 607
862 1
863 1027
864 1120
865 370
866 118
867 657
868 374
869 770
870 349
871 526
872 140
873 536
874 860
875 1067
876 768
877 437
878 782
879 326
880 1058
881 909
882 87
883 481
884 850
885 61
886 414
887 750
888 771
889 851
890 517
891 663
892 640
893 705
894 174
895 839
896 651
897 573
898 362
899 1101
900 967
901 527
902 269
903 589
904 966
905 572
906 632
907 364
908 423
909 191
910 896
911 254
912 124
913 435
914 754
915 357
916 642
917 581
918 635
919 222
920 932
921 595
922 296
923 1040
924 1125
925 66
926 929
927 312
928 324
929 168
930 220
931 892
932 863
933 1020
934 102
935 1105
936 352
937 676
938 916
939 880
940 736
941 616
942 348
943 12
944 110
945 160
946 90
947 520
948 669
949 658
950 452
951 680
952 1047
953 623
954 652
955 1023
956 954
957 905
958 206
959 655
960 1026
961 861
962 974
963 881
964 22
965 249
966 201
967 835
968 609
969 949
970 618
971 612
972 562
973 190
974 758
975 1000
976 1063
977 41
978 1048
979 122
980 757
981 685
982 693
983 79
984 310
985 920
986 127
987 318
988 200
989 81
990 1114
991 283
992 1132
993 76
994 1094
995 756
996 1006
997 471
998 948
999 928
1000 234
1001 1119
1002 1015
1003 645
1004 841
1005 373
1006 480
1007 93
1008 416
1009 1034
1010 568
1011 431
1012 150
1013 386
1014 545
1015 975
1016 598
1017 561
1018 377
1019 633
1020 549
1021 251
1022 765
1023 392
1024 636
1025 406
1026 99
1027 1104
1028 813
1029 825
1030 154
1031 1108
1032 509
1033 947
1034 216
1035 541
1036 600
1037 286
1038 601
1039 510
1040 1002
1041 346
1042 487
1043 706
1044 864
1045 415
1046 761
1047 574
1048 369
1049 667
1050 701
1051 544
1052 292
1053 1065
1054 320
1055 891
1056 648
1057 737
1058 205
1059 468
1060 777
1061 996
1062 874
1063 858
1064 129
1065 445
1066 613
1067 1071
1068 198
1069 644
1070 775
1071 631
1072 1012
1073 897
1074 1111
1075 983
1076 973
1077 688
1078 734
1079 871
1080 401
1081 265
1082 815
1083 280
1084 80
1085 548
1086 34
1087 446
1088 444
1089 297
1090 15
1091 819
1092 958
1093 109
1094 229
1095 624
1096 55
1097 811
1098 366
1099 119
1100 799
1101 503
1102 779
1103 999
1104 464
1105 36
1106 554
1107 114
1108 597
1109 71
1110 450
1111 196
1112 664
1113 485
1114 398
1115 557
1116 337
1117 255
1118 293
1119 788
1120 862
1121 330
1122 654
1123 696
1124 994
1125 914
1126 25
1127 845
1128 3
1129 157
1130 96
1131 14
1132 814
