237 586
237 933
237 579
237 314
237 134
237 185
237 494
237 890
237 552
237 1038
237 29
237 261
237 1096
237 182
237 919
237 522
237 859
237 719
237 137
237 211
237 790
237 97
237 1022
237 193
237 1028
237 353
237 264
237 868
237 704
237 679
586 933
586 579
586 134
586 185
586 494
586 890
586 552
586 1038
586 261
586 919
586 859
586 719
586 137
586 790
586 1022
586 409
586 656
586 746
586 359
586 776
586 907
586 742
933 579
933 134
933 185
933 494
933 890
933 1038
933 29
933 261
933 919
933 859
933 719
933 137
933 211
933 790
933 97
933 353
933 264
933 746
933 913
933 940
933 1017
933 42
933 1064
933 58
933 764
933 603
933 387
933 1072
933 630
933 315
933 564
933 726
933 727
933 1118
933 675
933 810
579 1038
579 790
579 603
579 834
579 32
579 695
579 208
579 576
579 1082
579 662
579 895
579 1044
579 375
579 1076
579 106
579 180
579 988
579 38
579 867
314 134
314 261
314 674
314 930
314 1009
314 5
314 716
314 772
314 1080
134 185
134 494
134 261
134 919
134 859
134 790
134 353
134 264
134 746
134 132
134 1069
134 231
134 495
134 27
134 308
134 1019
134 856
185 890
185 552
185 261
185 182
185 919
185 719
185 790
185 264
185 5
185 751
185 218
185 443
185 1084
185 605
185 183
185 515
185 245
185 745
185 94
185 77
185 1087
185 390
494 790
494 264
494 199
494 1010
890 552
890 261
890 919
890 211
890 790
890 1022
890 704
890 1017
890 368
890 911
890 78
890 671
890 477
552 919
552 1022
552 704
552 746
552 988
552 531
552 647
552 1039
552 68
552 288
552 166
552 410
552 381
552 1074
552 412
552 329
552 539
552 420
552 980
552 277
552 791
552 360
552 147
552 354
552 425
552 9
552 1099
552 1061
1038 859
1038 719
1038 137
1038 790
1038 193
1038 353
1038 764
1038 674
1038 263
1038 670
1038 699
1038 532
1038 582
1038 591
1038 643
1038 837
29 27
29 900
29 787
29 870
29 1004
29 48
29 44
29 447
29 85
29 710
29 131
29 1032
29 192
29 968
29 53
29 456
261 1096
261 919
261 859
261 790
261 1022
261 264
261 764
261 180
261 5
261 671
261 456
261 992
261 449
261 752
261 488
261 125
261 639
261 363
1096 182
1096 919
1096 1022
1096 656
1096 746
1096 132
1096 477
1096 1039
1096 288
1096 791
1096 360
1096 591
1096 523
1096 722
1096 219
1096 698
1096 1081
1096 379
1096 417
1096 441
1096 163
1096 322
1096 116
1096 1051
1096 479
1096 1042
1096 801
1096 1007
1096 284
1096 75
1096 778
1096 1083
1096 923
1096 1103
182 97
182 656
182 746
182 5
182 183
182 360
182 441
182 1066
182 1090
182 214
182 807
182 831
182 824
182 1106
182 713
182 24
919 1022
919 704
919 656
919 746
919 810
919 716
919 78
919 531
919 791
919 425
919 1099
919 91
919 525
919 965
919 235
919 69
919 724
919 123
919 238
919 921
919 112
919 769
919 300
919 877
919 984
919 912
919 551
919 333
919 723
919 792
919 339
919 638
919 95
919 569
919 578
919 986
919 979
919 430
919 1070
919 889
919 995
919 186
522 1022
522 746
522 381
522 512
522 738
522 279
859 719
859 211
859 790
859 97
859 193
859 1028
859 353
859 742
859 913
859 141
859 117
859 88
719 137
719 353
719 742
719 1017
719 988
719 231
719 1019
719 420
719 643
719 807
719 2
719 961
719 465
719 459
719 399
719 161
719 661
719 397
719 866
719 970
719 899
719 944
137 790
137 1017
137 1064
137 315
137 1069
137 671
137 88
137 399
137 396
137 982
137 621
137 879
211 97
211 193
211 913
211 940
211 1017
211 603
211 387
211 315
211 1118
211 675
211 695
211 1084
211 368
211 911
211 78
211 477
211 488
211 912
211 792
211 569
211 512
211 899
211 659
211 610
211 1089
211 962
211 1024
211 773
211 162
211 18
211 467
211 429
211 391
211 809
211 1021
211 227
211 625
211 830
211 829
790 353
790 409
790 742
97 193
97 742
97 913
97 42
97 1064
97 58
97 764
97 603
97 315
97 1118
97 132
97 94
97 532
97 582
97 48
97 1103
97 69
97 300
97 117
97 961
97 944
97 610
97 391
97 451
97 259
97 513
97 285
97 793
97 376
97 672
97 340
97 836
97 516
97 1086
97 438
97 260
97 291
97 317
97 543
97 184
97 692
97 720
97 226
97 565
97 273
97 10
1022 704
1022 656
1022 746
1022 32
1022 988
1022 531
1022 647
1022 1039
1022 288
1022 381
1022 1074
1022 539
1022 420
1022 980
1022 360
1022 417
1022 441
1022 1042
1022 1007
1022 1103
1022 259
1022 715
1022 1045
1022 1011
1022 566
1022 542
1022 1115
1022 730
1022 1075
1022 1046
1022 760
1022 619
1022 559
1022 135
193 1028
193 913
193 208
193 1082
193 354
193 117
193 970
193 285
193 1011
193 1107
193 177
193 203
193 321
193 17
193 677
353 742
353 988
353 1019
353 245
353 807
353 961
353 459
353 661
353 970
353 291
353 105
353 408
353 1025
353 1123
264 746
264 1103
264 399
264 720
264 832
264 393
868 710
868 593
868 457
868 939
868 731
868 204
868 82
868 588
704 746
704 630
704 75
704 965
704 69
704 921
704 112
704 339
704 430
704 113
704 1068
704 931
704 0
704 1113
704 802
704 849
704 1129
704 497
704 641
704 629
704 121
679 764
679 1118
679 911
679 488
679 769
679 396
679 659
679 162
679 625
679 7
679 783
679 577
679 484
679 442
679 1102
679 828
679 246
679 1073
679 83
679 262
679 142
409 1121
656 746
656 420
656 163
746 675
746 988
746 531
746 1103
746 832
746 139
746 1018
742 564
742 465
742 399
742 866
742 396
742 429
742 836
742 291
742 783
742 884
742 72
742 47
742 501
742 169
742 918
742 145
742 507
742 700
742 394
913 1017
913 42
913 1064
913 764
913 603
913 315
913 726
913 78
913 477
913 117
913 944
913 659
913 610
913 773
913 285
913 731
913 204
913 484
913 1055
913 820
913 926
913 637
913 585
940 42
940 603
940 387
940 630
940 1118
940 675
940 810
940 32
940 78
940 488
940 300
940 672
940 1046
940 246
940 1055
940 820
940 242
940 411
940 126
940 946
940 794
940 1079
940 749
940 253
940 385
1017 603
1017 387
1017 1072
1017 315
1017 564
1017 1118
1017 1082
1017 856
1017 515
1017 368
1017 671
1017 532
1017 582
1017 24
1017 965
1017 792
1017 661
1017 970
1017 659
1017 610
1017 1089
1017 773
1017 830
1017 451
1017 836
1017 484
1017 1102
1017 394
1017 1055
1017 820
1017 585
1017 952
1017 207
1017 458
1017 486
1017 469
1017 104
1017 906
1017 378
1017 170
1017 857
1017 774
1017 697
42 58
42 764
42 315
42 27
42 911
42 78
42 532
42 488
42 659
42 516
42 677
42 204
42 484
42 442
42 828
42 1073
42 83
42 1055
42 820
42 926
42 469
42 774
42 888
42 521
42 343
42 803
42 195
42 73
42 171
42 342
42 365
42 985
42 708
42 455
42 341
42 854
42 243
42 993
42 1001
42 1033
42 755
42 1016
42 98
42 743
42 908
42 428
42 350
1064 603
1064 961
1064 944
1064 340
1064 565
1064 684
58 726
58 582
58 484
58 1121
58 803
58 171
58 553
58 1109
58 1093
58 842
58 1052
58 328
58 977
58 236
58 506
764 315
764 1118
764 674
764 699
764 24
764 117
764 162
764 625
764 442
764 918
764 820
764 946
764 1016
764 739
764 702
764 1036
764 942
764 439
764 224
764 179
764 1037
764 155
764 681
764 976
603 1072
603 726
603 834
603 32
603 695
603 1082
603 895
603 375
603 106
603 180
603 38
603 867
603 1069
603 396
603 610
603 565
603 507
603 1055
603 104
603 1016
603 506
603 483
603 35
603 31
603 159
603 673
603 558
603 188
387 911
387 1073
387 332
1072 559
1072 484
1072 385
1072 176
630 1118
630 675
630 810
630 5
630 1080
630 605
630 78
630 1074
630 9
630 214
630 112
630 769
630 912
630 95
630 396
630 340
630 260
630 1046
630 677
630 113
630 1113
630 802
630 497
630 629
630 121
630 884
630 126
630 794
630 708
630 164
630 796
630 1085
630 812
630 489
630 1029
630 299
630 336
315 726
315 1069
315 24
315 88
315 396
315 659
315 625
315 516
315 204
315 1129
315 442
315 83
315 1055
315 385
315 952
315 350
315 840
315 592
564 1118
564 810
564 78
564 1021
564 340
564 184
564 83
564 142
564 394
564 1055
564 253
564 952
564 151
564 571
564 384
564 347
564 729
564 827
564 344
726 1069
726 9
726 699
726 582
726 85
726 488
726 1103
726 88
726 396
726 962
726 429
726 340
726 1011
726 588
726 442
726 828
726 142
726 507
726 946
726 749
726 385
726 908
726 236
726 50
726 138
726 882
726 806
726 30
726 462
726 826
726 660
726 1050
726 934
727 867
1118 5
1118 856
1118 360
1118 1066
1118 214
1118 831
1118 1106
1118 24
1118 672
1118 588
1118 7
1118 577
1118 442
1118 47
1118 1055
1118 774
1118 882
1118 305
1118 917
1118 622
1118 784
1118 120
1118 646
675 810
675 78
675 9
675 112
675 625
675 113
675 1129
675 411
675 372
675 847
810 716
810 78
810 9
810 699
810 965
810 69
810 112
810 769
810 551
810 792
810 638
810 95
810 569
810 162
810 542
810 1046
810 629
810 484
810 828
810 411
810 1079
810 708
810 341
810 1085
810 189
810 797
810 223
810 804
810 617
834 32
834 695
834 1082
834 895
834 1044
834 375
834 180
834 867
834 465
834 565
834 104
834 224
834 483
834 1127
834 709
834 628
834 846
834 65
834 197
834 278
834 951
834 969
834 990
834 898
834 682
834 580
32 695
32 1082
32 895
32 375
32 1076
32 180
32 867
32 477
32 288
32 360
32 91
32 912
32 391
32 565
32 1045
32 507
32 104
32 854
32 483
32 489
32 470
32 187
32 302
32 865
32 686
32 1095
32 367
32 266
695 1082
695 895
695 375
695 180
695 38
695 867
695 809
695 565
695 483
695 673
695 714
695 149
695 175
695 852
208 898
576 895
576 106
576 670
576 879
576 189
576 898
576 498
576 927
576 499
1082 662
1082 895
1082 375
1082 1076
1082 38
1082 867
1082 787
1082 447
1082 192
1082 214
1082 300
1082 376
1082 1121
1082 486
1082 104
1082 709
1082 634
1082 156
1082 1041
662 38
662 192
662 35
662 709
662 550
662 388
662 1126
662 938
895 1044
895 106
895 180
895 867
895 443
895 565
895 969
895 898
895 550
895 885
1044 106
1044 443
1044 565
1044 673
1044 1127
1044 709
1044 628
1044 278
1044 969
1044 898
1044 885
1044 70
1044 215
1044 821
1044 395
375 180
375 38
375 867
375 565
375 588
375 952
375 483
375 380
1076 970
1076 565
1076 1045
1076 673
1076 898
1076 302
1076 865
1076 152
1076 1003
1076 876
1076 295
106 180
106 443
106 565
106 104
106 673
106 189
106 898
106 498
106 885
106 70
106 1100
180 867
180 443
180 1070
180 918
180 946
180 483
180 188
180 592
180 120
180 498
180 550
180 938
180 496
180 115
180 478
180 694
180 547
180 606
180 922
180 1112
180 653
988 231
988 531
988 412
988 163
988 322
988 1103
988 399
988 899
988 720
988 783
988 820
988 592
988 686
988 266
988 194
988 924
988 6
38 532
38 399
38 35
38 159
38 1126
38 70
38 250
867 787
867 672
867 565
867 715
867 262
867 507
867 394
867 926
867 207
867 104
867 1001
867 155
867 483
867 806
867 498
867 388
867 885
867 70
867 474
867 508
867 883
867 712
867 103
867 878
867 424
867 584
867 608
674 218
674 699
674 830
674 836
674 170
674 774
674 236
674 224
674 1037
674 384
674 646
674 1112
674 511
674 60
674 978
674 795
674 1117
674 748
930 199
930 9
930 532
930 807
930 965
930 69
930 912
930 399
930 429
930 1011
930 120
930 156
930 1041
930 691
930 945
930 1035
930 108
930 111
930 382
930 956
1009 131
1009 53
1009 376
1009 1055
1009 372
1009 759
1009 313
1009 519
1009 461
1009 991
1009 887
5 132
5 27
5 78
5 412
5 539
5 360
5 710
5 192
5 1066
5 214
5 807
5 831
5 1106
5 713
5 399
5 376
5 340
5 588
5 1121
5 700
5 1001
5 305
5 120
5 646
5 111
5 257
5 744
5 43
5 1130
5 903
5 590
5 822
5 165
5 225
5 1088
5 937
5 540
716 710
716 69
716 849
716 224
716 915
772 166
772 420
772 980
772 523
772 722
772 1007
772 923
772 1066
772 724
772 442
772 518
1080 78
1080 9
1080 699
1080 591
1080 112
1080 802
1080 246
1080 98
1080 1116
1080 987
132 308
132 78
132 1074
132 420
132 425
132 523
132 1007
132 1090
132 965
132 340
132 260
132 126
132 98
132 743
132 987
132 436
132 453
132 361
132 853
132 209
132 256
132 403
1069 515
1069 532
1069 449
1069 877
1069 88
1069 396
1069 621
1069 830
1069 832
1069 442
1069 684
1069 50
1069 882
1069 1050
1069 382
1069 583
1069 133
1069 276
1069 304
231 515
231 166
231 1007
231 1083
231 1103
231 112
231 399
231 161
231 866
231 340
231 291
231 543
231 321
231 1025
231 521
231 684
231 1050
231 1100
231 304
231 602
495 48
495 899
495 621
495 365
495 331
27 787
27 870
27 48
27 85
27 192
27 53
27 456
27 484
27 1055
27 540
27 869
308 9
308 1061
308 525
308 123
308 984
308 638
308 578
308 1070
308 186
308 730
308 629
308 121
308 755
308 743
308 876
308 818
308 575
308 493
308 838
308 1091
1019 515
1019 245
1019 399
1019 774
1019 159
1019 882
1019 950
1019 989
856 532
856 1066
856 590
751 605
751 525
751 123
751 877
751 1070
751 625
751 876
751 493
751 54
751 418
751 1110
218 183
218 882
218 622
218 181
218 721
218 475
443 565
443 715
443 1001
443 483
443 35
443 673
443 898
443 388
443 885
443 721
443 475
443 239
443 89
443 268
443 528
443 491
443 594
1084 399
1084 809
1084 340
1084 207
1084 592
1084 538
1084 490
1084 290
1084 650
1084 626
605 488
605 112
605 625
605 10
605 915
605 786
605 62
605 666
605 817
605 1131
183 329
183 1106
183 24
183 882
183 784
183 181
183 721
183 873
183 248
183 37
183 614
183 413
183 338
183 936
183 910
183 40
515 1087
515 263
515 643
515 465
515 399
515 866
515 396
515 793
515 507
515 170
515 462
515 822
515 950
515 989
515 89
515 11
515 1053
515 533
515 210
245 882
245 533
745 390
745 170
745 462
745 594
745 490
745 49
77 989
77 936
77 217
77 925
1087 582
1087 1106
1087 181
390 989
199 9
199 670
199 69
199 285
199 516
199 350
199 372
199 382
199 209
199 1005
199 26
1010 262
1010 458
368 610
368 650
368 472
911 78
911 9
911 582
911 992
911 112
911 430
911 629
911 442
911 350
911 927
911 1122
78 1074
78 9
78 1099
78 1066
78 69
78 123
78 921
78 112
78 769
78 300
78 877
78 984
78 912
78 792
78 95
78 569
78 986
78 979
78 430
78 117
78 397
78 162
78 625
78 260
78 10
78 730
78 1123
78 1113
78 577
78 442
78 828
78 126
78 774
78 708
78 98
78 506
78 224
78 1085
78 489
78 571
78 372
78 223
78 634
78 978
78 436
78 1091
78 718
78 780
78 143
78 1098
78 620
78 959
78 267
78 1013
78 886
78 351
78 301
671 532
671 643
671 672
671 262
671 585
671 455
671 739
671 976
671 50
671 826
671 646
671 103
671 304
671 325
671 767
671 570
671 687
671 556
671 789
671 703
671 67
671 943
671 798
671 534
671 1097
671 823
671 800
477 9
477 1103
477 69
477 921
477 912
477 979
477 18
477 259
477 665
477 615
477 52
531 420
531 559
1039 412
1039 539
1039 360
1039 1103
1039 6
1039 165
1039 100
288 410
288 420
288 219
288 1081
288 417
288 441
288 322
288 778
288 923
288 516
288 720
288 442
288 820
288 4
288 998
166 420
166 360
166 532
166 722
166 219
166 441
166 1007
166 923
166 6
166 275
410 412
410 778
410 165
410 100
381 738
381 279
381 391
381 1011
381 385
381 882
381 52
381 233
381 747
381 482
1074 425
1074 9
1074 965
1074 123
1074 112
1074 877
1074 984
1074 912
1074 792
1074 95
1074 569
1074 578
1074 340
1074 260
1074 542
1074 408
1074 1123
1074 884
1074 708
1074 164
1074 489
1074 571
1074 372
1074 189
1074 575
1074 780
1074 1013
1074 872
1074 240
1074 335
1074 1078
1074 158
1074 252
412 539
412 420
412 360
412 699
412 582
412 523
412 417
412 214
412 6
412 165
412 86
329 984
329 299
329 847
329 1003
329 40
329 323
329 148
539 360
539 163
539 165
539 100
420 523
420 219
420 1081
420 379
420 441
420 163
420 322
420 1051
420 1042
420 1007
420 75
420 778
420 923
420 1103
420 399
420 135
420 484
420 6
420 744
420 165
420 100
420 271
980 219
980 1081
980 379
980 441
980 163
980 1051
980 1042
980 75
980 744
277 18
277 1011
277 1115
277 7
277 577
277 820
277 159
277 511
277 978
277 466
277 971
277 668
277 202
360 1007
360 1066
360 956
360 165
360 230
360 306
147 643
147 1103
147 391
147 1011
147 7
147 385
147 159
147 604
147 955
147 84
354 148
425 238
425 333
425 1070
425 260
425 571
425 493
425 267
425 1013
425 886
425 383
425 146
9 643
9 1103
9 965
9 69
9 112
9 912
9 551
9 979
9 465
9 621
9 260
9 542
9 1046
9 677
9 408
9 1113
9 1129
9 497
9 159
9 164
9 489
9 158
9 281
1099 921
1099 113
1099 718
1099 143
1061 965
1061 984
1061 629
1061 743
1061 1085
1061 372
1061 275
1061 241
1061 599
263 532
263 582
263 643
263 449
263 161
263 135
263 783
263 1050
263 278
263 883
263 583
263 538
263 650
263 240
263 20
263 904
263 1054
263 21
263 13
670 879
670 625
670 731
670 577
670 189
670 927
670 1117
670 62
670 26
699 532
699 95
699 161
699 565
699 571
699 1127
699 1130
532 582
532 787
532 449
532 117
532 944
532 429
532 204
532 83
532 507
532 952
532 469
532 857
532 942
532 151
532 347
532 278
532 580
532 583
532 133
532 268
532 1097
532 306
532 1077
532 529
532 16
532 389
532 689
582 131
582 449
582 1090
582 69
582 117
582 457
582 484
582 142
582 385
582 342
582 243
582 1033
582 558
582 462
582 646
582 197
582 156
582 694
582 978
582 822
582 133
582 989
582 89
582 955
582 434
582 307
582 221
582 247
582 492
582 627
591 95
591 17
591 731
591 250
591 1130
591 1116
591 490
591 86
591 843
591 232
591 101
643 837
643 1103
643 569
643 961
643 399
643 970
643 899
643 621
643 340
643 1113
643 484
643 946
643 170
643 236
643 224
643 840
643 50
643 882
643 660
643 1100
643 382
643 583
643 304
643 534
643 307
837 961
837 944
900 85
900 710
787 1004
787 48
787 447
787 85
787 710
787 131
787 1032
787 192
787 53
787 376
787 177
787 203
787 939
787 731
787 204
787 7
787 484
787 442
787 918
787 1055
787 1001
787 156
787 1041
787 540
787 886
787 981
787 298
787 707
787 173
870 1004
870 85
870 53
870 1055
870 981
870 848
1004 48
1004 85
1004 710
1004 131
1004 192
1004 53
1004 731
1004 484
1004 1055
1004 820
1004 350
1004 840
1004 156
1004 436
1004 869
1004 886
1004 848
1004 567
48 85
48 710
48 899
48 317
48 177
48 484
48 521
48 1001
48 1052
48 328
48 236
48 156
48 331
48 869
48 210
48 848
48 530
48 294
48 404
48 144
48 753
48 875
48 8
44 1079
44 342
44 759
44 461
44 690
44 136
44 316
447 85
447 192
447 53
447 214
447 866
447 396
447 376
447 577
447 1055
447 486
447 469
447 702
447 540
447 957
447 901
85 710
85 131
85 1032
85 192
85 53
85 214
85 2
85 899
85 588
85 484
85 1055
85 946
85 486
85 31
85 1041
85 540
85 563
710 192
710 53
710 1066
710 899
710 204
710 1055
710 1001
710 388
710 540
710 298
710 808
710 422
131 53
131 912
131 1079
131 774
131 540
131 981
1032 192
1032 53
1032 214
1032 376
1032 486
1032 1041
1032 540
1032 604
1032 707
1032 563
192 53
192 1066
192 396
192 621
192 1055
192 350
192 424
192 540
192 436
968 396
53 214
53 621
53 376
53 203
53 486
53 313
53 461
53 540
53 848
53 957
53 563
53 422
53 59
53 1049
53 740
456 926
456 1001
456 977
456 331
456 869
456 844
456 1059
456 153
456 128
456 74
456 537
992 430
449 866
449 884
449 47
449 946
449 378
449 857
449 774
449 739
449 942
449 151
449 583
449 133
449 240
752 672
752 340
752 534
752 971
752 1054
488 610
488 484
488 442
488 828
488 1049
488 500
125 1066
125 455
125 993
125 886
125 798
125 894
125 560
125 505
125 334
125 524
125 460
639 176
639 972
363 732
363 473
363 683
523 1066
523 214
523 713
523 403
722 1007
722 69
722 724
722 123
722 135
722 629
722 743
722 403
722 599
219 802
219 507
219 187
219 210
219 1092
698 1081
698 417
698 441
698 479
698 516
698 802
1081 379
1081 417
1081 441
1081 1051
1081 1042
1081 899
1081 135
1081 744
379 441
379 75
379 1103
379 126
379 686
417 866
417 6
441 866
441 802
441 6
441 744
441 306
322 302
116 927
116 403
1051 135
1051 744
1007 923
1007 1103
1007 69
1007 724
1007 123
1007 889
1007 629
1007 708
1007 403
1007 426
284 1103
284 403
75 879
778 720
778 100
923 724
923 204
923 884
923 691
1103 465
1103 161
1103 866
1103 396
1103 543
1103 1011
1103 1075
1103 559
1103 6
1103 744
1103 45
1103 213
1066 214
1066 831
1066 1106
1066 713
1066 24
1066 1121
1066 242
1066 385
1066 521
1066 195
1066 854
1066 1035
1066 903
1066 590
1066 181
1066 475
1066 413
1066 20
1066 627
1066 567
1066 294
1066 371
1066 717
1066 454
1090 214
1090 1106
1090 24
1090 912
1090 340
1090 937
1090 453
214 713
214 376
214 203
214 7
214 577
214 1055
214 1079
214 486
214 985
214 702
214 461
214 165
214 540
214 436
214 901
214 740
214 546
807 506
807 159
807 691
807 361
807 721
807 26
807 472
807 307
807 57
831 1001
831 120
831 590
831 602
831 454
824 806
824 646
824 257
824 436
824 304
824 570
824 943
824 1097
824 855
824 960
824 964
824 596
1106 24
1106 882
1106 622
1106 436
1106 181
1106 248
1106 37
1106 741
1106 535
713 903
713 590
713 540
24 588
24 882
24 622
24 248
91 912
91 738
91 962
91 566
91 849
91 571
91 634
91 241
91 282
91 433
525 69
525 877
525 638
525 578
525 1070
525 186
525 121
525 126
525 794
525 743
525 571
525 876
525 818
525 493
525 54
525 418
525 1110
525 282
965 69
965 877
965 792
965 259
965 1046
965 113
965 497
965 126
965 708
965 98
965 489
965 886
965 1077
965 816
235 391
235 187
235 998
235 482
235 84
235 649
69 724
69 112
69 877
69 551
69 792
69 638
69 569
69 430
69 889
69 866
69 259
69 340
69 260
69 542
69 113
69 629
69 442
69 126
69 1079
69 708
69 489
69 571
69 223
69 804
69 54
69 335
69 306
69 383
69 816
69 463
69 407
69 833
724 877
724 638
724 889
724 542
724 629
724 708
724 407
724 345
123 877
123 984
123 912
123 551
123 638
123 578
123 1070
123 186
123 629
123 743
123 299
123 215
123 403
123 493
123 40
123 780
123 267
123 383
123 241
123 282
123 407
123 725
238 578
238 986
238 430
238 995
238 1045
238 542
238 794
238 886
238 971
238 530
238 407
238 92
238 785
238 1128
921 984
921 1070
921 625
921 516
921 10
921 442
921 189
921 978
921 1091
921 62
921 718
921 780
921 143
921 620
921 959
921 267
921 604
921 303
921 1014
112 769
112 912
112 430
112 399
112 227
112 260
112 730
112 1046
112 497
112 828
112 246
112 126
112 812
112 617
112 351
769 569
769 162
769 227
769 1113
769 828
769 169
769 1016
769 617
769 133
300 912
300 259
300 730
300 849
300 484
300 486
300 702
300 634
300 540
300 274
877 984
877 551
877 723
877 792
877 339
877 95
877 569
877 986
877 979
877 430
877 399
877 162
877 259
877 1086
877 260
877 730
877 1046
877 121
877 828
877 126
877 774
877 708
877 812
877 571
877 223
877 634
877 493
877 1008
877 107
984 551
984 333
984 792
984 339
984 638
984 578
984 986
984 979
984 1070
984 186
984 260
984 542
984 730
984 246
984 708
984 743
984 571
984 493
984 1013
984 241
984 725
984 287
912 792
912 95
912 569
912 578
912 186
912 259
912 802
912 629
912 126
912 98
912 489
912 571
912 383
551 638
551 95
551 986
551 629
551 1079
551 708
551 804
551 40
551 241
333 638
333 1070
333 260
333 1018
333 571
333 372
333 1091
333 1013
333 287
723 578
723 430
723 350
723 1091
792 569
792 399
792 260
792 802
792 126
792 98
792 350
792 976
792 489
792 571
792 780
792 275
792 872
792 241
339 638
339 578
339 1070
339 542
339 743
339 436
339 158
339 241
339 833
339 287
638 95
638 578
638 986
638 1070
638 186
638 629
638 121
638 743
638 299
638 223
638 991
638 241
638 287
638 172
638 432
638 311
95 10
95 1045
95 1123
95 1079
95 253
95 1085
95 223
95 617
95 240
95 172
95 935
95 1062
569 621
569 259
569 260
569 1046
569 126
569 159
569 812
569 634
569 351
569 668
569 604
578 986
578 430
578 1070
578 995
578 186
578 542
578 794
578 743
578 876
578 818
578 493
578 780
578 241
578 407
578 1128
986 430
986 1070
986 995
986 542
986 708
986 489
986 54
986 780
986 146
986 407
986 1128
986 1056
979 995
979 621
979 1046
979 927
979 978
979 282
979 432
430 260
430 828
430 794
430 489
430 6
430 436
430 54
430 40
430 1122
430 407
430 405
1070 186
1070 542
1070 743
1070 223
1070 818
1070 838
1070 351
1070 604
1070 383
1070 146
1070 241
1070 530
1070 1008
1070 287
1070 997
1070 270
889 708
889 440
995 542
995 794
995 956
995 54
995 267
995 407
995 1128
186 818
186 493
186 740
186 309
186 19
512 266
512 691
512 335
512 728
738 820
738 266
738 747
738 482
738 941
279 941
141 1112
117 1129
117 952
117 774
117 1052
117 876
117 6
117 436
117 1124
88 396
88 516
88 204
88 142
88 1016
88 350
88 23
2 882
961 399
961 899
961 944
961 1107
961 840
961 290
961 282
961 763
465 944
465 621
465 429
465 1102
465 47
465 711
399 661
399 970
399 899
399 944
399 621
399 429
399 391
399 565
399 408
399 1025
399 774
399 489
399 592
399 474
399 583
399 331
399 268
399 210
399 943
399 604
399 307
399 355
399 611
399 678
399 46
399 28
399 272
161 170
161 587
661 1021
661 408
661 739
661 50
661 30
661 826
661 584
661 822
661 534
661 514
866 340
866 408
866 588
866 142
866 820
866 592
866 622
866 634
866 6
866 583
866 614
866 1053
866 210
866 1054
866 1077
866 16
866 39
866 327
866 902
866 228
970 31
970 384
970 138
970 1050
970 580
970 821
970 43
970 689
970 427
970 167
899 621
899 1025
899 783
899 176
899 156
899 331
899 869
899 611
899 678
899 319
944 962
944 1025
944 684
944 1029
944 840
944 592
944 433
944 1043
396 621
396 340
396 588
396 142
396 385
396 341
396 739
396 50
396 30
396 120
396 1127
396 990
396 583
396 304
396 766
982 942
982 436
982 448
621 677
621 484
621 104
621 1001
621 558
621 50
621 156
621 304
621 869
621 210
621 1043
621 356
621 1030
621 51
879 774
879 189
879 927
879 56
659 610
659 962
659 773
659 828
659 1055
610 773
610 946
610 1016
610 583
962 577
962 697
962 341
962 840
962 215
962 956
962 282
962 763
962 400
962 402
1024 1025
773 18
773 10
773 385
773 159
773 971
773 1054
162 227
162 577
162 442
162 828
162 224
162 1085
162 504
18 1025
18 1113
18 332
18 307
429 625
429 340
429 1102
429 83
429 47
429 583
429 240
429 711
391 543
391 1011
391 442
391 820
391 385
391 187
391 84
391 358
391 1060
391 1057
391 555
809 340
809 852
809 937
809 490
809 650
809 67
809 843
809 855
809 130
809 735
809 953
1021 588
1021 1055
1021 207
1021 155
1021 826
1021 822
1021 943
1021 762
1021 178
227 169
625 1046
625 408
625 442
625 224
625 223
625 665
625 275
830 942
830 826
830 101
830 460
830 63
830 476
451 952
451 857
259 566
259 489
259 571
259 634
513 384
513 43
513 893
513 212
513 805
285 1086
285 10
285 1123
285 421
793 170
793 989
376 203
376 1121
376 634
376 759
376 313
376 540
376 434
376 981
376 33
376 1031
672 588
672 142
672 1055
672 585
672 946
672 749
672 952
672 207
672 993
672 739
672 976
672 50
672 822
672 789
672 67
672 1097
672 546
672 781
340 304
340 650
340 904
340 1054
340 307
340 258
340 733
836 507
836 774
836 1016
836 583
836 1131
836 533
836 28
836 272
836 356
836 244
836 502
836 963
516 204
516 442
516 820
516 926
516 469
516 341
516 755
516 350
516 176
516 894
516 358
516 419
516 289
516 64
438 820
438 927
438 202
438 607
260 629
260 343
260 708
260 1085
260 489
260 571
260 189
260 575
260 493
260 383
260 1
291 692
291 394
291 774
291 739
291 344
291 826
291 1027
317 177
317 442
317 365
317 854
317 236
317 506
317 826
317 869
317 972
317 419
317 1120
317 370
543 849
543 84
543 118
184 382
184 43
184 167
184 893
184 212
184 657
184 374
184 770
184 349
692 469
692 739
692 1036
692 344
692 822
692 989
692 570
692 526
720 469
720 341
720 6
720 998
720 84
226 262
565 483
565 35
565 673
565 592
565 898
565 885
273 820
273 266
10 7
10 854
10 224
10 159
10 176
10 608
10 511
10 869
10 466
10 530
10 753
715 898
715 498
715 550
715 1126
715 424
1045 542
1011 619
1011 47
1011 385
1011 187
1011 1130
1011 555
1011 140
1011 536
1011 860
1011 1067
1011 768
1011 437
1011 782
542 629
542 743
542 403
542 407
542 833
542 1128
1115 820
1115 266
1115 52
1115 998
1115 955
1115 84
1115 1060
1115 1057
1115 326
730 802
730 246
730 571
730 1117
730 818
730 530
1046 506
1046 725
619 266
619 860
559 832
559 1058
135 299
135 403
135 599
135 768
135 909
1107 159
1107 840
1107 331
1107 87
1107 481
177 588
177 484
177 442
177 171
177 985
177 854
177 1001
177 755
177 842
177 1052
177 159
177 558
177 176
177 156
177 608
177 108
177 1088
177 331
177 530
177 294
177 753
177 875
177 972
177 1014
177 481
177 850
177 61
177 414
177 750
203 486
203 341
203 506
203 978
203 540
203 668
321 577
321 951
321 893
321 805
17 355
677 802
677 1121
677 888
677 521
677 343
677 803
677 195
677 73
677 171
677 342
677 854
677 489
677 372
677 771
677 851
677 517
677 663
677 640
677 705
677 174
677 839
105 7
105 651
408 1123
408 832
408 783
408 854
408 812
408 1100
408 872
408 753
1025 457
1025 971
1025 500
1025 573
1025 362
1025 1101
1123 164
1123 812
1123 967
832 262
832 585
832 774
832 976
832 50
832 30
832 826
832 474
832 584
832 1035
832 703
832 426
832 587
832 178
832 1058
393 236
393 65
593 457
593 939
593 527
593 269
457 939
457 204
457 7
457 362
939 7
939 956
939 289
939 589
939 966
939 572
939 632
939 364
731 82
731 145
731 774
731 1033
731 350
731 462
731 307
731 221
731 101
731 717
731 311
731 423
731 191
731 896
204 812
204 826
204 120
204 478
204 922
204 519
204 527
204 254
82 169
82 1001
82 462
82 372
82 538
82 221
82 311
588 262
588 918
588 1055
588 585
588 952
588 774
588 842
588 739
588 266
588 380
588 6
588 257
588 534
588 16
588 766
588 124
588 435
113 1113
113 802
113 54
113 407
931 754
0 1113
0 849
0 641
0 1003
0 281
1113 802
1113 849
1113 1129
1113 497
1113 794
1113 159
1113 164
1113 336
1113 604
1113 281
1113 357
802 497
802 246
802 708
802 98
802 812
802 489
802 336
802 571
802 822
802 754
802 642
849 641
849 1122
849 281
1129 497
1129 469
1129 665
497 121
497 794
641 40
641 252
641 581
629 708
629 743
629 436
629 403
629 818
629 838
629 40
629 407
121 794
7 577
7 484
7 442
7 828
7 820
7 195
7 739
7 224
7 332
7 608
7 511
7 853
7 233
783 378
783 774
783 583
783 307
783 1058
783 635
577 442
577 246
577 262
577 195
577 224
577 155
577 332
577 511
577 43
577 282
577 766
484 521
484 803
484 171
484 985
484 854
484 1001
484 1109
484 977
484 558
484 176
484 156
484 511
484 869
484 567
484 875
484 640
484 174
484 966
484 222
442 828
442 246
442 1073
442 1079
442 469
442 521
442 195
442 708
442 1052
442 224
442 176
442 462
442 120
442 189
442 187
442 821
442 6
442 511
442 978
442 519
442 43
442 915
442 718
442 703
442 844
442 64
442 770
442 932
442 595
1102 1055
1102 952
1102 170
1102 462
1102 528
1102 490
1102 49
1102 711
1102 296
1102 1040
1102 1125
828 224
828 6
828 511
828 351
828 66
246 847
246 1131
246 364
1073 926
1073 803
1073 842
1073 332
1073 372
1073 634
1073 649
1073 929
83 1055
83 159
83 276
83 721
83 26
83 798
262 142
262 884
262 1055
262 952
262 990
262 978
262 382
262 1130
262 1116
262 426
262 312
262 324
262 168
262 220
262 892
262 863
142 1055
142 946
142 749
142 703
142 426
142 476
142 1020
142 102
1121 637
1121 1079
1121 486
1121 888
1121 343
1121 195
1121 73
1121 985
1121 854
1121 236
1121 702
1121 215
1121 1088
1121 540
1121 436
1121 901
1121 481
1121 771
1121 851
1121 517
1121 663
1121 839
1121 364
1121 1105
1121 352
1121 676
139 1058
1018 98
1018 571
1018 241
884 739
884 120
884 187
884 584
884 691
884 43
884 822
884 943
884 240
884 916
72 145
47 952
47 378
47 1016
47 942
47 1035
501 926
501 331
501 844
501 128
501 537
501 880
501 736
501 616
501 348
501 12
501 110
501 160
169 151
169 583
169 538
918 946
918 478
918 90
145 253
145 307
145 520
145 669
507 952
507 382
507 533
507 971
507 1077
507 404
507 356
507 178
507 770
700 806
700 646
700 257
700 304
700 570
700 556
700 943
700 855
700 658
700 452
700 680
700 1047
394 341
394 927
394 103
394 822
394 436
394 735
394 623
1055 926
1055 585
1055 749
1055 952
1055 486
1055 1016
1055 739
1055 1041
1055 540
1055 298
1055 546
1055 419
1055 168
1055 652
820 926
820 637
820 385
820 341
820 908
820 702
820 372
820 187
820 266
820 927
820 6
820 665
820 52
820 998
820 306
820 955
820 84
820 1057
820 536
820 1023
820 954
820 905
820 206
926 985
926 341
926 1016
926 1109
926 1052
926 506
926 372
926 189
926 511
926 108
926 133
926 331
926 869
926 567
926 530
926 1059
926 153
926 74
926 894
926 966
926 110
926 160
926 655
926 1026
637 803
637 702
637 771
637 517
637 839
585 207
585 774
585 976
585 50
585 380
585 748
585 16
585 894
585 855
585 932
585 861
242 496
242 307
242 717
411 126
411 223
126 98
126 796
126 935
946 188
946 120
946 478
946 60
946 974
794 299
794 1128
1079 223
749 207
749 546
749 623
749 861
385 372
385 189
385 187
385 266
385 6
385 275
385 482
385 971
385 668
385 955
385 546
385 1057
385 782
385 881
385 22
385 249
952 207
952 469
952 341
952 739
952 943
952 1027
952 324
952 1047
952 861
207 50
207 453
207 623
458 993
458 1036
458 491
458 526
486 702
486 634
486 901
469 774
469 646
469 103
469 875
104 159
104 13
378 455
170 774
170 1033
170 428
170 1036
170 179
170 159
170 882
170 462
170 89
170 528
170 594
170 490
170 11
170 49
170 316
170 526
170 201
170 835
170 609
170 949
170 618
857 159
857 151
857 583
857 909
857 612
857 562
774 985
774 708
774 455
774 236
774 882
774 646
774 583
774 304
774 1013
774 798
774 534
774 247
774 894
774 334
774 190
774 758
697 67
697 763
697 400
888 521
888 343
888 73
888 342
888 92
888 1000
521 343
521 803
521 195
521 73
521 171
521 342
521 854
521 236
521 156
521 108
521 869
521 875
521 92
521 851
521 663
343 803
343 195
343 73
343 171
343 342
343 436
343 575
343 92
343 851
343 1105
343 1063
803 195
803 171
803 342
803 156
803 481
195 73
195 171
195 342
195 854
195 1109
195 842
195 511
195 436
195 92
195 935
195 517
195 663
195 839
195 676
73 171
73 342
73 854
73 294
73 92
73 851
73 839
171 342
171 156
171 875
342 869
342 676
365 1001
365 350
365 869
365 400
365 419
365 851
365 905
985 1001
985 1052
985 236
985 558
985 176
985 608
985 108
985 1088
985 210
985 567
985 294
985 753
985 972
985 1014
985 763
985 481
985 850
985 61
985 414
985 750
985 41
708 571
708 403
708 530
708 833
708 1128
708 440
455 942
455 826
455 789
455 505
455 504
455 130
455 1048
341 103
341 476
341 527
341 1047
341 122
854 489
854 840
854 156
854 875
854 663
854 640
854 705
854 174
854 222
854 1000
854 757
854 685
854 693
993 798
993 505
993 334
993 546
993 476
993 79
1001 1052
1001 977
1001 176
1001 120
1001 156
1001 608
1001 108
1001 1088
1001 567
1001 844
1001 153
1001 74
1001 537
1001 972
1001 851
1001 663
1001 348
1001 12
1001 905
1001 310
1001 920
1033 179
1033 462
1033 372
755 972
755 616
755 905
755 1000
1016 937
1016 904
1016 130
1016 655
98 915
98 853
743 796
743 299
743 403
743 241
743 599
743 1056
743 440
743 127
908 176
908 789
908 966
908 318
908 200
428 372
428 978
428 436
428 281
428 835
350 176
350 540
350 240
350 81
684 159
553 1109
553 1093
553 8
1109 1093
1109 1052
1109 328
1109 108
1109 875
1109 282
1109 1114
1109 283
1093 842
1093 959
1093 530
1093 8
1093 282
1093 589
1093 364
842 1052
842 328
842 558
842 176
842 869
842 1077
842 294
842 753
842 419
842 663
1052 328
1052 236
1052 558
1052 176
1052 608
1052 511
1052 294
1052 1014
1052 663
1052 352
1052 1132
328 424
328 108
328 741
977 236
977 108
977 331
977 567
977 294
977 844
977 153
977 348
236 108
236 331
236 567
236 481
236 693
506 176
506 500
739 50
739 388
739 508
739 103
739 691
739 822
739 325
739 534
739 1077
739 766
739 435
702 540
702 33
1036 462
1036 490
1036 894
1036 526
942 990
942 478
942 239
942 460
942 76
942 1094
439 1050
439 682
439 821
439 43
439 23
439 212
224 511
224 915
224 282
179 491
1037 384
1037 382
1037 43
1037 167
1037 954
1037 756
155 943
155 1006
976 673
976 67
976 587
976 130
976 324
35 709
35 498
35 388
35 1126
35 938
35 1003
35 1027
35 657
35 364
35 471
35 948
35 928
159 882
159 1050
159 1100
159 511
159 795
159 382
159 533
159 282
159 587
159 481
159 573
159 635
159 234
159 1119
673 898
673 149
673 852
673 498
673 885
558 972
558 663
558 589
558 1015
188 594
188 228
188 289
188 632
188 892
188 974
188 645
188 841
332 511
332 971
332 440
332 929
176 372
176 156
176 424
176 608
176 108
176 1088
176 925
176 971
176 567
176 294
176 753
176 537
176 972
176 1014
176 481
176 850
176 61
176 414
176 750
176 1132
164 306
1085 489
812 927
812 108
812 530
812 753
489 351
489 373
1029 592
1029 1122
299 1003
299 403
299 241
299 599
299 941
299 909
840 592
840 156
840 878
840 500
840 282
840 763
840 402
151 347
151 344
151 934
151 822
151 133
151 304
571 372
571 493
571 718
571 383
571 754
384 1127
384 628
384 951
384 990
384 43
384 272
384 167
384 756
384 480
729 30
827 660
827 8
344 498
344 388
344 103
344 534
344 596
344 358
344 658
344 93
50 806
50 30
50 380
50 304
50 325
50 570
50 556
50 789
50 534
50 1097
50 668
50 435
50 416
50 1034
50 568
138 990
138 43
138 971
882 622
882 436
882 989
882 721
882 475
882 873
882 248
882 37
882 614
882 413
882 13
882 389
882 902
882 431
882 150
882 386
806 380
806 304
806 570
806 943
30 426
30 587
30 416
462 372
462 296
826 748
826 721
826 533
826 16
826 130
826 234
826 545
826 975
660 20
660 904
660 130
660 953
660 122
660 598
660 561
660 377
1050 797
1050 628
1050 990
1050 682
1050 580
1050 821
1050 250
1050 382
1050 43
1050 732
1050 212
1050 595
1050 1094
1050 1119
1050 633
1050 549
1050 251
1050 765
1050 392
1050 636
1050 406
1050 99
934 533
305 514
305 81
305 416
305 1104
622 721
622 614
622 413
622 338
622 535
622 902
622 150
622 813
784 978
784 181
120 478
120 691
120 26
120 307
120 717
120 825
120 154
646 372
646 189
646 691
646 304
646 570
646 943
646 855
646 960
646 39
646 680
646 1034
372 187
372 108
372 519
372 540
372 886
372 358
372 254
372 892
372 22
372 1108
372 509
189 498
189 927
189 496
189 711
189 358
797 821
797 978
797 732
797 23
797 212
797 947
223 146
1127 969
1127 382
1127 689
1127 805
1127 480
1127 633
1127 216
709 197
709 898
709 1126
709 732
709 770
628 969
628 682
628 863
628 1094
628 756
628 633
628 541
846 43
65 197
65 278
65 382
65 43
65 805
65 954
65 600
197 969
197 482
197 355
197 860
197 954
197 756
197 600
278 580
278 382
278 43
278 1097
278 306
278 529
278 689
278 893
278 286
278 601
951 805
951 657
951 1094
969 990
969 682
969 580
969 865
969 149
969 852
969 115
969 43
969 268
969 689
969 374
969 1094
969 93
969 251
969 216
969 510
969 1002
969 346
969 487
990 682
990 691
990 43
990 689
990 770
990 349
990 1094
990 392
898 1126
898 885
898 239
682 821
682 1130
682 732
682 212
682 595
682 1094
682 633
682 765
682 541
580 43
580 732
580 406
580 706
580 864
187 266
187 482
187 202
187 84
187 536
187 437
187 415
302 865
865 149
865 1003
865 115
865 268
865 533
865 1002
266 52
266 202
266 84
266 941
266 536
266 860
266 437
266 761
714 1048
149 268
149 1002
175 852
175 20
175 371
175 1048
175 574
852 904
852 234
852 369
498 550
498 388
498 1126
498 712
498 878
498 257
498 268
498 875
927 691
927 26
927 143
927 943
927 514
927 902
634 1041
634 540
634 301
156 691
156 108
156 567
156 294
156 875
156 400
156 663
156 640
156 174
156 222
156 757
156 667
1041 540
1041 901
1041 1049
550 938
550 547
388 938
388 1003
388 424
388 257
388 268
388 851
388 616
388 948
1126 938
1126 70
1126 268
1126 101
1126 460
938 496
938 221
938 667
215 241
215 282
215 763
215 400
215 402
215 771
215 839
215 589
215 364
215 283
215 701
821 43
821 732
821 23
821 212
821 947
395 544
380 964
876 6
876 818
876 493
876 54
876 418
876 1110
876 358
496 653
496 436
496 307
496 717
496 975
115 268
478 1112
478 795
478 225
478 717
478 228
478 292
694 436
922 653
922 519
922 527
922 254
922 1065
1112 691
1112 717
1112 228
653 519
653 269
194 658
924 1058
6 570
6 158
6 971
6 1077
6 51
6 320
250 490
250 732
508 891
103 658
103 648
584 691
584 416
608 108
608 530
608 294
608 753
608 972
608 400
608 61
608 750
511 519
511 853
511 62
511 971
511 689
511 707
511 947
978 853
978 718
978 689
978 707
795 165
795 292
795 737
691 1035
691 43
691 822
691 943
691 717
691 272
691 51
691 205
1035 717
108 1088
108 331
108 530
108 294
108 753
108 875
108 972
108 1014
108 481
108 850
108 61
108 414
108 750
111 822
111 1097
111 781
111 468
111 777
382 43
382 1130
382 689
382 167
382 805
382 657
382 374
382 312
382 480
382 996
956 818
956 971
956 282
956 400
956 402
956 289
956 416
956 874
759 540
313 540
313 298
313 707
519 527
519 269
519 254
519 1065
461 1049
991 858
887 289
887 527
887 254
887 1065
887 129
887 445
257 822
257 436
257 304
257 570
257 943
257 240
257 855
43 436
43 943
43 689
43 45
43 23
43 167
43 212
43 805
43 657
43 374
43 954
43 1094
43 756
43 406
1130 272
1130 167
1130 286
903 590
903 909
822 989
822 556
822 943
822 623
822 777
165 100
1088 838
1088 294
1088 972
1088 1014
1088 850
1088 61
1088 414
1088 750
937 490
937 67
937 655
937 122
540 434
540 33
436 721
436 475
436 538
436 556
436 67
436 998
436 627
436 355
436 370
436 517
436 613
436 1071
436 198
436 644
436 775
453 178
853 466
209 732
403 599
403 407
403 941
583 1097
583 240
583 306
583 20
583 529
583 693
133 26
133 87
276 154
276 631
304 570
304 687
304 556
304 943
304 971
304 855
304 960
304 596
304 39
304 452
304 680
304 1047
304 623
304 1012
602 534
331 869
331 567
331 875
331 844
331 1059
331 74
331 537
331 972
331 880
331 110
331 160
331 1026
869 567
869 530
869 294
869 844
869 1059
869 128
869 110
818 493
818 838
818 351
818 530
818 174
818 897
575 383
575 153
575 1111
575 983
493 54
493 418
493 1110
493 1013
493 383
838 530
1091 740
1091 1128
950 989
989 721
989 873
989 37
989 570
989 389
989 627
989 1049
989 1125
989 1047
989 1108
989 996
989 973
54 1110
54 407
54 1128
418 530
418 740
418 22
1110 415
181 248
181 37
721 873
721 11
721 1049
721 733
475 873
89 526
268 1002
528 49
528 1040
528 310
491 526
594 490
594 228
594 201
594 688
594 734
538 650
538 234
490 296
490 835
490 310
490 871
490 401
490 265
490 815
490 280
290 377
650 20
650 258
62 80
873 563
248 37
248 150
614 902
413 240
936 925
40 1122
40 323
11 526
210 875
210 419
49 526
49 1040
49 609
49 310
49 688
925 563
925 386
26 240
718 780
718 143
718 620
718 959
780 143
143 620
267 725
267 1128
267 303
1013 383
1013 287
886 943
886 741
886 725
351 146
351 241
351 282
301 548
767 781
570 556
570 943
570 855
570 960
570 596
556 855
556 1047
789 798
789 505
789 319
789 476
789 1048
703 102
703 127
703 34
703 446
703 444
67 781
943 823
943 240
943 855
943 596
943 861
943 468
798 13
798 505
798 524
798 79
798 280
534 627
1097 306
1097 529
1097 297
823 15
800 81
52 84
52 326
998 649
998 358
998 819
482 84
482 860
482 761
158 958
971 604
971 241
971 21
971 13
971 234
971 480
971 613
668 481
202 84
306 529
306 781
306 758
604 481
955 548
84 109
383 146
383 1128
281 282
281 1008
241 1008
241 1062
241 270
599 941
599 782
599 127
599 229
20 130
904 130
904 624
21 725
13 282
1077 756
1077 55
529 460
529 893
529 76
529 286
529 601
529 487
529 811
16 319
16 781
16 623
16 1034
689 272
689 805
689 216
689 286
689 811
434 707
434 690
434 136
434 33
307 64
307 1101
307 667
221 311
492 318
492 366
627 658
101 611
981 364
848 563
567 1059
567 128
567 74
567 880
567 736
567 110
567 160
567 905
567 920
567 119
530 294
530 753
530 875
530 303
530 1056
294 753
294 972
294 1014
294 850
294 61
294 414
294 750
294 41
144 8
144 1000
144 283
144 1015
753 419
875 972
875 110
875 757
875 685
875 693
8 190
8 283
8 1015
316 902
901 352
808 172
740 22
844 128
844 537
844 12
844 110
1059 153
1059 128
1059 537
1059 725
1059 110
153 128
153 537
153 880
153 110
128 537
128 110
537 880
537 1111
894 526
334 524
524 611
972 282
972 1014
972 850
972 61
972 414
972 750
732 23
732 212
732 633
732 636
732 406
732 99
732 864
732 799
426 168
426 102
371 574
717 311
717 228
717 292
717 503
454 535
57 779
855 960
855 1047
960 39
960 758
960 1012
964 1047
964 999
596 39
741 1000
535 839
282 763
282 400
282 402
282 481
407 1128
725 1128
92 850
92 851
92 517
92 174
92 1105
1014 850
1014 61
1014 414
1014 750
172 841
172 613
172 198
172 688
172 464
432 763
311 269
311 445
405 66
440 36
1124 421
23 212
23 765
23 947
23 55
763 400
763 402
355 954
355 600
611 476
46 319
272 427
272 893
272 805
514 81
39 680
39 1047
39 737
327 781
228 292
167 657
167 770
167 541
167 554
448 996
51 1000
400 402
400 364
402 114
358 419
358 1034
358 597
358 71
358 450
1060 1057
1060 326
130 122
893 216
893 601
893 487
893 811
212 947
212 864
212 811
805 216
805 600
805 487
805 811
781 324
258 374
733 657
733 374
733 349
733 296
733 196
419 664
289 632
289 974
289 841
64 318
64 200
64 667
1120 1000
1120 664
657 374
657 770
657 196
374 196
770 349
770 216
770 286
770 485
536 398
437 229
481 557
850 61
850 414
850 750
61 414
61 750
414 750
771 517
771 839
771 1105
851 41
851 337
517 839
517 632
705 174
705 222
705 1000
705 757
705 685
705 693
705 568
174 222
174 1000
174 757
174 693
839 1040
839 1105
573 255
362 1101
1101 737
527 254
527 445
589 364
589 701
632 896
632 645
632 841
632 613
632 198
364 283
364 1015
191 841
191 613
191 198
191 688
191 464
254 1065
254 129
254 445
635 293
222 757
222 693
932 297
595 1119
296 765
1040 310
312 996
168 788
220 568
220 862
892 974
892 841
102 127
102 34
880 736
880 160
736 616
616 905
658 680
623 861
954 1094
954 756
954 600
905 920
905 874
905 119
655 330
835 871
835 280
1000 757
1000 693
1048 654
122 1071
757 693
757 696
127 34
318 667
200 667
81 416
283 1015
1094 756
1094 406
1094 487
1094 196
1006 654
471 994
234 369
234 914
645 841
645 613
645 198
645 464
841 613
841 198
841 644
841 464
416 25
598 377
598 1071
377 1071
765 845
392 55
406 864
1108 198
1108 688
216 286
216 601
216 487
216 811
601 487
601 811
487 811
864 196
292 3
445 464
613 198
613 644
613 688
613 464
198 644
198 688
198 464
644 464
1012 157
688 734
871 280
871 96
34 14
446 444
624 814
811 196
814 814
