0 851
1 1096
2 265
3 1110
4 974
5 715
6 142
7 1018
8 589
9 295
10 619
11 239
12 908
13 612
14 956
15 860
16 78
17 369
18 309
19 678
20 94
21 1102
22 51
23 644
24 583
25 621
26 552
27 1021
28 410
29 850
30 334
31 1000
32 204
33 617
34 143
35 553
36 233
37 330
38 665
39 1070
40 1129
41 177
42 843
43 1054
44 575
45 186
46 8
47 937
48 951
49 203
50 1089
51 317
52 1075
53 988
54 59
55 500
56 815
57 56
58 524
59 635
60 153
61 408
62 191
63 1113
64 946
65 1078
66 814
67 760
68 638
69 123
70 287
71 894
72 791
73 93
74 919
75 541
76 267
77 565
78 769
79 273
80 607
81 327
82 800
83 898
84 712
85 1106
86 984
87 509
88 243
89 555
90 631
91 787
92 722
93 784
94 862
95 1028
96 939
97 42
98 880
99 874
100 325
101 378
102 1084
103 794
104 569
105 783
106 754
107 115
108 523
109 637
110 124
111 957
112 1116
113 252
114 332
115 470
116 836
117 987
118 1027
119 374
120 430
121 64
122 672
123 488
124 411
125 151
126 846
127 495
128 867
129 1051
130 826
131 1029
132 274
133 626
134 322
135 304
136 803
137 730
138 494
139 210
140 119
141 99
142 797
143 319
144 250
145 527
146 567
147 1083
148 924
149 366
150 476
151 33
152 972
153 268
154 439
155 361
156 29
157 1068
158 45
159 207
160 510
161 52
162 1118
163 825
164 282
165 778
166 649
167 776
168 726
169 339
170 247
171 763
172 264
173 713
174 709
175 579
176 112
177 86
178 953
179 313
180 653
181 538
182 60
183 479
184 138
185 820
186 921
187 743
188 289
189 220
190 180
191 547
192 102
193 458
194 786
195 695
196 413
197 876
198 209
199 646
200 224
201 717
202 96
203 133
204 560
205 98
206 242
207 18
208 807
209 918
210 487
211 930
212 572
213 126
214 714
215 728
216 468
217 628
218 214
219 559
220 562
221 896
222 667
223 277
224 526
225 109
226 698
227 432
228 7
229 718
230 404
231 272
232 798
233 426
234 155
235 104
236 620
237 629
238 909
239 716
240 456
241 208
242 1104
243 651
244 436
245 473
246 675
247 300
248 147
249 315
250 723
251 302
252 234
253 767
254 34
255 690
256 32
257 905
258 307
259 517
260 486
261 818
262 1132
263 53
264 790
265 482
266 2
267 22
268 223
269 601
270 137
271 1042
272 132
273 38
274 106
275 113
276 269
277 367
278 448
279 551
280 530
281 925
282 985
283 206
284 996
285 673
286 254
287 588
288 652
289 779
290 785
291 91
292 622
293 197
294 625
295 642
296 1101
297 280
298 163
299 842
300 377
301 156
302 837
303 278
304 184
305 185
306 360
307 915
308 813
309 162
310 168
311 469
312 427
313 799
314 849
315 50
316 650
317 757
318 746
319 1119
320 657
321 1030
322 232
323 489
324 934
325 497
326 120
327 262
328 218
329 135
330 810
331 308
332 1065
333 127
334 107
335 409
336 745
337 229
338 431
339 311
340 363
341 630
342 405
343 636
344 573
345 318
346 1126
347 225
348 344
349 975
350 539
351 305
352 864
353 733
354 87
355 1086
356 1100
357 882
358 422
359 420
360 854
361 221
362 677
363 425
364 205
365 164
366 235
367 1006
368 738
369 1103
370 199
371 100
372 451
373 788
374 183
375 904
376 324
377 85
378 253
379 49
380 581
381 198
382 899
383 518
384 292
385 590
386 821
387 580
388 14
389 445
390 970
391 902
392 130
393 428
394 255
395 90
396 936
397 632
398 782
399 839
400 696
401 911
402 511
403 1049
404 328
405 463
406 19
407 1050
408 994
409 1071
410 868
411 291
412 1097
413 688
414 873
415 735
416 981
417 462
418 1066
419 938
420 81
421 276
422 284
423 576
424 249
425 906
426 566
427 195
428 1105
429 496
430 400
431 871
432 725
433 464
434 942
435 736
436 602
437 17
438 384
439 870
440 1067
441 341
442 399
443 466
444 1013
445 281
446 375
447 1031
448 171
449 3
450 365
451 343
452 704
453 817
454 145
455 875
456 1005
457 525
458 912
459 118
460 528
461 561
462 493
463 681
464 48
465 1055
466 766
467 26
468 777
469 967
470 37
471 333
472 948
473 148
474 584
475 398
476 1014
477 351
478 997
479 266
480 412
481 734
482 1053
483 286
484 160
485 890
486 531
487 222
488 848
489 513
490 654
491 506
492 447
493 949
494 1094
495 682
496 762
497 335
498 647
499 256
500 1092
501 881
502 671
503 418
504 65
505 1059
506 537
507 288
508 740
509 545
510 46
511 1131
512 116
513 1024
514 643
515 720
516 1026
517 804
518 345
519 693
520 1057
521 385
522 429
523 599
524 230
525 475
526 1007
527 1015
528 611
529 285
530 79
531 884
532 863
533 178
534 158
535 557
536 640
537 54
538 1098
539 1109
540 1036
541 520
542 492
543 167
544 391
545 533
546 608
547 57
548 604
549 441
550 965
551 165
552 416
553 598
554 1011
555 1124
556 84
557 732
558 152
559 1020
560 1077
561 502
562 455
563 9
564 574
565 293
566 920
567 141
568 819
569 176
570 697
571 660
572 774
573 172
574 676
575 179
576 76
577 663
578 806
579 872
580 471
581 706
582 865
583 516
584 226
585 321
586 887
587 67
588 917
589 827
590 585
591 966
592 1004
593 1002
594 316
595 128
596 765
597 1115
598 394
599 811
600 707
601 900
602 929
603 346
604 1090
605 603
606 759
607 834
608 336
609 31
610 39
611 421
612 301
613 331
614 491
615 670
616 532
617 30
618 597
619 478
620 753
621 772
622 175
623 962
624 977
625 349
626 708
627 414
628 993
629 587
630 802
631 995
632 69
633 228
634 543
635 244
636 1019
637 964
638 954
639 828
640 1064
641 188
642 1003
643 174
644 1034
645 891
646 1052
647 357
648 978
649 419
650 571
651 844
652 847
653 931
654 150
655 507
656 721
657 450
658 149
659 1032
660 423
661 88
662 1074
663 775
664 1093
665 283
666 134
667 1044
668 927
669 157
670 397
671 11
672 306
673 702
674 190
675 348
676 356
677 668
678 1001
679 582
680 417
681 1
682 982
683 1008
684 110
685 161
686 480
687 989
688 961
689 1025
690 512
691 457
692 768
693 705
694 935
695 212
696 442
697 1088
698 443
699 297
700 270
701 1041
702 92
703 1121
704 829
705 245
706 731
707 41
708 1035
709 773
710 396
711 296
712 991
713 501
714 376
715 201
716 505
717 166
718 27
719 1095
720 1127
721 359
722 73
723 1033
724 10
725 700
726 971
727 1076
728 859
729 614
730 36
731 303
732 992
733 888
734 1056
735 724
736 691
737 548
738 323
739 139
740 694
741 983
742 449
743 1048
744 89
745 941
746 687
747 66
748 540
749 618
750 111
751 973
752 435
753 43
754 669
755 662
756 72
757 63
758 62
759 246
760 271
761 833
762 986
763 477
764 570
765 194
766 1069
767 546
768 393
769 424
770 294
771 467
772 13
773 1060
774 624
775 386
776 577
777 795
778 605
779 866
780 1038
781 666
782 353
783 259
784 125
785 1040
786 12
787 236
788 893
789 1046
790 216
791 756
792 684
793 641
794 910
795 674
796 741
797 519
798 1079
799 616
800 914
801 1128
802 633
803 1122
804 947
805 789
806 592
807 320
808 1058
809 1123
810 4
811 103
812 664
813 645
814 889
815 47
816 105
817 1099
818 699
819 1009
820 549
821 515
822 140
823 44
824 508
825 841
826 950
827 433
828 534
829 686
830 170
831 1045
832 338
833 97
834 483
835 1016
836 392
837 822
838 217
839 750
840 347
841 542
842 710
843 1063
844 727
845 15
846 117
847 1061
848 1047
849 812
850 556
851 403
852 858
853 781
854 586
855 744
856 1062
857 824
858 263
859 958
860 1120
861 758
862 415
863 28
864 944
865 1130
866 460
867 1072
868 634
869 402
870 514
871 719
872 503
873 444
874 122
875 326
876 182
877 75
878 878
879 600
880 372
881 1043
882 1037
883 260
884 251
885 701
886 522
887 521
888 237
889 446
890 739
891 793
892 484
893 903
894 830
895 655
896 61
897 737
898 554
899 193
900 395
901 55
902 0
903 594
904 680
905 146
906 595
907 749
908 857
909 25
910 298
911 877
912 990
913 856
914 312
915 578
916 816
917 596
918 213
919 136
920 805
921 809
922 192
923 159
924 729
925 764
926 368
927 472
928 564
929 437
930 379
931 689
932 329
933 568
934 895
935 761
936 490
937 780
938 74
939 454
940 474
941 1114
942 406
943 340
944 20
945 883
946 1082
947 129
948 169
949 932
950 290
951 926
952 703
953 747
954 299
955 1023
956 354
957 1091
958 58
959 808
960 459
961 240
962 371
963 1017
964 342
965 593
966 181
967 373
968 258
969 314
970 40
971 742
972 1085
973 1087
974 658
975 550
976 24
977 832
978 823
979 387
980 885
981 796
982 591
983 897
984 968
985 77
986 407
987 855
988 648
989 189
990 979
991 202
992 440
993 907
994 219
995 1080
996 752
997 380
998 1111
999 257
1000 248
1001 71
1002 969
1003 187
1004 275
1005 35
1006 498
1007 83
1008 1117
1009 563
1010 751
1011 465
1012 869
1013 1112
1014 1010
1015 792
1016 913
1017 80
1018 381
1019 154
1020 227
1021 960
1022 438
1023 200
1024 1012
1025 606
1026 434
1027 679
1028 998
1029 504
1030 355
1031 933
1032 901
1033 976
1034 683
1035 943
1036 6
1037 770
1038 529
1039 916
1040 613
1041 23
1042 838
1043 692
1044 144
1045 499
1046 173
1047 370
1048 861
1049 558
1050 661
1051 211
1052 845
1053 114
1054 388
1055 959
1056 215
1057 685
1058 279
1059 748
1060 955
1061 231
1062 238
1063 82
1064 615
1065 1125
1066 196
1067 801
1068 362
1069 108
1070 389
1071 623
1072 923
1073 485
1074 5
1075 70
1076 536
1077 364
1078 337
1079 481
1080 610
1081 358
1082 95
1083 535
1084 659
1085 544
1086 755
1087 771
1088 963
1089 656
1090 945
1091 831
1092 928
1093 999
1094 401
1095 840
1096 940
1097 68
1098 711
1099 121
1100 852
1101 382
1102 261
1103 16
1104 310
1105 886
1106 892
1107 1107
1108 1022
1109 1039
1110 101
1111 1081
1112 131
1113 461
1114 390
1115 352
1116 853
1117 952
1118 452
1119 241
1120 1108
1121 627
1122 922
1123 1073
1124 609
1125 835
1126 350
1127 639
1128 879
1129 383
1130 21
1131 980
1132 453
