0 304
1 36
2 842
3 461
4 901
5 106
6 657
7 150
8 460
9 144
10 734
11 960
12 984
13 163
14 920
15 129
16 279
17 212
18 779
19 507
20 306
21 722
22 319
23 1034
24 1053
25 1098
26 729
27 58
28 488
29 479
30 160
31 797
32 721
33 255
34 1108
35 410
36 1056
37 400
38 698
39 203
40 935
41 3
42 122
43 771
44 675
45 230
46 580
47 323
48 87
49 29
50 1128
51 0
52 587
53 915
54 88
55 474
56 1116
57 844
58 857
59 756
60 326
61 625
62 121
63 535
64 414
65 791
66 822
67 911
68 441
69 834
70 252
71 737
72 313
73 25
74 569
75 1084
76 353
77 688
78 119
79 335
80 701
81 344
82 1130
83 192
84 710
85 1052
86 1068
87 610
88 254
89 494
90 143
91 529
92 152
93 391
94 1059
95 766
96 613
97 266
98 868
99 731
100 31
101 590
102 117
103 596
104 295
105 1073
106 207
107 712
108 858
109 517
110 350
111 1051
112 870
113 179
114 384
115 641
116 347
117 652
118 867
119 539
120 52
121 1081
122 464
123 634
124 305
125 148
126 225
127 680
128 15
129 767
130 748
131 794
132 811
133 674
134 396
135 48
136 80
137 383
138 893
139 458
140 598
141 14
142 947
143 401
144 83
145 167
146 951
147 662
148 482
149 887
150 744
151 134
152 18
153 683
154 815
155 971
156 59
157 1074
158 272
159 375
160 601
161 812
162 1058
163 342
164 916
165 819
166 1027
167 1097
168 626
169 1110
170 789
171 700
172 476
173 855
174 1054
175 540
176 993
177 1055
178 536
179 101
180 364
181 523
182 884
183 60
184 8
185 702
186 660
187 368
188 508
189 1033
190 609
191 165
192 758
193 427
194 930
195 1025
196 530
197 531
198 697
199 847
200 339
201 557
202 218
203 1061
204 287
205 253
206 183
207 965
208 439
209 973
210 408
211 975
212 1007
213 379
214 513
215 329
216 1113
217 869
218 10
219 563
220 49
221 777
222 519
223 988
224 873
225 361
226 981
227 66
228 621
229 1006
230 1022
231 45
232 696
233 141
234 190
235 783
236 438
237 714
238 1011
239 310
240 1019
241 1086
242 850
243 94
244 895
245 574
246 196
247 998
248 585
249 185
250 923
251 582
252 570
253 146
254 1015
255 725
256 642
257 153
258 1038
259 277
260 786
261 238
262 896
263 475
264 95
265 204
266 678
267 409
268 318
269 175
270 56
271 728
272 1127
273 82
274 1000
275 386
276 261
277 614
278 939
279 643
280 100
281 213
282 516
283 879
284 86
285 624
286 168
287 784
288 78
289 527
290 616
291 760
292 278
293 34
294 232
295 874
296 738
297 490
298 1016
299 314
300 1122
301 237
302 498
303 691
304 588
305 481
306 472
307 93
308 77
309 172
310 57
311 116
312 1057
313 909
314 346
315 468
316 130
317 12
318 559
319 900
320 500
321 682
322 823
323 1021
324 120
325 506
326 630
327 360
328 690
329 520
330 466
331 227
332 639
333 459
334 685
335 713
336 47
337 649
338 871
339 226
340 742
341 1004
342 393
343 489
344 263
345 61
346 53
347 292
348 745
349 996
350 1070
351 450
352 967
353 934
354 6
355 667
356 921
357 357
358 209
359 140
360 926
361 470
362 946
363 1050
364 54
365 262
366 164
367 627
368 966
369 469
370 176
371 1026
372 1065
373 397
374 1031
375 637
376 112
377 827
378 24
379 17
380 618
381 484
382 1131
383 132
384 271
385 581
386 604
387 241
388 217
389 892
390 805
391 568
392 956
393 872
394 486
395 970
396 359
397 399
398 565
399 566
400 547
401 43
402 84
403 545
404 1096
405 802
406 406
407 986
408 302
409 1044
410 927
411 382
412 462
413 917
414 428
415 950
416 743
417 138
418 532
419 880
420 759
421 1118
422 1062
423 775
424 672
425 19
426 307
427 599
428 107
429 487
430 65
431 40
432 1047
433 131
434 605
435 413
436 919
437 202
438 937
439 1095
440 571
441 187
442 824
443 28
444 62
445 1020
446 473
447 432
448 1100
449 1105
450 561
451 435
452 732
453 105
454 228
455 876
456 128
457 684
458 594
459 747
460 883
461 281
462 1046
463 195
464 387
465 221
466 828
467 645
468 442
469 222
470 681
471 425
472 267
473 833
474 340
475 98
476 426
477 961
478 537
479 1121
480 38
481 452
482 706
483 315
484 1123
485 533
486 726
487 81
488 436
489 415
490 632
491 1075
492 1010
493 341
494 754
495 374
496 885
497 1043
498 354
499 1013
500 309
501 878
502 1072
503 1089
504 906
505 275
506 496
507 977
508 862
509 22
510 1018
511 793
512 635
513 593
514 576
515 332
516 814
517 897
518 715
519 994
520 944
521 886
522 434
523 957
524 405
525 724
526 806
527 33
528 716
529 356
530 912
531 300
532 348
533 182
534 273
535 1032
536 989
537 256
538 180
539 948
540 189
541 110
542 298
543 37
544 44
545 208
546 875
547 676
548 579
549 365
550 908
551 1114
552 139
553 499
554 978
555 259
556 653
557 955
558 290
559 1124
560 987
561 293
562 669
563 629
564 554
565 284
566 390
567 381
568 231
569 445
570 1049
571 913
572 366
573 992
574 1
575 757
576 573
577 792
578 952
579 157
580 1039
581 114
582 628
583 505
584 969
585 782
586 825
587 1103
588 962
589 997
590 888
591 1037
592 620
593 1077
594 796
595 733
596 549
597 752
598 534
599 321
600 730
601 790
602 654
603 247
604 246
605 839
606 113
607 430
608 162
609 720
610 352
611 612
612 385
613 407
614 518
615 301
616 1048
617 126
618 1040
619 147
620 444
621 2
622 345
623 928
624 497
625 938
626 23
627 485
628 755
629 768
630 903
631 907
632 446
633 127
634 51
635 848
636 1008
637 866
638 85
639 741
640 89
641 311
642 358
643 817
644 509
645 983
646 972
647 68
648 1094
649 589
650 447
651 1069
652 299
653 312
654 178
655 541
656 845
657 510
658 316
659 35
660 985
661 457
662 990
663 575
664 392
665 1029
666 289
667 889
668 493
669 647
670 249
671 429
672 1060
673 636
674 32
675 801
676 103
677 1117
678 291
679 746
680 389
681 736
682 133
683 260
684 274
685 258
686 320
687 325
688 136
689 717
690 337
691 1126
692 918
693 331
694 362
695 991
696 283
697 1115
698 449
699 602
700 936
701 398
702 201
703 800
704 661
705 327
706 250
707 764
708 807
709 55
710 27
711 171
712 242
713 115
714 454
715 268
716 1079
717 556
718 548
719 453
720 411
721 16
722 740
723 860
724 840
725 118
726 542
727 1001
728 154
729 395
730 501
731 76
732 412
733 177
734 355
735 846
736 864
737 865
738 512
739 336
740 863
741 41
742 504
743 658
744 524
745 1106
746 719
747 229
748 1112
749 773
750 1080
751 243
752 820
753 608
754 13
755 694
756 650
757 124
758 1045
759 679
760 929
761 1119
762 586
763 440
764 925
765 372
766 239
767 555
768 417
769 942
770 633
771 224
772 149
773 1104
774 223
775 894
776 651
777 74
778 788
779 151
780 26
781 205
782 236
783 1087
784 600
785 296
786 776
787 705
788 558
789 611
790 1041
791 899
792 803
793 606
794 655
795 64
796 941
797 932
798 193
799 166
800 158
801 380
802 521
803 841
804 328
805 424
806 931
807 70
808 257
809 617
810 861
811 21
812 577
813 959
814 949
815 443
816 431
817 1003
818 186
819 562
820 707
821 215
822 173
823 999
824 455
825 90
826 924
827 849
828 904
829 980
830 686
831 159
832 492
833 648
834 631
835 1030
836 421
837 727
838 1109
839 835
840 161
841 211
842 11
843 245
844 718
845 663
846 111
847 762
848 422
849 770
850 308
851 330
852 1083
853 1067
854 495
855 922
856 877
857 491
858 522
859 656
860 567
861 836
862 646
863 20
864 419
865 763
866 276
867 251
868 914
869 837
870 826
871 197
872 551
873 135
874 39
875 673
876 856
877 235
878 137
879 584
880 1063
881 711
882 687
883 550
884 689
885 979
886 503
887 905
888 376
889 859
890 338
891 1078
892 270
893 286
894 851
895 838
896 7
897 677
898 234
899 699
900 1076
901 198
902 30
903 42
904 1085
905 282
906 1036
907 233
908 1111
909 1101
910 448
911 813
912 808
913 214
914 367
915 349
916 750
917 831
918 102
919 334
920 191
921 832
922 638
923 456
924 830
925 902
926 96
927 958
928 79
929 303
930 1066
931 644
932 170
933 370
934 525
935 890
936 69
937 511
938 418
939 940
940 692
941 708
942 1082
943 854
944 910
945 670
946 1014
947 765
948 184
949 420
950 240
951 528
952 108
953 478
954 619
955 622
956 607
957 695
958 206
959 423
960 780
961 433
962 1012
963 378
964 1102
965 1002
966 778
967 603
968 668
969 597
970 1071
971 546
972 109
973 333
974 843
975 388
976 1009
977 1005
978 943
979 664
980 404
981 785
982 99
983 1090
984 933
985 403
986 751
987 483
988 1024
989 982
990 156
991 1107
992 75
993 954
994 220
995 572
996 735
997 210
998 343
999 125
1000 294
1001 91
1002 974
1003 623
1004 753
1005 761
1006 402
1007 615
1008 963
1009 798
1010 280
1011 583
1012 181
1013 437
1014 194
1015 1092
1016 174
1017 369
1018 50
1019 553
1020 363
1021 544
1022 995
1023 538
1024 145
1025 373
1026 9
1027 5
1028 964
1029 1099
1030 216
1031 739
1032 774
1033 560
1034 188
1035 543
1036 703
1037 1023
1038 723
1039 63
1040 881
1041 285
1042 821
1043 248
1044 852
1045 853
1046 297
1047 169
1048 891
1049 709
1050 1017
1051 829
1052 155
1053 467
1054 787
1055 769
1056 480
1057 73
1058 799
1059 595
1060 591
1061 288
1062 781
1063 772
1064 72
1065 4
1066 882
1067 809
1068 671
1069 1132
1070 1035
1071 67
1072 317
1073 945
1074 244
1075 371
1076 324
1077 264
1078 1091
1079 795
1080 1125
1081 1064
1082 351
1083 640
1084 578
1085 564
1086 502
1087 465
1088 1042
1089 810
1090 46
1091 322
1092 1129
1093 659
1094 818
1095 463
1096 200
1097 976
1098 142
1099 1028
1100 97
1101 394
1102 592
1103 749
1104 377
1105 92
1106 71
1107 123
1108 804
1109 666
1110 704
1111 104
1112 1093
1113 953
1114 898
1115 526
1116 693
1117 968
1118 265
1119 451
1120 552
1121 514
1122 416
1123 1088
1124 515
1125 1120
1126 665
1127 477
1128 816
1129 199
1130 269
1131 219
1132 471
