0 1114
1 647
2 856
3 443
4 556
5 598
6 897
7 52
8 53
9 513
10 176
11 567
12 564
13 299
14 277
15 407
16 290
17 25
18 150
19 476
20 1004
21 149
22 1088
23 330
24 73
25 566
26 487
27 597
28 252
29 848
30 35
31 353
32 360
33 259
34 92
35 334
36 50
37 951
38 410
39 1068
40 895
41 663
42 675
43 408
44 302
45 361
46 99
47 437
48 95
49 90
50 888
51 475
52 870
53 298
54 948
55 27
56 1116
57 699
58 343
59 370
60 376
61 413
62 220
63 1078
64 328
65 685
66 688
67 703
68 776
69 154
70 175
71 506
72 76
73 222
74 1087
75 225
76 58
77 841
78 491
79 1072
80 118
81 886
82 828
83 462
84 965
85 320
86 1108
87 160
88 1110
89 808
90 44
91 680
92 106
93 1071
94 745
95 140
96 669
97 467
98 782
99 986
100 496
101 982
102 97
103 709
104 713
105 223
106 385
107 861
108 863
109 852
110 204
111 509
112 637
113 969
114 398
115 314
116 424
117 1029
118 714
119 918
120 182
121 608
122 625
123 425
124 371
125 989
126 867
127 732
128 394
129 449
130 850
131 997
132 1000
133 402
134 170
135 386
136 846
137 395
138 294
139 970
140 322
141 321
142 681
143 26
144 416
145 929
146 507
147 137
148 455
149 114
150 184
151 1106
152 156
153 746
154 535
155 741
156 1119
157 890
158 708
159 557
160 292
161 917
162 1053
163 400
164 549
165 241
166 1041
167 397
168 1062
169 621
170 532
171 55
172 789
173 992
174 153
175 365
176 778
177 760
178 516
179 763
180 1080
181 450
182 12
183 1069
184 280
185 807
186 545
187 28
188 66
189 994
190 192
191 635
192 1125
193 712
194 833
195 300
196 86
197 590
198 366
199 293
200 1059
201 209
202 0
203 369
204 4
205 1101
206 109
207 834
208 664
209 642
210 261
211 523
212 191
213 129
214 925
215 194
216 551
217 537
218 240
219 855
220 45
221 389
222 950
223 187
224 51
225 74
226 911
227 995
228 378
229 766
230 909
231 362
232 735
233 375
234 706
235 752
236 687
237 803
238 405
239 464
240 273
241 701
242 981
243 91
244 581
245 955
246 388
247 524
248 544
249 903
250 771
251 1031
252 139
253 172
254 820
255 800
256 577
257 210
258 207
259 258
260 1055
261 723
262 80
263 1045
264 932
265 858
266 835
267 618
268 401
269 119
270 1046
271 199
272 448
273 674
274 536
275 742
276 593
277 583
278 1076
279 335
280 111
281 1123
282 381
283 406
284 113
285 474
286 63
287 88
288 1089
289 936
290 497
291 481
292 1129
293 515
294 589
295 201
296 456
297 862
298 871
299 560
300 819
301 166
302 243
303 753
304 857
305 649
306 632
307 1081
308 1024
309 1091
310 872
311 795
312 124
313 949
314 725
315 236
316 879
317 684
318 595
319 155
320 578
321 946
322 256
323 1036
324 885
325 1007
326 734
327 478
328 100
329 740
330 1033
331 588
332 453
333 278
334 730
335 494
336 461
337 695
338 357
339 324
340 530
341 89
342 987
343 96
344 438
345 1038
346 622
347 802
348 821
349 233
350 158
351 130
352 785
353 270
354 79
355 352
356 101
357 181
358 747
359 978
360 826
361 313
362 178
363 196
364 920
365 465
366 434
367 463
368 380
369 645
370 1111
371 345
372 755
373 419
374 459
375 146
376 347
377 691
378 547
379 128
380 396
381 159
382 422
383 218
384 1124
385 384
386 961
387 19
388 217
389 1121
390 374
391 733
392 899
393 246
394 611
395 205
396 603
397 958
398 332
399 553
400 350
401 975
402 1051
403 960
404 983
405 602
406 183
407 1065
408 157
409 367
410 339
411 411
412 526
413 340
414 2
415 260
416 538
417 534
418 620
419 922
420 1028
421 127
422 341
423 143
424 781
425 46
426 1020
427 235
428 1034
429 964
430 1025
431 1096
432 630
433 548
434 599
435 379
436 744
437 697
438 979
439 569
440 908
441 1105
442 780
443 495
444 764
445 1100
446 54
447 440
448 219
449 831
450 816
451 670
452 521
453 179
454 275
455 247
456 926
457 1102
458 762
459 711
460 142
461 1118
462 972
463 859
464 493
465 71
466 737
467 954
468 561
469 1077
470 952
471 799
472 660
473 1040
474 1002
475 85
476 296
477 627
478 429
479 716
480 692
481 683
482 514
483 615
484 163
485 445
486 323
487 297
488 6
489 162
490 1082
491 519
492 968
493 927
494 700
495 636
496 215
497 930
498 825
499 1086
500 1066
501 654
502 147
503 1063
504 121
505 427
506 786
507 144
508 403
509 1107
510 884
511 1042
512 333
513 503
514 1127
515 180
516 38
517 791
518 957
519 244
520 466
521 174
522 910
523 141
524 689
525 3
526 628
527 953
528 571
529 793
530 719
531 229
532 255
533 133
534 939
535 308
536 931
537 860
538 451
539 11
540 864
541 363
542 62
543 999
544 8
545 510
546 651
547 267
548 707
549 829
550 327
551 704
552 889
553 585
554 265
555 138
556 480
557 528
558 1061
559 773
560 617
561 502
562 809
563 891
564 433
565 1011
566 430
567 1048
568 428
569 318
570 1015
571 726
572 48
573 254
574 565
575 639
576 65
577 508
578 1010
579 382
580 591
581 633
582 823
583 301
584 542
585 990
586 206
587 291
588 604
589 305
590 264
591 123
592 540
593 40
594 985
595 666
596 658
597 584
598 498
599 288
600 1093
601 772
602 72
603 529
604 878
605 31
606 896
607 893
608 289
609 356
610 573
611 1128
612 41
613 788
614 718
615 501
616 452
617 659
618 1021
619 724
620 973
621 1094
622 644
623 610
624 20
625 482
626 112
627 923
628 962
629 134
630 993
631 471
632 499
633 940
634 414
635 875
636 167
637 231
638 94
639 1099
640 944
641 447
642 484
643 239
644 200
645 1022
646 980
647 768
648 108
649 901
650 971
651 282
652 607
653 631
654 1064
655 486
656 393
657 377
658 102
659 457
660 10
661 460
662 14
663 351
664 17
665 876
666 82
667 902
668 185
669 1001
670 468
671 286
672 212
673 283
674 304
675 1005
676 1056
677 83
678 765
679 358
680 131
681 966
682 679
683 266
684 477
685 203
686 1117
687 512
688 643
689 866
690 613
691 623
692 284
693 541
694 262
695 614
696 1092
697 814
698 75
699 527
700 750
701 336
702 404
703 854
704 173
705 921
706 190
707 177
708 9
709 1075
710 937
711 794
712 221
713 919
714 817
715 810
716 847
717 420
718 1013
719 661
720 1008
721 391
722 710
723 555
724 933
725 822
726 587
727 634
728 673
729 562
730 840
731 426
732 337
733 511
734 227
735 1130
736 900
737 228
738 1027
739 442
740 749
741 169
742 648
743 390
744 672
745 1067
746 15
747 767
748 135
749 546
750 907
751 310
752 881
753 572
754 586
755 533
756 490
757 195
758 1047
759 504
760 883
761 117
762 1026
763 107
764 60
765 470
766 458
767 197
768 439
769 657
770 13
771 24
772 276
773 1016
774 61
775 904
776 1112
777 287
778 935
779 164
780 1018
781 189
782 115
783 914
784 249
785 849
786 67
787 945
788 520
789 797
790 1003
791 224
792 483
793 844
794 554
795 348
796 1085
797 22
798 974
799 715
800 575
801 559
802 956
803 1083
804 988
805 600
806 32
807 39
808 69
809 915
810 756
811 650
812 1095
813 1126
814 64
815 161
816 132
817 188
818 315
819 811
820 36
821 473
822 193
823 1060
824 84
825 272
826 1006
827 1113
828 892
829 1039
830 432
831 285
832 431
833 387
834 775
835 1017
836 736
837 1023
838 942
839 281
840 738
841 238
842 151
843 550
844 743
845 869
846 125
847 976
848 251
849 887
850 319
851 1054
852 1043
853 116
854 274
855 1090
856 868
857 830
858 977
859 779
860 171
861 441
862 582
863 667
864 906
865 1052
866 552
867 996
868 609
869 594
870 638
871 705
872 93
873 268
874 928
875 880
876 306
877 326
878 722
879 774
880 877
881 1058
882 415
883 686
884 165
885 1049
886 873
887 842
888 454
889 383
890 558
891 1035
892 836
893 122
894 104
895 539
896 303
897 938
898 368
899 87
900 832
901 42
902 967
903 29
904 717
905 359
906 815
907 5
908 269
909 1030
910 754
911 579
912 606
913 624
914 68
915 47
916 991
917 790
918 311
919 693
920 694
921 616
922 677
923 702
924 1109
925 827
926 1014
927 796
928 568
929 596
930 399
931 417
932 839
933 325
934 563
935 435
936 214
937 865
938 349
939 1098
940 759
941 230
942 21
943 665
944 338
945 110
946 186
947 812
948 851
949 248
950 208
951 783
952 418
953 312
954 690
955 824
956 804
957 805
958 727
959 652
960 924
961 242
962 1131
963 392
964 234
965 488
966 16
967 263
968 198
969 696
970 770
971 412
972 640
973 916
974 784
975 23
976 792
977 671
978 698
979 479
980 253
981 59
982 761
983 898
984 492
985 309
986 874
987 1
988 1032
989 1037
990 941
991 30
992 612
993 682
994 202
995 653
996 168
997 1070
998 947
999 605
1000 905
1001 49
1002 758
1003 436
1004 226
1005 505
1006 806
1007 373
1008 838
1009 894
1010 1044
1011 729
1012 676
1013 81
1014 721
1015 728
1016 500
1017 105
1018 943
1019 295
1020 522
1021 257
1022 813
1023 1097
1024 342
1025 232
1026 317
1027 656
1028 77
1029 364
1030 1079
1031 580
1032 145
1033 152
1034 1120
1035 843
1036 331
1037 70
1038 655
1039 853
1040 1122
1041 1103
1042 984
1043 601
1044 120
1045 489
1046 1019
1047 216
1048 271
1049 57
1050 34
1051 837
1052 757
1053 882
1054 769
1055 531
1056 98
1057 279
1058 444
1059 250
1060 574
1061 801
1062 619
1063 148
1064 211
1065 136
1066 1132
1067 818
1068 409
1069 525
1070 43
1071 662
1072 237
1073 1073
1074 78
1075 934
1076 1012
1077 423
1078 7
1079 678
1080 1074
1081 641
1082 346
1083 1084
1084 798
1085 845
1086 518
1087 739
1088 1057
1089 913
1090 592
1091 629
1092 126
1093 213
1094 959
1095 1115
1096 103
1097 646
1098 668
1099 472
1100 777
1101 37
1102 963
1103 18
1104 344
1105 787
1106 469
1107 354
1108 543
1109 485
1110 626
1111 912
1112 355
1113 33
1114 316
1115 446
1116 245
1117 751
1118 731
1119 570
1120 720
1121 307
1122 748
1123 1050
1124 329
1125 56
1126 517
1127 998
1128 372
1129 421
1130 1104
1131 576
1132 1009
