305 1037
305 269
305 875
305 572
305 56
305 899
305 33
305 1053
305 782
305 11
305 430
305 724
305 788
305 762
305 45
305 888
305 553
305 597
305 928
305 263
305 76
305 102
305 304
305 341
305 799
305 70
305 787
305 1109
1037 269
1037 875
1037 56
1037 899
1037 33
1037 1053
1037 782
1037 11
1037 724
1037 45
1037 553
1037 597
1037 928
1037 76
1037 102
1037 562
1037 753
1037 731
1037 674
1037 377
1037 368
1037 288
269 875
269 56
269 899
269 33
269 1053
269 430
269 724
269 45
269 553
269 597
269 928
269 263
269 76
269 910
269 799
269 70
269 731
269 1123
269 129
269 820
269 602
269 1121
269 13
269 929
269 182
269 392
269 187
269 1084
269 249
269 104
269 62
269 156
269 790
269 488
269 220
875 11
875 76
875 182
875 48
875 1115
875 367
875 1043
875 274
875 393
875 892
875 419
875 850
875 534
875 862
875 441
875 979
875 869
875 946
875 16
572 56
572 724
572 809
572 138
572 558
572 547
572 643
572 630
572 51
56 899
56 33
56 724
56 45
56 553
56 76
56 799
56 70
56 731
56 737
56 648
56 591
56 672
56 417
56 1119
56 781
56 517
899 1053
899 782
899 724
899 762
899 45
899 597
899 76
899 70
899 547
899 1046
899 443
899 147
899 366
899 113
899 481
899 838
899 54
899 46
899 414
899 153
899 429
899 855
33 76
33 70
33 36
33 497
1053 782
1053 724
1053 45
1053 263
1053 76
1053 102
1053 787
1053 820
1053 343
1053 868
1053 557
1053 449
1053 798
782 45
782 102
782 787
782 731
782 869
782 1042
782 1117
782 285
782 1122
782 181
782 379
782 546
782 135
782 1036
782 272
782 91
782 999
782 689
782 53
782 318
782 18
782 408
782 409
782 885
782 780
782 1113
782 993
782 893
11 553
11 597
11 928
11 76
11 304
11 799
11 929
11 809
11 843
11 41
11 824
11 380
11 640
11 123
11 711
11 295
430 417
430 1099
430 282
430 184
430 915
430 148
430 394
430 976
430 191
430 293
430 435
430 111
430 675
430 881
430 598
430 280
724 788
724 45
724 553
724 76
724 102
724 70
724 929
724 979
724 547
724 449
724 280
724 251
724 908
724 14
724 663
724 1124
724 255
724 328
788 762
788 45
788 102
788 753
788 731
788 737
788 798
788 285
788 181
788 18
788 408
788 123
788 34
788 114
788 407
788 483
788 635
788 541
788 109
788 989
788 461
788 169
788 595
788 375
788 727
788 339
788 237
788 535
788 512
788 654
788 566
788 215
788 778
788 556
762 910
762 753
762 731
762 547
762 481
762 408
762 989
762 140
762 657
762 511
762 94
762 1055
762 353
762 1016
762 87
762 174
45 102
45 787
45 753
45 731
45 220
45 643
45 557
45 1042
45 18
45 780
45 993
45 570
45 82
45 172
45 177
45 330
45 3
45 1116
45 486
45 154
45 228
45 710
45 826
45 514
45 573
45 958
45 564
45 708
45 751
45 73
45 950
45 504
45 6
45 346
45 732
45 1079
45 846
45 205
45 811
45 629
45 260
45 1061
888 102
888 731
888 135
888 161
888 614
888 12
553 597
553 263
553 76
553 910
553 304
553 341
553 799
553 288
553 1123
553 448
553 170
553 501
597 928
597 799
597 288
597 820
597 869
597 591
597 781
597 689
597 711
597 94
597 1072
597 227
597 216
597 589
597 316
597 744
597 890
597 536
597 741
597 1120
597 699
597 759
928 76
928 820
928 1121
928 249
928 648
928 449
928 501
928 608
928 240
928 738
928 844
263 910
263 304
263 1123
263 129
263 820
263 182
263 392
263 249
263 790
263 488
263 367
263 366
263 343
263 868
263 557
263 798
263 663
263 958
263 73
263 346
263 161
263 699
263 816
263 864
263 834
263 173
263 136
263 538
263 722
263 619
263 981
263 822
263 234
263 712
263 568
263 1132
263 814
263 577
263 142
76 799
76 562
76 288
910 304
910 288
910 1123
910 602
910 1121
910 13
910 929
910 182
910 249
910 790
910 737
910 414
910 380
910 640
910 148
910 556
910 330
910 826
910 170
910 227
910 759
910 864
910 234
910 853
910 474
910 155
910 120
910 467
910 1063
910 50
910 489
910 886
910 351
910 593
910 933
910 966
910 356
910 581
910 314
910 1126
910 276
910 206
910 986
910 166
910 98
910 769
102 787
102 753
102 731
102 1115
102 869
102 1042
102 1117
102 285
102 181
102 135
102 1036
102 999
102 689
102 53
102 408
102 109
102 989
102 339
102 535
102 556
102 474
102 766
102 428
102 636
102 984
102 465
102 554
102 334
102 294
102 518
102 756
102 848
102 944
102 932
304 341
304 1123
304 1043
304 393
304 885
304 170
304 1120
304 120
304 636
304 801
304 292
304 360
304 1001
304 520
304 121
799 288
799 869
799 781
799 54
799 94
799 227
799 589
799 890
799 1120
799 356
799 303
799 1039
799 1129
799 599
70 731
70 556
70 316
70 206
70 437
70 922
604 293
604 871
604 827
604 1094
604 1031
604 167
604 211
604 1021
787 731
787 1084
787 654
787 172
787 330
787 154
787 228
787 950
787 205
787 760
787 897
787 872
787 805
787 1092
787 695
787 150
787 1018
787 1051
787 214
787 649
787 291
1109 929
1109 790
1109 868
1109 663
1109 710
1109 608
1109 816
1109 722
1109 814
1109 391
1109 921
1109 938
1109 947
1109 492
1109 743
1109 761
1109 713
1109 637
1109 348
1109 1027
1109 371
562 128
753 731
753 689
731 488
731 869
731 1042
731 556
731 437
731 1060
731 912
288 104
288 216
288 316
288 741
288 608
288 822
288 886
288 356
288 921
288 628
288 830
288 311
288 279
288 103
288 1019
288 143
288 498
288 802
288 851
1123 820
1123 602
1123 1121
1123 929
1123 182
1123 249
1123 62
1123 557
1123 798
1123 170
1123 759
1123 816
1123 864
1123 538
1123 120
1123 1031
1123 167
1123 947
1123 803
1123 119
1123 378
1123 459
1123 415
129 602
129 182
129 392
129 1084
129 790
129 488
129 220
129 1115
129 557
129 663
129 826
129 50
129 518
129 713
129 803
129 119
129 361
129 388
129 362
129 746
129 213
129 262
129 309
129 1096
129 676
820 182
820 392
820 187
820 249
820 104
820 790
820 393
820 517
820 838
820 343
820 449
820 380
820 640
820 174
820 172
820 73
820 890
820 1120
820 816
820 864
820 834
820 538
820 577
820 853
820 886
820 947
820 743
820 851
820 803
820 119
820 415
820 988
820 632
820 139
820 980
820 95
820 982
820 425
820 217
820 1033
820 1015
820 43
820 21
602 13
602 929
602 249
602 417
602 868
602 557
602 380
602 663
602 816
602 351
602 121
602 167
602 947
602 492
602 761
602 637
602 348
602 803
602 119
602 378
602 95
602 43
602 533
602 963
602 1054
602 923
602 860
602 320
602 955
602 223
602 10
602 186
602 97
602 329
602 550
602 918
602 464
602 258
602 93
602 967
602 551
602 870
602 451
602 8
602 131
602 107
1121 182
1121 227
1121 759
1121 489
1121 166
1121 578
13 62
13 640
13 947
13 128
13 704
13 320
13 740
13 754
13 74
13 78
13 783
13 145
13 555
13 794
13 612
929 249
929 790
929 809
929 824
929 174
929 170
929 722
929 814
929 492
929 1019
929 119
929 746
929 551
929 207
929 671
929 495
929 1131
929 935
929 951
929 422
929 924
929 865
929 403
929 163
182 187
182 62
182 48
182 1115
182 367
182 393
182 419
182 534
182 441
182 979
182 946
182 16
182 648
182 608
182 864
182 166
182 498
182 803
182 982
182 551
182 612
182 493
182 973
182 877
182 670
182 730
182 953
182 519
392 868
392 637
392 160
187 944
187 947
187 676
187 1087
1084 790
1084 488
1084 220
1084 547
1084 51
1084 113
1084 557
1084 1036
1084 1113
1084 511
1084 228
1084 710
1084 958
1084 6
1084 608
1084 489
1084 966
1084 518
1084 121
1084 760
1084 1092
1084 695
1084 1051
1084 649
1084 291
1084 628
1084 362
1084 213
1084 275
1084 580
1084 175
1084 502
1084 77
1084 248
1084 453
1084 510
249 62
249 648
249 174
249 501
249 608
249 816
249 814
249 351
249 167
249 1018
249 492
249 348
249 803
249 676
249 988
249 107
249 842
249 1059
104 790
104 220
104 557
104 568
104 489
104 1126
104 348
104 371
104 851
104 803
104 1096
104 988
104 652
104 397
104 634
104 218
104 891
104 7
104 931
62 648
62 1113
62 824
62 640
62 191
62 663
62 556
62 501
62 608
62 173
62 822
62 489
62 636
62 1021
62 492
62 761
62 371
62 498
62 746
62 309
62 676
62 8
62 794
62 81
62 813
62 807
62 1050
62 603
62 647
62 856
62 201
62 817
62 47
156 16
790 547
790 517
790 408
790 140
790 511
790 1055
790 1016
790 174
790 50
790 1021
790 391
790 938
790 492
790 311
790 803
790 43
790 807
790 1067
790 132
790 861
790 296
790 1112
790 209
488 220
488 557
488 1113
488 228
488 814
488 760
488 1018
488 388
488 400
488 755
220 643
220 557
220 1113
220 824
220 172
220 330
220 228
220 710
220 564
220 504
220 6
220 346
220 722
220 465
220 518
220 649
220 947
220 761
220 388
220 262
220 186
220 329
220 175
220 196
220 5
220 1103
220 592
220 1071
48 1115
48 367
48 393
48 419
48 850
48 534
48 979
48 16
48 216
48 166
48 982
48 951
48 493
48 696
48 1125
48 1056
48 229
48 1118
48 66
48 569
48 835
48 1128
48 1110
48 1048
48 473
48 354
1115 367
1115 393
1115 419
1115 534
1115 862
1115 979
1115 16
1115 798
1115 181
1115 408
1115 570
1115 958
1115 234
1115 166
1115 428
1115 498
1115 982
1115 550
1115 493
1115 77
1115 725
1115 307
1115 617
1115 1030
1115 1095
1115 439
1115 27
1115 895
367 393
367 419
367 534
367 979
367 946
367 16
367 712
367 166
367 493
367 730
367 192
367 991
367 286
367 456
1043 1048
274 419
274 441
274 41
274 844
274 196
274 1048
274 1023
274 639
274 455
393 892
393 419
393 534
393 862
393 946
393 16
393 282
393 976
393 675
393 511
393 826
393 1063
393 128
393 980
393 982
393 1125
393 665
393 15
393 9
892 946
892 675
892 973
892 1125
892 306
892 313
892 642
892 200
419 850
419 441
419 979
419 16
419 147
419 166
419 1128
419 1048
419 306
419 30
850 441
850 147
850 166
850 730
850 696
850 1125
850 1056
850 569
850 1128
850 1048
850 30
850 1005
850 837
850 964
850 92
534 979
534 946
534 16
534 166
534 1021
534 988
534 493
534 784
862 1120
862 166
862 428
862 730
862 1048
862 617
862 1030
862 983
862 325
862 333
441 979
441 147
441 166
441 982
441 730
441 196
441 1048
441 1023
441 30
441 1005
441 159
979 16
979 147
979 811
979 1019
979 746
979 493
979 519
979 1059
979 1112
979 1023
979 306
979 200
979 344
979 1009
979 719
979 319
979 849
979 1114
979 231
979 358
979 768
869 591
869 1042
869 272
869 461
869 169
869 556
869 316
869 699
869 206
869 921
869 119
869 1059
869 1095
869 660
869 283
869 1076
946 380
946 316
946 973
946 670
946 642
946 1005
946 683
16 282
16 50
16 166
16 766
16 1027
16 498
16 851
16 378
16 632
16 982
16 258
16 865
16 493
16 1050
16 1023
16 313
16 30
16 1005
16 222
16 867
16 506
16 189
16 300
16 298
16 723
16 679
16 526
809 443
809 824
809 577
809 886
809 1033
809 43
809 794
809 951
809 924
809 634
809 209
809 358
809 567
809 735
809 585
809 750
809 65
809 905
138 36
138 1113
138 380
138 94
138 172
138 330
138 958
138 316
138 822
138 636
138 1112
138 15
138 9
138 35
138 907
138 833
138 503
138 347
138 471
138 978
558 435
558 598
558 1063
558 803
558 400
558 118
558 1041
558 0
558 739
558 421
558 479
547 737
547 417
547 557
547 272
547 999
547 408
547 293
547 675
547 140
547 511
547 94
547 1055
547 1016
547 87
547 316
547 1063
547 489
547 1021
547 128
547 802
547 258
547 1067
547 1112
547 209
547 347
547 24
547 197
547 954
547 312
547 995
547 698
547 67
547 796
547 962
547 937
547 281
547 432
643 293
643 330
643 150
643 951
643 402
630 379
630 689
630 53
630 34
630 114
630 535
630 778
630 140
630 3
630 492
630 641
51 557
51 1113
51 824
51 123
51 228
51 695
51 713
51 870
51 829
51 549
737 557
737 1036
737 689
737 780
737 34
737 535
737 657
737 172
737 489
737 966
737 362
737 870
737 451
737 549
737 454
737 939
737 1052
737 72
737 327
737 157
737 20
648 838
648 380
648 908
648 514
648 501
648 608
648 738
648 577
648 437
648 492
648 578
648 81
648 807
648 817
648 471
648 194
648 88
648 80
648 99
591 838
591 379
591 535
591 215
591 556
591 228
591 316
591 744
591 741
591 489
591 356
591 314
591 1001
591 1129
591 963
591 578
591 817
591 159
591 99
591 224
672 148
672 699
672 738
672 223
672 383
417 282
417 184
417 148
417 191
417 675
417 598
417 280
417 947
417 803
417 432
417 340
1119 1113
1119 893
1119 82
1119 1116
1119 573
1119 504
1119 732
1119 811
1119 1061
1119 334
1119 649
1119 291
1119 967
1119 451
1119 325
1119 252
1119 100
1119 757
1119 879
1119 1098
781 838
781 54
781 316
781 43
781 670
781 807
781 779
781 733
517 380
517 140
517 698
1046 113
1046 82
1046 1116
1046 514
1046 811
1046 814
1046 325
1046 757
1046 57
1046 662
443 481
443 807
443 861
443 1111
443 509
443 532
147 166
147 766
147 258
147 493
147 973
147 730
147 1048
147 313
147 30
147 509
147 532
147 29
147 17
147 390
147 1038
147 561
366 316
366 712
366 489
366 632
366 1059
366 452
366 998
366 994
366 913
366 180
113 663
113 228
113 814
113 769
113 402
113 440
113 84
113 124
113 793
113 308
481 91
481 1016
481 174
481 807
481 296
481 1111
481 509
481 959
481 19
481 1081
481 521
481 747
481 684
481 771
481 357
481 469
838 429
838 843
838 711
838 216
838 316
838 608
838 467
838 498
838 1033
838 647
838 67
838 779
838 733
838 17
838 627
838 1108
838 638
838 137
54 807
54 638
46 855
46 1033
46 647
46 561
46 998
46 265
153 733
153 771
153 691
153 85
429 640
429 1016
429 1111
855 733
36 1113
36 41
36 330
36 120
36 351
36 107
36 400
36 471
36 327
36 563
36 661
497 1027
497 139
343 864
343 913
343 972
868 557
868 1113
868 640
868 251
868 228
868 205
868 649
868 492
868 107
868 639
868 701
557 1036
557 1113
557 993
557 140
557 330
557 1116
557 154
557 228
557 710
557 826
557 514
557 573
557 958
557 73
557 6
557 346
557 1079
557 846
557 205
557 170
557 536
557 722
557 814
557 966
557 769
557 334
557 599
557 1092
557 938
557 492
557 761
557 362
557 43
557 186
557 870
557 612
557 951
557 175
557 77
557 397
557 400
557 1103
557 665
557 585
557 454
557 1098
557 117
557 831
557 52
557 987
557 742
557 478
557 1078
557 969
557 195
557 774
557 841
449 380
449 711
449 50
449 1027
449 415
449 97
449 207
449 163
449 81
449 856
449 209
449 300
449 99
449 625
449 4
449 1089
449 133
449 609
449 179
449 911
449 975
449 1088
449 389
449 705
449 682
449 230
449 791
798 1113
798 556
798 330
798 154
798 958
798 846
798 619
798 474
798 462
798 96
798 622
1042 689
1042 944
285 272
285 999
285 408
285 556
285 1076
285 796
285 345
181 546
181 689
181 407
181 635
181 109
181 989
181 169
181 566
181 778
181 351
181 206
181 492
181 119
181 965
181 404
379 689
379 408
379 380
379 114
379 407
379 989
379 778
379 1076
379 178
546 272
546 566
546 796
546 345
135 614
135 12
135 234
135 636
135 676
135 807
135 622
135 900
135 776
135 1014
1036 780
1036 1113
1036 172
1036 1116
1036 228
1036 514
1036 958
1036 73
1036 6
1036 346
1036 732
1036 489
1036 966
1036 465
1036 1039
1036 599
1036 628
1036 186
1036 275
1036 77
1036 397
1036 400
1036 196
1036 100
1036 831
1036 969
1036 631
1036 543
1036 442
1036 149
1036 1020
1036 1010
272 999
272 689
272 408
272 824
272 640
272 34
272 109
272 511
272 1076
272 796
272 1003
91 573
91 453
91 755
91 983
91 469
91 299
91 1013
999 408
999 461
999 796
999 345
689 34
689 407
689 635
689 541
689 989
689 461
689 169
689 375
689 339
689 535
689 654
689 566
689 778
689 556
689 316
689 932
689 947
689 1076
689 197
689 796
689 345
689 332
53 407
53 635
53 541
53 461
53 375
53 339
53 654
53 197
318 619
318 636
318 554
318 391
318 938
318 119
318 670
318 567
318 585
318 433
318 945
318 1093
318 707
408 535
408 140
408 978
408 796
408 349
408 259
409 711
409 556
409 234
409 636
409 391
409 676
409 670
409 700
409 171
409 168
885 1013
780 486
780 708
780 811
780 966
780 397
780 757
780 1078
780 969
780 195
780 542
780 1086
1113 711
1113 172
1113 330
1113 228
1113 958
1113 564
1113 846
1113 216
1113 738
1113 966
1113 465
1113 518
1113 1039
1113 1092
1113 1018
1113 1051
1113 670
1113 275
1113 77
1113 1020
1113 876
993 154
993 760
993 117
993 52
893 172
893 573
893 649
893 451
893 175
893 400
893 178
893 600
893 615
843 380
843 640
843 711
843 908
843 744
843 932
843 921
843 817
843 569
843 506
843 194
843 452
843 913
843 543
843 658
843 336
843 773
843 203
843 438
41 844
41 814
41 1031
41 938
41 196
41 639
41 65
41 84
41 661
824 380
824 6
824 744
824 166
824 397
824 696
824 312
380 640
380 282
380 908
380 170
380 759
380 822
380 167
380 348
380 498
380 988
380 95
380 1015
380 1131
380 652
380 218
380 569
380 354
380 194
380 88
380 390
380 682
380 259
380 1034
380 666
380 476
380 130
380 810
640 435
640 908
640 657
640 330
640 170
640 827
640 947
640 371
640 676
640 955
640 918
640 93
640 953
640 647
640 209
640 66
640 15
640 319
640 585
640 67
640 88
640 733
640 17
640 171
640 1006
640 219
640 165
640 847
640 28
123 6
123 520
123 1031
123 683
123 312
123 829
123 998
123 1003
123 664
123 374
123 610
711 295
711 556
711 346
711 227
711 316
711 1120
711 699
711 738
711 489
711 1092
711 947
711 746
711 1033
711 794
711 951
711 842
711 81
711 807
711 201
711 159
711 471
711 194
711 99
711 705
711 219
295 227
295 759
1099 191
1099 293
282 915
282 148
282 976
282 191
282 293
282 435
282 111
282 675
282 598
282 1063
282 292
282 360
282 1094
282 1031
282 167
282 391
282 947
282 492
282 1019
282 803
282 258
282 15
282 9
282 432
282 195
282 418
282 936
282 447
282 785
184 191
184 598
184 803
184 418
184 767
915 148
915 191
915 293
915 435
915 675
915 598
915 1031
915 947
915 803
915 119
915 107
915 842
915 15
915 454
915 340
915 195
915 767
915 105
148 191
148 293
148 699
148 581
148 292
148 947
148 963
148 258
148 783
148 145
148 794
148 15
148 383
148 340
148 137
148 767
148 424
148 1070
148 359
148 624
148 322
148 301
148 232
394 262
394 955
394 118
394 739
394 382
394 819
394 233
976 191
976 675
976 598
976 511
976 741
976 608
976 1063
976 938
976 803
976 980
976 95
976 671
976 432
976 992
976 1002
191 293
191 435
191 111
191 675
191 598
191 511
191 1072
191 699
191 1021
191 947
191 803
191 746
191 980
191 877
191 9
191 432
191 83
293 675
293 598
293 140
293 167
293 803
293 258
293 313
293 432
293 936
293 58
293 372
435 598
435 958
435 262
435 43
435 432
435 418
111 675
111 598
111 511
111 1063
111 980
111 9
111 432
111 700
111 447
111 83
675 598
675 140
675 608
675 738
675 803
675 107
675 723
675 432
675 454
881 608
598 511
598 738
598 1063
598 360
598 980
598 1041
598 739
598 432
598 767
598 992
598 83
598 372
598 703
598 772
280 378
280 258
280 555
280 383
280 340
280 1040
280 960
280 487
280 494
280 977
280 406
251 205
908 741
908 628
908 311
908 746
908 217
908 1015
908 43
908 207
908 1131
908 652
908 194
908 543
14 50
14 489
14 705
14 945
14 773
663 864
663 947
663 492
663 761
663 703
663 1024
1124 140
1124 97
1124 464
1124 195
1124 389
1124 323
1124 395
1124 845
1124 714
1124 1085
1124 770
255 1087
255 386
328 198
328 804
328 678
34 140
34 511
34 87
34 20
114 535
114 330
114 3
114 1116
114 932
114 649
114 451
114 20
114 615
407 695
407 498
407 307
407 137
407 852
483 635
483 109
483 989
483 727
483 351
483 695
635 541
635 109
635 989
635 375
635 339
635 699
635 932
635 197
541 989
541 654
541 556
541 362
541 1095
109 741
109 1076
989 741
989 695
989 1076
989 197
989 259
169 617
595 639
595 20
375 932
375 197
535 778
535 556
535 330
535 3
535 1116
535 629
535 649
535 186
535 20
535 101
512 556
512 20
654 844
566 206
566 345
778 3
778 167
778 628
778 35
556 216
556 744
556 741
556 608
556 314
556 636
556 294
556 944
556 1076
556 197
556 352
556 821
140 511
140 1055
140 1016
140 87
140 174
140 128
140 361
140 676
140 963
140 923
140 550
140 833
140 995
140 698
140 1111
140 532
140 747
140 658
140 28
140 105
140 1070
140 1090
140 941
140 470
657 511
657 1016
657 174
657 958
657 489
657 281
657 939
511 87
511 1063
511 360
511 391
511 938
511 803
511 262
511 980
511 10
511 671
511 739
511 796
511 432
511 454
511 1002
511 772
511 763
94 612
94 670
94 35
94 1052
94 509
94 661
94 972
94 219
94 410
1055 258
1055 1112
1055 698
1055 224
1055 470
353 1050
353 209
353 24
353 454
353 99
353 1089
353 1088
353 682
353 458
353 836
353 235
353 786
1016 174
1016 807
1016 861
1016 454
1016 1111
1016 19
1016 1081
1016 996
1016 122
87 995
87 698
87 432
174 1021
174 807
174 861
174 19
570 958
570 614
570 173
570 984
570 150
570 397
570 665
570 600
570 863
570 806
82 330
82 514
82 504
82 732
82 811
82 291
82 362
82 213
82 451
82 397
82 325
82 252
82 757
82 57
82 399
82 662
82 863
172 330
172 514
172 73
172 474
172 518
172 760
172 1051
172 362
172 186
172 870
172 77
172 195
172 1034
172 516
177 234
177 307
177 404
177 1014
177 168
177 22
330 3
330 228
330 514
330 73
330 504
330 346
330 205
330 629
330 741
330 474
330 489
330 966
330 465
330 760
330 649
330 492
330 362
330 262
330 186
330 397
330 1103
330 592
330 57
330 442
330 259
330 542
330 516
330 373
330 490
330 887
3 514
3 504
3 629
3 465
3 649
3 186
3 490
3 681
1116 514
1116 573
1116 958
1116 564
1116 504
1116 732
1116 1061
1116 649
1116 451
1116 453
1116 837
1116 20
1116 757
1116 469
1116 1078
1116 542
1116 600
1116 863
1116 490
1116 943
486 732
486 1079
486 205
486 260
486 428
486 465
486 213
486 195
486 945
486 424
486 490
486 110
486 204
486 633
154 573
154 811
154 814
154 351
154 769
154 492
154 196
154 585
154 1098
154 84
154 117
154 831
154 52
154 742
154 478
154 1078
154 700
154 257
154 668
228 958
228 205
228 316
228 1132
228 966
228 334
228 518
228 1051
228 761
228 713
228 362
228 502
228 1071
228 774
710 346
710 722
710 1132
710 1092
710 761
710 103
710 551
710 1071
710 88
826 958
826 474
826 334
826 150
826 947
826 980
826 671
826 665
826 432
826 528
514 573
514 564
514 751
514 73
514 950
514 6
514 346
514 1079
514 846
514 205
514 316
514 722
514 474
514 593
514 966
514 334
514 518
514 291
514 761
514 362
514 43
514 186
514 502
514 397
514 1103
514 665
514 757
514 1102
514 253
573 564
573 708
573 73
573 950
573 504
573 732
573 1079
573 846
573 811
573 1061
573 966
573 465
573 334
573 713
573 186
573 451
573 397
573 757
573 969
573 600
573 943
573 588
958 73
958 6
958 346
958 732
958 1061
958 474
958 695
958 649
958 362
958 870
958 77
958 397
958 542
564 504
564 6
564 1079
564 649
564 262
564 186
564 592
564 469
564 600
708 504
708 811
708 966
708 912
708 397
708 400
708 1098
708 969
708 588
751 732
751 205
751 107
751 1098
73 346
73 316
73 966
73 695
73 362
73 870
73 107
73 163
73 77
73 397
73 831
73 178
73 631
73 600
950 504
950 732
950 811
950 451
950 454
950 1020
950 600
950 887
950 588
504 6
504 732
504 1079
504 811
504 1061
504 649
504 291
504 451
504 453
504 1103
504 421
504 600
504 588
504 302
504 618
504 1028
6 769
6 428
6 599
6 262
6 1096
6 175
6 1103
6 1071
6 543
6 302
6 764
6 611
346 738
346 474
346 966
346 518
346 362
346 670
346 502
346 665
346 774
346 1093
346 700
732 1079
732 205
732 811
732 260
732 1061
732 465
732 213
732 451
732 325
732 252
732 757
732 831
732 600
732 490
732 633
1079 205
1079 811
1079 260
1079 465
1079 186
1079 77
1079 57
1079 831
1079 1086
1079 490
1079 633
846 260
846 738
846 518
846 639
846 585
846 863
846 618
205 966
205 761
205 213
205 77
205 1076
205 454
205 57
205 469
205 701
205 490
205 116
811 1061
811 465
811 451
811 1103
811 252
811 879
811 774
811 700
811 542
811 1086
811 600
811 424
811 1102
811 588
811 718
811 1047
629 186
629 706
260 465
260 213
260 978
260 57
260 1078
260 490
260 633
1061 252
1061 757
1061 772
1061 515
1061 477
161 895
161 35
161 442
161 115
614 119
614 895
614 776
614 1014
614 152
448 358
170 1018
170 988
170 43
170 783
170 325
170 1076
170 454
170 571
501 608
501 351
501 167
501 371
501 551
501 107
501 828
1072 807
227 316
227 699
227 759
227 801
227 842
227 994
227 863
227 1107
216 759
216 738
216 822
216 743
216 311
216 355
316 890
316 1120
316 699
316 759
316 738
316 822
316 234
316 166
316 1039
316 1129
316 43
316 77
316 1059
316 222
316 194
316 383
316 390
316 137
316 1088
316 700
316 219
316 151
316 376
316 752
316 32
316 369
316 930
744 1033
744 527
890 568
890 1039
890 207
890 81
890 603
890 856
890 679
890 67
890 705
741 489
741 1039
741 1021
741 371
741 119
741 1059
741 861
741 665
741 1076
741 194
741 521
741 1108
741 137
741 773
741 1034
741 476
741 823
741 1057
741 212
741 1049
1120 877
1120 634
1120 813
1120 354
1120 964
1120 954
1120 810
1120 952
1120 1091
699 738
699 1129
699 921
699 1087
699 15
699 383
699 340
699 376
699 752
699 267
759 173
759 1129
759 578
759 248
759 842
759 1059
759 806
759 71
608 738
608 489
608 1021
608 371
608 676
608 329
608 207
608 81
608 603
608 1112
608 696
608 1110
608 194
608 99
608 381
240 1131
240 454
240 621
738 121
738 947
738 982
738 258
738 953
738 81
738 15
738 99
738 340
738 137
738 71
738 1045
738 702
738 1097
844 43
844 196
844 639
844 482
816 864
816 173
816 538
816 761
816 803
864 538
864 746
864 551
864 194
173 938
173 21
173 329
173 842
173 837
173 978
173 863
173 1107
173 777
173 457
136 1129
538 619
538 769
538 676
538 670
538 945
538 773
722 1132
722 938
722 492
722 761
722 951
722 175
722 273
619 1129
619 1092
619 160
619 219
822 814
822 489
822 743
822 348
822 311
822 194
822 543
822 355
234 314
234 636
234 492
234 119
234 676
234 307
234 168
234 40
234 49
234 645
234 894
712 489
712 456
712 281
712 998
712 913
712 975
712 664
712 458
712 1101
712 1025
712 508
568 1021
568 803
568 632
568 865
568 856
568 67
568 1088
568 431
568 384
1132 103
814 518
814 1039
814 492
814 951
814 1103
814 462
814 178
577 1131
577 856
577 610
577 770
577 450
577 544
853 988
853 1015
474 984
474 77
474 397
474 665
155 634
155 954
155 795
155 86
155 463
120 593
120 769
120 599
120 758
467 1033
467 733
1063 360
1063 128
1063 665
1063 118
1063 1041
1063 432
1063 1006
1063 418
1063 904
1063 866
50 1021
50 371
50 803
50 415
50 746
50 309
50 988
50 632
50 464
50 207
50 163
50 81
50 67
50 179
50 975
50 682
50 763
50 385
489 99
489 913
489 336
489 219
489 185
489 925
886 498
886 43
886 551
886 194
886 308
886 638
886 369
886 930
886 1045
886 505
886 277
886 1068
351 167
351 492
351 119
351 378
351 95
351 329
351 967
351 107
351 1087
351 323
351 40
351 1074
351 513
351 745
933 119
933 639
933 707
933 957
966 649
966 1054
966 186
966 175
966 77
966 397
966 196
966 100
966 757
966 542
966 412
356 276
356 851
356 43
356 207
356 931
356 856
356 236
581 292
581 492
581 223
581 550
581 794
581 612
581 856
581 340
581 386
581 1074
581 692
581 246
314 150
314 168
314 1035
1126 471
1126 954
1126 1091
1126 795
1126 86
1126 26
1126 601
1126 1066
1126 525
276 95
276 207
276 495
276 931
276 67
276 733
276 1089
276 485
206 95
206 329
206 1076
206 404
206 168
986 1027
166 493
166 973
166 730
166 1059
166 1048
166 30
98 119
98 895
769 391
769 550
769 951
769 670
769 1087
769 526
769 567
769 340
769 433
769 424
769 322
766 1048
766 1023
766 306
766 642
766 723
428 465
636 848
636 311
636 676
636 307
636 312
636 894
636 626
636 44
636 398
636 840
636 576
636 496
636 825
465 649
465 451
465 20
465 490
465 887
465 633
554 119
554 895
554 622
554 404
554 171
554 168
554 49
554 645
554 37
334 695
334 713
334 397
334 65
334 252
334 424
518 612
518 943
848 895
848 398
944 437
944 158
932 453
932 20
932 615
932 576
932 694
801 670
801 842
801 383
801 686
801 971
292 1021
292 947
292 492
292 320
292 10
292 550
292 258
292 967
292 78
292 783
292 670
292 953
292 1087
292 15
292 526
292 503
292 937
292 383
292 424
292 1070
292 322
292 301
292 386
292 668
292 971
292 210
292 693
292 243
292 1080
360 980
360 329
360 612
360 585
360 432
360 1093
1001 938
1001 835
1001 795
1001 463
520 151
121 695
121 128
121 533
121 963
121 1054
121 704
121 923
121 860
121 320
121 955
121 550
121 77
121 400
121 297
121 31
121 290
121 202
121 199
121 59
121 548
121 68
303 391
303 500
1039 599
1039 437
1039 921
1039 550
1039 502
1039 159
1039 631
1039 322
1129 827
1129 945
1129 1024
1129 1075
1129 239
1129 605
599 275
599 502
599 188
437 1027
437 415
437 43
437 163
437 81
437 603
437 856
437 222
437 679
437 833
437 911
437 101
437 527
437 384
437 158
922 794
922 1118
871 827
871 1094
871 720
871 23
827 1094
827 167
827 391
827 239
1094 391
1094 978
1094 513
1094 338
1094 659
1094 690
1094 878
1094 420
1031 211
1031 143
1031 43
1031 93
1031 107
1031 647
1031 219
1031 1062
1031 610
1031 941
1031 1028
1031 335
1031 688
1031 685
167 502
167 856
167 1112
167 719
167 231
167 0
167 720
167 974
211 103
211 258
211 647
211 400
211 452
211 1062
211 1028
1021 1027
1021 1019
1021 803
1021 415
1021 988
1021 43
1021 78
1021 207
1021 895
1021 784
1021 1076
1021 24
1021 705
1021 476
1021 381
1021 734
1021 247
760 1092
760 695
760 57
760 490
872 596
805 1092
805 150
805 214
805 983
805 876
1092 695
1092 150
1092 1018
1092 1051
1092 213
1092 670
1092 275
1092 510
1092 700
1092 876
1092 1044
695 1051
695 713
695 186
695 870
695 502
695 77
695 510
695 397
695 67
695 596
695 1069
150 214
150 701
150 876
1018 1051
1018 95
1018 462
1051 291
1051 213
214 469
214 1010
214 64
649 186
649 451
649 454
649 20
649 252
649 879
649 469
291 213
391 938
391 947
391 492
391 761
391 923
391 207
391 951
391 160
391 526
391 567
391 72
391 900
921 217
921 43
921 194
921 219
921 158
921 146
938 492
938 713
938 1027
938 923
938 951
938 865
938 160
938 567
938 954
938 863
938 381
947 963
947 704
947 320
947 10
947 550
947 258
947 754
947 555
947 953
947 1087
947 15
947 567
947 340
947 105
947 301
947 199
947 548
947 659
947 529
492 761
492 713
492 637
492 262
492 95
492 963
492 923
492 186
492 783
492 951
492 1087
492 647
492 1112
492 196
492 307
492 964
492 1076
492 567
492 585
492 0
492 954
492 402
492 117
492 911
492 1040
492 745
492 1066
492 721
492 800
743 803
743 988
743 1033
743 647
743 901
743 998
743 265
743 355
743 644
743 961
743 613
761 951
761 1076
761 567
761 774
761 278
713 755
713 308
713 420
637 378
637 704
637 78
637 160
637 400
637 665
637 22
637 815
348 803
348 670
348 80
348 509
348 661
348 389
1027 371
1027 628
1027 803
1027 988
1027 1110
1027 585
1027 471
1027 312
1027 829
1027 101
1027 749
1027 499
1027 883
1027 956
1027 575
1027 765
371 803
371 746
371 309
371 911
371 101
371 544
371 574
371 134
128 459
128 262
128 980
128 533
128 1054
128 923
128 860
128 10
128 550
128 794
128 671
128 837
128 937
128 432
128 454
128 1002
128 971
128 297
128 31
128 290
128 202
128 68
128 420
128 271
128 970
128 1007
1060 158
912 870
912 397
912 600
628 207
628 1112
628 307
628 679
628 35
628 954
628 67
628 1088
628 543
628 472
830 143
311 988
311 217
311 551
311 1131
311 833
279 378
279 383
279 1040
279 494
279 406
279 539
279 370
279 42
279 1106
279 606
279 126
279 873
103 652
103 194
103 452
1019 746
1019 719
1019 144
143 1096
143 219
143 164
143 79
498 988
498 471
498 638
498 945
498 1034
498 359
498 1045
498 384
498 1066
802 1050
802 209
802 24
802 99
802 1089
802 609
802 1088
802 458
802 426
802 1064
802 75
802 646
851 329
851 639
851 300
851 67
851 454
851 1025
851 616
803 378
803 415
803 309
803 988
803 980
803 551
803 207
803 9
803 432
803 936
803 763
803 1074
803 883
803 106
119 378
119 459
119 676
119 329
119 8
119 671
119 400
119 307
119 895
119 639
119 1076
119 462
119 622
119 404
119 259
119 171
119 168
119 645
119 44
119 882
119 909
119 934
119 874
378 10
378 329
378 551
378 754
378 783
378 612
378 400
378 196
378 567
378 503
378 88
378 383
378 340
378 105
378 424
378 960
378 487
378 977
378 323
378 659
378 126
378 873
378 920
378 225
459 704
459 671
459 297
459 290
459 68
415 632
415 43
415 163
415 81
415 784
415 905
415 476
415 323
415 458
415 721
415 89
361 344
361 219
361 941
388 362
388 1103
362 870
362 580
362 764
746 519
746 1112
746 719
746 735
746 990
213 453
213 633
262 1103
309 632
309 763
309 616
309 89
676 400
676 196
676 307
676 895
676 1076
676 178
676 1014
676 945
676 1093
676 171
676 763
676 645
676 825
676 238
676 245
676 1082
988 632
988 95
988 329
988 207
988 1088
988 236
988 499
988 646
988 89
632 81
632 939
632 616
139 464
139 495
139 1038
139 485
980 671
980 665
980 1002
95 43
95 209
95 300
95 301
982 670
982 438
217 97
1033 43
1033 93
1033 131
1033 495
1033 422
1033 670
1033 807
1033 647
1033 17
1033 901
1033 561
1033 998
1033 627
1033 265
1033 233
1033 485
1033 717
1033 655
1033 1058
1033 317
1033 697
1015 670
1015 652
1015 194
1015 694
1015 310
1015 680
43 10
43 186
43 97
43 794
43 807
43 209
43 194
43 99
43 969
43 389
43 705
43 165
43 323
43 714
43 832
43 176
21 975
21 1107
21 777
533 963
533 1054
533 860
533 955
533 110
533 948
963 1054
963 704
963 923
963 860
963 320
963 955
963 550
963 794
963 15
963 503
963 340
963 301
963 110
963 31
963 202
1054 704
1054 923
1054 860
1054 320
1054 955
1054 454
1054 100
1054 110
1054 31
1054 271
1054 709
704 923
704 320
704 955
704 15
704 971
923 860
923 320
923 955
923 550
923 754
923 78
923 567
923 454
923 110
923 764
923 290
923 202
923 68
923 1007
860 320
860 955
860 550
860 1070
860 110
860 31
860 68
320 955
320 15
320 301
955 1007
223 258
223 107
223 340
223 777
223 1074
223 31
223 934
10 258
10 783
10 794
10 953
10 1087
10 526
10 503
10 937
10 137
10 105
10 1070
10 322
10 386
10 668
10 1107
10 971
10 210
10 693
10 243
10 1080
10 789
186 397
186 20
186 424
186 887
186 633
186 706
97 1131
97 856
97 179
97 845
97 273
97 1101
97 884
329 300
329 544
329 720
329 646
329 1105
550 77
550 842
550 15
550 301
550 202
550 199
550 59
550 548
550 529
550 948
550 839
550 818
550 903
464 389
464 845
464 714
464 763
464 544
464 445
258 783
258 555
258 1087
258 1112
258 15
258 526
258 503
258 937
258 105
258 1040
258 487
258 977
258 406
258 386
258 31
258 202
258 1106
258 606
258 934
258 797
258 193
93 422
93 647
93 400
967 386
967 42
967 934
967 948
551 281
551 336
551 1101
551 920
870 402
870 72
451 580
451 453
451 20
451 600
451 615
451 350
451 706
451 917
8 1087
8 179
8 659
8 523
8 1026
131 400
131 585
131 454
131 876
131 655
107 1087
107 432
107 543
107 1
578 670
740 754
740 74
740 232
754 74
754 783
754 145
754 503
754 301
754 863
754 1100
754 1083
74 78
74 478
74 424
74 232
74 863
74 338
74 420
78 783
78 145
78 953
78 1087
78 340
78 1034
78 1070
78 322
78 1074
78 202
783 145
783 953
783 1087
783 526
783 567
783 1070
783 668
783 202
783 970
783 466
145 723
145 503
145 996
555 794
555 503
555 383
555 105
555 1070
555 1040
555 487
555 1106
794 503
794 383
794 105
794 971
794 903
612 1087
612 1024
207 81
207 313
207 867
207 300
207 35
207 67
207 625
207 705
207 1034
207 381
207 247
671 432
671 904
495 647
495 998
495 323
495 485
1131 1110
1131 719
1131 29
1131 770
1131 545
1131 949
935 817
935 473
935 964
935 954
935 828
935 86
951 567
951 402
951 863
422 1038
924 634
924 471
924 954
924 1091
924 909
924 226
865 1088
865 90
163 730
163 975
163 527
163 1101
163 499
973 1125
973 1023
973 313
973 642
973 200
973 983
973 236
973 26
973 420
973 342
973 108
973 880
670 807
670 817
670 159
670 567
670 750
670 471
670 638
670 863
670 527
670 971
670 1075
670 146
670 475
670 1004
730 1048
730 991
730 456
730 1023
730 30
953 386
953 202
953 338
953 2
519 561
519 1049
519 513
519 878
519 575
519 990
519 669
519 60
160 567
160 945
160 706
160 815
1087 400
1087 15
1087 723
1087 526
1087 503
1087 937
1087 85
1087 945
1087 105
1087 1070
1087 322
1087 406
1087 386
1087 668
1087 971
1087 210
1087 693
1087 243
1087 1080
1087 466
275 259
175 77
502 639
502 503
502 424
502 322
77 774
77 411
248 1059
248 701
453 983
453 20
453 600
453 615
453 152
453 694
842 1059
842 15
842 298
842 1024
842 863
842 1107
842 457
652 218
652 931
652 47
652 67
652 88
652 99
397 400
397 757
397 117
397 542
397 596
634 696
634 1056
634 1110
634 954
634 930
634 1091
634 226
634 792
891 603
7 201
7 232
931 1023
931 313
931 300
931 705
931 786
931 40
931 426
931 590
81 1050
81 603
81 784
81 99
81 625
81 1089
81 609
81 179
81 705
81 682
81 1093
81 247
81 916
81 1073
81 69
813 1110
813 954
813 945
807 861
807 454
807 733
807 509
807 532
807 959
807 19
807 1081
807 521
807 747
807 438
807 130
807 212
807 1130
807 270
807 284
1050 784
1050 99
1050 1089
1050 1088
603 101
603 527
603 916
647 400
647 644
856 905
856 509
856 638
856 476
856 1101
856 475
856 854
856 586
201 658
201 1101
201 508
201 1105
201 315
201 583
201 859
817 5
817 1056
817 1110
817 473
817 354
817 964
817 683
817 471
817 954
817 198
817 86
817 800
817 949
817 1004
817 653
817 584
817 582
817 540
817 1077
817 1017
817 1032
817 914
47 638
1067 1022
1067 1
1067 916
1067 775
861 509
861 521
861 747
861 684
861 122
861 212
861 270
861 858
296 585
296 1111
1112 719
1112 35
1112 661
1112 219
1112 941
1112 651
1112 620
209 400
209 196
209 35
209 99
209 1089
209 1088
209 458
209 836
209 823
209 75
209 1073
400 307
400 503
400 0
400 432
400 195
400 40
400 974
400 575
400 245
400 857
400 289
196 1023
196 639
196 344
196 355
196 40
5 964
5 585
5 198
5 828
5 86
5 484
696 1128
696 471
696 810
696 463
696 792
696 653
696 427
1125 66
1125 1048
1125 642
1125 198
1125 1066
1056 1128
1056 473
1056 765
1056 949
1056 226
1056 653
1056 208
229 954
1118 66
1118 569
1118 471
1118 954
1118 463
1118 909
1118 940
66 1128
66 1014
66 151
66 398
66 909
66 226
66 940
569 354
569 471
569 954
569 682
569 259
569 666
569 810
569 795
569 264
569 607
835 463
835 26
835 949
1128 1110
1128 473
1128 354
1128 1030
1128 991
1128 456
1128 1009
1128 954
1128 390
1128 810
1128 601
1128 949
1128 590
1128 582
1128 427
1128 55
1128 287
1128 997
1128 926
1110 473
1110 35
1110 954
1110 810
1110 1066
1110 525
1110 949
1110 1077
1048 642
1048 30
1048 29
473 964
473 312
473 198
473 86
473 800
473 949
473 653
473 540
473 208
354 954
354 198
354 1032
354 331
354 736
307 895
307 1014
307 707
307 168
307 44
307 496
307 726
617 1030
1030 991
1030 983
1030 1009
1030 390
1030 638
1030 287
895 622
895 707
895 168
895 152
895 44
895 398
895 496
895 365
192 884
991 390
991 287
286 456
286 658
286 1090
286 884
286 250
456 336
456 475
456 667
1023 306
1023 313
1023 642
1023 189
1023 298
1023 24
1023 390
1023 301
639 35
639 661
639 52
639 1088
639 1022
639 212
665 9
665 432
665 841
15 35
15 503
15 105
15 1070
15 301
15 777
15 202
15 199
15 548
15 529
15 839
15 61
9 432
9 1002
9 703
306 200
306 849
313 200
313 983
313 723
313 24
313 390
313 31
313 42
313 108
642 200
642 1005
642 390
642 610
642 770
200 344
200 1062
200 61
837 600
837 863
837 1107
837 777
837 457
837 297
837 68
837 338
837 420
837 1083
837 460
964 954
964 198
964 828
964 86
964 484
92 268
784 235
325 1076
325 252
325 757
325 57
325 399
325 662
325 40
344 768
344 454
344 219
344 941
344 586
1009 390
719 358
719 750
719 962
719 941
719 1049
719 436
319 454
231 768
231 0
231 720
231 974
231 898
358 35
358 941
358 1049
768 0
768 23
660 426
283 158
1076 1089
1076 1020
1076 945
1076 1034
1076 1097
1076 1127
683 998
683 198
867 560
300 426
300 337
679 35
679 916
526 503
526 424
526 1070
526 322
526 386
526 777
526 693
526 1080
567 0
567 72
567 84
567 945
567 810
567 447
567 484
585 72
585 117
585 810
585 447
750 796
750 436
750 63
35 833
35 954
35 67
35 1088
35 941
35 930
35 1097
35 552
833 941
503 937
503 383
503 424
503 1070
503 322
503 301
503 386
503 668
503 971
503 210
503 693
503 243
503 1080
347 67
347 682
347 385
347 127
347 416
471 954
471 312
471 810
471 1091
471 463
471 26
471 601
471 749
471 792
471 1029
978 252
978 945
978 863
978 777
978 457
978 513
978 916
978 1065
118 432
1041 432
1041 936
1041 447
0 720
0 23
0 974
0 898
739 703
421 221
479 513
479 720
479 974
479 898
479 530
479 413
24 67
24 454
24 99
24 1089
24 1088
24 543
24 458
954 454
954 1088
954 810
954 352
954 828
954 1091
954 86
954 463
954 26
954 601
954 909
954 949
954 226
954 1032
312 930
312 1091
312 264
995 698
995 694
67 733
67 609
67 1088
67 616
67 416
796 345
937 879
937 1070
937 386
937 668
937 210
937 693
937 243
937 1080
281 998
281 975
281 920
281 1105
432 1006
432 904
454 532
454 452
454 609
454 975
454 404
454 28
454 151
454 246
454 290
454 38
454 1012
454 565
454 125
454 254
939 384
72 433
327 198
20 615
20 490
194 682
194 543
194 259
194 658
194 666
194 903
88 661
88 686
80 620
80 326
99 1089
99 133
99 609
99 1088
99 945
99 458
99 836
99 786
99 823
99 1064
99 75
99 646
99 616
99 906
224 705
383 340
383 105
383 301
383 1040
383 960
383 977
383 406
383 386
383 539
383 126
383 873
383 225
340 105
340 424
340 1070
340 1040
340 960
340 494
340 126
252 757
252 879
252 774
252 424
252 548
252 531
100 542
100 487
100 579
100 444
757 57
757 399
757 662
757 969
757 542
879 424
1098 772
1098 633
779 733
733 509
733 959
733 1081
733 1089
733 130
733 28
733 703
733 613
733 646
733 857
733 1029
733 446
57 662
57 490
57 633
399 424
399 772
399 245
662 726
1111 19
1111 1081
509 959
509 627
509 703
509 925
532 959
17 485
390 287
901 265
901 961
901 797
1038 485
561 998
561 1049
561 717
561 423
561 524
452 913
452 475
998 644
998 655
998 797
998 968
998 748
998 507
998 25
998 623
994 859
913 658
913 185
84 405
959 83
19 1081
19 270
521 212
747 543
771 85
469 701
469 299
627 485
137 301
137 1074
265 485
265 961
265 1058
265 797
265 423
85 83
85 284
661 543
117 831
117 52
117 742
117 478
831 52
52 742
1078 943
1078 633
1078 257
969 542
969 588
195 1088
195 996
195 943
774 1086
774 600
774 863
4 385
1089 609
1089 1088
1089 458
1089 836
1089 786
609 458
609 646
179 389
179 845
179 267
179 544
179 884
911 134
911 917
911 1008
911 594
911 491
975 385
1088 230
1088 543
1088 458
1088 786
1088 89
1088 127
389 438
389 845
389 1085
389 445
389 623
705 28
682 259
682 666
682 559
230 256
791 1
622 168
622 37
404 22
404 40
404 324
1014 168
1014 398
1014 365
945 700
945 600
945 203
945 438
945 475
945 792
945 38
1093 971
707 168
259 666
259 385
259 176
700 971
171 387
168 183
542 1086
542 633
876 863
876 1102
600 1102
600 611
600 1047
615 152
615 825
615 917
615 468
658 1101
336 1101
336 522
203 943
438 863
1034 226
1034 241
666 770
666 795
666 545
666 264
666 926
666 942
476 267
476 385
476 616
476 1073
810 930
810 463
810 427
810 264
810 942
1006 447
1006 382
1006 819
1006 904
219 745
219 605
219 61
1062 1028
847 523
847 261
28 426
610 376
418 420
767 83
105 960
105 494
105 977
105 539
105 370
105 126
105 873
105 934
105 193
105 141
424 1070
424 322
424 301
424 257
424 350
1070 322
1070 386
1070 668
1070 210
1070 693
1070 243
1070 1080
1070 789
624 232
624 948
624 1083
624 2
322 1074
301 386
301 126
301 839
301 818
301 903
232 832
232 1083
232 2
233 212
1002 970
58 302
772 245
1040 494
1040 406
1040 606
1040 126
960 487
960 494
960 406
960 943
960 126
487 494
487 406
487 539
487 126
494 406
494 126
406 539
406 579
323 485
714 1085
1085 376
386 863
386 668
386 210
386 693
386 243
386 1080
198 828
198 653
198 1017
198 1032
198 914
198 736
198 537
101 883
101 134
1090 250
941 1028
941 1049
941 436
941 673
470 122
410 716
458 836
458 646
836 823
836 176
836 906
235 646
235 363
786 823
996 948
122 68
863 1107
863 777
863 457
863 971
490 633
943 633
110 210
110 31
110 290
110 548
110 271
668 210
668 693
668 243
668 1080
302 60
302 38
302 565
302 423
302 190
618 1107
1028 23
1028 413
116 278
706 902
571 758
828 86
828 540
828 484
828 241
1107 777
1107 457
151 909
151 940
376 544
32 267
930 952
930 795
930 463
1022 1
823 75
823 646
823 63
1057 385
1049 436
1091 26
1091 1066
1091 208
1091 396
621 1029
1097 948
777 457
777 420
457 715
40 1074
40 1073
40 889
40 480
40 587
49 645
49 37
1101 1105
795 427
795 607
795 926
795 942
86 484
86 736
86 942
463 427
463 940
463 926
463 942
385 499
185 601
925 26
925 601
925 525
925 644
925 812
1074 985
513 878
513 990
513 60
745 523
745 1026
745 61
692 948
692 985
26 601
26 1066
26 812
601 812
1066 525
1066 427
1066 264
1066 321
44 728
496 468
971 162
210 693
210 243
210 1080
693 1080
243 1080
297 290
297 68
297 271
31 789
31 112
290 68
290 878
59 548
59 529
59 839
59 818
59 903
59 69
548 529
548 948
548 839
548 903
68 961
68 271
1075 434
239 605
605 63
720 974
720 413
338 420
338 460
878 685
878 669
878 60
878 38
878 565
420 1083
420 2
688 60
688 38
688 565
688 423
688 190
974 898
974 530
974 413
146 919
529 839
529 903
721 559
800 1004
644 540
961 797
749 1029
883 244
956 69
956 1011
575 990
575 60
134 917
134 1008
539 370
539 873
370 42
42 934
426 75
616 89
909 949
909 226
909 940
934 193
934 1065
934 141
920 1000
655 968
655 623
948 839
948 903
884 896
1105 1012
839 903
839 39
917 1008
523 61
1026 61
1 916
1083 2
949 226
949 1032
949 926
949 812
90 896
342 242
475 667
475 677
669 60
669 38
669 565
669 190
60 38
60 565
60 125
60 190
916 401
315 859
315 1012
859 1012
540 687
1077 241
857 565
857 423
427 264
427 607
427 926
427 942
607 926
607 942
926 942
736 812
436 729
413 190
38 565
38 125
38 423
38 190
565 125
565 423
565 190
125 190
906 266
423 524
968 623
968 808
1008 927
594 491
522 656
942 812
656 656
