851 1096
851 265
851 1110
851 974
851 715
851 142
851 1018
851 589
851 295
851 619
851 239
851 908
851 612
851 956
851 860
851 78
851 369
851 309
851 678
851 94
851 1102
851 51
851 644
851 583
851 621
851 552
851 1021
851 410
851 850
851 334
1096 265
1096 1110
1096 715
1096 142
1096 1018
1096 589
1096 295
1096 619
1096 908
1096 860
1096 369
1096 309
1096 678
1096 1102
1096 644
1096 1000
1096 204
1096 617
1096 143
1096 553
1096 233
1096 330
265 1110
265 715
265 142
265 1018
265 589
265 619
265 239
265 908
265 860
265 369
265 309
265 678
265 94
265 1102
265 51
265 552
265 1021
265 617
265 665
265 1070
265 1129
265 177
265 843
265 1054
265 575
265 186
265 8
265 937
265 951
265 203
265 1089
265 317
265 1075
265 988
265 59
265 500
1110 619
1110 1102
1110 186
1110 815
1110 56
1110 524
1110 635
1110 153
1110 408
1110 191
1110 1113
1110 946
1110 1078
1110 814
1110 760
1110 638
1110 123
1110 287
1110 894
974 715
974 908
974 791
974 93
974 919
974 541
974 267
974 565
974 769
715 142
715 1018
715 908
715 860
715 369
715 1102
715 552
715 1021
715 617
715 273
715 607
715 327
715 800
715 898
715 712
715 1106
715 984
142 589
142 295
142 908
142 956
142 860
142 309
142 1102
142 1021
142 541
142 509
142 243
142 555
142 631
142 787
142 722
142 784
142 862
142 1028
142 939
142 42
142 880
142 874
1018 1102
1018 1021
1018 325
1018 378
589 295
589 908
589 860
589 94
589 1102
589 644
589 850
589 1129
589 1084
589 794
589 569
589 783
589 754
295 860
295 644
295 850
295 617
295 123
295 115
295 523
295 637
295 124
295 957
295 1116
295 252
295 332
295 470
295 836
295 987
295 1027
295 374
295 430
295 64
295 672
295 488
295 411
295 151
295 846
295 495
295 867
295 1051
619 369
619 309
619 678
619 1102
619 583
619 552
619 575
619 791
619 826
619 1029
619 274
619 626
619 322
619 304
619 803
619 730
239 898
239 494
239 210
239 119
239 99
239 797
239 319
239 250
239 527
239 567
239 1083
239 924
239 366
239 476
239 33
239 972
908 612
908 860
908 369
908 1102
908 644
908 1021
908 575
908 638
908 541
908 783
908 972
908 268
908 439
908 361
908 29
908 1068
908 45
908 207
612 956
612 860
612 644
612 204
612 617
612 273
612 754
612 637
612 957
612 672
612 488
612 304
612 510
612 52
612 1118
612 825
612 282
612 778
612 649
612 776
612 726
612 339
612 247
612 763
612 264
612 713
612 709
612 579
612 112
612 86
612 953
612 313
612 653
612 538
956 51
956 204
956 617
956 541
956 722
956 488
956 776
956 60
956 479
956 138
956 820
956 921
956 743
956 289
956 220
956 180
860 644
860 850
860 204
860 617
860 500
860 267
860 569
860 115
860 672
860 846
860 867
860 547
860 102
860 458
860 786
860 695
860 413
860 876
860 209
860 646
860 224
860 717
860 96
860 133
860 560
860 98
860 242
860 18
860 807
860 918
860 487
860 930
860 572
860 126
860 714
860 728
860 468
860 628
860 214
860 559
860 562
860 896
78 644
78 617
78 332
78 667
78 277
78 526
369 309
369 94
369 1102
369 51
369 583
369 621
369 552
369 330
369 665
369 109
369 698
369 432
309 678
309 552
309 330
309 1129
309 123
309 327
309 1106
309 374
309 803
309 820
309 7
309 718
309 404
309 272
309 798
309 426
309 155
309 104
309 620
309 629
309 909
309 716
678 1102
678 1129
678 843
678 203
678 607
678 783
678 432
678 798
678 456
678 208
678 1104
678 651
94 51
94 583
94 665
94 1070
94 1129
94 186
94 8
94 203
94 988
94 59
94 524
94 631
94 1084
94 794
94 569
94 754
94 29
94 98
94 918
94 126
94 667
94 909
94 436
94 473
94 675
94 300
94 147
94 315
94 723
94 302
94 234
94 767
94 34
94 690
94 32
94 905
94 307
94 517
94 486
1102 552
1102 1000
1102 330
51 583
51 330
51 665
51 177
51 843
51 1054
51 575
51 186
51 203
51 988
51 273
51 939
51 626
51 322
51 797
51 538
51 695
51 96
51 698
51 718
51 716
51 473
51 34
51 818
51 1132
51 53
51 790
51 482
51 2
51 22
51 223
51 601
51 137
51 1042
51 132
51 38
51 106
51 113
51 269
51 367
51 448
51 551
51 530
51 925
51 985
51 206
644 850
644 204
644 617
644 56
644 123
644 115
644 523
644 637
644 957
644 332
644 470
644 1027
644 374
644 430
644 488
644 649
644 776
644 713
644 579
644 538
644 1132
644 996
644 673
644 254
644 588
644 652
644 779
644 785
644 91
644 622
644 197
644 625
644 642
644 1101
583 621
583 665
583 635
583 408
583 151
583 698
583 629
583 790
583 254
583 280
583 163
583 842
583 377
583 156
583 837
552 330
552 123
552 1106
552 862
552 820
552 718
552 272
552 155
552 629
552 106
552 278
552 184
552 185
552 360
1021 617
1021 538
1021 798
1021 551
1021 915
1021 813
410 567
410 162
410 168
410 469
410 427
410 799
410 849
410 50
850 617
850 951
850 86
850 458
850 695
850 646
850 224
850 487
850 628
850 650
850 757
850 746
850 1119
850 657
850 1030
850 232
850 489
850 934
850 497
850 120
850 262
334 575
334 988
334 794
334 29
334 717
334 456
334 436
334 723
334 307
334 218
334 135
334 810
334 308
334 1065
334 127
334 107
334 409
334 745
334 229
334 431
334 311
1000 363
204 617
204 374
204 726
617 59
617 123
617 115
617 538
617 915
617 630
617 405
330 1089
330 404
330 798
330 620
330 456
330 767
330 601
330 106
330 135
330 636
330 573
330 318
330 1126
330 225
330 344
330 975
330 539
330 305
330 864
665 1129
665 177
665 843
665 575
665 186
665 203
665 317
665 569
665 754
665 698
665 716
665 436
665 473
665 315
665 790
665 427
665 799
665 308
665 733
665 87
665 1086
665 1100
665 882
1070 177
1070 186
1070 8
1070 951
1070 988
1070 59
1070 500
1070 56
1070 569
1070 29
1070 96
1070 22
1070 622
1070 409
1070 733
1070 87
1070 422
1070 420
1070 854
1070 221
1070 677
1070 425
1070 205
1070 164
1070 235
1129 186
1129 8
1129 937
1129 203
1129 1089
1129 988
1129 408
1129 984
1129 784
1129 1084
1129 783
1129 626
1129 322
1129 180
1129 458
1129 918
1129 155
1129 629
1129 436
1129 473
1129 675
1129 315
1129 517
1129 818
1129 601
1129 308
1129 127
1129 864
1129 733
1129 87
1129 882
1129 1006
1129 738
1129 1103
1129 199
1129 100
1129 451
1129 788
1129 183
1129 904
1129 324
1129 85
1129 253
177 1054
177 575
177 203
177 898
177 794
177 569
177 626
177 29
177 436
177 137
177 837
177 799
177 308
177 1065
177 107
177 745
177 229
177 733
177 87
177 1086
177 100
177 85
177 49
177 581
177 198
177 899
177 518
177 292
177 590
177 821
177 580
177 14
177 445
177 970
177 902
177 130
177 428
177 255
177 90
177 936
177 632
177 782
177 839
177 696
177 911
177 511
177 1049
843 186
843 718
843 716
843 223
843 925
843 328
1054 317
1054 322
1054 308
1054 363
1054 899
1054 590
1054 463
1054 19
1054 1050
1054 994
1054 1071
1054 868
1054 291
1054 1097
1054 688
575 203
575 988
575 791
575 274
575 180
575 698
575 723
575 307
575 1065
575 344
575 87
575 221
575 782
575 873
575 735
575 981
575 462
575 1066
575 938
575 81
575 276
575 284
575 576
575 249
186 937
186 317
186 815
186 56
186 524
186 408
186 1113
186 1078
186 760
186 638
186 287
186 894
186 607
186 456
186 473
186 925
186 539
186 733
186 451
186 782
186 688
186 906
186 566
186 195
186 1105
186 496
186 400
186 871
8 794
8 745
8 725
937 642
937 308
937 235
937 464
951 988
951 59
951 500
951 541
951 769
951 787
951 569
951 470
951 495
951 138
951 224
951 717
951 98
951 572
951 456
951 223
951 38
951 622
951 837
951 650
951 657
951 1030
951 934
951 120
951 262
951 636
951 854
951 677
951 445
951 942
951 736
951 602
951 17
951 384
951 870
951 1067
951 341
203 317
203 607
203 180
203 432
203 456
203 436
203 307
203 137
203 799
203 489
203 1065
203 229
203 733
203 235
203 1006
203 1049
203 399
203 466
1089 988
1089 500
1089 569
1089 32
1089 223
1089 367
1089 229
1089 311
1089 864
1089 733
1089 164
1089 1006
1089 1013
1089 281
1089 375
1089 1031
1089 171
1089 3
1089 365
317 607
317 495
317 274
317 322
317 527
317 29
317 538
317 432
317 456
317 300
317 767
317 223
317 254
317 50
317 1065
317 107
317 311
317 539
317 221
317 205
317 235
317 911
317 1097
317 343
317 704
317 817
317 145
317 875
317 1005
317 525
317 912
317 118
317 528
1075 894
988 541
988 984
988 488
988 60
988 138
988 921
988 289
988 180
988 22
988 50
988 218
988 810
988 1065
988 318
988 733
988 85
988 817
988 561
988 493
988 681
988 48
988 1055
988 766
59 500
59 569
59 495
59 224
59 307
59 650
59 489
59 420
59 26
59 777
500 267
500 569
500 495
500 274
500 458
500 695
500 224
500 717
500 242
500 918
500 930
500 572
500 126
500 723
500 652
500 622
500 120
500 308
500 107
500 420
500 425
500 445
500 902
500 602
500 967
500 37
500 333
500 948
500 148
815 56
815 524
815 408
815 1113
815 946
815 1078
815 638
815 894
815 404
815 925
815 451
815 938
815 906
815 584
815 398
815 1014
815 351
815 997
815 266
815 412
815 734
815 1053
815 286
815 160
815 890
815 531
56 524
56 408
56 1113
56 1078
56 814
56 638
56 894
56 754
56 957
56 488
56 547
56 98
56 34
56 925
56 673
56 539
56 451
56 130
56 906
56 384
56 222
56 848
56 513
56 654
56 506
56 447
56 949
56 1094
524 408
524 1113
524 1078
524 638
524 287
524 894
524 690
524 925
524 906
524 496
524 682
524 762
524 335
524 647
635 160
153 1113
153 760
153 1029
153 651
153 967
153 160
153 256
153 1092
153 881
408 191
408 1113
408 1078
408 814
408 287
408 894
408 210
408 250
408 366
408 138
408 96
408 2
408 363
408 199
408 451
408 398
408 671
408 418
408 65
191 287
191 366
191 566
191 398
191 1059
191 537
191 288
191 740
1113 946
1113 760
1113 638
1113 894
1113 555
1113 925
1113 1053
1113 160
1113 1059
1113 545
946 760
946 555
946 925
946 496
946 584
946 398
946 1014
946 412
946 1053
946 160
946 545
946 46
946 1131
946 116
946 1024
1078 638
1078 287
1078 894
1078 925
1078 50
1078 1006
1078 906
1078 643
814 629
814 925
814 673
814 496
814 160
814 513
814 654
814 720
814 1026
814 804
814 345
760 638
760 555
760 925
760 451
760 496
760 967
760 160
760 256
760 545
760 46
760 693
638 894
638 555
638 214
638 344
638 221
638 906
638 871
638 466
638 1055
638 256
638 1059
638 740
638 1057
638 385
638 429
638 599
638 230
638 475
638 1007
638 1015
638 611
123 327
123 115
123 836
123 726
123 339
123 538
123 798
123 909
123 551
123 135
123 87
123 466
123 506
123 1094
123 285
123 79
123 884
287 626
287 798
287 566
287 1105
287 288
287 46
287 863
894 210
894 22
894 925
894 996
894 431
894 539
894 864
894 1086
894 738
894 451
894 90
894 284
894 906
894 145
894 256
894 537
894 545
894 46
894 178
894 158
894 557
894 640
894 54
894 1098
894 1109
894 1036
894 520
791 243
791 274
791 517
791 601
791 904
791 85
791 1097
791 938
791 276
791 375
791 766
791 1015
791 492
791 167
791 391
791 533
791 608
791 57
93 325
93 495
93 626
93 820
93 458
93 695
93 98
93 798
93 767
93 254
93 1055
93 418
93 65
93 604
93 441
93 965
93 165
93 416
93 598
93 1011
919 1083
919 33
919 2
919 733
919 26
919 1124
919 84
919 732
919 152
919 1020
919 1077
541 273
541 898
541 569
541 836
541 1027
541 488
541 567
541 366
541 60
541 138
541 820
541 921
541 289
541 220
541 798
541 2
541 223
541 50
541 363
541 305
541 90
541 561
541 1055
541 766
541 416
541 502
541 455
541 9
541 574
541 293
541 920
541 141
541 819
541 176
541 697
541 660
541 774
267 567
267 695
267 232
267 938
267 172
565 1116
565 374
565 430
565 510
565 52
565 579
565 653
565 60
565 413
565 1065
565 676
769 569
769 495
769 274
769 304
769 224
769 1030
769 409
769 839
769 179
769 76
273 712
273 569
273 470
273 374
273 846
273 510
273 579
273 479
273 458
273 223
273 38
273 854
273 839
273 696
273 76
273 663
273 806
273 872
273 471
273 706
273 865
273 516
607 784
607 626
607 439
607 133
607 432
607 456
607 1104
607 517
607 915
607 1065
607 328
607 343
607 817
607 118
607 598
607 226
607 321
607 887
607 67
327 784
327 1116
327 579
327 313
327 538
327 224
327 798
327 426
327 620
327 223
327 106
327 269
327 377
327 185
327 581
327 328
327 118
327 693
327 67
327 917
800 797
800 909
800 1104
800 580
800 827
898 210
898 119
898 797
898 527
898 366
898 33
898 972
898 308
898 733
898 774
898 585
712 495
712 1051
712 102
712 876
712 560
712 930
712 714
712 214
712 896
712 785
712 120
712 262
712 632
712 696
712 804
712 966
712 1004
712 1002
712 316
712 128
1106 784
1106 862
1106 798
1106 85
1106 1105
1106 817
1106 765
1106 1115
984 626
984 60
984 920
509 787
509 102
509 876
509 133
509 214
509 307
509 804
509 1002
509 394
509 811
509 707
243 722
243 817
243 681
243 900
243 929
243 346
555 925
555 996
555 90
555 906
555 566
555 496
555 160
555 537
555 545
555 929
555 346
555 1090
555 603
555 759
555 834
555 336
555 31
631 798
631 690
631 223
631 738
631 466
631 39
631 421
631 301
631 331
631 491
787 29
787 224
787 307
787 206
787 172
787 670
787 532
787 30
787 597
787 478
722 987
722 289
722 180
722 817
722 48
722 900
722 929
722 753
722 772
722 175
722 962
722 977
722 349
722 708
722 414
722 993
784 880
784 826
784 803
784 404
784 798
784 620
784 456
784 482
784 539
784 904
784 1005
784 141
784 765
784 1115
784 603
784 587
784 802
784 995
784 69
862 817
862 995
1028 874
1028 904
1028 1005
1028 31
1028 421
1028 228
42 1115
42 708
42 543
42 244
880 322
880 289
880 900
874 1115
325 495
325 1029
325 695
325 790
325 137
325 1049
325 26
325 598
325 706
325 1019
325 964
378 431
378 1103
1084 473
1084 331
1084 954
794 569
794 495
794 322
794 268
794 224
794 628
794 120
794 1065
794 1049
794 1092
794 828
569 470
569 495
569 867
569 60
569 695
569 876
569 646
569 224
569 717
569 96
569 133
569 560
569 98
569 918
569 572
569 126
569 728
569 468
569 628
569 698
569 104
569 723
569 307
569 38
569 206
569 785
569 360
569 657
569 810
569 1065
569 107
569 854
569 85
569 445
569 839
569 688
569 938
569 602
569 384
569 281
569 26
569 333
569 671
569 391
569 663
569 128
569 1064
569 188
569 1003
569 174
569 1034
569 891
569 1052
569 357
569 978
569 419
569 571
783 626
783 803
783 22
783 431
783 882
783 970
783 873
783 249
783 343
783 525
783 766
783 54
783 67
783 844
783 847
783 931
783 150
783 507
783 721
783 450
783 149
783 1032
783 423
783 88
783 1074
783 775
783 1093
754 495
754 538
754 695
754 646
754 98
754 468
754 302
754 1132
754 283
754 134
754 1044
115 374
115 642
637 836
637 1027
637 488
637 538
637 884
637 819
637 927
957 252
957 374
957 1118
957 282
957 649
957 776
957 339
957 953
957 653
957 137
957 551
957 1065
957 87
957 157
957 397
1116 374
1116 488
1116 626
1116 52
1116 1118
1116 776
1116 579
1116 653
1116 884
1116 11
252 836
252 953
252 819
252 927
332 277
332 526
332 34
332 254
332 235
332 817
332 1044
332 306
332 702
332 190
470 846
470 495
470 458
470 876
470 224
470 133
470 560
470 98
470 918
470 572
470 126
470 714
470 223
470 38
470 652
470 184
470 360
470 636
470 445
470 942
470 384
470 281
470 26
470 967
470 1004
470 188
470 357
470 348
470 356
470 668
470 1001
470 582
470 417
836 1027
836 374
836 488
836 274
836 322
836 510
836 649
836 138
836 884
836 819
836 1
987 560
987 1067
987 777
987 1026
987 993
987 982
987 1008
1027 488
1027 726
1027 819
1027 927
374 510
374 1118
374 282
374 778
374 776
374 726
374 339
374 763
374 713
374 579
374 86
374 953
374 653
374 538
374 798
374 1101
374 308
374 884
374 455
374 819
374 927
374 110
430 1118
430 282
430 778
430 776
430 726
430 763
430 713
430 86
430 455
64 302
64 254
64 779
64 218
64 810
64 87
64 1105
64 492
64 391
64 161
64 480
64 989
64 961
488 579
488 60
488 1011
488 819
488 1025
488 512
411 803
411 538
411 34
411 254
411 218
411 235
411 1105
411 457
411 768
411 705
151 1008
846 209
846 18
846 214
846 38
846 281
846 1002
846 1052
846 357
846 978
846 935
846 212
495 803
495 538
495 458
495 695
495 224
495 98
495 242
495 468
495 404
495 1104
495 38
495 652
495 622
495 837
495 184
495 657
495 489
495 934
495 1105
495 942
495 384
495 582
495 442
867 646
867 650
867 1064
867 1003
1051 458
1051 560
1051 120
1051 696
1051 602
1051 26
1051 11
1051 1088
1051 443
826 626
826 322
826 803
826 439
826 426
826 1101
826 135
826 118
826 412
826 557
826 226
826 39
826 331
826 356
826 297
826 270
826 1041
826 92
826 1121
1029 651
1029 307
1029 427
1029 810
1029 967
1029 1092
1029 608
1029 532
1029 964
274 626
274 572
274 426
274 925
274 281
274 584
274 574
626 322
626 210
626 439
626 698
626 716
626 767
626 799
626 229
626 539
626 1006
626 100
626 324
626 462
626 1013
626 1031
626 412
626 531
626 226
626 321
626 759
626 1074
626 512
626 829
626 245
626 731
626 41
626 1035
322 1083
322 439
322 479
322 695
322 698
322 168
322 308
322 311
322 235
322 821
322 428
322 936
322 400
322 1005
322 766
322 266
322 418
322 599
322 391
322 141
322 321
322 1115
322 603
322 768
322 773
322 396
322 296
322 991
322 501
322 376
304 572
304 156
304 427
304 863
304 574
304 179
304 421
304 1
304 201
304 505
304 166
803 730
803 538
803 126
803 718
803 798
803 629
803 909
803 1104
803 223
803 657
803 308
803 221
803 904
803 1097
803 938
803 399
803 343
803 817
803 912
803 693
803 598
803 226
803 67
803 88
803 396
730 718
730 716
494 527
494 567
210 99
210 797
210 250
210 527
210 567
210 1083
210 924
210 366
210 33
210 2
210 163
210 842
210 469
210 427
210 799
210 218
210 308
210 1065
210 344
210 733
210 90
210 418
210 65
210 774
210 978
210 27
210 1095
210 1127
210 359
119 99
119 527
119 33
119 733
119 27
119 73
99 797
99 527
99 567
99 1083
99 366
99 33
99 427
99 308
99 733
99 87
99 1049
99 399
99 418
99 663
99 585
99 978
99 73
99 1033
797 527
797 567
797 909
797 113
797 163
797 308
797 581
797 90
797 1071
797 868
797 1097
797 418
797 827
797 585
797 69
797 73
797 10
797 700
797 971
797 1076
797 859
797 614
797 36
319 425
319 821
319 1124
319 152
319 303
319 992
319 888
250 527
250 366
250 33
250 138
250 620
250 456
250 2
250 810
250 733
250 199
250 100
250 735
250 774
250 1056
250 724
527 567
527 1083
527 924
527 366
527 33
527 138
527 7
527 909
527 50
527 308
527 733
527 221
527 199
527 195
527 65
527 774
527 691
567 366
567 33
567 60
567 909
567 799
567 733
567 90
567 537
567 774
567 1095
567 548
567 323
1083 33
1083 98
1083 425
1083 85
1083 774
1083 27
924 366
924 33
924 138
924 2
924 199
924 65
924 774
924 457
924 1127
924 691
366 33
366 60
366 456
366 1104
366 733
366 1049
366 1109
366 774
366 663
476 456
33 138
33 1104
33 2
33 842
33 199
33 84
33 152
33 774
33 73
33 1056
33 691
33 323
33 139
33 694
33 983
972 1086
972 90
972 291
972 827
972 585
972 449
972 1048
972 89
972 941
972 687
972 66
268 628
439 620
439 636
439 318
439 221
439 183
439 324
439 85
439 873
439 462
439 1013
439 226
439 321
439 356
361 22
361 223
361 88
361 480
361 1041
29 473
29 308
29 1065
29 107
29 694
29 540
1068 60
1068 970
1068 255
1068 978
1068 423
1068 618
1068 111
1068 973
1068 435
1068 43
1068 669
45 464
45 662
207 72
207 63
207 62
510 60
510 138
510 220
510 516
52 579
52 695
52 413
52 876
52 1101
52 120
52 696
52 516
52 443
1118 1030
1118 539
1118 848
1118 69
1118 246
825 282
825 649
825 776
825 264
825 137
825 1030
282 778
282 649
282 776
282 763
282 713
282 909
282 1101
282 455
778 776
778 86
778 538
778 854
778 506
649 620
649 884
776 620
776 1030
776 884
776 455
776 512
339 513
247 1092
247 516
763 1101
763 455
579 653
579 538
579 695
579 413
579 876
579 559
579 120
579 445
579 516
579 271
112 538
112 516
86 651
953 551
953 927
653 413
653 799
653 636
653 604
538 404
538 426
538 620
538 456
538 269
538 254
538 91
538 642
538 884
538 455
538 833
538 986
60 138
60 921
60 289
60 220
60 180
60 363
60 422
60 235
60 581
60 518
60 130
60 965
60 293
60 920
60 900
60 346
60 977
60 297
60 376
60 1033
60 700
60 477
60 570
60 194
479 138
479 289
479 180
479 98
479 223
479 660
479 806
138 220
138 2
138 842
138 218
138 810
138 733
138 425
138 199
138 14
138 735
138 152
138 819
138 774
138 663
138 724
138 983
138 1069
820 688
820 1105
820 604
820 872
820 929
820 964
820 954
820 396
820 546
921 90
921 1055
921 920
921 917
921 194
743 145
743 766
743 502
743 663
743 67
743 931
743 1032
743 1074
743 393
743 424
743 294
743 467
289 180
289 817
289 681
289 663
289 900
289 772
289 175
289 13
289 1060
220 293
220 920
220 774
180 50
180 817
180 681
180 772
547 98
547 277
547 300
547 588
547 232
547 281
547 671
547 1088
547 624
547 386
102 695
102 133
102 930
102 714
102 214
102 896
102 262
102 854
102 677
102 696
102 281
102 804
102 966
102 1002
102 394
102 811
102 707
102 624
458 695
458 133
458 918
458 1132
458 622
458 650
458 934
458 854
458 445
458 839
458 384
458 978
458 829
458 577
786 34
786 848
786 397
786 190
786 705
786 795
695 413
695 224
695 133
695 242
695 918
695 930
695 126
695 628
695 559
695 620
695 1132
695 223
695 38
695 652
695 650
695 120
695 1065
695 854
695 425
695 445
695 384
695 281
695 333
695 948
695 394
695 668
695 512
695 935
695 577
695 605
695 866
695 1038
413 133
413 930
413 559
413 652
413 120
413 445
413 866
413 666
876 133
876 560
876 98
876 242
876 930
876 714
876 214
876 896
876 120
876 696
876 1067
876 1131
876 516
876 1002
876 993
876 188
876 1052
876 935
876 1088
876 624
876 866
876 353
209 714
209 728
209 628
209 562
209 673
209 652
209 677
209 978
209 480
209 10
209 866
209 259
209 125
209 1040
646 560
646 214
646 307
646 137
646 206
646 1065
646 967
646 391
646 128
646 532
646 1064
646 188
646 1003
646 1034
646 891
646 1052
646 457
646 12
646 236
224 717
224 98
224 628
224 798
224 905
224 38
224 785
224 622
224 934
224 107
224 409
224 854
224 17
224 148
224 419
717 126
717 723
717 905
717 657
717 107
717 225
717 782
717 148
717 321
96 98
96 1132
96 785
96 232
96 308
96 199
96 735
96 671
96 774
96 893
133 560
133 242
133 807
133 918
133 487
133 572
133 126
133 728
133 468
133 628
133 798
133 723
133 1132
133 1042
133 38
133 785
133 622
133 262
133 107
133 854
133 85
133 445
133 17
133 281
133 333
133 671
133 1002
133 1046
133 216
560 242
560 18
560 918
560 487
560 930
560 714
560 728
560 468
560 214
560 896
560 38
560 652
560 785
560 409
560 445
560 696
560 281
560 1002
560 357
560 1088
560 353
560 756
98 918
98 572
98 126
98 714
98 896
98 1132
98 1030
98 120
98 854
98 839
98 384
98 281
98 935
242 930
242 572
242 728
242 120
242 425
242 445
242 948
242 993
242 1088
18 930
18 214
18 38
18 405
18 281
18 26
18 128
18 357
18 756
807 714
807 628
807 1049
807 128
918 126
918 798
918 38
918 1030
918 854
918 839
918 1049
918 249
918 384
918 281
918 188
918 11
918 348
918 1088
487 930
487 714
487 214
487 652
487 696
487 663
487 582
487 1088
487 1038
487 756
930 572
930 714
930 728
930 214
930 896
930 120
930 262
930 696
930 1067
930 333
930 1020
930 1088
930 756
930 684
930 641
930 910
572 206
572 673
572 360
572 425
572 164
572 602
572 333
572 148
572 356
572 684
572 674
572 741
126 1104
126 1132
126 38
126 622
126 854
126 1105
126 17
126 671
126 419
126 989
126 457
714 728
714 628
714 214
714 562
714 896
714 652
714 677
714 696
714 804
714 966
714 1002
714 188
714 1088
714 866
714 1040
728 628
728 214
728 562
728 652
728 445
728 384
728 394
728 188
728 212
728 866
728 1040
728 519
468 562
468 1104
468 622
468 1092
468 391
468 624
468 641
628 38
628 107
628 677
628 384
628 884
628 663
628 394
628 993
628 828
628 866
628 1079
214 896
214 652
214 696
214 333
214 966
214 316
214 419
214 457
214 935
214 212
214 1088
214 10
214 1046
214 756
214 616
214 914
559 445
559 1128
562 652
562 677
562 1011
562 394
562 1052
562 866
562 1040
896 966
896 1002
896 983
896 633
896 1122
667 1094
667 604
667 668
667 947
277 87
277 1094
277 702
277 190
277 789
526 789
109 1015
698 489
698 1006
698 85
698 1071
698 804
698 884
698 663
698 592
432 456
432 137
432 799
432 311
432 782
432 1049
432 320
7 817
718 798
718 909
718 716
718 280
718 399
718 301
718 624
718 1058
404 716
404 1104
404 767
404 127
404 318
404 1123
798 155
798 629
798 909
798 716
798 1104
798 767
798 34
798 925
798 184
798 185
798 85
798 384
798 466
798 178
798 226
798 827
798 759
798 69
798 1032
798 457
798 396
798 4
798 103
798 664
798 645
798 889
798 47
426 904
426 105
155 32
155 184
155 873
155 343
155 875
155 525
155 1036
155 141
155 88
155 1099
620 223
620 184
620 50
620 311
620 87
620 466
620 681
620 671
620 884
620 226
620 962
620 802
620 69
620 1041
620 829
620 731
620 699
620 1009
620 549
620 515
629 195
629 375
629 704
629 118
629 531
629 116
629 9
629 1035
629 140
629 44
909 1104
909 185
909 135
909 464
909 418
909 827
909 585
909 103
909 664
909 508
716 300
716 185
716 328
716 870
716 399
716 466
716 386
716 841
456 1104
456 223
456 50
456 311
456 235
456 902
456 873
456 343
456 875
456 1055
456 584
456 286
456 226
456 67
456 950
208 462
208 663
208 433
1104 837
1104 308
1104 451
1104 90
1104 400
1104 343
1104 418
1104 67
1104 585
1104 69
1104 841
1104 534
1104 686
1104 170
651 85
651 967
651 1092
651 1045
436 473
436 300
436 315
436 107
436 733
473 315
473 221
473 782
473 226
300 810
300 253
300 902
300 399
300 1131
300 1011
300 624
300 1058
300 338
300 97
147 185
315 302
315 206
315 235
315 1105
315 480
315 1041
723 905
723 810
723 1065
723 107
723 938
723 602
723 483
302 185
302 657
302 725
302 396
767 307
767 223
767 127
767 229
767 318
767 226
767 356
767 1123
34 269
34 254
34 1065
34 87
34 235
34 848
34 705
34 1016
34 392
34 822
34 217
690 223
690 647
690 660
690 421
690 331
690 149
690 201
690 393
690 750
690 347
690 542
32 50
32 733
32 738
32 284
32 525
32 141
32 1032
32 710
32 1063
905 225
307 622
307 184
307 1065
307 938
307 333
307 283
307 11
517 462
517 525
517 166
517 669
517 727
517 15
818 1006
818 324
1132 588
1132 384
1132 281
1132 671
53 375
53 9
53 117
53 1061
53 1047
790 1042
790 206
790 360
790 812
482 904
482 1115
2 842
2 363
2 671
2 1124
2 84
2 774
2 773
2 27
2 556
2 403
22 50
22 311
22 733
22 882
22 221
22 205
22 1006
22 738
22 255
22 873
22 249
22 343
22 141
22 721
22 149
22 1074
22 1069
22 858
223 67
223 331
223 270
223 1041
223 396
223 781
223 586
601 539
601 85
601 782
601 226
601 478
601 995
601 889
601 47
601 534
601 744
601 1062
601 824
137 799
137 1065
137 87
137 1086
137 100
137 902
137 632
137 1049
137 464
137 618
137 1016
137 263
137 958
137 1120
132 87
132 1092
132 961
132 758
38 120
38 198
38 445
38 602
38 384
38 281
38 967
38 1004
38 1002
38 935
38 415
106 448
106 864
106 85
106 873
106 365
106 525
106 28
113 163
113 1065
113 580
113 130
113 1097
113 688
113 525
113 585
113 662
113 263
113 944
113 1130
269 232
269 705
269 460
367 598
367 9
367 44
367 117
367 1061
367 1072
367 634
367 402
367 514
448 100
448 873
448 981
448 365
448 141
448 1115
448 931
448 719
551 100
551 902
551 884
551 397
551 705
530 431
925 906
925 566
925 496
925 466
925 160
925 545
985 87
985 1094
206 218
206 130
206 938
206 1105
206 464
206 520
206 492
206 585
206 161
206 10
206 859
996 160
996 256
996 1059
996 288
996 1109
673 652
254 625
254 318
254 235
254 848
254 574
254 217
254 503
254 444
254 122
254 326
254 182
254 75
254 878
652 120
652 696
652 516
652 866
652 1038
652 1040
779 87
779 1094
779 1044
779 397
779 768
779 705
779 392
779 822
779 600
785 1030
785 409
785 281
785 608
785 966
785 10
622 688
622 353
625 1094
625 122
642 915
642 372
1101 1067
1101 516
1101 443
1101 182
1101 1043
280 1105
280 399
280 827
280 1037
280 260
163 50
163 308
163 1065
163 590
163 14
163 130
163 90
163 632
163 994
163 1071
163 1105
163 400
163 464
163 418
163 520
163 165
163 697
163 827
163 10
163 700
163 859
163 614
163 662
163 236
163 260
163 251
163 701
163 522
163 521
842 199
842 902
842 688
842 391
842 774
842 989
377 810
377 734
377 117
377 1047
156 4
837 1030
837 363
837 49
837 581
837 198
837 899
837 518
837 292
837 590
837 821
837 130
837 384
837 26
837 237
837 446
837 739
837 793
837 484
837 903
837 830
837 655
278 218
278 61
184 360
184 915
184 135
184 130
184 17
184 693
184 348
184 859
185 168
185 480
185 540
185 737
185 554
185 193
360 942
360 17
360 395
915 431
915 882
915 85
915 249
915 343
915 875
915 525
915 178
915 1036
915 965
915 450
915 271
915 105
915 1063
915 372
813 1097
813 997
162 168
162 469
162 55
162 0
168 469
168 799
168 218
168 554
469 218
469 1011
469 958
469 594
469 680
469 146
469 595
469 749
427 849
427 975
427 85
427 936
427 1049
427 1005
427 396
427 296
427 166
427 570
427 910
427 857
427 25
427 298
799 17
799 525
799 1055
799 429
799 1007
799 732
799 55
799 877
849 225
849 90
849 1005
849 26
849 39
849 296
849 910
50 431
50 344
50 733
50 882
50 1006
50 85
50 994
50 873
50 1094
50 643
50 884
50 502
50 88
50 731
50 950
50 990
50 856
650 657
650 1030
650 394
650 866
746 312
1119 657
1119 232
1119 497
1119 1026
1119 442
657 1030
657 232
657 489
657 934
657 677
657 1105
657 942
657 341
657 457
657 442
657 578
1030 934
1030 409
1030 445
1030 839
1030 17
1030 384
1030 341
1030 281
1030 141
1030 312
1030 816
232 497
232 828
232 442
489 934
489 100
489 283
934 262
934 677
497 993
497 417
497 596
120 445
120 696
120 663
120 516
120 966
120 316
120 993
120 866
262 677
218 810
218 308
218 1065
218 107
218 87
218 518
218 873
218 938
218 725
218 520
218 492
218 471
218 306
135 183
135 85
135 226
135 396
135 372
135 213
810 1065
810 409
810 431
810 518
810 938
810 284
810 725
810 492
810 9
810 624
810 950
308 581
308 899
308 590
308 14
308 130
308 90
308 19
308 291
308 400
308 464
308 418
308 492
308 585
308 1033
308 614
308 484
308 830
308 680
308 136
1065 107
1065 409
1065 745
1065 425
1065 100
1065 581
1065 518
1065 445
1065 1071
1065 938
1065 464
1065 1005
1065 1055
1065 967
1065 848
1065 116
1065 884
1065 492
1065 391
1065 732
1065 9
1065 172
1065 1064
1065 450
1065 449
1065 1120
1065 402
1065 805
1065 809
127 733
127 1006
127 904
127 1005
127 834
127 421
127 228
127 1123
127 192
127 159
127 729
107 938
107 884
107 492
107 419
107 764
409 777
409 478
409 749
745 1086
745 899
745 994
745 725
745 26
745 671
745 795
745 368
229 733
229 1105
229 887
229 929
229 964
229 423
431 311
431 636
431 733
431 1006
431 286
431 391
431 598
431 574
431 179
431 271
431 472
431 564
431 437
431 379
431 689
431 329
311 733
311 221
311 205
311 450
311 271
311 15
311 568
311 895
363 1100
363 425
363 199
363 49
363 198
363 518
363 292
363 14
363 130
363 1097
363 735
363 1131
363 697
363 774
363 663
363 724
363 260
363 237
363 446
363 739
363 793
363 655
363 749
363 761
363 490
363 780
630 372
405 839
405 281
405 1088
636 873
636 1055
636 848
636 1036
636 604
636 9
636 141
636 1032
636 356
636 74
573 975
318 1006
318 183
318 782
318 462
318 965
1126 1086
1126 827
1126 449
1126 941
1126 66
1126 454
1126 474
1126 1114
1126 406
1126 340
1126 20
1126 883
225 1013
225 226
225 39
344 221
344 429
344 1082
975 164
975 396
975 129
975 169
539 1006
539 598
539 995
539 480
539 829
539 971
539 534
539 1063
539 402
305 145
305 766
305 502
305 67
305 931
305 507
305 1032
305 393
305 932
305 290
305 926
305 703
864 902
864 1092
864 54
864 141
864 663
864 347
864 747
733 1086
733 882
733 205
733 1006
733 199
733 782
733 873
733 65
733 774
733 1095
733 1069
733 263
733 437
733 299
87 1086
87 1100
87 235
87 902
87 911
87 735
87 26
87 848
87 1094
87 1092
87 884
87 283
87 1044
87 397
87 512
87 768
87 705
87 822
87 444
87 1023
87 354
87 1091
87 58
1086 14
1086 902
1086 782
1086 19
1086 1071
1086 688
1086 26
1086 967
1086 492
1086 165
1086 321
1086 827
1086 585
1086 1033
1086 10
1086 1048
1086 89
1086 687
1086 618
1086 680
1086 20
1086 883
1086 808
1086 459
1100 899
1100 735
1100 237
1100 739
1100 655
882 738
882 85
882 249
882 343
882 643
882 57
882 731
882 618
882 393
882 805
882 240
422 1057
422 396
422 570
420 854
420 333
854 839
854 736
854 674
221 871
221 1055
221 429
221 167
221 371
677 1067
677 1040
425 333
205 738
205 1069
205 747
205 240
235 26
235 967
235 848
235 1094
235 884
235 11
235 190
235 480
235 989
235 768
235 1069
235 822
235 878
235 1017
235 342
235 593
1006 738
1006 100
1006 902
1006 873
1006 1032
1006 28
1006 564
1006 703
1006 240
738 343
738 806
738 747
1103 255
1103 981
1103 336
1103 719
199 735
199 671
199 724
100 85
100 766
100 54
100 614
451 1105
451 1121
183 970
904 85
904 936
904 511
904 981
904 81
904 1105
904 817
904 1005
904 603
904 834
904 31
904 421
904 587
904 228
904 888
904 719
904 181
904 373
904 258
904 314
904 40
324 1105
324 1013
324 226
324 1043
324 742
324 1085
85 14
85 445
85 970
85 1097
85 817
85 766
85 226
85 67
85 357
85 423
85 88
85 991
85 618
85 435
85 1087
85 658
253 149
253 1058
253 338
49 581
49 198
49 292
49 821
49 259
49 550
581 198
581 899
581 518
581 292
581 590
581 821
581 130
581 1097
581 418
581 165
581 585
581 614
581 259
581 446
581 793
198 899
198 518
198 292
198 590
198 821
198 663
198 1004
198 259
198 446
198 761
198 24
899 518
899 590
899 821
899 418
899 260
518 292
518 590
518 821
518 130
518 19
518 994
518 492
518 663
518 259
518 674
518 739
518 793
518 655
518 780
292 590
292 821
292 130
292 700
292 259
292 446
292 655
590 821
590 418
590 614
821 585
821 780
580 90
580 1049
580 585
580 338
580 263
580 446
580 1091
14 90
14 1071
14 1097
14 400
14 464
14 520
14 165
14 697
14 69
14 1033
14 700
14 859
14 662
14 236
14 1058
14 260
14 251
14 701
14 522
14 521
14 832
445 281
445 516
445 10
445 1038
445 1040
445 1128
970 462
970 525
970 721
970 973
970 483
970 750
970 823
902 54
902 15
902 55
902 703
902 387
130 384
130 399
130 418
130 614
130 793
130 484
130 903
130 830
130 136
130 550
130 885
130 796
130 591
255 423
255 973
255 435
255 1069
255 15
255 897
90 1071
90 291
90 464
90 1055
90 418
90 520
90 165
90 697
90 1033
90 449
90 89
90 687
90 66
90 662
90 446
90 793
90 406
90 340
90 1091
90 968
90 77
936 81
936 1005
936 26
632 662
632 1114
632 1091
632 550
782 660
782 270
782 750
782 808
839 172
839 471
696 736
696 1067
696 516
696 1088
696 443
696 519
696 1128
696 407
911 464
911 721
911 680
911 855
911 648
511 26
511 391
511 663
511 442
511 373
1049 464
1049 774
1049 356
1049 189
328 1105
463 19
463 1050
463 36
19 1050
19 1071
19 868
19 165
19 614
19 624
19 979
19 202
1050 994
1050 891
1050 10
1050 36
1050 624
1050 594
1050 749
994 1071
994 868
994 400
994 464
994 585
994 829
994 700
994 859
994 263
994 793
1071 868
1071 1097
1071 400
1071 464
1071 520
1071 492
1071 700
1071 236
1071 793
1071 490
1071 440
868 1109
868 165
868 13
291 1097
291 165
291 827
291 1033
291 700
291 449
291 89
291 406
1097 165
1097 827
1097 1033
1097 260
1097 591
688 464
688 540
873 343
873 537
873 158
873 54
873 604
873 141
873 844
873 88
873 829
873 950
873 856
735 774
735 556
981 1005
981 421
981 618
981 719
462 286
462 429
462 1090
462 669
462 907
462 219
1066 118
1066 890
1066 116
1066 9
1066 320
1066 1061
938 492
938 172
938 624
81 336
276 375
276 598
276 9
276 44
276 354
276 1080
284 1032
284 752
249 496
249 149
249 105
249 750
249 564
566 398
566 256
566 537
566 288
566 740
566 1026
566 28
566 1072
566 749
566 380
566 1111
566 257
1105 817
1105 118
1105 693
1105 492
1105 533
1105 598
1105 995
1105 624
1105 105
1105 260
1105 737
1105 213
1105 248
1105 71
496 160
496 762
496 647
496 256
496 545
400 662
400 793
400 594
400 969
871 31
871 515
871 958
871 595
871 689
871 371
871 187
871 275
725 492
725 480
725 1128
725 368
464 26
464 418
464 1109
464 520
464 165
464 697
464 244
464 480
464 1033
464 700
464 859
464 66
464 662
464 236
464 260
464 251
464 701
464 522
464 521
464 440
942 512
602 384
17 1092
17 165
17 10
17 859
384 419
384 35
870 466
870 828
1067 1026
1067 516
1067 1088
1067 443
1067 789
1067 1043
399 466
399 418
399 1098
399 540
399 624
399 1058
399 97
1013 1031
1013 365
1013 528
1013 141
1013 321
1013 67
281 26
281 1002
281 1064
281 935
281 312
375 584
375 1014
375 734
375 286
375 9
375 47
375 44
375 1080
375 498
171 875
3 912
3 36
365 256
365 537
365 54
365 88
365 467
365 1016
365 932
365 83
343 145
343 875
343 643
343 67
343 844
343 931
343 507
343 721
343 88
343 1074
343 989
343 856
343 1117
343 563
343 751
704 286
704 9
704 480
817 681
817 663
817 1115
817 929
817 346
817 753
817 772
817 175
817 962
817 977
817 1121
817 41
817 549
817 465
817 869
817 1112
145 643
145 67
145 931
145 1032
875 271
875 105
875 1117
1005 26
1005 192
525 57
525 929
525 995
525 731
525 750
525 248
525 1010
525 792
912 297
912 270
912 750
912 542
912 387
912 913
912 80
912 381
118 37
118 1014
118 286
118 890
118 531
118 116
118 863
118 598
118 9
118 72
118 1061
118 809
118 219
118 71
118 154
118 227
118 960
118 438
118 200
118 1012
118 606
118 434
528 995
561 1099
561 189
561 1117
561 679
681 929
681 962
681 977
681 349
681 1060
681 549
681 869
681 998
48 391
48 900
1055 429
1055 604
1055 964
1055 396
1055 570
1055 504
1055 355
766 26
766 967
766 604
766 67
766 931
766 1032
766 393
766 424
766 699
766 926
766 563
26 848
26 165
26 732
26 774
26 978
26 1016
26 877
26 689
26 342
26 933
26 901
967 256
967 1092
967 1057
967 1123
967 1016
37 116
37 391
37 72
37 320
37 1061
37 976
333 212
584 1053
584 598
584 1035
584 1047
584 498
584 154
584 683
398 266
398 160
398 288
398 72
398 402
1014 1053
1014 890
1014 329
1014 219
1014 1080
1014 154
1014 943
351 9
997 266
997 412
997 598
997 9
997 1047
997 354
997 6
266 1053
266 190
266 4
266 122
266 354
266 1080
266 6
412 531
412 598
412 9
412 1074
412 512
412 245
412 1035
412 117
412 770
412 529
734 1047
734 1072
734 219
1053 286
1053 890
1053 531
1053 654
1053 762
1053 647
1053 385
1053 9
1053 759
1053 1035
1053 634
1053 219
1053 83
1053 960
1053 683
1053 916
1053 613
1053 23
1053 838
286 890
286 604
286 9
286 1035
286 402
286 514
286 219
286 200
160 288
160 545
160 1090
890 116
890 574
890 72
890 1061
890 809
890 219
890 154
890 438
890 943
531 9
531 72
531 606
531 692
531 144
848 1094
848 190
848 961
848 705
848 444
848 75
848 499
513 654
654 762
654 1026
654 385
654 759
654 995
654 613
1094 1044
1094 961
1094 705
1094 789
1094 444
1094 122
1094 75
1094 173
682 823
762 759
762 613
335 647
335 297
335 477
335 823
335 370
647 270
647 248
647 861
256 1059
256 537
256 288
256 640
256 1098
256 502
256 759
256 614
1092 604
1092 964
1092 1003
1092 1032
1092 1099
1092 549
671 65
671 774
671 571
418 604
418 165
418 1033
418 700
418 614
418 338
418 793
418 484
418 830
418 136
418 885
418 558
65 774
65 724
65 694
1059 740
1059 230
537 740
537 1026
537 1109
537 502
537 759
537 446
537 1114
537 1111
288 740
288 46
288 759
288 166
288 669
740 1057
740 296
740 558
1131 1088
1131 624
1131 1058
1131 338
1131 97
1131 237
1131 655
1131 594
1131 749
1131 202
1131 661
116 9
116 72
116 320
116 1061
116 976
1024 211
643 294
804 884
804 966
804 1002
804 394
804 811
804 707
804 1016
1057 611
1057 663
1057 396
1057 570
1057 792
385 759
429 1015
429 533
429 176
429 570
429 515
429 845
599 663
1007 611
1007 732
1007 55
1007 877
1007 114
1015 604
1015 570
1015 515
611 732
611 0
285 932
79 372
884 931
884 582
884 480
884 829
884 170
884 388
863 421
863 72
158 959
54 932
54 215
1036 604
1036 1117
520 165
520 10
520 700
520 859
520 662
520 338
520 701
520 521
492 732
492 471
492 532
492 480
492 1035
492 1127
492 976
391 471
391 1064
391 1035
391 1127
533 819
533 845
533 685
604 965
604 9
604 141
604 1032
604 570
604 47
604 170
604 279
965 570
165 697
165 827
165 10
165 700
165 859
165 614
165 662
165 236
165 260
165 251
165 701
165 522
165 521
416 141
416 1074
416 858
416 748
416 955
598 9
598 574
598 1035
598 44
598 1047
598 1072
598 634
598 472
598 498
598 231
1011 966
1011 480
1011 624
1011 338
1011 97
1011 958
1011 1117
1011 238
1124 774
84 774
84 1095
84 1127
732 55
732 0
732 877
732 114
152 694
1020 82
1077 958
1077 55
1077 877
1077 114
1077 615
1077 1125
502 141
502 663
502 67
502 931
502 1032
502 356
502 393
9 663
9 1032
9 1035
9 833
9 320
9 44
9 1061
9 1047
9 1072
9 634
9 354
9 219
9 1080
9 606
574 47
574 44
574 770
293 920
293 1043
141 1115
141 507
141 1032
141 747
141 955
819 927
697 316
697 700
697 662
697 236
697 251
697 701
697 522
697 521
660 421
660 149
660 808
660 387
774 773
774 556
663 929
663 346
663 39
663 507
663 149
663 397
663 376
663 4
663 1130
663 739
663 196
663 801
663 362
663 108
663 389
806 1063
471 161
706 72
516 443
516 866
516 789
226 1074
226 356
226 512
226 297
226 245
226 591
321 964
321 1037
887 355
887 623
67 931
67 150
67 507
67 1032
67 480
67 393
67 424
67 467
67 699
67 290
67 926
67 703
67 747
67 923
917 88
827 585
827 1033
827 614
827 449
827 1048
827 687
827 66
827 662
827 454
827 20
827 883
827 459
585 1033
585 10
585 700
585 449
585 1048
585 941
585 20
966 1002
966 316
966 419
966 10
966 830
966 485
1004 935
1004 89
1004 5
1004 70
1002 394
1002 811
1002 707
1002 357
1002 935
316 10
128 983
128 1040
765 1115
1115 929
1115 753
1115 175
1115 931
1115 41
1115 376
1115 694
1115 729
1115 703
1115 933
1115 231
1115 536
394 707
394 866
394 1040
811 10
811 983
811 342
707 499
900 772
900 175
929 753
929 587
929 694
929 586
346 753
603 719
759 613
834 228
834 159
834 968
336 719
31 421
31 515
31 181
31 364
31 337
39 331
39 248
421 192
421 373
421 968
421 481
421 610
421 358
421 95
421 535
301 381
331 297
331 781
532 659
753 691
772 175
772 869
962 549
977 356
708 244
993 828
993 982
587 719
69 614
69 263
228 719
228 159
228 258
228 968
228 364
244 691
244 1112
964 356
1064 188
1064 1003
1064 1034
1064 891
188 1003
1003 1034
1052 353
1052 1040
1052 12
357 935
357 756
978 1032
978 13
978 353
419 212
419 1088
419 624
571 544
847 858
931 507
931 1032
931 393
931 424
931 467
507 393
507 703
721 423
721 973
721 508
721 15
721 823
450 895
450 407
450 755
450 771
450 963
149 858
1032 775
1032 356
1032 393
1032 467
1032 240
1032 748
423 1121
423 973
423 43
423 897
423 535
88 376
1074 512
1074 245
1074 656
775 945
1093 189
1044 705
1044 600
397 795
397 1016
397 831
190 705
190 122
190 173
582 928
480 457
480 1088
480 92
480 1121
480 248
480 498
480 196
989 260
961 705
512 245
512 858
512 658
457 260
768 544
705 999
935 212
935 1040
442 624
442 1046
1088 1046
1088 741
1088 914
443 789
443 878
443 407
443 401
297 750
270 750
270 840
92 353
1121 624
829 1080
829 940
245 669
245 117
245 907
245 770
245 529
245 838
245 68
731 508
731 858
731 747
731 563
1035 47
1035 1047
1035 683
1035 770
1035 68
773 1127
773 303
773 992
773 556
396 1120
396 193
396 558
296 910
501 855
501 711
376 932
166 103
27 749
73 691
1033 1048
1033 941
1033 687
1033 454
1033 474
1033 20
1033 883
1033 1091
1033 77
1033 121
10 700
10 859
10 614
10 12
10 519
700 859
700 662
700 236
700 251
700 701
700 522
700 521
700 832
1076 36
1076 550
1076 202
1076 969
859 263
614 662
614 20
614 885
614 796
614 591
36 1087
36 202
36 969
888 549
724 490
548 684
983 342
449 941
449 66
449 340
449 20
1048 89
1048 941
1048 66
1048 353
1048 20
89 941
89 66
89 454
89 20
941 66
941 20
66 454
66 5
618 719
435 43
43 103
662 624
662 236
662 251
662 701
662 522
662 521
72 320
72 1061
72 154
72 1012
72 606
72 434
72 144
72 852
271 437
271 895
477 370
570 910
570 515
570 845
570 382
194 1060
546 261
393 424
393 703
424 699
424 658
424 923
294 703
294 16
467 699
13 550
1060 655
624 1058
624 338
624 97
624 260
866 1040
353 1040
259 251
259 446
259 739
259 830
259 761
236 251
236 701
236 522
236 521
684 275
684 196
684 362
684 364
684 310
641 1058
910 0
910 1125
1079 764
1128 886
592 812
320 1061
320 438
320 976
320 940
1058 338
1058 97
4 354
4 6
103 15
645 508
47 140
47 117
47 1047
1099 189
699 926
699 703
699 685
1009 858
515 845
44 1072
44 402
44 943
44 892
433 231
170 550
338 97
338 749
97 1107
1016 263
1016 563
1016 1022
1016 1039
1016 101
392 822
392 600
750 387
117 683
117 529
117 838
117 68
1061 976
1061 144
1061 68
1047 683
1047 6
1047 838
1047 68
858 564
781 634
586 1072
586 634
586 514
586 192
586 1081
263 131
958 595
958 371
958 275
1120 855
1120 648
1120 558
944 550
944 131
1072 634
1072 402
1072 1081
634 1081
402 514
402 683
402 770
402 461
444 390
75 401
260 352
251 701
251 522
251 521
701 522
701 521
522 521
237 739
237 655
237 761
446 832
446 853
739 655
739 595
903 830
903 136
903 550
903 885
903 796
903 591
903 751
830 136
830 550
830 885
830 591
655 159
655 761
737 952
554 193
193 685
55 877
55 1125
594 749
594 661
595 298
595 187
595 275
595 196
595 362
749 202
749 969
25 275
25 196
25 362
25 364
25 310
877 114
877 615
877 1125
213 452
136 885
136 591
805 656
809 71
192 438
159 968
472 231
437 241
379 751
379 1108
689 371
689 275
895 407
895 755
454 474
454 883
474 1114
1114 1091
932 926
747 240
354 219
354 1080
354 6
1091 77
1091 238
1091 121
808 627
373 481
373 535
550 885
550 591
823 922
387 801
885 591
885 1073
407 755
855 558
648 558
189 1117
202 969
219 1080
219 606
219 838
219 1081
752 922
380 609
248 861
248 835
187 275
187 196
187 362
187 310
275 196
275 362
275 108
275 310
1117 350
913 381
913 801
381 801
438 639
200 940
606 144
933 362
933 364
683 770
683 529
683 838
683 68
529 838
529 68
838 68
144 1081
845 879
1125 310
196 362
196 108
196 364
196 310
362 108
362 364
362 310
108 310
923 383
364 337
481 535
481 21
755 980
771 963
840 453
68 1081
453 453
