0 1
0 2
1 2
0 3
1 3
2 3
0 4
0 5
1 5
2 5
4 5
0 6
1 6
2 6
5 6
0 7
1 7
2 7
5 7
0 8
1 8
2 8
6 8
0 9
1 9
6 9
8 9
0 10
1 10
2 10
3 10
0 11
2 11
0 12
1 12
2 12
4 12
5 12
6 12
8 12
0 13
12 13
0 14
6 14
13 14
0 15
1 15
2 15
5 15
6 15
8 15
9 15
12 15
13 15
0 16
0 17
1 17
2 17
5 17
10 17
12 17
0 18
1 18
2 18
6 18
10 18
17 18
0 19
1 19
2 19
10 19
18 19
0 20
2 20
8 20
17 20
0 21
1 21
2 21
3 21
5 21
6 21
7 21
8 21
10 21
12 21
17 21
19 21
0 22
2 22
14 22
17 22
20 22
0 23
1 23
8 23
9 23
12 23
13 23
15 23
16 23
0 24
10 24
17 24
20 24
22 24
0 25
17 25
24 25
0 26
2 26
5 26
10 26
17 26
18 26
21 26
0 27
2 27
5 27
6 27
7 27
12 27
0 28
0 29
8 29
9 29
15 29
23 29
0 30
1 31
21 31
1 32
13 32
14 32
15 32
23 32
1 33
2 33
5 33
9 33
13 33
14 33
15 33
16 33
23 33
27 33
29 33
32 33
1 34
1 35
1 36
1 37
17 37
18 37
21 37
22 37
26 37
2 38
17 38
20 38
22 38
24 38
2 39
20 39
2 40
8 40
18 40
19 40
20 40
38 40
2 41
22 41
38 41
39 41
2 42
19 42
22 42
38 42
2 43
22 43
41 43
2 44
10 44
12 44
22 44
30 44
38 44
41 44
2 45
3 45
20 45
22 45
38 45
39 45
40 45
42 45
2 46
20 46
39 46
40 46
2 47
40 47
45 47
2 48
29 48
39 48
2 49
19 49
20 49
22 49
38 49
40 49
41 49
44 49
2 50
37 50
40 50
2 51
38 51
43 51
45 51
49 51
2 52
2 53
20 53
22 53
30 53
39 53
40 53
44 53
48 53
50 53
2 54
20 54
33 54
39 54
48 54
2 55
15 55
39 55
48 55
50 55
54 55
3 56
45 56
3 57
23 57
39 57
45 57
56 57
3 58
20 58
45 58
56 58
57 58
3 59
24 59
3 60
3 61
24 61
40 61
45 61
56 61
57 61
58 61
3 62
61 62
3 63
45 63
56 63
57 63
58 63
60 63
61 63
3 64
56 64
63 64
3 65
45 65
56 65
57 65
58 65
61 65
3 66
57 66
61 66
3 67
45 67
60 67
63 67
64 67
3 68
12 68
45 68
56 68
57 68
58 68
63 68
65 68
67 68
3 69
9 69
18 69
23 69
26 69
33 69
3 70
45 70
58 70
61 70
62 70
65 70
3 71
45 71
52 71
56 71
57 71
58 71
61 71
63 71
65 71
68 71
4 72
10 72
44 72
4 73
4 74
4 75
6 75
12 75
14 75
48 75
53 75
4 76
15 76
55 76
4 77
4 78
48 78
5 79
13 79
22 79
75 79
5 80
19 80
45 80
49 80
51 80
5 81
18 81
69 81
5 82
5 83
11 83
41 83
75 83
5 84
79 84
5 85
18 85
26 85
5 86
40 86
53 86
6 87
6 88
72 88
6 89
63 89
64 89
67 89
68 89
6 90
20 90
6 91
48 91
87 91
6 92
14 92
88 92
6 93
40 93
80 93
81 93
85 93
6 94
26 94
85 94
6 95
6 96
22 96
6 97
6 98
93 98
6 99
95 99
7 100
73 100
7 101
8 102
20 102
40 102
8 103
20 103
30 103
41 103
46 103
8 104
15 104
20 104
38 104
39 104
41 104
48 104
50 104
54 104
55 104
75 104
78 104
79 104
103 104
8 105
12 105
19 105
40 105
8 106
13 106
20 106
38 106
57 106
9 107
15 107
23 107
33 107
69 107
9 108
23 108
9 109
13 109
23 109
9 110
9 111
13 111
23 111
57 111
9 112
77 112
81 112
9 113
111 113
9 114
16 114
23 114
9 115
23 115
48 115
79 115
104 115
9 116
69 116
75 116
109 116
113 116
9 117
92 117
9 118
23 118
75 118
109 118
116 118
9 119
18 119
23 119
32 119
77 119
79 119
107 119
111 119
112 119
116 119
9 120
23 120
77 120
9 121
9 122
13 122
15 122
9 123
13 123
14 123
23 123
53 123
57 123
75 123
109 123
112 123
116 123
118 123
9 124
9 125
24 125
9 126
15 126
79 126
115 126
9 127
48 127
51 127
54 127
55 127
73 127
78 127
84 127
100 127
103 127
104 127
106 127
115 127
9 128
15 128
104 128
9 129
84 129
10 130
93 130
10 131
60 131
100 131
10 132
44 132
51 132
55 132
72 132
78 132
116 132
10 133
22 133
40 133
41 133
70 133
73 133
80 133
86 133
105 133
112 133
130 133
132 133
10 134
22 134
40 134
43 134
51 134
98 134
103 134
116 134
130 134
133 134
10 135
13 135
78 135
10 136
18 136
93 136
105 136
124 136
127 136
130 136
10 137
136 137
11 138
11 139
61 139
71 139
83 139
133 139
11 140
83 140
11 141
139 141
140 141
11 142
22 142
82 142
83 142
139 142
141 142
11 143
11 144
61 144
139 144
11 145
51 145
83 145
138 145
139 145
140 145
141 145
142 145
144 145
11 146
28 146
75 146
76 146
138 146
139 146
141 146
142 146
145 146
11 147
74 147
134 147
139 147
141 147
145 147
11 148
139 148
145 148
11 149
61 149
62 149
75 149
83 149
139 149
141 149
144 149
145 149
146 149
148 149
11 150
11 151
74 151
83 151
139 151
140 151
141 151
144 151
145 151
146 151
147 151
148 151
149 151
11 152
12 152
83 152
12 153
103 153
12 154
80 154
130 154
133 154
134 154
12 155
12 156
20 156
30 156
39 156
41 156
51 156
91 156
12 157
12 158
12 159
13 160
77 160
79 160
116 160
119 160
13 161
77 161
112 161
13 162
111 162
112 162
119 162
120 162
13 163
13 164
111 164
119 164
120 164
163 164
13 165
119 165
120 165
164 165
13 166
23 166
111 166
116 166
163 166
164 166
13 167
14 167
23 167
111 167
112 167
119 167
120 167
163 167
164 167
165 167
13 168
32 168
69 168
118 168
119 168
120 168
13 169
69 169
111 169
119 169
13 170
13 171
119 171
120 171
164 171
13 172
163 172
13 173
23 173
119 173
120 173
164 173
13 174
13 175
23 175
77 175
79 175
81 175
112 175
119 175
123 175
161 175
13 176
13 177
29 177
119 177
120 177
165 177
13 178
111 178
113 178
119 178
13 179
81 179
13 180
77 180
111 180
112 180
119 180
175 180
13 181
22 181
23 181
27 181
33 181
51 181
69 181
81 181
106 181
109 181
119 181
124 181
127 181
136 181
165 181
175 181
176 181
14 182
53 182
75 182
77 182
86 182
104 182
123 182
146 182
149 182
157 182
160 182
14 183
79 183
134 183
14 184
48 184
53 184
61 184
75 184
116 184
144 184
145 184
148 184
151 184
160 184
182 184
183 184
14 185
18 185
26 185
73 185
75 185
14 186
53 186
75 186
182 186
14 187
14 188
53 188
75 188
92 188
98 188
182 188
183 188
14 189
75 189
160 189
182 189
184 189
14 190
40 190
44 190
49 190
53 190
92 190
182 190
183 190
188 190
15 191
57 191
15 192
84 192
87 192
15 193
29 193
40 193
55 193
73 193
79 193
115 193
127 193
129 193
15 194
15 195
22 195
29 195
55 195
73 195
76 195
100 195
104 195
106 195
127 195
134 195
161 195
175 195
192 195
193 195
15 196
77 196
161 196
175 196
180 196
195 196
15 197
84 197
87 197
104 197
115 197
161 197
175 197
15 198
126 198
15 199
29 199
104 199
106 199
128 199
15 200
29 200
48 200
54 200
55 200
78 200
81 200
91 200
103 200
104 200
115 200
127 200
195 200
15 201
30 201
48 201
55 201
104 201
200 201
15 202
22 202
39 202
61 202
104 202
15 203
80 203
87 203
104 203
115 203
192 203
193 203
195 203
196 203
197 203
15 204
84 204
104 204
115 204
117 204
129 204
197 204
199 204
203 204
15 205
20 205
48 205
57 205
73 205
104 205
106 205
115 205
127 205
147 205
183 205
191 205
197 205
200 205
202 205
15 206
55 206
127 206
195 206
197 206
203 206
204 206
15 207
126 207
204 207
15 208
203 208
15 209
20 209
40 209
55 209
104 209
115 209
193 209
195 209
203 209
204 209
205 209
15 210
29 210
203 210
204 210
15 211
55 211
84 211
192 211
195 211
196 211
197 211
204 211
206 211
207 211
210 211
15 212
48 212
55 212
104 212
115 212
132 212
135 212
203 212
205 212
206 212
211 212
15 213
20 213
55 213
104 213
115 213
136 213
195 213
201 213
203 213
205 213
209 213
15 214
84 214
115 214
192 214
197 214
198 214
204 214
205 214
208 214
210 214
211 214
15 215
104 215
198 215
203 215
204 215
206 215
211 215
214 215
15 216
104 216
106 216
127 216
203 216
204 216
15 217
29 217
103 217
104 217
153 217
195 217
198 217
200 217
203 217
208 217
214 217
215 217
15 218
68 218
84 218
87 218
126 218
192 218
197 218
199 218
204 218
207 218
210 218
211 218
214 218
215 218
15 219
175 219
195 219
196 219
15 220
198 220
214 220
215 220
216 220
15 221
84 221
192 221
197 221
204 221
205 221
211 221
214 221
218 221
16 222
20 222
16 223
114 223
191 223
16 224
114 224
17 225
17 226
22 226
24 226
38 226
44 226
104 226
133 226
134 226
17 227
19 227
49 227
51 227
80 227
18 228
145 228
18 229
22 229
26 229
42 229
136 229
137 229
18 230
37 230
56 230
93 230
127 230
181 230
18 231
26 231
18 232
19 232
27 232
37 232
69 232
70 232
73 232
75 232
81 232
85 232
90 232
93 232
119 232
136 232
200 232
203 232
209 232
229 232
18 233
81 233
130 233
132 233
181 233
18 234
26 234
40 234
232 234
18 235
104 235
18 236
37 236
81 236
93 236
144 236
154 236
166 236
167 236
181 236
195 236
18 237
24 237
26 237
40 237
66 237
136 237
232 237
18 238
20 238
69 238
82 238
136 238
142 238
145 238
146 238
164 238
229 238
232 238
18 239
22 239
38 239
42 239
133 239
137 239
229 239
230 239
232 239
19 240
30 240
37 240
45 240
48 240
49 240
51 240
80 240
93 240
144 240
149 240
150 240
181 240
227 240
19 241
19 242
80 242
82 242
127 242
136 242
149 242
151 242
213 242
216 242
230 242
232 242
238 242
240 242
19 243
60 243
131 243
177 243
20 244
30 244
38 244
40 244
41 244
49 244
20 245
22 245
38 245
40 245
45 245
102 245
156 245
244 245
20 246
40 246
20 247
51 247
191 247
239 247
244 247
20 248
20 249
38 249
40 249
244 249
245 249
20 250
30 250
44 250
55 250
104 250
201 250
203 250
20 251
106 251
121 251
249 251
20 252
20 253
37 253
51 253
73 253
133 253
230 253
232 253
20 254
22 254
57 254
114 254
124 254
194 254
232 254
20 255
58 255
90 255
20 256
50 256
234 256
20 257
200 257
201 257
250 257
20 258
30 258
44 258
49 258
54 258
87 258
91 258
104 258
131 258
199 258
253 258
20 259
40 259
72 259
80 259
20 260
22 261
40 261
22 262
23 262
106 262
193 262
195 262
202 262
203 262
205 262
213 262
22 263
22 264
24 264
38 264
100 264
22 265
93 265
22 266
61 266
74 266
75 266
139 266
144 266
148 266
151 266
184 266
22 267
39 267
53 267
71 267
105 267
155 267
22 268
42 268
48 268
50 268
51 268
75 268
79 268
81 268
90 268
115 268
136 268
155 268
183 268
195 268
236 268
240 268
253 268
255 268
22 269
37 269
40 269
72 269
22 270
41 270
49 270
100 270
111 270
163 270
199 270
227 270
22 271
203 271
264 271
22 272
22 273
48 273
79 273
104 273
115 273
126 273
127 273
195 273
200 273
203 273
204 273
207 273
209 273
213 273
217 273
22 274
26 274
37 274
81 274
22 275
142 275
22 276
81 276
181 276
254 276
22 277
50 277
22 278
274 278
22 279
27 279
69 279
111 279
178 279
22 280
22 281
42 281
45 281
56 281
57 281
58 281
63 281
64 281
65 281
66 281
67 281
71 281
89 281
132 281
232 281
22 282
22 283
91 283
104 283
199 283
212 283
249 283
264 283
23 284
71 284
89 284
23 285
57 285
66 285
198 285
212 285
23 286
24 286
51 286
73 286
114 286
121 286
124 286
181 286
254 286
23 287
191 287
262 287
23 288
55 288
115 288
127 288
195 288
196 288
198 288
204 288
210 288
214 288
215 288
218 288
220 288
285 288
23 289
121 289
23 290
84 290
104 290
200 290
202 290
203 290
204 290
23 291
181 291
23 292
39 292
48 292
55 292
127 292
193 292
200 292
203 292
213 292
216 292
258 292
23 293
23 294
286 294
23 295
47 295
107 295
181 295
23 296
119 296
130 296
161 296
164 296
171 296
24 297
229 297
24 298
139 298
142 298
275 298
24 299
139 299
151 299
184 299
266 299
24 300
81 300
24 301
135 301
24 302
41 302
48 302
127 302
242 302
26 303
26 304
115 304
127 304
232 304
234 304
236 304
258 304
26 305
81 305
232 305
238 305
239 305
248 305
251 305
26 306
104 306
115 306
212 306
264 306
304 306
27 307
33 307
80 307
295 307
304 307
27 308
28 309
28 310
134 310
305 310
309 310
28 311
139 311
309 311
310 311
28 312
38 312
131 312
135 312
139 312
141 312
28 313
38 313
41 313
49 313
133 313
139 313
146 313
180 313
227 313
270 313
310 313
28 314
312 314
28 315
51 315
53 315
65 315
75 315
145 315
190 315
236 315
240 315
256 315
267 315
298 315
29 316
48 316
54 316
128 316
193 316
195 316
29 317
29 318
29 319
29 320
48 320
104 320
127 320
136 320
201 320
251 320
316 320
319 320
29 321
48 321
78 321
162 321
163 321
167 321
205 321
209 321
290 321
302 321
316 321
320 321
29 322
76 322
191 322
202 322
276 322
319 322
320 322
29 323
49 323
54 323
127 323
226 323
320 323
29 324
48 324
127 324
193 324
200 324
320 324
321 324
323 324
29 325
319 325
322 325
29 326
48 326
55 326
84 326
103 326
129 326
161 326
175 326
195 326
196 326
197 326
205 326
206 326
211 326
273 326
288 326
29 327
48 327
84 327
192 327
203 327
211 327
324 327
30 328
53 328
121 328
124 328
139 328
184 328
283 328
303 328
310 328
311 328
30 329
37 329
69 329
130 329
238 329
304 329
30 330
53 330
104 330
121 330
131 330
144 330
184 330
247 330
250 330
300 330
328 330
30 331
38 331
40 331
41 331
43 331
47 331
55 331
83 331
119 331
134 331
136 331
139 331
141 331
142 331
145 331
156 331
202 331
242 331
298 331
328 331
30 332
41 332
44 332
49 332
51 332
53 332
77 332
80 332
103 332
104 332
111 332
139 332
156 332
195 332
199 332
250 332
254 332
258 332
270 332
275 332
298 332
328 332
330 332
30 333
40 333
230 333
253 333
30 334
41 334
51 334
55 334
104 334
156 334
200 334
201 334
203 334
217 334
244 334
250 334
328 334
332 334
30 335
39 335
78 335
200 335
204 335
290 335
321 335
330 335
332 335
30 336
41 336
46 336
332 336
30 337
41 337
49 337
50 337
133 337
253 337
30 338
71 338
101 338
105 338
280 338
307 338
315 338
330 338
30 339
50 339
51 339
134 339
227 339
236 339
240 339
267 339
338 339
31 340
43 340
61 340
75 340
182 340
266 340
302 340
33 341
33 342
207 342
37 343
48 343
115 343
154 343
180 343
338 343
37 344
37 345
53 345
154 345
230 345
253 345
286 345
37 346
37 347
201 347
257 347
314 347
37 348
44 348
68 348
139 348
315 348
37 349
312 349
344 349
37 350
45 350
51 350
57 350
71 350
93 350
133 350
162 350
269 350
37 351
75 351
37 352
40 352
50 352
71 352
274 352
38 353
39 353
40 353
41 353
45 353
49 353
50 353
53 353
74 353
83 353
139 353
140 353
141 353
144 353
145 353
146 353
149 353
184 353
244 353
256 353
267 353
315 353
333 353
337 353
338 353
339 353
38 354
39 354
40 354
41 354
44 354
69 354
111 354
121 354
141 354
223 354
236 354
254 354
270 354
272 354
282 354
289 354
328 354
38 355
41 355
71 355
152 355
270 355
336 355
346 355
353 355
354 355
38 356
340 356
354 356
38 357
40 357
105 357
267 357
307 357
315 357
353 357
39 358
182 358
39 359
54 359
55 359
39 360
48 360
79 360
104 360
165 360
192 360
193 360
195 360
200 360
203 360
205 360
209 360
213 360
359 360
39 361
44 361
51 361
68 361
136 361
145 361
154 361
245 361
267 361
339 361
348 361
39 362
48 362
192 362
198 362
214 362
217 362
220 362
320 362
324 362
327 362
39 363
55 363
143 363
147 363
184 363
195 363
206 363
212 363
332 363
340 363
39 364
51 364
267 364
339 364
353 364
39 365
50 365
212 365
349 365
39 366
47 366
49 366
51 366
114 366
124 366
134 366
182 366
240 366
249 366
254 366
286 366
354 366
40 367
49 367
50 367
65 367
133 367
226 367
261 367
267 367
315 367
333 367
338 367
345 367
350 367
353 367
40 368
71 368
90 368
256 368
267 368
357 368
364 368
367 368
40 369
101 369
40 370
61 370
144 370
145 370
148 370
151 370
184 370
202 370
299 370
340 370
353 370
40 371
41 371
133 371
144 371
270 371
278 371
279 371
323 371
332 371
367 371
40 372
45 372
56 372
57 372
61 372
67 372
71 372
242 372
40 373
40 374
154 374
329 374
345 374
40 375
72 375
93 375
95 375
136 375
233 375
265 375
333 375
40 376
133 376
154 376
261 376
40 377
41 377
53 377
72 377
85 377
104 377
147 377
154 377
203 377
226 377
232 377
243 377
269 377
274 377
307 377
312 377
315 377
329 377
357 377
371 377
375 377
40 378
247 378
41 379
302 379
340 379
41 380
81 380
142 380
182 380
302 380
331 380
332 380
379 380
41 381
273 381
302 381
340 381
379 381
380 381
41 382
43 382
302 382
331 382
336 382
356 382
380 382
381 382
41 383
182 383
302 383
328 383
330 383
332 383
340 383
380 383
381 383
382 383
41 384
302 384
340 384
379 384
380 384
381 384
383 384
41 385
43 385
298 385
302 385
331 385
380 385
381 385
382 385
383 385
384 385
41 386
134 386
143 386
302 386
379 386
380 386
381 386
382 386
383 386
384 386
385 386
41 387
82 387
275 387
41 388
184 388
298 388
331 388
340 388
355 388
377 388
41 389
48 389
55 389
104 389
115 389
175 389
193 389
195 389
196 389
203 389
204 389
206 389
215 389
219 389
273 389
321 389
326 389
332 389
377 389
41 390
105 390
157 390
374 390
377 390
41 391
55 391
240 391
247 391
270 391
279 391
299 391
352 391
354 391
355 391
367 391
41 392
57 392
182 392
275 392
283 392
298 392
302 392
304 392
331 392
340 392
380 392
383 392
384 392
41 393
134 393
41 394
157 394
267 394
369 394
41 395
71 395
75 395
89 395
139 395
142 395
146 395
152 395
186 395
242 395
298 395
314 395
331 395
387 395
388 395
41 396
134 396
312 396
375 396
41 397
84 397
270 397
298 397
41 398
44 398
45 398
201 398
227 398
245 398
269 398
345 398
353 398
355 398
41 399
78 399
79 399
104 399
193 399
205 399
209 399
321 399
342 399
360 399
41 400
79 400
84 400
129 400
161 400
192 400
197 400
204 400
210 400
211 400
214 400
218 400
288 400
326 400
41 401
51 401
354 401
41 402
375 402
41 403
49 403
100 403
103 403
141 403
149 403
208 403
209 403
227 403
270 403
312 403
387 403
42 404
80 404
81 404
239 404
43 405
43 406
331 406
355 406
383 406
405 406
43 407
405 407
406 407
43 408
298 408
315 408
336 408
383 408
407 408
43 409
142 409
226 409
298 409
332 409
355 409
388 409
395 409
406 409
408 409
43 410
142 410
406 410
408 410
409 410
43 411
152 411
331 411
395 411
43 412
51 412
72 412
136 412
142 412
275 412
308 412
340 412
377 412
380 412
388 412
409 412
411 412
43 413
45 413
104 413
185 413
275 413
292 413
299 413
355 413
44 414
105 414
154 414
234 414
240 414
267 414
274 414
278 414
315 414
328 414
343 414
353 414
367 414
44 415
144 415
184 415
202 415
340 415
354 415
356 415
370 415
44 416
278 416
369 416
375 416
44 417
133 417
154 417
241 417
259 417
345 417
390 417
44 418
44 419
56 419
72 419
76 419
104 419
136 419
250 419
258 419
283 419
328 419
330 419
332 419
334 419
44 420
375 420
396 420
44 421
72 421
44 422
71 422
256 422
330 422
44 423
44 424
105 424
209 424
267 424
307 424
357 424
45 425
56 425
57 425
58 425
65 425
68 425
71 425
89 425
281 425
45 426
62 426
70 426
89 426
281 426
45 427
145 427
237 427
45 428
70 428
85 428
121 428
124 428
127 428
185 428
213 428
249 428
283 428
297 428
298 428
320 428
337 428
372 428
375 428
376 428
404 428
45 429
58 429
64 429
66 429
67 429
89 429
281 429
424 429
45 430
134 430
242 430
298 430
331 430
388 430
408 430
409 430
45 431
68 431
361 431
46 432
251 432
328 432
330 432
336 432
47 433
158 433
238 433
270 433
283 433
298 433
331 433
332 433
388 433
395 433
401 433
403 433
408 433
409 433
413 433
48 434
115 434
127 434
306 434
320 434
48 435
360 435
400 435
48 436
55 436
104 436
129 436
212 436
250 436
273 436
48 437
200 437
203 437
213 437
304 437
306 437
313 437
321 437
48 438
57 438
104 438
115 438
127 438
193 438
195 438
205 438
209 438
215 438
217 438
232 438
262 438
273 438
302 438
321 438
392 438
436 438
48 439
239 439
48 440
117 440
197 440
211 440
296 440
362 440
400 440
48 441
320 441
321 441
49 442
136 442
141 442
229 442
239 442
247 442
297 442
392 442
49 443
68 443
69 443
90 443
232 443
236 443
239 443
281 443
439 443
442 443
50 444
133 444
154 444
347 444
376 444
50 445
104 445
115 445
126 445
132 445
191 445
192 445
195 445
203 445
204 445
205 445
207 445
209 445
262 445
273 445
290 445
321 445
342 445
389 445
50 446
72 446
237 446
263 446
421 446
50 447
133 447
444 447
50 448
50 449
50 450
274 450
278 450
444 450
51 451
80 451
105 451
136 451
234 451
240 451
242 451
267 451
307 451
357 451
368 451
414 451
51 452
237 452
51 453
53 453
80 453
85 453
88 453
92 453
94 453
114 453
136 453
188 453
190 453
228 453
375 453
377 453
428 453
51 454
71 454
187 454
351 454
451 454
51 455
234 455
240 455
307 455
448 455
451 455
51 456
93 456
95 456
134 456
312 456
314 456
332 456
333 456
375 456
396 456
416 456
51 457
105 457
234 457
256 457
259 457
274 457
275 457
307 457
313 457
390 457
51 458
136 458
449 458
51 459
80 459
81 459
130 459
237 459
418 459
428 459
51 460
444 460
53 461
75 461
53 462
53 463
88 463
188 463
190 463
236 463
453 463
53 464
92 464
53 465
68 465
73 465
75 465
186 465
240 465
313 465
332 465
343 465
361 465
395 465
53 466
72 466
75 466
105 466
134 466
187 466
351 466
371 466
377 466
54 467
74 467
100 467
104 467
115 467
129 467
207 467
302 467
314 467
336 467
354 467
355 467
366 467
396 467
402 467
433 467
445 467
456 467
466 467
54 468
117 468
335 468
55 469
60 469
67 469
115 469
131 469
199 469
243 469
273 469
332 469
355 469
366 469
466 469
55 470
459 470
55 471
104 471
195 471
203 471
211 471
212 471
218 471
258 471
359 471
363 471
55 472
195 472
206 472
55 473
200 473
201 473
212 473
56 474
64 474
132 474
240 474
446 474
56 475
61 475
62 475
64 475
426 475
56 476
64 476
446 476
459 476
56 477
56 478
308 478
56 479
134 479
475 479
478 479
56 480
64 480
130 480
133 480
478 480
56 481
300 481
446 481
56 482
63 482
64 482
474 482
476 482
479 482
56 483
240 483
338 483
417 483
446 483
452 483
459 483
482 483
56 484
59 484
60 484
63 484
64 484
66 484
67 484
89 484
281 484
284 484
429 484
475 484
56 485
418 485
459 485
476 485
482 485
483 485
56 486
133 486
237 486
459 486
480 486
482 486
57 487
57 488
162 488
194 488
254 488
286 488
332 488
343 488
354 488
366 488
467 488
57 489
66 489
169 489
57 490
66 490
482 490
489 490
57 491
69 491
165 491
57 492
57 493
57 494
69 494
222 494
223 494
282 494
289 494
294 494
315 494
354 494
366 494
488 494
58 495
58 496
429 496
482 496
490 496
58 497
58 498
255 498
429 498
482 498
497 498
60 499
67 499
68 499
71 499
284 499
426 499
429 499
450 499
469 499
60 500
103 500
131 500
170 500
216 500
243 500
272 500
352 500
354 500
437 500
469 500
60 501
61 502
104 502
191 502
202 502
203 502
213 502
236 502
262 502
266 502
336 502
370 502
61 503
73 503
134 503
139 503
141 503
142 503
238 503
242 503
298 503
331 503
380 503
382 503
385 503
392 503
395 503
433 503
442 503
61 504
73 504
139 504
145 504
148 504
353 504
502 504
62 505
63 505
68 505
284 505
499 505
62 506
71 506
89 506
146 506
414 506
426 506
450 506
499 506
62 507
70 507
284 507
426 507
475 507
484 507
499 507
62 508
68 508
426 508
505 508
506 508
507 508
63 509
64 509
67 509
71 509
89 509
281 509
429 509
484 509
64 510
67 510
70 510
71 510
507 510
64 511
197 511
247 511
340 511
64 512
237 512
332 512
418 512
459 512
470 512
485 512
64 513
65 514
315 514
357 514
451 514
454 514
66 515
66 516
117 516
319 516
426 516
440 516
490 516
506 516
66 517
84 517
87 517
192 517
214 517
226 517
66 518
67 519
81 519
136 519
304 519
428 519
68 520
358 520
469 520
508 520
68 521
482 521
490 521
68 522
313 522
348 522
361 522
417 522
465 522
68 523
134 523
68 524
505 524
68 525
68 526
313 526
68 527
72 527
225 527
522 527
68 528
520 528
526 528
69 529
69 530
69 531
109 531
112 531
116 531
119 531
166 531
167 531
181 531
217 531
226 531
236 531
279 531
315 531
332 531
334 531
354 531
366 531
517 531
70 532
135 532
459 532
71 533
232 533
307 533
71 534
414 534
71 535
130 535
71 536
499 536
71 537
105 537
352 537
371 537
391 537
414 537
450 537
71 538
442 538
499 538
71 539
149 539
284 539
410 539
433 539
506 539
71 540
234 540
307 540
343 540
71 541
283 541
298 541
328 541
388 541
395 541
409 541
433 541
72 542
121 542
283 542
328 542
330 542
331 542
332 542
334 542
355 542
383 542
409 542
419 542
428 542
432 542
72 543
361 543
72 544
104 544
121 544
134 544
199 544
216 544
299 544
332 544
338 544
402 544
464 544
470 544
72 545
428 545
522 545
72 546
131 546
290 546
72 547
357 547
457 547
73 548
180 548
185 548
222 548
343 548
414 548
465 548
466 548
483 548
500 548
503 548
527 548
540 548
73 549
73 550
182 550
307 550
345 550
548 550
73 551
298 551
355 551
380 551
388 551
395 551
406 551
410 551
411 551
412 551
433 551
437 551
467 551
503 551
541 551
73 552
75 552
73 553
80 553
100 553
136 553
277 553
338 553
350 553
421 553
428 553
459 553
474 553
478 553
480 553
73 554
123 554
220 554
247 554
311 554
74 555
143 555
266 555
74 556
151 556
266 556
74 557
313 557
332 557
467 557
526 557
528 557
542 557
74 558
143 558
151 558
184 558
74 559
211 559
74 560
75 561
187 561
315 561
351 561
499 561
506 561
75 562
119 562
120 562
164 562
167 562
171 562
181 562
75 563
237 563
263 563
277 563
330 563
332 563
343 563
418 563
421 563
446 563
452 563
459 563
477 563
478 563
480 563
482 563
483 563
486 563
512 563
548 563
553 563
75 564
132 564
135 564
286 564
338 564
485 564
553 564
75 565
182 565
189 565
75 566
86 566
182 566
186 566
189 566
565 566
75 567
93 567
134 567
234 567
256 567
267 567
278 567
321 567
343 567
352 567
414 567
444 567
548 567
552 567
561 567
75 568
109 568
113 568
116 568
118 568
119 568
123 568
184 568
545 568
75 569
522 569
75 570
298 570
340 570
388 570
395 570
433 570
551 570
75 571
183 571
255 571
398 571
75 572
83 572
139 572
144 572
145 572
146 572
147 572
148 572
149 572
151 572
184 572
189 572
202 572
266 572
299 572
340 572
353 572
403 572
415 572
467 572
502 572
504 572
555 572
556 572
76 573
91 573
332 573
399 573
419 573
77 574
78 575
135 575
338 575
78 576
79 576
79 577
104 577
141 577
149 577
184 577
187 577
188 577
210 577
217 577
226 577
241 577
326 577
340 577
352 577
381 577
383 577
402 577
453 577
520 577
523 577
561 577
563 577
79 578
183 578
368 578
79 579
185 579
79 580
328 580
399 580
542 580
544 580
79 581
100 581
79 582
79 583
160 583
161 583
170 583
175 583
176 583
197 583
288 583
296 583
326 583
389 583
400 583
440 583
80 584
130 584
133 584
136 584
154 584
232 584
236 584
240 584
245 584
253 584
269 584
329 584
347 584
376 584
377 584
80 585
133 585
134 585
154 585
201 585
355 585
444 585
80 586
337 586
80 587
81 587
105 587
136 587
187 587
240 587
242 587
268 587
351 587
377 587
444 587
451 587
454 587
466 587
561 587
81 588
186 588
82 589
142 589
152 589
232 589
238 589
297 589
298 589
346 589
355 589
411 589
412 589
551 589
83 590
141 590
142 590
152 590
238 590
242 590
275 590
283 590
331 590
355 590
380 590
386 590
387 590
408 590
589 590
84 591
192 591
214 591
218 591
221 591
290 591
326 591
517 591
554 591
84 592
115 592
273 592
381 592
84 593
87 593
126 593
192 593
197 593
203 593
204 593
214 593
221 593
273 593
445 593
517 593
591 593
84 594
218 594
326 594
570 594
591 594
84 595
104 595
199 595
207 595
208 595
85 596
93 596
85 597
93 597
97 597
99 597
134 597
265 597
278 597
453 597
567 597
596 597
87 598
192 598
195 598
215 598
217 598
220 598
316 598
517 598
593 598
87 599
192 599
517 599
593 599
87 600
192 600
517 600
593 600
598 600
88 601
92 601
98 601
182 601
188 601
464 601
88 602
89 602
92 602
185 602
337 602
453 602
457 602
463 602
577 602
597 602
88 603
89 603
182 603
453 603
577 603
89 604
417 604
484 604
89 605
93 605
134 605
375 605
89 606
133 606
232 606
482 606
490 606
496 606
499 606
506 606
507 606
521 606
89 607
333 607
375 607
89 608
369 608
420 608
89 609
95 609
375 609
431 609
90 610
130 610
314 610
347 610
577 610
90 611
95 611
135 611
255 611
333 611
375 611
416 611
532 611
571 611
609 611
90 612
229 612
90 613
102 613
130 613
255 613
268 613
610 613
90 614
91 615
91 616
131 616
199 616
542 616
91 617
91 618
91 619
269 619
335 619
92 620
453 620
597 620
602 620
603 620
92 621
188 621
190 621
453 621
601 621
92 622
188 622
453 622
597 622
601 622
621 622
92 623
236 623
453 623
463 623
92 624
182 624
453 624
463 624
92 625
463 625
92 626
97 626
92 627
92 628
117 628
197 628
206 628
217 628
325 628
326 628
93 629
375 629
602 629
93 630
236 630
93 631
94 631
269 631
350 631
428 631
457 631
460 631
490 631
93 632
142 632
162 632
232 632
236 632
242 632
388 632
95 633
333 633
375 633
607 633
97 634
97 635
433 635
626 635
100 636
100 637
131 637
185 637
337 637
465 637
500 637
585 637
102 638
185 638
103 639
217 639
322 639
439 639
628 639
104 640
128 640
199 640
332 640
445 640
544 640
104 641
115 641
197 641
199 641
209 641
214 641
215 641
640 641
104 642
128 642
199 642
500 642
640 642
641 642
104 643
104 644
199 644
640 644
642 644
104 645
199 645
407 645
640 645
104 646
126 646
197 646
199 646
220 646
104 647
115 647
126 647
204 647
207 647
377 647
593 647
104 648
126 648
139 648
141 648
157 648
193 648
198 648
467 648
104 649
200 649
213 649
218 649
334 649
438 649
591 649
104 650
502 650
105 651
414 651
451 651
105 652
105 653
187 653
278 653
351 653
451 653
454 653
466 653
531 653
561 653
587 653
597 653
105 654
587 654
105 655
351 655
451 655
567 655
577 655
587 655
653 655
105 656
267 656
390 656
401 656
451 656
105 657
307 657
332 657
339 657
105 658
255 658
267 658
378 658
424 658
571 658
577 658
105 659
187 659
232 659
256 659
343 659
351 659
367 659
422 659
454 659
466 659
500 659
548 659
561 659
563 659
567 659
587 659
648 659
653 659
105 660
157 660
337 660
377 660
394 660
656 660
105 661
136 661
155 661
234 661
315 661
377 661
414 661
450 661
451 661
588 661
105 662
133 662
187 662
267 662
451 662
480 662
552 662
584 662
105 663
659 663
105 664
106 665
258 665
323 665
354 665
106 666
106 667
114 667
289 667
354 667
494 667
109 668
113 668
118 668
119 668
178 668
568 668
111 669
111 670
194 670
279 670
289 670
354 670
577 670
112 671
129 671
209 671
258 671
366 671
114 672
328 672
114 673
223 673
114 674
194 674
223 674
366 674
479 674
488 674
115 675
209 675
304 675
115 676
130 676
154 676
212 676
253 676
343 676
403 676
561 676
584 676
624 676
637 676
659 676
115 677
195 677
222 677
115 678
115 679
127 679
210 679
531 679
115 680
325 680
116 681
135 681
117 682
628 682
117 683
125 683
119 684
121 685
283 685
580 685
121 686
155 686
198 686
249 686
305 686
350 686
366 686
432 686
433 686
452 686
531 686
542 686
554 686
587 686
121 687
213 687
299 687
366 687
451 687
121 688
272 688
488 688
494 688
123 689
123 690
133 690
167 690
195 690
354 690
434 690
480 690
584 690
662 690
124 691
148 691
199 691
213 691
218 691
232 691
320 691
686 691
124 692
134 692
289 692
354 692
366 692
124 693
194 693
254 693
276 693
279 693
289 693
354 693
488 693
494 693
667 693
674 693
688 693
126 694
195 694
197 694
205 694
218 694
273 694
445 694
592 694
593 694
647 694
126 695
215 695
218 695
471 695
649 695
694 695
127 696
319 696
320 696
322 696
402 696
129 697
191 697
197 697
204 697
206 697
209 697
210 697
211 697
214 697
218 697
342 697
400 697
440 697
511 697
649 697
686 697
129 698
161 698
296 698
400 698
440 698
583 698
130 699
182 699
458 699
497 699
584 699
613 699
130 700
268 700
398 700
458 700
498 700
130 701
155 701
236 701
249 701
268 701
130 702
686 702
130 703
372 703
453 703
660 703
686 703
133 704
193 704
236 704
350 704
408 704
414 704
531 704
133 705
480 705
584 705
662 705
690 705
133 706
236 706
315 706
357 706
457 706
133 707
453 707
597 707
133 708
237 708
474 708
480 708
482 708
483 708
542 708
544 708
553 708
563 708
134 709
266 709
572 709
134 710
136 710
185 710
232 710
251 710
268 710
312 710
329 710
349 710
358 710
465 710
520 710
134 711
312 711
314 711
508 711
134 712
377 712
134 713
134 714
182 714
577 714
597 714
661 714
135 715
255 715
135 716
135 717
259 717
312 717
507 717
139 718
140 718
147 718
266 718
139 719
146 719
353 719
556 719
139 720
148 720
542 720
544 720
556 720
709 720
139 721
140 722
141 722
142 722
151 722
141 723
182 723
331 723
355 723
388 723
395 723
411 723
412 723
433 723
503 723
589 723
590 723
142 724
198 724
218 724
283 724
290 724
298 724
355 724
389 724
407 724
437 724
541 724
551 724
590 724
591 724
594 724
599 724
142 725
182 725
298 725
384 725
388 725
408 725
409 725
411 725
433 725
503 725
541 725
551 725
570 725
590 725
724 725
142 726
350 726
142 727
142 728
283 728
298 728
304 728
388 728
408 728
433 728
437 728
541 728
551 728
724 728
725 728
142 729
298 729
331 729
371 729
380 729
385 729
392 729
406 729
499 729
503 729
551 729
589 729
632 729
724 729
142 730
405 730
407 730
449 730
727 730
143 731
709 731
143 732
709 732
143 733
375 733
144 734
151 734
144 735
184 735
340 735
370 735
504 735
145 736
148 736
151 736
620 736
635 736
722 736
146 737
146 738
151 738
151 739
151 740
156 740
504 740
558 740
597 740
602 740
151 741
184 741
221 741
595 741
599 741
152 742
332 742
346 742
395 742
411 742
589 742
590 742
152 743
355 743
589 743
590 743
723 743
152 744
355 744
395 744
411 744
592 744
743 744
152 745
346 745
590 745
723 745
742 745
743 745
744 745
152 746
355 746
395 746
589 746
723 746
152 747
346 747
395 747
433 747
589 747
742 747
743 747
744 747
745 747
156 748
305 748
413 748
442 748
157 749
270 749
355 749
357 749
377 749
416 749
157 750
157 751
390 751
394 751
656 751
660 751
157 752
377 752
394 752
157 753
660 753
752 753
157 754
259 754
417 754
507 754
705 754
158 755
275 755
298 755
388 755
395 755
397 755
430 755
433 755
541 755
551 755
570 755
589 755
725 755
729 755
159 756
459 756
470 756
475 756
485 756
486 756
512 756
532 756
581 756
159 757
159 758
162 759
175 760
307 760
338 760
339 760
455 760
181 761
563 761
181 762
182 763
497 763
182 764
312 764
358 764
465 764
520 764
522 764
527 764
548 764
550 764
182 765
186 765
184 766
267 766
353 766
364 766
366 766
394 766
185 767
187 768
255 768
351 768
357 768
466 768
561 768
587 768
653 768
655 768
659 768
187 769
466 769
587 769
653 769
768 769
187 770
514 770
187 771
450 771
587 771
653 771
659 771
188 772
410 772
648 772
188 773
463 773
765 773
191 774
192 774
197 774
216 774
229 774
247 774
330 774
406 774
407 774
419 774
428 774
442 774
511 774
554 774
649 774
696 774
703 774
755 774
191 775
239 775
193 776
195 776
194 777
336 777
670 777
195 778
195 779
196 779
197 779
198 779
214 779
215 779
217 779
220 779
288 779
316 779
326 779
583 779
598 779
195 780
210 780
288 780
389 780
196 781
197 782
204 782
292 782
646 782
648 782
702 782
743 782
198 783
379 783
380 783
381 783
383 783
384 783
198 784
198 785
214 785
215 785
220 785
288 785
362 785
389 785
595 785
598 785
646 785
694 785
779 785
782 785
199 786
646 786
724 786
199 787
298 787
388 787
409 787
433 787
551 787
570 787
725 787
755 787
202 788
203 789
218 789
696 789
697 789
203 790
204 791
207 791
210 791
211 791
218 791
647 791
211 792
212 792
737 792
211 793
216 793
211 794
312 794
314 794
711 794
764 794
212 795
360 795
383 795
212 796
697 796
215 797
400 797
724 797
217 798
218 799
218 800
697 800
219 801
389 801
400 801
432 801
221 802
221 803
222 804
223 805
224 805
440 805
494 805
583 805
698 805
226 806
227 807
418 807
470 807
512 807
563 807
756 807
229 808
247 808
378 808
388 808
442 808
511 808
774 808
793 808
230 809
253 809
333 809
469 809
232 810
301 810
479 810
577 810
232 811
238 811
717 811
753 811
232 812
238 812
232 813
232 814
269 814
232 815
269 815
446 815
548 815
564 815
708 815
233 816
307 816
424 816
428 816
455 816
234 817
461 817
500 817
236 818
466 818
587 818
769 818
771 818
236 819
236 820
453 820
463 820
500 820
623 820
733 820
236 821
431 821
522 821
527 821
609 821
764 821
237 822
815 822
237 823
277 823
421 823
446 823
553 823
563 823
564 823
238 824
656 824
706 824
813 824
239 825
242 825
240 826
315 826
330 826
414 826
241 827
242 828
269 828
350 828
242 829
242 830
531 830
548 830
243 831
247 832
378 832
387 832
503 832
511 832
541 832
554 832
774 832
808 832
247 833
442 833
511 833
554 833
774 833
808 833
832 833
250 834
390 834
254 835
270 835
450 835
467 835
469 835
517 835
670 835
254 836
289 836
254 837
289 837
354 837
366 837
836 837
254 838
286 838
255 839
390 839
398 839
424 839
457 839
458 839
699 839
700 839
255 840
352 840
255 841
458 841
256 842
256 843
307 843
350 843
578 843
259 844
259 845
339 845
391 845
394 845
656 845
811 845
263 846
277 846
300 846
480 846
705 846
815 846
263 847
277 847
418 847
459 847
470 847
485 847
512 847
563 847
756 847
807 847
263 848
300 848
474 848
478 848
481 848
553 848
563 848
708 848
815 848
264 849
806 849
266 850
415 850
572 850
709 850
266 851
267 852
552 852
652 852
658 852
690 852
706 852
819 852
268 853
613 853
268 854
602 854
269 855
269 856
269 857
270 858
275 858
353 858
387 858
408 858
632 858
728 858
835 858
270 859
311 859
431 859
554 859
560 859
270 860
332 860
710 860
272 861
273 862
274 863
367 863
426 863
275 864
275 865
577 865
276 866
277 867
426 867
481 867
553 867
563 867
823 867
854 867
277 868
482 868
553 868
563 868
853 868
854 868
867 868
277 869
332 869
350 869
475 869
483 869
823 869
867 869
277 870
483 870
854 870
869 870
278 871
369 871
375 871
416 871
605 871
608 871
629 871
633 871
749 871
286 872
286 873
354 873
488 873
494 873
286 874
294 874
479 874
494 874
674 874
286 875
286 876
296 876
286 877
488 877
494 877
286 878
366 878
698 878
289 879
667 879
836 879
295 880
307 880
329 880
341 880
530 880
296 881
376 881
440 881
565 881
297 882
585 882
297 883
298 883
340 883
382 883
388 883
412 883
428 883
433 883
551 883
687 883
691 883
774 883
298 884
388 884
433 884
551 884
570 884
725 884
755 884
783 884
787 884
298 885
388 885
433 885
541 885
551 885
570 885
725 885
755 885
787 885
884 885
298 886
388 886
433 886
551 886
570 886
725 886
755 886
787 886
884 886
885 886
298 887
388 887
433 887
541 887
551 887
570 887
725 887
755 887
787 887
884 887
885 887
886 887
302 888
340 888
356 888
511 888
302 889
340 889
380 889
381 889
384 889
387 889
395 889
506 889
783 889
302 890
340 890
356 890
383 890
577 890
783 890
888 890
302 891
340 891
380 891
383 891
392 891
395 891
408 891
409 891
430 891
503 891
302 892
331 892
392 892
503 892
302 893
392 893
302 894
331 894
392 894
503 894
591 894
783 894
893 894
302 895
340 895
356 895
383 895
384 895
511 895
773 895
888 895
890 895
303 896
305 897
428 897
305 898
310 898
305 899
710 899
898 899
306 900
309 901
313 901
391 901
526 901
557 901
560 901
309 902
528 902
557 902
794 902
311 903
407 903
430 903
511 903
311 904
331 904
355 904
401 904
311 905
311 906
431 906
859 906
890 906
311 907
335 907
340 907
407 907
426 907
511 907
718 907
832 907
903 907
312 908
312 909
312 910
906 910
313 911
467 911
526 911
557 911
560 911
901 911
315 912
315 913
414 913
451 913
318 914
321 914
445 914
320 915
321 916
325 917
329 918
428 918
331 919
392 919
503 919
893 919
894 919
332 920
357 920
332 921
459 921
485 921
333 922
456 922
611 922
854 922
333 923
607 923
633 923
895 923
333 924
597 924
334 925
798 925
336 926
432 926
338 927
553 927
338 928
367 928
424 928
852 928
338 929
353 929
760 929
338 930
338 931
431 931
467 931
338 932
476 932
339 933
339 934
657 934
760 934
340 935
381 935
783 935
888 935
895 935
340 936
409 936
735 936
340 937
383 937
386 937
343 938
346 939
589 939
723 939
744 939
747 939
346 940
723 940
939 940
346 941
397 941
506 941
940 941
346 942
395 942
411 942
346 943
395 943
742 943
346 944
355 944
589 944
590 944
723 944
729 944
742 944
743 944
744 944
745 944
346 945
355 945
589 945
723 945
939 945
348 946
349 947
349 948
351 949
450 949
529 949
537 949
714 949
351 950
587 950
351 951
466 951
587 951
818 951
949 951
351 952
367 952
391 952
587 952
597 952
655 952
768 952
770 952
818 952
352 953
364 953
368 953
567 953
587 953
706 953
353 954
354 955
354 956
421 956
478 956
479 956
563 956
810 956
354 957
387 957
395 957
397 957
723 957
941 957
354 958
355 959
398 959
571 959
355 960
589 960
357 961
364 961
367 961
659 961
953 961
361 962
431 962
859 962
931 962
366 963
366 964
467 964
599 964
741 964
366 965
375 966
609 966
375 967
402 967
611 967
375 968
633 968
375 969
375 970
376 971
376 972
377 973
730 973
377 974
690 974
769 974
379 975
392 975
397 975
727 975
772 975
830 975
864 975
893 975
894 975
381 976
388 977
725 977
889 977
390 978
495 978
497 978
656 978
391 979
458 979
571 979
839 979
392 980
503 980
729 980
893 980
894 980
919 980
975 980
392 981
729 981
893 981
392 982
412 982
584 982
729 982
893 982
894 982
919 982
975 982
980 982
394 983
660 983
395 984
607 984
611 984
633 984
923 984
395 985
723 985
957 985
400 986
657 986
698 986
934 986
401 987
713 987
860 987
401 988
860 988
403 989
461 989
664 989
817 989
406 990
406 991
511 991
727 991
730 991
907 991
409 992
433 992
417 993
705 993
417 994
459 994
476 994
481 994
482 994
483 994
485 994
563 994
956 994
421 995
446 995
476 995
479 995
563 995
704 995
956 995
994 995
422 996
426 997
426 998
506 998
426 999
428 1000
457 1000
498 1000
610 1000
686 1000
428 1001
459 1001
921 1001
430 1002
727 1002
730 1002
907 1002
991 1002
431 1003
906 1003
431 1004
792 1004
859 1004
906 1004
909 1004
931 1004
1003 1004
438 1005
446 1006
474 1006
553 1006
686 1006
450 1007
482 1007
451 1008
455 1008
461 1008
540 1008
554 1008
989 1008
451 1009
466 1009
706 1009
835 1009
451 1010
893 1010
930 1010
453 1011
453 1012
463 1012
621 1012
453 1013
635 1013
457 1014
457 1015
520 1015
458 1016
458 1017
458 1018
612 1018
1016 1018
459 1019
474 1019
476 1019
485 1019
756 1019
459 1020
459 1021
482 1021
459 1022
485 1022
807 1022
922 1022
459 1023
483 1023
459 1024
756 1024
459 1025
486 1025
563 1025
756 1025
994 1025
459 1026
756 1026
461 1027
463 1028
465 1029
465 1030
586 1030
467 1031
597 1031
467 1032
470 1033
512 1033
542 1033
807 1033
847 1033
474 1034
482 1034
708 1034
846 1034
848 1034
869 1034
476 1035
485 1035
823 1035
478 1036
479 1036
810 1036
848 1036
956 1036
480 1037
564 1037
705 1037
708 1037
869 1037
1034 1037
480 1038
705 1038
846 1038
1034 1038
482 1039
482 1040
490 1040
496 1040
606 1040
482 1041
482 1042
705 1042
846 1042
848 1042
994 1042
1034 1042
1038 1042
486 1043
486 1044
756 1044
847 1044
1025 1044
488 1045
600 1045
494 1046
674 1046
497 1047
763 1047
498 1048
1000 1048
503 1049
508 1049
710 1049
860 1049
987 1049
988 1049
511 1050
903 1050
513 1051
522 1052
545 1052
764 1052
821 1052
526 1053
557 1053
560 1053
911 1053
531 1054
534 1055
537 1056
545 1057
818 1057
899 1057
548 1058
552 1059
659 1059
552 1060
567 1060
553 1061
597 1061
827 1061
927 1061
554 1062
957 1062
559 1063
560 1064
911 1064
560 1065
794 1065
901 1065
911 1065
577 1066
686 1066
792 1066
906 1066
909 1066
1003 1066
1004 1066
577 1067
979 1067
1016 1067
1018 1067
577 1068
792 1068
906 1068
909 1068
1003 1068
1004 1068
1031 1068
1066 1068
577 1069
1004 1069
1066 1069
1068 1069
577 1070
586 1071
587 1072
769 1072
591 1073
592 1074
747 1074
592 1075
597 1076
609 1077
633 1077
792 1077
909 1077
1031 1077
1066 1077
1068 1077
609 1078
1077 1078
611 1079
967 1079
611 1080
611 1081
611 1082
611 1083
660 1083
967 1083
1079 1083
616 1084
650 1085
692 1085
657 1086
934 1086
986 1086
657 1087
657 1088
1087 1088
662 1089
920 1089
663 1090
670 1091
679 1092
693 1093
698 1094
877 1094
700 1095
704 1096
807 1096
1023 1096
705 1097
708 1097
846 1097
847 1097
848 1097
1034 1097
1038 1097
1042 1097
713 1098
723 1099
957 1099
756 1100
764 1101
767 1102
770 1103
792 1104
909 1104
1003 1104
1004 1104
1065 1104
1066 1104
1068 1104
1069 1104
801 1105
823 1106
833 1107
835 1108
835 1109
835 1110
854 1111
867 1111
868 1111
994 1111
1044 1111
1097 1111
858 1112
864 1112
869 1113
873 1114
883 1115
889 1116
897 1117
918 1118
929 1119
930 1120
959 1121
978 1122
996 1122
980 1123
997 1124
1000 1125
1008 1126
1022 1127
1052 1128
1072 1129
1079 1130
1086 1131
1095 1132
1132 1132
