70 450
70 236
70 36
70 892
70 799
70 877
70 978
70 136
70 816
70 1020
70 755
70 927
70 375
70 811
70 580
70 272
70 612
70 909
70 2
70 101
70 933
70 130
70 997
70 78
70 69
70 295
70 285
70 621
70 188
70 519
450 236
450 36
450 799
450 877
450 978
450 136
450 816
450 1020
450 927
450 580
450 612
450 909
450 2
450 933
450 997
450 1091
450 707
450 842
450 191
450 860
450 306
450 358
236 36
236 799
236 877
236 978
236 136
236 1020
236 755
236 927
236 580
236 612
236 909
236 2
236 101
236 933
236 130
236 295
236 285
236 842
236 526
236 751
236 87
236 317
236 777
236 328
236 66
236 1041
236 749
236 732
236 1029
236 915
236 803
236 58
236 3
236 923
236 1073
236 173
36 1020
36 933
36 1041
36 832
36 85
36 1049
36 478
36 631
36 988
36 1042
36 127
36 998
36 227
36 1043
36 40
36 528
36 83
36 517
36 856
892 799
892 927
892 516
892 404
892 494
892 312
892 148
892 733
892 54
799 877
799 978
799 927
799 580
799 612
799 933
799 295
799 285
799 842
799 380
799 52
799 48
799 216
799 352
799 1011
799 588
799 781
877 136
877 816
877 927
877 811
877 580
877 909
877 933
877 285
877 312
877 510
877 563
877 706
877 180
877 343
877 694
877 514
877 664
877 1068
877 669
877 457
877 1026
877 575
978 933
978 285
978 470
978 382
136 816
136 927
136 580
136 101
136 933
136 997
136 188
136 87
136 26
136 385
136 645
136 1089
136 258
816 580
816 997
816 188
816 842
816 83
816 736
816 608
816 249
816 1045
816 165
816 984
816 345
816 879
816 207
816 684
816 898
816 1018
816 688
816 537
816 574
816 835
816 635
816 18
816 282
816 948
816 194
816 641
816 776
1020 612
1020 909
1020 2
1020 933
1020 78
1020 295
1020 66
1020 516
1020 468
1020 762
1020 719
1020 995
1020 913
1020 158
1020 911
1020 821
755 352
755 644
755 793
755 1125
755 668
755 192
755 625
755 428
755 362
755 177
755 1014
755 103
755 1005
755 581
755 844
755 680
927 375
927 580
927 612
927 933
927 997
927 285
927 66
927 528
927 312
927 1089
927 680
927 708
927 1081
927 790
927 279
927 137
927 942
927 384
375 811
375 580
375 997
375 707
375 842
375 380
375 258
375 249
375 165
375 835
375 635
375 158
375 458
375 34
375 583
375 203
375 1019
375 135
375 629
375 344
375 746
375 291
375 573
375 213
375 593
375 768
375 439
375 661
375 594
375 602
375 851
375 1035
375 885
375 711
811 130
811 707
811 842
811 312
811 694
811 635
811 344
811 766
811 1002
811 1006
811 179
811 571
811 24
811 441
811 379
811 67
580 997
580 188
580 707
580 842
580 173
580 148
580 645
580 736
580 835
580 948
580 641
580 515
580 151
580 848
580 171
580 234
580 956
580 917
580 456
580 152
580 1012
580 1008
580 141
580 366
580 435
580 893
580 377
580 96
580 943
580 977
580 1120
580 809
580 1128
580 172
580 610
580 761
580 117
580 320
580 124
580 802
580 572
580 371
272 997
272 842
272 879
272 864
272 5
272 273
612 909
612 101
612 933
612 130
612 78
612 69
612 295
612 358
612 526
612 818
612 1028
612 529
909 2
909 295
909 358
909 87
909 83
909 48
909 588
909 688
909 911
909 179
909 841
909 487
909 1024
909 75
909 395
909 89
909 202
909 77
909 831
909 773
909 129
909 228
2 933
2 87
2 777
2 915
2 52
2 1089
2 529
2 395
2 161
2 1101
2 1088
2 410
101 130
101 78
101 526
101 751
101 87
101 1041
101 749
101 915
101 923
101 1073
101 1049
101 180
101 26
101 385
101 645
101 258
101 279
101 893
101 977
101 172
101 864
101 129
101 214
101 230
101 723
101 11
101 370
101 855
101 839
101 355
101 785
101 702
101 476
101 926
101 368
101 28
101 31
101 786
101 425
933 295
933 1091
933 358
130 78
130 358
130 526
130 317
130 777
130 328
130 66
130 1041
130 915
130 923
130 380
130 669
130 995
130 913
130 192
130 711
130 234
130 141
130 1028
130 487
130 228
130 230
130 476
130 1033
130 1113
130 646
130 321
130 311
130 682
130 1085
130 653
130 109
130 493
130 1003
130 972
130 914
130 699
130 105
130 769
130 847
130 1047
130 665
130 1034
130 949
130 931
130 353
997 188
997 707
997 842
997 85
997 83
997 736
997 608
997 249
997 165
997 879
997 207
997 1018
997 688
997 537
997 635
997 629
997 344
997 768
997 661
997 711
997 1113
997 912
997 650
997 1130
997 407
997 498
997 807
997 576
997 233
997 200
997 1123
997 990
997 596
997 1117
78 69
78 526
78 478
78 988
78 282
78 1028
78 773
78 321
78 1130
78 1038
78 112
78 350
78 443
78 1105
78 339
295 358
295 83
295 588
295 664
295 179
295 487
295 75
295 202
295 773
295 699
295 448
295 829
295 253
295 432
285 842
285 711
285 395
285 665
285 134
285 813
621 177
621 318
621 957
621 278
621 782
621 579
621 805
621 322
188 842
188 1029
188 602
188 848
188 234
188 152
188 1012
188 1120
188 320
188 870
188 434
188 779
188 113
188 43
188 73
188 760
188 952
188 966
188 1001
188 721
188 393
519 66
519 923
519 385
519 279
519 1008
519 161
519 214
519 839
519 31
519 247
519 383
519 1061
519 822
519 265
519 502
519 1114
519 392
519 239
519 305
519 935
519 907
1091 506
707 842
707 688
707 746
842 1073
842 83
842 736
842 711
842 134
842 545
842 145
358 803
358 1024
358 395
358 831
358 161
358 702
358 109
358 699
358 383
358 808
358 235
358 500
358 388
358 804
358 139
358 427
358 408
358 671
358 673
526 87
526 317
526 777
526 66
526 1041
526 915
526 58
526 645
526 258
526 1028
526 228
526 214
526 230
526 855
526 321
526 782
526 579
526 822
526 569
526 215
526 210
526 552
526 326
751 317
751 1041
751 749
751 1029
751 923
751 1073
751 173
751 85
751 645
751 279
751 141
751 1085
751 200
751 392
751 569
751 215
751 405
751 336
751 293
751 655
751 828
751 10
751 1065
751 56
751 17
87 1041
87 749
87 732
87 915
87 803
87 923
87 988
87 781
87 514
87 26
87 1089
87 995
87 913
87 67
87 848
87 977
87 202
87 773
87 214
87 230
87 723
87 855
87 786
87 1033
87 109
87 822
87 502
87 673
87 569
87 215
87 326
87 994
87 652
87 753
87 1078
87 683
87 162
87 37
87 806
87 888
87 360
87 50
87 414
317 328
317 66
317 915
317 352
317 385
317 645
317 995
317 279
317 214
317 493
317 339
317 579
317 822
317 265
317 1114
317 239
317 305
317 569
317 215
317 210
317 683
317 50
317 481
317 99
317 896
317 681
317 267
317 553
317 882
317 90
317 268
317 378
317 442
317 958
317 729
317 857
317 538
317 524
317 713
317 416
317 1116
317 778
317 47
317 204
317 260
317 692
317 1109
777 1041
777 487
777 228
777 653
777 949
777 944
328 58
328 913
328 822
328 506
328 681
328 882
328 542
328 297
328 376
328 116
328 1126
328 1013
328 445
328 231
328 205
66 915
66 923
66 516
66 719
66 67
66 1028
66 839
66 31
66 265
66 139
66 215
66 655
66 778
66 884
66 38
66 475
66 125
66 1108
66 1016
66 814
66 616
66 887
66 922
66 248
1041 732
1041 58
1041 832
1041 85
1041 1049
1041 988
1041 127
1041 227
1041 40
1041 528
1041 517
1041 856
1041 52
1041 161
1041 230
1041 949
1041 408
1041 569
1041 162
1041 778
1041 205
1041 582
1041 1010
1041 854
1041 1100
1041 1074
1041 342
1041 547
749 385
749 239
749 939
732 596
732 822
732 17
732 679
1029 923
1029 1073
1029 173
1029 312
1029 54
1029 343
1029 645
1029 207
1029 194
1029 1006
1029 1012
1029 1008
1029 893
1029 1128
1029 161
1029 653
1029 914
1029 200
1029 339
1029 870
1029 43
1029 73
1029 966
1029 721
1029 393
1029 808
1029 293
1029 828
1029 442
1029 433
1029 492
1029 429
1029 564
1029 20
1029 257
1029 795
1029 119
915 58
915 52
915 67
915 529
915 161
915 214
915 31
915 493
915 579
915 952
915 265
915 305
915 569
915 17
915 994
915 1109
915 276
915 744
803 923
803 173
803 645
803 368
803 653
803 847
803 305
803 907
803 673
803 569
803 56
803 994
803 798
803 118
803 461
803 1048
803 209
803 872
803 95
58 52
58 194
58 719
58 913
58 362
58 279
58 711
58 529
58 161
58 11
58 702
58 653
58 1130
58 322
58 265
58 1114
58 907
58 408
58 655
58 1065
58 17
58 260
58 231
58 697
58 512
58 219
58 810
58 4
58 996
58 98
58 862
58 969
58 920
3 856
923 312
923 781
923 635
923 766
923 1006
923 571
923 441
923 67
923 1085
923 322
923 247
923 1061
923 265
923 500
923 569
923 50
923 219
923 530
923 310
923 797
923 495
923 166
923 858
1073 173
1073 645
1073 194
1073 1012
1073 31
1073 870
1073 952
1073 336
1073 599
1073 254
173 148
173 645
173 194
173 719
173 848
173 234
173 1012
173 1008
173 377
173 977
173 809
173 1128
173 172
173 839
173 498
173 200
173 721
173 822
173 1114
173 336
173 10
173 442
173 729
173 429
173 788
173 111
173 955
173 337
173 531
832 85
832 1049
832 988
832 127
832 998
832 227
832 528
832 856
832 1024
832 949
832 162
832 1016
832 582
832 221
832 1062
832 752
832 894
832 756
832 333
832 1004
832 861
832 1064
832 159
832 796
832 314
832 600
85 1049
85 988
85 127
85 227
85 1043
85 528
85 856
85 258
85 165
85 635
85 515
85 893
85 476
85 949
85 650
85 408
85 162
85 857
85 582
85 20
85 601
85 296
85 244
85 1097
85 632
85 1030
85 701
85 868
1049 988
1049 127
1049 227
1049 528
1049 517
1049 856
1049 926
1049 949
1049 582
1049 1074
1049 220
1049 51
1049 471
1049 1053
478 796
631 127
631 40
631 762
631 410
631 788
631 796
631 277
631 636
631 174
988 1042
988 127
988 227
988 1043
988 517
988 856
988 793
988 428
988 1005
988 1006
988 141
988 682
988 506
988 1078
988 162
988 1062
988 84
988 460
988 402
1042 517
1042 1005
1042 1010
1042 1062
1042 197
1042 327
1042 728
1042 1031
127 998
127 40
127 528
127 856
127 706
127 949
127 1064
127 796
127 197
127 245
998 40
998 706
998 949
998 1074
998 221
998 1062
998 752
998 1004
998 1064
998 796
998 245
998 131
998 1077
998 423
998 613
227 528
227 517
227 856
227 949
227 322
227 994
227 582
227 313
1043 773
1043 949
1043 650
1043 1074
1043 796
1043 244
1043 1097
1043 606
1043 965
1043 25
1043 845
40 528
40 706
40 949
40 162
40 1074
40 788
40 796
40 277
40 245
40 131
40 727
528 856
528 706
528 124
528 139
528 655
528 582
528 547
528 744
528 166
528 277
528 197
528 1031
528 315
528 555
528 820
528 438
528 513
528 176
528 1131
528 585
528 182
83 48
83 736
83 684
83 746
83 291
83 711
83 395
83 129
83 665
83 383
83 215
83 744
83 632
83 868
83 639
83 323
83 566
517 995
517 395
517 1010
517 1100
517 728
517 131
517 351
856 793
856 1085
856 949
856 912
856 935
856 408
856 673
856 210
856 652
856 162
856 713
856 887
856 582
856 810
856 277
856 327
856 245
856 131
856 741
856 88
856 837
856 924
856 523
856 431
856 618
856 953
856 1040
516 563
516 719
516 786
516 109
516 888
516 50
516 231
516 1016
516 616
516 461
516 858
516 585
516 999
516 153
516 451
516 720
516 628
516 79
404 470
404 194
404 995
404 179
404 848
404 234
404 893
404 395
404 702
404 1130
404 166
404 460
404 402
404 678
404 271
404 1096
404 340
404 199
404 968
404 740
494 1014
494 844
494 682
494 569
494 599
494 224
494 1025
494 269
494 983
494 654
494 960
312 380
312 352
312 645
312 684
312 1018
312 635
312 177
312 1005
312 766
312 1006
312 179
312 571
312 441
312 379
312 395
312 682
312 653
312 322
312 506
312 671
312 713
312 530
312 166
312 858
312 199
312 876
312 15
312 703
312 568
312 462
312 525
312 198
312 1118
312 102
312 108
312 466
312 945
148 177
148 234
148 760
148 1016
148 104
733 984
733 688
733 537
733 458
733 34
733 661
733 885
733 766
733 956
733 265
733 938
54 645
54 194
54 719
54 158
54 1012
54 73
54 392
54 47
54 875
54 280
380 1011
380 645
380 207
380 688
380 948
380 458
380 661
380 1002
380 848
380 653
380 914
380 293
380 47
380 204
380 280
380 991
380 767
380 480
380 509
380 750
380 1110
380 1129
52 514
52 995
52 1081
52 366
52 529
52 161
52 1088
52 786
52 134
52 265
52 944
52 697
52 219
52 969
52 968
52 288
52 614
52 634
52 1021
48 514
48 984
48 661
48 1035
48 711
48 1012
48 395
48 89
48 831
48 653
48 699
48 769
48 443
48 253
48 99
48 944
48 969
48 727
48 1021
48 551
216 192
216 129
216 1088
216 268
216 971
352 793
352 1125
352 192
352 362
352 1005
352 844
352 680
352 822
352 569
352 945
352 289
1011 194
1011 776
1011 151
1011 917
1011 435
1011 809
1011 610
1011 124
1011 371
1011 576
1011 721
1011 393
1011 1116
1011 204
1011 25
1011 250
1011 217
1011 1095
1011 181
1011 895
588 514
588 664
588 395
588 50
588 1100
588 219
588 86
588 622
781 995
781 766
781 525
510 343
510 151
510 917
510 366
510 124
510 31
510 25
510 1095
510 49
510 1039
510 399
563 694
563 219
563 797
563 1055
563 921
563 1023
706 949
706 912
706 713
706 582
706 1010
706 1074
706 796
706 327
706 245
706 921
706 1023
706 262
706 474
706 754
706 742
706 1060
706 281
180 395
180 926
180 653
180 652
180 744
180 865
180 838
180 627
180 772
180 649
343 279
343 1012
343 31
343 353
343 104
343 1009
343 587
343 1075
343 586
343 110
694 898
694 441
694 67
694 219
694 495
694 1055
694 921
694 800
694 65
694 35
694 168
694 72
694 791
694 164
694 390
694 1052
514 1026
514 468
514 911
514 1024
514 395
514 831
514 161
514 311
514 408
514 888
514 996
514 198
514 86
514 622
514 474
514 61
514 550
514 401
514 676
664 219
664 401
1068 575
1068 888
1068 996
1068 281
1068 838
1068 718
457 622
457 164
457 292
457 508
1026 913
1026 441
1026 1055
575 622
470 194
470 762
470 234
470 321
470 493
470 1109
470 599
470 968
470 750
470 387
470 357
382 935
382 753
26 230
26 772
26 970
385 645
385 194
385 913
385 708
385 1012
385 320
385 721
385 265
385 1109
385 636
385 849
645 207
645 194
645 641
645 766
645 234
645 917
645 152
645 1012
645 1008
645 141
645 366
645 435
645 893
645 977
645 1128
645 172
645 761
645 117
645 320
645 1028
645 77
645 839
645 31
645 914
645 353
645 576
645 432
645 43
645 1061
645 265
645 1114
645 293
645 50
645 442
645 47
645 205
645 1016
645 429
645 20
645 118
645 599
645 955
645 84
645 451
645 991
645 895
645 9
645 160
645 274
645 347
645 218
645 801
645 206
645 1098
645 615
645 421
645 648
1089 995
1089 911
1089 1085
1089 935
1089 326
1089 958
1089 884
1089 248
1089 697
1089 98
1089 858
1089 523
1089 1021
1089 737
1089 241
1089 962
1089 453
1089 989
1089 1079
1089 400
1089 45
1089 7
1089 1067
1089 667
1089 722
1089 886
1089 64
258 194
258 711
258 234
258 152
258 893
258 117
258 355
258 1113
258 961
258 826
258 1000
736 688
736 596
249 684
249 1018
249 635
249 711
249 566
249 1118
249 409
165 345
165 688
165 583
165 1019
165 629
165 344
165 291
165 851
165 885
165 493
165 665
165 265
165 215
165 541
165 1115
984 688
984 635
984 995
984 34
984 583
984 344
984 661
984 885
984 566
984 316
345 684
345 851
345 1118
345 409
879 5
879 273
879 476
879 1130
879 17
879 219
879 1000
879 290
879 704
879 883
207 948
207 194
207 848
207 917
207 1012
207 366
207 435
207 893
207 977
207 1128
207 172
207 610
207 653
207 914
207 498
207 829
207 432
207 808
207 442
207 433
207 20
207 118
207 599
207 788
207 217
207 160
207 1098
207 465
207 1015
207 1090
207 946
207 539
207 873
684 1018
684 688
684 635
684 719
684 913
684 458
684 629
684 1006
684 566
684 1118
684 13
898 435
898 795
898 254
898 965
898 1052
898 640
898 143
1018 635
1018 746
1018 1118
1018 409
688 458
688 583
688 1019
688 135
688 344
688 746
688 291
688 213
688 768
688 661
688 602
688 851
688 885
688 711
688 395
688 1117
688 822
688 566
688 15
688 1118
688 409
688 929
537 583
537 1019
537 135
537 344
537 746
537 213
537 768
537 602
537 15
574 355
574 1130
574 807
574 247
574 1061
574 215
574 1100
574 999
574 451
574 1066
574 623
574 367
574 1092
635 661
635 766
635 740
635 1118
635 1
635 187
18 911
18 711
18 476
18 1130
18 247
18 17
18 1100
18 490
18 677
18 482
282 143
948 456
948 96
948 124
948 914
948 118
948 1095
948 206
948 1098
948 615
948 770
948 97
194 911
194 711
194 848
194 234
194 1012
194 893
194 377
194 117
194 1024
194 1088
194 914
194 498
194 200
194 339
194 829
194 43
194 952
194 966
194 1100
194 433
194 20
194 539
194 303
641 152
641 870
641 9
641 274
776 848
776 435
776 721
776 204
776 429
776 599
776 316
776 1036
776 154
468 995
468 913
468 911
468 1081
468 89
468 1117
468 383
468 969
468 1004
468 837
468 288
468 865
468 772
468 1015
468 747
468 80
468 521
468 226
468 413
762 410
762 31
762 782
762 1061
762 788
762 636
762 628
762 587
762 357
719 995
719 1128
719 89
719 949
719 118
719 221
719 568
995 913
995 793
995 1081
995 1028
995 228
995 702
995 579
995 305
995 408
995 994
995 683
995 360
995 125
995 798
995 1048
995 1004
995 600
995 288
995 614
995 754
995 722
995 187
995 1071
995 520
995 232
995 93
995 771
913 1014
913 1081
913 1002
913 234
913 1028
913 957
913 822
913 907
913 17
913 90
913 538
913 416
913 342
913 996
913 858
913 333
913 460
913 438
913 451
913 198
913 614
913 622
913 474
913 677
913 46
913 1017
913 910
913 651
913 700
913 560
158 1128
158 1105
158 782
158 351
158 568
158 875
158 838
158 13
158 256
158 686
158 906
911 821
911 711
911 172
911 487
911 395
911 773
911 129
911 1088
911 653
911 43
911 822
911 655
911 888
911 231
911 1016
911 276
911 697
911 219
911 862
911 727
911 968
911 288
911 1021
911 667
911 1017
821 487
821 228
644 362
644 177
793 668
793 192
793 428
793 362
793 177
793 1014
793 103
793 1005
793 844
793 682
793 112
793 350
793 278
793 782
793 579
793 247
793 822
793 265
793 139
793 569
793 713
793 460
793 402
793 945
793 615
793 489
793 630
793 464
793 597
1125 668
1125 362
1125 844
1125 569
1125 489
1125 823
668 192
668 362
668 177
668 1014
668 1005
668 844
668 782
668 822
668 569
668 215
668 1109
668 276
668 460
668 991
668 289
668 615
668 823
668 1099
192 362
192 177
192 129
192 105
192 112
192 822
192 99
192 713
192 1126
192 1013
192 231
192 460
192 971
192 289
192 676
192 823
192 184
192 817
192 325
192 472
192 41
192 783
192 440
625 10
625 90
625 224
625 983
625 967
625 725
625 334
428 362
428 1005
428 844
428 1006
428 831
428 161
428 682
428 1061
428 569
428 1078
428 683
428 38
428 945
428 607
428 332
362 177
362 1014
362 103
362 1005
362 844
362 1006
362 841
362 129
362 322
362 822
362 569
362 655
362 1078
362 854
362 402
362 945
362 107
177 1005
177 844
177 766
177 129
177 579
177 569
177 713
177 327
177 945
177 630
177 982
177 992
1014 844
1014 893
1014 10
1014 50
1014 945
1014 489
103 1005
103 844
103 1006
103 682
103 1078
103 402
103 945
103 490
103 464
103 107
1005 844
1005 766
1005 161
1005 1088
1005 569
1005 1109
1005 618
1005 945
1005 991
581 161
844 1006
844 1088
844 682
844 350
844 1078
844 1025
844 983
844 945
844 823
844 607
844 107
844 992
844 359
844 1022
844 242
680 210
680 713
680 445
680 971
680 289
680 196
680 595
680 540
680 1119
680 687
680 919
708 320
1081 831
1081 808
1081 500
1081 655
1081 806
1081 360
1081 50
1081 884
1081 125
1081 798
1081 288
1081 614
1081 1015
790 1085
790 653
790 667
790 623
790 521
279 230
279 822
279 265
279 1114
279 1022
279 745
137 766
137 958
137 524
137 615
137 1067
137 758
137 712
137 859
137 411
137 557
137 284
942 679
942 724
384 1063
384 444
384 734
458 766
458 1006
458 379
458 1129
34 661
34 234
34 956
34 917
34 1117
34 721
34 204
34 1129
34 154
583 73
583 408
583 296
583 676
583 643
203 1019
203 629
203 344
203 593
203 493
203 73
1019 135
1019 629
1019 344
1019 213
1019 768
1019 129
1019 1117
1019 15
135 344
135 602
135 711
135 293
135 632
629 831
629 566
344 831
344 73
344 566
344 15
344 187
291 244
573 636
573 1129
213 1117
213 15
661 885
661 711
661 234
661 956
661 917
661 802
661 721
661 442
661 1129
661 726
594 711
594 1129
602 410
851 665
851 409
885 956
885 579
885 808
885 678
711 1024
711 89
711 831
711 161
711 769
711 1130
711 233
711 596
711 566
711 15
711 309
711 846
766 1006
766 571
766 441
766 379
766 67
766 506
766 405
766 17
766 99
766 267
766 857
766 1096
766 462
766 525
766 1055
766 1023
766 72
766 747
766 560
766 1099
766 817
766 775
766 504
766 690
1002 1006
1002 441
1002 67
1002 893
1002 653
1002 466
1002 767
1006 379
1006 682
1006 350
1006 247
1006 1061
1006 569
1006 10
1006 1078
1006 378
1006 38
1006 983
1006 1118
1006 945
1006 991
1006 332
1006 242
1006 156
179 205
179 1100
179 678
179 480
179 921
179 357
179 970
179 1017
179 114
571 713
571 166
571 525
571 551
571 690
24 810
24 858
24 876
24 991
24 1021
24 962
24 7
24 722
24 934
24 488
24 1094
24 8
441 67
441 219
441 797
441 991
441 1055
441 65
441 35
441 1127
441 905
379 462
379 525
379 945
67 322
67 219
67 797
67 65
515 893
515 5
515 11
515 407
515 760
515 118
515 84
515 1036
515 261
515 341
151 234
151 366
151 809
151 610
151 124
151 371
151 393
151 293
151 828
151 204
151 118
151 25
151 250
151 1095
151 49
151 1039
151 399
151 261
848 234
848 366
848 977
848 1113
848 200
848 870
848 966
848 293
848 442
848 47
848 20
848 615
848 1071
848 941
171 476
171 296
171 1115
171 883
171 482
171 372
234 956
234 1012
234 366
234 377
234 977
234 809
234 172
234 320
234 802
234 831
234 1113
234 653
234 914
234 498
234 870
234 721
234 265
234 293
234 10
234 442
234 20
234 118
234 955
234 337
234 49
234 1090
234 187
234 770
234 941
234 381
234 738
234 147
956 366
956 809
956 802
956 498
956 721
956 442
956 738
956 169
917 366
917 435
917 893
917 377
917 809
917 610
917 124
917 371
917 721
917 204
917 795
917 1077
917 1129
917 1095
917 1052
917 160
917 206
917 770
917 1036
917 261
917 738
917 349
456 610
456 761
456 320
456 572
456 650
456 498
456 828
456 615
456 623
456 184
456 738
456 22
456 1007
456 455
152 435
152 124
152 31
152 493
152 353
152 265
152 788
152 451
152 895
152 587
152 9
152 160
152 274
152 218
152 801
152 206
152 490
152 331
152 403
1012 1008
1012 893
1012 320
1012 395
1012 28
1012 914
1012 576
1012 200
1012 966
1012 1114
1012 392
1012 293
1012 564
1012 531
1012 421
1008 172
1008 839
1008 28
1008 43
1008 1114
1008 804
1008 778
1008 531
1008 614
141 893
141 1113
141 576
141 760
141 822
141 1078
141 38
141 84
141 945
141 23
366 435
366 377
366 943
366 977
366 1120
366 1128
366 172
366 761
366 117
366 320
366 395
366 839
366 1113
366 1003
366 914
366 576
366 200
366 393
366 1114
366 293
366 50
366 442
366 564
366 118
366 955
366 84
366 1095
366 243
366 819
435 377
435 96
435 977
435 1120
435 809
435 610
435 761
435 117
435 124
435 371
435 914
435 498
435 576
435 392
435 442
435 204
435 118
435 1095
435 1098
435 1036
435 349
435 346
893 977
893 1128
893 172
893 610
893 371
893 1113
893 73
893 721
893 293
893 47
893 20
893 118
893 770
377 809
377 1128
377 761
377 721
377 10
377 442
377 337
377 1052
377 1036
96 809
96 124
96 914
96 145
96 118
96 599
96 895
96 1098
96 346
943 610
943 320
943 1109
943 895
977 172
977 395
977 914
977 73
977 293
977 47
977 1109
977 248
977 20
977 118
977 160
977 316
977 465
977 1036
1120 809
1120 610
1120 124
1120 498
1120 204
1120 991
1120 539
1120 1036
1120 147
1120 346
809 1128
809 610
809 761
809 124
809 371
809 721
809 393
809 204
809 795
809 955
809 654
809 1036
809 346
809 76
809 617
809 122
1128 353
1128 650
1128 432
1128 10
1128 56
1128 429
1128 955
1128 531
1128 1015
1128 76
1128 251
1128 532
172 1088
172 1113
172 914
172 200
172 293
172 1100
172 564
172 84
172 421
172 367
172 490
610 761
610 320
610 124
610 572
610 371
610 498
610 828
610 204
610 25
610 250
610 1095
610 160
610 1036
610 738
610 455
761 320
761 124
761 572
761 498
761 442
761 20
761 49
761 160
761 97
761 738
761 455
761 1056
117 572
117 1088
117 200
117 636
117 451
117 261
117 617
320 914
320 1114
320 828
320 20
320 566
320 991
320 49
320 1052
320 849
320 738
320 604
124 371
124 498
124 204
124 955
124 250
124 181
124 421
124 490
124 770
124 97
124 1036
124 184
124 243
124 346
124 714
124 954
802 442
802 1106
572 498
572 828
572 740
572 49
572 206
572 738
572 455
371 250
371 1095
371 242
371 1032
371 979
864 868
864 678
864 1090
864 240
5 215
5 868
5 704
5 883
5 463
273 463
818 585
1028 952
1028 994
1028 50
1028 1126
1028 25
1028 566
1028 991
1028 980
529 161
529 493
529 579
529 907
529 778
529 1109
529 363
841 219
487 395
487 129
487 228
487 1038
487 276
487 627
487 261
487 294
1024 228
1024 1088
1024 702
1024 502
1024 500
1024 270
395 202
395 773
395 129
395 228
395 1088
395 702
395 476
395 949
395 829
395 253
395 50
395 20
395 744
395 741
395 288
395 971
395 754
395 676
395 7
395 490
395 1017
395 499
395 1086
395 398
395 365
395 656
395 419
89 888
89 123
202 368
202 829
202 884
202 697
202 4
202 98
202 953
202 198
202 667
202 157
831 653
831 829
831 322
831 907
831 215
831 744
831 797
831 84
831 566
831 288
831 168
831 550
831 676
831 521
831 1071
831 232
831 330
831 369
831 133
831 633
773 854
773 461
773 512
773 969
773 600
773 423
773 703
773 771
773 554
773 1057
129 1088
129 253
129 383
129 679
129 460
129 971
129 289
129 1086
129 398
129 916
228 11
228 253
228 944
228 257
228 276
228 744
228 341
228 302
161 1088
161 653
161 322
161 907
161 17
161 729
161 884
161 697
161 4
161 166
161 221
161 159
161 288
161 1021
161 63
1101 125
1101 991
1101 951
1088 339
1088 822
1088 162
1088 713
1088 342
1088 697
1088 460
1088 1021
1088 289
1088 676
1088 302
1088 533
1088 657
1088 68
410 50
410 788
410 636
410 16
214 230
214 11
214 855
214 1114
214 569
230 855
230 655
230 778
230 288
11 1061
11 414
11 729
11 276
11 1077
11 740
11 261
11 294
11 361
11 1037
370 253
855 355
855 353
855 17
855 1100
855 623
855 521
839 28
839 1061
839 265
839 1114
839 1016
839 429
839 100
355 253
355 43
355 939
355 1017
702 31
702 653
702 502
702 305
702 500
702 288
702 1015
702 270
476 769
476 1130
476 265
476 215
476 17
476 296
476 482
476 993
476 286
476 424
476 689
926 653
926 1053
926 466
926 838
926 772
926 45
926 256
926 934
926 74
926 452
926 824
368 322
368 569
368 652
368 887
368 98
368 198
368 7
368 605
368 647
28 804
31 200
31 829
31 265
31 1016
31 955
31 961
31 316
786 125
786 98
786 906
786 284
786 484
786 1102
1033 994
1033 360
1113 407
1113 20
1113 118
1113 84
646 461
646 703
646 950
646 925
646 963
321 1003
321 353
321 432
321 561
311 888
311 622
682 350
682 506
682 84
682 224
682 1025
682 945
682 46
682 489
682 1046
682 764
1085 322
1085 907
1085 569
1085 326
1085 655
1085 1065
1085 994
1085 652
1085 524
1085 884
1085 248
1085 697
1085 198
1085 1079
1085 45
1085 722
1085 156
1085 144
653 1021
653 772
653 80
653 521
653 1017
653 1124
653 709
109 408
109 50
109 778
109 288
109 110
109 401
109 656
109 419
109 533
109 881
109 1054
109 283
493 579
493 265
493 215
493 210
493 683
493 729
493 1116
493 1109
493 679
493 758
493 993
493 446
493 255
493 565
972 215
972 636
972 1092
972 412
914 721
914 896
914 442
914 429
914 20
914 118
914 788
914 217
914 1095
914 770
914 33
699 1047
699 673
699 50
699 884
699 95
699 98
699 1087
105 112
105 265
105 268
105 857
105 231
105 205
105 98
105 289
105 724
105 446
105 869
105 787
769 760
769 482
769 889
847 968
847 703
847 1057
847 950
847 925
847 503
847 477
847 0
847 556
1047 683
1047 884
1047 475
1047 95
1047 198
1047 622
1047 962
1047 559
665 683
665 729
665 566
665 1115
665 482
1034 935
949 582
949 1010
949 1074
949 744
949 796
949 245
931 215
931 868
353 247
353 857
353 1016
353 1100
353 679
353 1040
353 999
353 289
353 1066
353 184
353 41
912 796
912 277
912 197
912 728
912 618
650 498
1130 990
1130 500
1130 17
1130 296
1130 568
1130 689
1130 863
1130 543
1130 1093
1130 1084
1130 201
1130 19
1130 501
498 721
498 204
498 1129
498 738
498 147
498 455
807 215
807 868
807 1000
807 1115
807 677
807 482
807 286
807 424
807 674
576 73
576 392
576 118
576 628
576 250
576 184
200 205
200 349
990 868
990 1093
596 134
596 986
1117 795
1117 1129
1117 154
1117 201
1117 454
1038 1100
1038 276
1038 971
1038 874
1038 338
112 322
112 822
112 265
112 882
112 378
112 857
112 713
112 1116
112 116
112 1126
112 1100
112 342
112 679
112 460
112 1040
112 340
112 108
112 971
112 184
112 817
112 41
112 783
112 724
112 403
112 338
112 150
112 57
112 1070
112 757
350 1078
350 729
350 205
350 451
350 945
350 367
443 1061
443 861
443 950
443 963
1105 499
339 73
339 506
339 481
339 99
339 896
339 681
339 267
339 553
339 882
339 90
339 857
339 20
339 599
339 430
339 298
339 491
339 356
339 301
339 1051
339 394
339 735
448 247
448 44
829 432
829 134
829 383
829 857
829 564
829 727
829 465
829 41
253 957
253 623
253 745
253 183
253 696
253 1069
432 433
432 564
432 666
134 935
134 326
134 50
134 248
134 697
134 4
134 98
134 741
134 953
134 1096
134 400
134 726
134 123
134 647
134 986
813 231
813 756
318 957
318 278
318 1104
318 1080
957 278
957 579
957 247
957 696
278 247
278 740
278 255
278 843
278 29
278 620
278 670
278 959
782 805
782 427
782 50
782 416
782 1109
782 996
782 1017
782 910
782 906
782 504
782 122
782 527
782 825
782 534
579 564
579 98
579 166
579 820
579 1131
579 269
579 1104
579 389
805 804
805 713
805 996
805 599
805 865
805 910
805 122
322 935
322 139
322 569
322 326
322 994
322 50
322 116
322 884
322 868
322 313
322 566
322 876
322 667
322 232
322 63
322 507
322 418
870 43
870 73
870 49
870 738
779 55
113 43
113 760
113 1001
113 965
113 303
43 73
43 760
43 952
43 966
43 828
43 1100
43 433
43 119
43 490
43 303
43 662
73 966
73 392
73 442
73 47
73 564
73 20
73 119
73 118
73 198
73 55
73 518
760 1001
760 849
760 303
952 966
952 683
952 961
966 393
966 828
1001 1052
1001 873
1001 932
721 442
721 204
721 991
721 1129
721 250
721 181
721 1052
721 738
393 828
247 1061
247 822
247 265
247 1114
247 215
247 267
247 884
247 1016
247 939
247 1040
247 999
247 509
247 290
383 806
383 50
383 288
383 1017
383 986
383 82
1061 265
1061 392
1061 935
1061 267
1061 1016
1061 887
1061 939
1061 999
1061 703
1061 261
1061 63
822 99
822 681
822 882
822 378
822 857
822 713
822 297
822 445
822 342
822 679
822 460
822 999
822 289
822 1099
822 783
822 301
822 394
822 29
822 663
265 1114
265 392
265 239
265 10
265 683
265 99
265 267
265 442
265 1126
265 1016
265 679
265 996
265 166
265 788
265 296
265 423
265 566
265 999
265 451
265 269
265 703
265 104
265 9
265 400
265 196
265 565
265 0
265 743
265 263
502 569
502 994
502 888
502 996
502 742
502 838
502 718
502 270
502 140
502 834
502 1082
1114 1016
1114 566
1114 999
1114 421
1114 60
392 254
392 110
392 959
239 210
239 681
239 116
239 939
239 599
239 84
239 372
239 193
305 569
305 1100
305 634
305 921
305 357
305 1067
935 907
935 808
935 569
935 994
935 159
935 451
935 968
935 568
935 875
935 726
935 637
935 590
935 672
935 880
935 812
935 936
907 569
907 655
907 1065
907 400
907 726
907 1102
907 266
907 937
506 552
506 10
506 1078
506 481
506 896
506 267
506 553
506 378
506 857
506 231
506 38
506 1077
506 108
506 945
506 991
506 332
506 338
506 430
506 298
506 491
506 356
506 735
506 959
506 611
506 299
506 175
545 986
145 47
145 118
145 1036
808 884
808 166
808 296
808 953
808 678
808 703
808 198
808 7
808 1015
808 149
235 427
500 994
500 806
500 778
500 125
500 1096
388 210
388 971
388 196
388 1119
388 919
388 897
388 81
388 691
388 1111
388 619
388 142
388 91
804 798
804 288
804 865
139 655
139 820
139 570
427 56
427 1017
427 1083
427 642
408 994
408 968
408 401
408 623
408 1071
408 325
408 533
408 647
408 0
671 810
671 858
671 876
671 1021
671 962
671 989
671 7
671 934
671 39
671 189
671 396
671 6
673 729
673 636
673 523
673 198
673 991
673 452
673 546
569 210
569 326
569 1065
569 994
569 1078
569 778
569 884
569 402
569 945
569 630
569 156
569 446
569 672
569 126
215 210
215 552
215 17
215 729
215 260
215 38
215 599
215 296
215 868
215 636
215 566
215 961
215 1000
215 1115
215 187
215 677
215 482
215 424
215 543
215 422
215 1058
215 94
215 308
210 378
210 729
210 778
210 297
210 1126
210 205
210 599
210 788
210 999
210 340
210 614
210 971
210 289
210 1099
210 184
210 595
210 540
210 687
210 758
210 29
210 142
210 91
210 836
210 59
552 681
552 38
552 430
552 491
552 735
326 652
326 50
326 248
326 697
326 313
326 79
326 232
326 758
326 934
326 743
326 638
405 315
405 1017
405 504
336 293
336 955
293 47
293 492
293 251
655 547
655 166
655 820
655 153
655 710
828 795
828 455
10 955
1065 652
1065 156
1065 546
1065 638
17 599
17 788
17 296
17 868
17 566
17 316
17 883
17 623
17 367
17 677
17 156
17 424
17 501
17 1121
17 901
17 459
994 652
994 683
994 729
994 884
994 7
994 1087
994 590
994 6
994 638
652 697
652 767
652 546
753 524
753 475
753 1060
753 559
1078 38
1078 84
1078 332
683 50
683 858
683 523
683 783
162 1100
162 413
806 958
888 50
888 416
888 692
888 475
888 814
888 1100
888 219
888 996
888 474
888 742
888 281
888 838
888 61
888 718
888 334
888 559
888 780
888 222
888 715
888 132
888 223
360 1100
360 798
360 288
360 454
360 852
360 212
50 378
50 442
50 958
50 231
50 219
50 858
50 288
50 1021
50 1098
50 1067
50 667
50 651
50 758
50 411
50 544
50 827
414 45
414 294
414 361
481 99
481 896
481 553
481 90
481 22
481 12
99 896
99 681
99 267
99 553
99 882
99 90
99 857
99 231
99 460
99 340
99 289
99 783
99 22
99 298
99 356
896 681
896 267
896 553
896 882
896 90
896 991
896 217
896 22
896 298
896 611
896 486
681 267
681 882
681 90
681 460
681 338
267 553
267 882
267 90
267 857
267 297
267 116
267 999
267 991
267 22
267 251
267 491
267 356
267 735
267 175
553 882
553 90
553 857
553 817
553 22
553 298
553 735
882 90
882 460
882 783
90 289
90 175
268 713
268 1109
268 289
268 361
268 446
268 298
268 94
378 713
378 1126
378 231
378 342
378 679
378 1040
378 340
378 108
378 676
378 1099
378 817
378 41
378 724
378 403
378 294
378 338
378 150
378 57
378 1070
378 757
378 354
442 118
442 1129
442 184
442 147
442 455
442 1106
958 125
958 98
958 1079
958 859
958 100
958 74
958 447
729 523
729 1102
729 1104
729 6
729 985
857 20
857 276
857 460
857 783
857 356
857 301
857 1051
857 394
857 663
857 12
857 730
857 300
857 659
524 1067
524 859
524 411
524 156
524 1102
524 774
713 1126
713 445
713 679
713 166
713 460
713 1040
713 340
713 108
713 1099
713 196
713 540
713 687
713 919
713 724
713 298
713 356
713 1111
713 619
713 94
713 930
713 415
416 814
416 996
416 599
1116 724
1116 691
1116 94
1116 12
778 466
778 80
778 74
778 836
47 104
47 509
204 492
204 795
204 1129
204 1036
204 154
204 1056
204 1106
204 190
260 679
260 1079
260 29
260 237
260 386
692 599
692 451
692 991
692 303
692 222
1109 679
1109 945
1109 1015
1109 705
944 1100
542 297
542 376
542 440
297 376
297 1126
297 1013
297 340
297 783
297 261
297 364
297 748
376 116
376 801
376 184
376 440
376 261
376 843
376 959
116 1126
116 1013
116 342
116 679
116 289
116 1071
116 817
116 41
116 446
116 356
1126 1013
1126 231
1126 342
1126 679
1126 1040
1126 999
1126 817
1126 403
1126 356
1126 299
1126 437
1013 618
1013 340
1013 1127
445 231
445 340
445 971
445 1099
445 817
445 196
445 540
445 1111
231 340
231 971
231 1099
231 338
231 659
205 679
205 745
884 697
884 327
884 88
884 523
884 678
884 198
884 737
884 667
884 1071
884 63
884 418
38 945
38 1046
475 996
475 838
475 758
475 559
125 159
125 820
125 262
125 284
125 225
125 698
1108 969
1108 314
1108 423
1108 703
1108 363
1108 925
1016 999
1016 104
1016 261
814 1060
616 461
616 968
616 703
616 1057
616 1058
616 374
887 7
887 138
248 1074
248 45
248 123
248 74
248 590
1010 1062
1010 277
1010 327
1010 728
1010 1031
1010 965
1010 1087
1010 503
1010 959
1010 106
1010 964
1010 373
1100 219
1100 969
1100 727
1100 999
1100 720
1100 968
1100 401
1100 261
1100 123
1100 338
1100 183
1100 82
1100 483
1100 759
1074 796
1074 51
1074 1053
1074 277
1074 245
342 724
342 356
342 843
342 947
547 281
547 633
547 255
547 670
547 812
547 710
547 246
547 71
939 999
939 623
939 1106
939 193
679 599
679 460
679 618
679 1040
679 340
679 108
679 508
679 623
679 1099
679 817
679 41
679 919
679 724
679 403
679 338
679 150
679 57
679 1070
679 757
679 437
433 187
429 20
564 636
564 340
564 184
564 41
20 421
20 903
257 744
257 849
795 965
795 1129
795 1036
795 154
795 463
795 454
276 744
276 460
276 431
276 745
276 261
276 294
276 1037
798 1048
798 95
798 920
798 198
798 614
798 1021
118 599
118 1095
118 9
118 770
118 55
461 221
461 752
461 861
461 159
461 703
461 419
461 1057
461 374
461 624
209 4
872 862
872 440
95 277
95 327
95 523
95 667
95 8
95 993
95 39
95 304
697 810
697 4
697 313
697 1021
697 737
697 962
697 989
697 1079
697 667
697 722
697 367
697 418
697 170
697 155
697 815
512 159
512 703
512 623
219 797
219 991
219 622
219 921
219 1023
219 800
219 65
219 35
219 168
219 72
219 413
219 93
219 133
219 208
219 32
219 591
810 313
810 1021
810 962
810 7
4 726
4 123
4 170
996 599
996 140
98 79
98 921
98 401
98 232
98 74
98 483
98 548
98 121
862 747
862 80
862 74
862 824
862 985
862 146
862 904
862 30
969 111
969 752
969 159
969 314
969 600
969 423
969 351
969 968
969 703
969 1063
969 925
969 263
969 698
969 759
969 115
969 603
969 878
969 784
969 902
969 14
969 853
969 867
920 401
530 157
530 705
530 170
530 211
797 921
797 168
797 72
797 791
797 905
797 133
797 32
797 469
495 451
495 1055
166 820
166 678
166 357
166 1017
166 504
166 840
166 850
858 599
858 788
858 678
858 1021
858 962
858 7
858 934
858 488
858 330
858 396
858 155
599 296
599 340
599 269
599 945
599 615
599 993
599 389
599 812
599 901
599 739
599 592
788 277
788 636
788 315
788 270
788 993
111 423
111 451
111 1063
111 363
111 925
111 899
955 97
221 1064
221 968
221 771
221 963
221 624
221 115
221 391
1062 333
1062 796
1062 728
1062 1063
1062 0
752 1064
752 314
752 936
752 698
752 374
752 115
752 397
894 703
756 333
756 1004
756 968
756 703
756 963
756 1058
756 1112
333 1064
333 883
333 499
333 1093
333 1058
333 374
333 1112
1004 600
1004 968
1004 703
1004 722
1004 187
1004 520
1004 771
1004 950
1004 420
1004 763
861 963
861 503
861 698
1064 159
1064 314
1064 600
1064 1097
1064 51
1064 1053
1064 555
1064 703
1064 754
1064 771
1064 477
1064 698
1064 304
1064 878
1064 391
1064 27
1064 178
1064 62
1064 53
159 314
159 678
159 703
159 771
159 0
159 556
159 698
159 902
796 728
796 245
796 262
314 423
314 568
314 1063
314 925
314 263
314 698
314 115
314 784
314 397
600 703
600 1063
600 853
600 1044
600 589
296 868
296 883
296 1092
296 482
296 543
296 19
296 167
244 1097
1097 51
1097 965
1097 555
1097 754
1097 401
1097 178
868 1000
868 1092
868 482
868 463
868 543
868 1093
868 19
868 535
220 447
51 754
51 178
471 1053
471 747
471 775
471 447
471 792
1053 80
1053 483
1053 900
277 197
277 327
277 728
277 924
277 431
277 876
277 754
277 783
636 678
636 357
636 274
636 7
636 157
636 133
84 402
84 945
84 648
460 678
460 340
460 1099
460 817
460 783
460 361
460 356
460 301
460 394
460 663
460 730
460 496
402 945
402 332
402 1022
197 1031
197 513
327 1031
327 965
327 618
327 876
327 754
327 298
327 691
327 964
728 1031
728 131
728 754
728 906
728 284
1031 315
1031 910
1031 496
1077 1036
1077 261
1077 294
1077 361
1077 1037
1077 430
1077 735
1077 843
1077 959
1077 748
1077 335
423 703
423 1063
423 363
423 925
423 899
613 695
313 1094
25 566
25 250
25 1095
25 49
25 1039
25 399
25 993
315 182
315 991
315 1017
315 504
315 121
555 754
820 585
820 720
820 102
820 504
820 633
820 987
438 991
1131 182
1131 269
1131 1104
1131 389
1131 976
585 678
585 504
585 633
182 269
182 1080
639 39
323 986
566 962
566 539
566 623
566 1071
566 68
566 975
351 838
351 1063
88 731
523 39
523 449
953 678
953 170
1040 340
1040 184
1040 817
1040 41
1040 724
1040 361
1040 57
1040 757
999 269
999 509
999 587
999 623
999 771
999 464
999 899
451 509
451 9
451 771
451 464
720 1118
720 987
720 1076
678 1096
678 703
678 198
678 7
678 504
678 419
678 68
678 1122
1096 504
340 108
340 971
340 184
340 817
340 41
340 783
340 724
340 403
340 338
340 150
340 57
340 1070
340 757
199 198
199 722
199 144
199 871
199 717
968 703
968 568
968 771
968 1057
968 963
968 503
968 477
968 637
968 624
968 1132
740 250
740 623
740 261
740 361
740 1037
740 255
740 170
740 128
224 945
1025 945
1025 630
1025 464
269 1104
269 1080
269 389
269 976
983 1022
654 685
960 255
960 1104
960 389
960 976
960 891
960 794
876 198
876 991
876 1021
876 962
876 7
876 1015
876 934
703 991
703 7
703 771
703 309
703 363
703 1057
703 925
703 963
703 503
703 477
703 1058
703 698
703 374
703 853
568 419
568 1057
568 420
462 525
462 454
198 622
198 989
198 7
198 546
198 717
1118 409
108 181
108 817
108 724
108 403
108 150
108 57
108 1070
108 757
466 838
466 45
466 836
466 985
945 46
945 1046
991 921
991 1023
991 865
991 989
991 45
991 1115
991 560
991 499
991 787
991 491
991 406
991 660
991 324
991 940
991 505
767 647
509 1066
750 1063
1129 154
1129 738
1129 463
288 722
288 1015
288 187
288 747
288 520
288 659
614 357
614 874
634 850
634 693
1021 962
1021 453
1021 989
1021 7
1021 623
1021 934
1021 488
1021 8
1021 330
1021 189
1021 396
1021 6
1021 546
1021 1072
551 667
971 289
971 1099
971 783
971 196
971 595
971 687
971 919
971 724
971 897
971 142
971 91
971 59
289 1099
289 184
289 817
289 196
289 595
289 1119
289 142
250 1095
250 181
250 421
250 184
250 394
250 675
217 770
217 540
217 436
217 21
1095 49
1095 1039
1095 399
1095 1098
1095 770
181 184
895 242
895 455
86 622
622 921
622 800
622 35
622 962
622 93
622 560
622 1022
622 1082
622 6
622 739
622 1132
622 866
49 399
49 738
49 455
1039 184
1039 242
1039 901
399 167
1055 65
1055 35
921 800
921 61
921 1022
921 709
1023 800
474 559
754 178
742 718
742 834
742 930
1060 559
281 838
281 633
281 780
281 485
281 890
865 772
865 483
838 140
838 222
838 930
838 833
838 417
838 1050
838 567
838 426
627 30
772 747
772 1124
587 252
800 107
65 35
65 32
168 133
72 1015
164 508
1052 849
1052 640
61 559
676 783
676 446
718 559
718 834
718 715
718 930
718 485
508 107
508 591
357 1015
9 160
9 274
9 218
9 801
160 274
274 218
206 349
206 455
206 331
1098 770
1098 346
615 7
615 1127
615 349
421 97
421 1036
421 261
648 511
241 144
962 989
962 7
962 934
962 488
962 8
989 934
989 6
1079 1067
1079 859
1079 916
1079 1102
1079 447
400 937
400 190
400 716
400 598
400 549
45 144
7 886
7 1015
7 934
7 8
7 638
7 871
1067 413
1067 859
1067 557
1067 774
1067 426
667 560
722 187
722 520
722 186
886 1107
64 705
1000 482
1000 674
1115 372
1115 993
1115 229
883 482
883 1093
883 535
539 830
623 490
623 1036
623 226
623 413
623 483
623 624
623 406
367 338
1092 482
187 520
187 144
187 827
490 338
677 511
482 348
770 97
770 455
303 261
303 243
1036 243
1036 532
1036 954
154 463
154 501
154 190
154 1027
747 74
80 74
80 329
226 349
413 261
1071 374
1071 981
520 284
520 950
520 225
520 420
520 763
520 53
520 319
232 916
232 144
232 546
232 155
771 419
771 963
771 391
771 420
771 319
46 464
46 967
46 725
46 1046
1017 565
1017 1069
1017 496
910 122
700 237
700 577
560 39
906 1086
489 959
823 107
1099 595
1099 1119
1099 687
1099 897
1099 81
1099 142
1099 91
1099 94
1099 415
1099 658
184 817
184 41
184 783
184 331
184 1056
817 41
817 724
817 403
817 150
817 57
817 1070
817 757
817 354
472 440
472 12
472 748
472 947
41 446
783 724
783 142
783 730
783 300
783 659
440 544
440 748
440 947
334 133
332 299
982 76
242 901
196 1119
196 919
196 619
196 142
595 540
595 1119
595 919
595 349
595 142
540 1119
540 919
540 897
540 142
1119 919
1119 142
919 897
919 436
758 559
411 557
557 1086
724 261
724 403
724 150
724 57
724 1070
724 757
1063 363
1063 925
1063 115
1063 14
1063 853
1063 867
1063 589
1063 307
726 672
726 937
775 792
504 122
504 633
504 987
504 584
690 905
114 562
934 488
934 6
488 330
488 827
488 1072
1094 6
1094 1103
8 330
1127 12
905 735
261 294
261 361
261 1037
261 338
738 455
349 455
22 150
22 298
22 491
22 394
22 611
403 150
403 57
403 1070
403 757
76 71
76 406
76 324
76 485
76 238
617 294
122 1080
122 794
604 60
1106 185
980 561
363 925
363 784
363 899
363 981
294 361
294 1037
499 1058
499 1112
1086 1102
365 916
419 554
419 950
419 963
157 705
330 396
330 6
330 1076
369 144
633 987
1057 503
1057 0
1057 397
1057 497
951 1132
68 12
361 1037
361 959
1037 558
993 446
993 155
993 1059
993 467
993 42
286 424
286 674
74 985
950 391
950 763
950 53
950 319
925 899
925 589
925 319
963 391
963 1112
963 53
963 319
144 590
1124 477
709 503
709 477
709 556
709 140
709 163
446 120
255 670
255 710
255 71
565 237
565 386
565 496
869 12
869 120
503 477
503 0
503 163
477 163
0 556
0 391
0 420
0 259
543 479
19 1027
338 973
150 57
150 1070
150 757
57 1070
57 757
1070 757
430 491
430 735
430 611
298 354
298 195
491 735
491 670
1051 394
1051 663
1051 12
1051 730
1051 300
1051 659
1051 815
394 663
394 12
394 730
394 659
735 834
735 611
183 928
696 1069
1069 1076
1104 389
1104 794
843 959
843 335
670 534
670 246
670 71
670 406
670 324
959 748
959 947
825 71
825 406
825 324
825 485
825 238
389 976
389 891
389 794
82 626
663 730
663 659
743 186
263 759
140 784
834 930
637 1132
672 765
880 815
880 275
812 710
812 71
937 190
937 716
897 81
897 91
81 691
691 94
39 396
546 638
1058 698
1058 374
1058 1112
94 415
94 128
94 658
836 264
222 833
222 426
12 730
12 659
447 908
985 660
730 659
730 789
190 716
237 496
386 496
705 170
748 947
698 374
698 853
698 53
698 163
138 908
106 287
483 900
483 92
246 71
246 406
246 324
246 238
71 406
71 324
71 940
71 238
170 522
146 30
146 660
30 660
784 974
902 981
853 589
739 324
739 485
391 420
391 763
391 53
391 319
763 53
763 319
53 319
589 163
987 473
794 238
406 324
406 940
406 485
406 238
324 940
324 485
324 238
940 238
1072 536
485 890
833 426
833 609
716 578
598 549
329 918
319 163
918 918
