0 491
1 414
2 9
3 904
4 438
5 732
6 1064
7 1001
8 623
9 593
10 702
11 524
12 641
13 305
14 984
15 1050
16 852
17 1020
18 862
19 825
20 180
21 797
22 340
23 263
24 945
25 458
26 200
27 447
28 575
29 1013
30 390
31 1087
32 635
33 526
34 749
35 697
36 96
37 884
38 1073
39 2
40 269
41 695
42 611
43 1056
44 671
45 793
46 207
47 512
48 731
49 518
50 387
51 120
52 134
53 925
54 595
55 84
56 920
57 708
58 320
59 733
60 80
61 578
62 476
63 34
64 559
65 427
66 801
67 123
68 650
69 1120
70 806
71 942
72 268
73 991
74 338
75 274
76 870
77 513
78 420
79 391
80 91
81 479
82 594
83 670
84 946
85 976
86 585
87 388
88 144
89 927
90 951
91 1070
92 309
93 1130
94 371
95 789
96 1119
97 699
98 772
99 999
100 135
101 257
102 881
103 150
104 922
105 472
106 1019
107 613
108 992
109 1091
110 572
111 803
112 965
113 1078
114 652
115 888
116 866
117 54
118 510
119 459
120 122
121 727
122 615
123 8
124 1007
125 378
126 243
127 303
128 906
129 997
130 863
131 514
132 462
133 839
134 322
135 321
136 849
137 194
138 424
139 101
140 254
141 251
142 769
143 967
144 143
145 133
146 136
147 962
148 55
149 1036
150 89
151 838
152 419
153 941
154 1081
155 328
156 754
157 1045
158 846
159 11
160 59
161 26
162 415
163 164
164 995
165 601
166 914
167 669
168 225
169 1098
170 768
171 622
172 738
173 453
174 430
175 583
176 638
177 330
178 252
179 324
180 353
181 932
182 422
183 289
184 78
185 93
186 659
187 186
188 918
189 993
190 82
191 73
192 384
193 794
194 1002
195 1066
196 151
197 193
198 1024
199 506
200 781
201 1102
202 1051
203 819
204 969
205 606
206 859
207 898
208 102
209 329
210 27
211 176
212 684
213 375
214 663
215 168
216 939
217 712
218 1005
219 293
220 276
221 530
222 746
223 735
224 258
225 35
226 291
227 366
228 787
229 44
230 758
231 913
232 871
233 977
234 487
235 154
236 273
237 972
238 1010
239 563
240 227
241 231
242 1117
243 1123
244 92
245 421
246 0
247 902
248 56
249 542
250 935
251 588
252 1021
253 1124
254 445
255 15
256 1077
257 1106
258 778
259 437
260 661
261 132
262 523
263 674
264 658
265 374
266 1103
267 1085
268 987
269 105
270 368
271 70
272 747
273 146
274 561
275 619
276 286
277 363
278 1107
279 370
280 290
281 790
282 1113
283 996
284 174
285 177
286 142
287 348
288 706
289 851
290 497
291 229
292 844
293 204
294 764
295 736
296 75
297 1086
298 534
299 564
300 553
301 312
302 1037
303 963
304 573
305 657
306 919
307 264
308 266
309 557
310 783
311 1017
312 796
313 319
314 408
315 86
316 284
317 775
318 621
319 433
320 145
321 678
322 191
323 636
324 67
325 1082
326 640
327 1072
328 1039
329 256
330 586
331 155
332 961
333 471
334 267
335 820
336 911
337 42
338 1062
339 99
340 693
341 488
342 426
343 295
344 829
345 249
346 147
347 432
348 235
349 331
350 957
351 533
352 131
353 202
354 37
355 605
356 272
357 821
358 612
359 485
360 868
361 646
362 6
363 233
364 188
365 364
366 940
367 842
368 858
369 40
370 95
371 141
372 278
373 318
374 1116
375 705
376 936
377 639
378 3
379 1011
380 4
381 1093
382 743
383 13
384 887
385 785
386 302
387 817
388 1096
389 660
390 521
391 337
392 545
393 776
394 503
395 777
396 688
397 393
398 694
399 1061
400 352
401 795
402 832
403 1063
404 1055
405 20
406 382
407 219
408 535
409 917
410 528
411 569
412 83
413 531
414 527
415 673
416 994
417 840
418 740
419 598
420 271
421 288
422 1090
423 224
424 968
425 1041
426 45
427 923
428 140
429 608
430 1023
431 853
432 1105
433 570
434 311
435 568
436 958
437 725
438 489
439 546
440 603
441 401
442 848
443 607
444 1059
445 94
446 163
447 402
448 369
449 1122
450 298
451 17
452 753
453 604
454 440
455 966
456 228
457 377
458 425
459 737
460 805
461 809
462 108
463 21
464 759
465 830
466 509
467 383
468 332
469 867
470 964
471 648
472 689
473 1084
474 1033
475 66
476 726
477 478
478 5
479 618
480 873
481 281
482 128
483 359
484 116
485 896
486 241
487 599
488 170
489 345
490 700
491 529
492 372
493 234
494 492
495 804
496 690
497 762
498 397
499 1000
500 350
501 892
502 1006
503 519
504 461
505 711
506 39
507 537
508 63
509 87
510 728
511 828
512 679
513 178
514 365
515 554
516 239
517 23
518 418
519 470
520 215
521 25
522 924
523 448
524 49
525 72
526 662
527 755
528 443
529 933
530 701
531 24
532 354
533 1026
534 317
535 912
536 64
537 929
538 380
539 823
540 502
541 883
542 959
543 714
544 1071
545 463
546 878
547 507
548 226
549 165
550 334
551 696
552 1112
553 916
554 565
555 449
556 985
557 609
558 1067
559 949
560 442
561 649
562 339
563 1115
564 124
565 1132
566 579
567 981
568 742
569 1127
570 474
571 344
572 1047
573 719
574 327
575 1108
576 450
577 685
578 444
579 810
580 647
581 681
582 213
583 1131
584 428
585 698
586 1009
587 50
588 161
589 651
590 770
591 808
592 522
593 494
594 982
595 1004
596 903
597 301
598 97
599 617
600 211
601 283
602 245
603 771
604 1038
605 162
606 1075
607 255
608 467
609 403
610 551
611 181
612 1054
613 100
614 113
615 217
616 774
617 1044
618 624
619 558
620 126
621 205
622 195
623 1031
624 891
625 242
626 589
627 1052
628 975
629 782
630 596
631 468
632 261
633 172
634 571
635 14
636 336
637 715
638 897
639 61
640 12
641 763
642 473
643 1025
644 901
645 741
646 792
647 633
648 297
649 552
650 446
651 799
652 780
653 1079
654 203
655 956
656 1109
657 232
658 98
659 905
660 46
661 850
662 104
663 201
664 107
665 723
666 466
667 51
668 841
669 978
670 680
671 260
672 221
673 1042
674 1069
675 457
676 644
677 938
678 504
679 125
680 824
681 847
682 748
683 798
684 720
685 718
686 183
687 275
688 106
689 76
690 707
691 845
692 1092
693 127
694 836
695 854
696 627
697 654
698 182
699 710
700 547
701 30
702 686
703 952
704 1094
705 349
706 560
707 752
708 236
709 79
710 265
711 18
712 989
713 469
714 138
715 1029
716 220
717 786
718 834
719 756
720 665
721 129
722 152
723 802
724 1043
725 813
726 71
727 980
728 550
729 210
730 541
731 287
732 998
733 1027
734 815
735 1060
736 356
737 779
738 1048
739 953
740 389
741 827
742 532
743 567
744 1083
745 643
746 157
747 1028
748 915
749 326
750 185
751 456
752 477
753 292
754 576
755 394
756 41
757 934
758 1095
759 908
760 240
761 43
762 988
763 404
764 399
765 296
766 807
767 409
768 29
769 577
770 196
771 676
772 166
773 666
774 435
775 482
776 294
777 31
778 1046
779 831
780 722
781 190
782 926
783 1074
784 361
785 767
786 974
787 979
788 629
789 500
790 417
791 505
792 270
793 818
794 1008
795 1012
796 407
797 341
798 899
799 358
800 179
801 441
802 931
803 822
804 895
805 431
806 333
807 511
808 860
809 259
810 773
811 549
812 486
813 313
814 250
815 197
816 53
817 885
818 1057
819 88
820 1022
821 875
822 869
823 118
824 499
825 1110
826 835
827 1068
828 861
829 1080
830 216
831 734
832 543
833 1111
834 811
835 436
836 620
837 423
838 244
839 1089
840 562
841 616
842 730
843 812
844 406
845 716
846 112
847 971
848 515
849 760
850 395
851 429
852 439
853 413
854 156
855 223
856 490
857 109
858 335
859 880
860 28
861 316
862 300
863 410
864 539
865 498
866 315
867 121
868 591
869 930
870 788
871 757
872 750
873 682
874 139
875 909
876 893
877 475
878 894
879 189
880 948
881 400
882 47
883 299
884 1049
885 653
886 343
887 10
888 761
889 986
890 325
891 416
892 517
893 645
894 857
895 590
896 192
897 247
898 434
899 709
900 464
901 947
902 280
903 198
904 630
905 1
906 713
907 452
908 1058
909 592
910 137
911 323
912 816
913 238
914 277
915 1053
916 62
917 454
918 973
919 856
920 540
921 1015
922 677
923 837
924 158
925 148
926 721
927 52
928 548
929 209
930 501
931 943
932 460
933 306
934 115
935 285
936 877
937 85
938 628
939 208
940 625
941 65
942 114
943 1014
944 1076
945 171
946 214
947 175
948 983
949 465
950 351
951 246
952 886
953 1099
954 480
955 876
956 33
957 882
958 495
959 655
960 843
961 342
962 405
963 833
964 385
965 538
966 687
967 1129
968 262
969 60
970 187
971 396
972 602
973 656
974 7
975 386
976 381
977 222
978 692
979 392
980 1104
981 130
982 626
983 910
984 950
985 944
986 110
987 739
988 237
989 32
990 1040
991 16
992 22
993 169
994 57
995 955
996 724
997 484
998 667
999 865
1000 672
1001 451
1002 253
1003 826
1004 890
1005 103
1006 872
1007 159
1008 784
1009 1128
1010 921
1011 483
1012 111
1013 960
1014 954
1015 907
1016 970
1017 791
1018 634
1019 879
1020 218
1021 1034
1022 751
1023 704
1024 279
1025 582
1026 493
1027 117
1028 525
1029 574
1030 48
1031 1035
1032 77
1033 990
1034 864
1035 536
1036 610
1037 580
1038 357
1039 766
1040 360
1041 308
1042 376
1043 800
1044 412
1045 119
1046 347
1047 36
1048 928
1049 683
1050 455
1051 729
1052 398
1053 58
1054 74
1055 637
1056 167
1057 310
1058 745
1059 584
1060 314
1061 304
1062 600
1063 1114
1064 1100
1065 160
1066 19
1067 1016
1068 814
1069 346
1070 889
1071 508
1072 1032
1073 675
1074 206
1075 90
1076 581
1077 855
1078 1125
1079 1126
1080 496
1081 153
1082 38
1083 355
1084 556
1085 149
1086 874
1087 230
1088 69
1089 520
1090 1101
1091 544
1092 1088
1093 212
1094 668
1095 481
1096 664
1097 1018
1098 199
1099 1003
1100 555
1101 614
1102 587
1103 691
1104 900
1105 1065
1106 362
1107 632
1108 373
1109 173
1110 411
1111 81
1112 765
1113 703
1114 1118
1115 566
1116 744
1117 937
1118 68
1119 248
1120 1030
1121 597
1122 642
1123 1121
1124 379
1125 1097
1126 307
1127 367
1128 282
1129 516
1130 184
1131 717
1132 631
