0 34
1 898
2 538
3 578
4 266
5 566
6 576
7 673
8 926
9 1102
10 625
11 642
12 435
13 1096
14 644
15 515
16 473
17 977
18 668
19 110
20 522
21 0
22 974
23 691
24 444
25 803
26 789
27 660
28 76
29 501
30 379
31 921
32 734
33 159
34 209
35 707
36 683
37 139
38 254
39 219
40 148
41 338
42 1071
43 381
44 760
45 869
46 717
47 699
48 58
49 790
50 258
51 492
52 1001
53 910
54 54
55 1009
56 529
57 1083
58 151
59 810
60 384
61 671
62 75
63 200
64 486
65 310
66 217
67 1119
68 518
69 249
70 326
71 1057
72 701
73 1031
74 156
75 861
76 399
77 56
78 1062
79 553
80 1016
81 786
82 945
83 385
84 653
85 215
86 119
87 658
88 824
89 574
90 963
91 1074
92 243
93 970
94 536
95 169
96 61
97 26
98 470
99 331
100 635
101 27
102 1105
103 581
104 584
105 1103
106 1045
107 835
108 1038
109 324
110 563
111 466
112 900
113 934
114 711
115 1050
116 655
117 446
118 288
119 678
120 773
121 1023
122 622
123 404
124 1055
125 542
126 295
127 747
128 948
129 495
130 551
131 227
132 1129
133 1076
134 47
135 922
136 33
137 363
138 787
139 866
140 440
141 503
142 509
143 646
144 924
145 532
146 941
147 985
148 588
149 856
150 891
151 947
152 72
153 875
154 293
155 1032
156 903
157 1008
158 218
159 344
160 73
161 79
162 348
163 339
164 260
165 483
166 421
167 953
168 577
169 199
170 514
171 488
172 570
173 556
174 1116
175 840
176 74
177 994
178 1014
179 978
180 129
181 894
182 867
183 390
184 728
185 841
186 716
187 45
188 965
189 554
190 252
191 946
192 919
193 441
194 203
195 1123
196 342
197 626
198 694
199 535
200 392
201 250
202 1024
203 106
204 767
205 940
206 831
207 745
208 201
209 90
210 848
211 463
212 713
213 750
214 608
215 967
216 111
217 323
218 370
219 937
220 638
221 823
222 731
223 480
224 643
225 383
226 43
227 44
228 721
229 661
230 25
231 603
232 837
233 801
234 322
235 1058
236 1112
237 393
238 1104
239 12
240 915
241 120
242 1085
243 685
244 911
245 633
246 634
247 774
248 1054
249 286
250 805
251 952
252 812
253 230
254 38
255 762
256 601
257 208
258 562
259 607
260 332
261 808
262 1099
263 176
264 23
265 317
266 583
267 737
268 804
269 345
270 128
271 180
272 555
273 689
274 340
275 321
276 301
277 236
278 101
279 892
280 270
281 902
282 290
283 670
284 1092
285 117
286 859
287 893
288 5
289 406
290 182
291 1065
292 329
293 679
294 818
295 1000
296 958
297 795
298 411
299 904
300 755
301 280
302 548
303 40
304 897
305 233
306 88
307 814
308 425
309 586
310 610
311 369
312 618
313 245
314 836
315 697
316 51
317 193
318 751
319 374
320 980
321 1108
322 525
323 131
324 346
325 766
326 29
327 1114
328 1091
329 1117
330 426
331 749
332 927
333 475
334 779
335 1081
336 498
337 882
338 496
339 620
340 530
341 664
342 764
343 534
344 1101
345 386
346 550
347 420
348 819
349 657
350 395
351 232
352 1113
353 505
354 821
355 1025
356 877
357 784
358 772
359 403
360 428
361 912
362 733
363 397
364 942
365 8
366 42
367 356
368 976
369 238
370 860
371 759
372 935
373 16
374 539
375 9
376 267
377 284
378 89
379 567
380 136
381 98
382 757
383 726
384 417
385 281
386 327
387 1037
388 740
389 730
390 785
391 987
392 205
393 1060
394 846
395 602
396 378
397 135
398 552
399 453
400 782
401 3
402 748
403 811
404 179
405 881
406 235
407 852
408 568
409 14
410 1066
411 360
412 67
413 769
414 210
415 1034
416 355
417 1003
418 150
419 702
420 1110
421 1040
422 314
423 465
424 352
425 930
426 142
427 709
428 815
429 240
430 546
431 422
432 1111
433 283
434 262
435 604
436 557
437 688
438 712
439 274
440 277
441 938
442 454
443 311
444 863
445 357
446 424
447 916
448 1087
449 439
450 418
451 499
452 631
453 1079
454 834
455 476
456 455
457 1106
458 579
459 735
460 632
461 336
462 983
463 100
464 768
465 302
466 409
467 471
468 52
469 1122
470 662
471 954
472 761
473 167
474 364
475 413
476 850
477 198
478 820
479 490
480 269
481 889
482 375
483 297
484 366
485 917
486 549
487 423
488 1035
489 667
490 221
491 1027
492 865
493 263
494 669
495 1125
496 807
497 144
498 478
499 95
500 448
501 1036
502 147
503 1052
504 507
505 589
506 1039
507 600
508 853
509 918
510 216
511 212
512 827
513 325
514 80
515 641
516 46
517 624
518 500
519 125
520 920
521 1046
522 744
523 886
524 722
525 1061
526 580
527 680
528 1010
529 521
530 239
531 145
532 973
533 813
534 1048
535 461
536 350
537 294
538 184
539 382
540 858
541 788
542 650
543 433
544 251
545 1022
546 677
547 822
548 299
549 1128
550 727
551 401
552 649
553 481
554 53
555 451
556 107
557 817
558 464
559 484
560 513
561 593
562 599
563 84
564 1059
565 682
566 20
567 248
568 628
569 719
570 190
571 1063
572 908
573 188
574 842
575 925
576 541
577 157
578 517
579 146
580 19
581 899
582 533
583 793
584 960
585 405
586 1075
587 10
588 330
589 349
590 1098
591 256
592 320
593 964
594 341
595 510
596 559
597 720
598 328
599 414
600 255
601 1007
602 878
603 1077
604 594
605 526
606 102
607 724
608 493
609 587
610 504
611 39
612 512
613 825
614 984
615 49
616 365
617 1053
618 944
619 11
620 70
621 351
622 637
623 130
624 92
625 828
626 462
627 956
628 778
629 746
630 619
631 982
632 972
633 741
634 459
635 652
636 1097
637 725
638 1121
639 674
640 83
641 491
642 264
643 854
644 353
645 564
646 123
647 896
648 781
649 928
650 1049
651 437
652 292
653 742
654 648
655 531
656 389
657 609
658 780
659 171
660 585
661 614
662 830
663 569
664 718
665 1042
666 398
667 87
668 565
669 560
670 1090
671 430
672 276
673 851
674 371
675 99
676 138
677 253
678 163
679 172
680 855
681 354
682 261
683 1127
684 706
685 993
686 427
687 408
688 112
689 1004
690 272
691 192
692 771
693 141
694 394
695 358
696 48
697 268
698 913
699 479
700 347
701 527
702 160
703 66
704 298
705 1033
706 932
707 870
708 450
709 838
710 196
711 7
712 376
713 1094
714 623
715 1020
716 402
717 104
718 114
719 206
720 627
721 796
722 923
723 307
724 13
725 800
726 279
727 170
728 449
729 195
730 606
731 133
732 791
733 736
734 204
735 396
736 278
737 806
738 879
739 605
740 992
741 888
742 229
743 24
744 616
745 659
746 1019
747 17
748 832
749 849
750 612
751 997
752 629
753 77
754 68
755 839
756 316
757 36
758 333
759 1100
760 468
761 591
762 318
763 770
764 868
765 165
766 63
767 177
768 319
769 132
770 999
771 497
772 545
773 62
774 387
775 936
776 981
777 438
778 561
779 224
780 544
781 524
782 969
783 1005
784 60
785 362
786 191
787 617
788 895
789 410
790 289
791 214
792 1043
793 695
794 558
795 487
796 306
797 153
798 991
799 693
800 183
801 108
802 864
803 285
804 2
805 829
806 571
807 429
808 975
809 698
810 687
811 257
812 372
813 259
814 32
815 164
816 783
817 857
818 4
819 943
820 458
821 663
822 754
823 714
824 708
825 1078
826 225
827 155
828 950
829 127
830 1115
831 37
832 715
833 540
834 300
835 86
836 305
837 434
838 122
839 166
840 816
841 1118
842 174
843 1089
844 494
845 57
846 1017
847 81
848 752
849 22
850 962
851 966
852 905
853 775
854 684
855 636
856 186
857 765
858 996
859 1086
860 1056
861 308
862 407
863 41
864 291
865 909
866 1
867 979
868 244
869 710
870 1029
871 1026
872 723
873 957
874 1011
875 732
876 126
877 309
878 508
879 452
880 388
881 690
882 876
883 30
884 116
885 738
886 65
887 995
888 18
889 598
890 419
891 241
892 901
893 220
894 907
895 884
896 103
897 914
898 1069
899 189
900 149
901 880
902 460
903 377
904 247
905 1002
906 447
907 416
908 647
909 118
910 704
911 168
912 222
913 105
914 1072
915 798
916 474
917 400
918 519
919 152
920 71
921 955
922 6
923 415
924 1013
925 700
926 69
927 337
928 1068
929 436
930 739
931 64
932 1028
933 873
934 843
935 315
936 173
937 35
938 21
939 613
940 1030
941 931
942 1107
943 802
944 681
945 485
946 334
947 968
948 988
949 989
950 506
951 162
952 467
953 359
954 929
955 703
956 887
957 1021
958 1084
959 990
960 862
961 792
962 971
963 304
964 672
965 874
966 582
967 523
968 528
969 516
970 654
971 124
972 96
973 776
974 1131
975 178
976 596
977 275
978 949
979 335
980 226
981 597
982 871
983 651
984 85
985 343
986 743
987 939
988 457
989 271
990 1051
991 1126
992 885
993 639
994 202
995 28
996 933
997 115
998 763
999 367
1000 181
1001 777
1002 246
1003 592
1004 847
1005 621
1006 665
1007 961
1008 1082
1009 228
1010 380
1011 456
1012 477
1013 705
1014 502
1015 78
1016 1088
1017 758
1018 412
1019 797
1020 615
1021 15
1022 676
1023 187
1024 809
1025 906
1026 313
1027 121
1028 951
1029 194
1030 890
1031 675
1032 1041
1033 31
1034 537
1035 595
1036 312
1037 55
1038 93
1039 432
1040 1120
1041 1130
1042 692
1043 1124
1044 590
1045 1095
1046 213
1047 175
1048 833
1049 1132
1050 361
1051 799
1052 472
1053 756
1054 1044
1055 296
1056 1012
1057 844
1058 140
1059 443
1060 91
1061 489
1062 729
1063 161
1064 113
1065 511
1066 303
1067 1006
1068 59
1069 207
1070 573
1071 666
1072 986
1073 469
1074 753
1075 109
1076 82
1077 1093
1078 158
1079 1080
1080 1067
1081 94
1082 211
1083 686
1084 998
1085 97
1086 696
1087 872
1088 237
1089 431
1090 611
1091 391
1092 442
1093 572
1094 1018
1095 656
1096 959
1097 50
1098 234
1099 1047
1100 368
1101 231
1102 185
1103 287
1104 1073
1105 1064
1106 520
1107 137
1108 630
1109 265
1110 242
1111 794
1112 445
1113 883
1114 154
1115 134
1116 282
1117 575
1118 826
1119 373
1120 197
1121 273
1122 1109
1123 223
1124 547
1125 482
1126 143
1127 845
1128 1070
1129 1015
1130 640
1131 645
1132 543
