0 444
1 398
2 973
3 909
4 487
5 1058
6 716
7 621
8 848
9 793
10 877
11 682
12 935
13 514
14 324
15 1034
16 626
17 259
18 501
19 933
20 619
21 432
22 413
23 229
24 78
25 606
26 204
27 825
28 99
29 910
30 914
31 994
32 1094
33 620
34 728
35 348
36 394
37 862
38 502
39 722
40 485
41 184
42 971
43 567
44 401
45 950
46 7
47 197
48 953
49 829
50 63
51 800
52 648
53 221
54 159
55 448
56 166
57 807
58 257
59 559
60 418
61 858
62 251
63 1114
64 645
65 549
66 316
67 585
68 111
69 223
70 902
71 362
72 898
73 16
74 82
75 876
76 556
77 752
78 191
79 575
80 46
81 424
82 1130
83 263
84 1015
85 428
86 356
87 866
88 330
89 849
90 1055
91 714
92 857
93 673
94 892
95 410
96 246
97 504
98 1100
99 748
100 201
101 544
102 1088
103 243
104 623
105 679
106 990
107 206
108 963
109 1075
110 100
111 821
112 277
113 345
114 927
115 103
116 282
117 152
118 899
119 80
120 377
121 272
122 292
123 90
124 720
125 1097
126 841
127 936
128 527
129 516
130 271
131 1115
132 1116
133 200
134 371
135 672
136 198
137 993
138 1087
139 659
140 1000
141 4
142 762
143 8
144 388
145 852
146 416
147 642
148 447
149 1028
150 463
151 691
152 1066
153 751
154 297
155 196
156 374
157 395
158 64
159 49
160 404
161 123
162 1090
163 454
164 214
165 325
166 867
167 970
168 303
169 710
170 885
171 563
172 509
173 180
174 445
175 730
176 92
177 856
178 366
179 964
180 943
181 880
182 135
183 352
184 382
185 774
186 731
187 124
188 566
189 209
190 661
191 1082
192 868
193 928
194 590
195 45
196 996
197 826
198 746
199 294
200 286
201 95
202 1127
203 919
204 604
205 554
206 833
207 709
208 435
209 378
210 792
211 77
212 796
213 986
214 574
215 521
216 295
217 624
218 631
219 767
220 96
221 1051
222 414
223 175
224 309
225 25
226 683
227 954
228 822
229 83
230 717
231 1072
232 698
233 985
234 1048
235 402
236 808
237 258
238 174
239 79
240 130
241 52
242 340
243 239
244 930
245 112
246 831
247 917
248 873
249 17
250 472
251 89
252 1124
253 817
254 493
255 253
256 86
257 980
258 290
259 341
260 310
261 1111
262 375
263 543
264 386
265 249
266 582
267 281
268 609
269 736
270 735
271 834
272 907
273 1091
274 298
275 959
276 666
277 1120
278 627
279 843
280 782
281 62
282 553
283 122
284 966
285 21
286 1057
287 216
288 354
289 584
290 227
291 758
292 945
293 484
294 139
295 85
296 851
297 802
298 57
299 998
300 545
301 228
302 26
303 269
304 987
305 853
306 238
307 820
308 150
309 639
310 924
311 555
312 393
313 321
314 1084
315 1001
316 136
317 486
318 119
319 299
320 534
321 151
322 176
323 1093
324 512
325 949
326 453
327 805
328 376
329 804
330 1009
331 71
332 660
333 464
334 938
335 813
336 469
337 686
338 765
339 1052
340 256
341 784
342 754
343 289
344 167
345 932
346 105
347 177
348 1108
349 918
350 225
351 578
352 307
353 266
354 662
355 702
356 293
357 415
358 252
359 707
360 265
361 319
362 87
363 956
364 1019
365 571
366 169
367 893
368 1119
369 488
370 904
371 552
372 497
373 1004
374 304
375 795
376 771
377 1050
378 872
379 207
380 170
381 3
382 213
383 708
384 182
385 208
386 1039
387 226
388 874
389 1125
390 915
391 482
392 288
393 312
394 443
395 588
396 279
397 465
398 320
399 656
400 439
401 434
402 1003
403 988
404 513
405 391
406 499
407 39
408 1056
409 732
410 181
411 652
412 318
413 267
414 989
415 819
416 921
417 22
418 696
419 855
420 56
421 806
422 677
423 524
424 668
425 1123
426 88
427 888
428 470
429 55
430 1063
431 27
432 70
433 30
434 367
435 1081
436 101
437 492
438 601
439 460
440 689
441 636
442 912
443 613
444 654
445 440
446 1068
447 120
448 596
449 625
450 906
451 798
452 1005
453 142
454 188
455 328
456 979
457 982
458 462
459 803
460 480
461 183
462 125
463 561
464 245
465 1101
466 897
467 475
468 1105
469 373
470 962
471 157
472 764
473 881
474 339
475 538
476 547
477 519
478 171
479 179
480 47
481 331
482 562
483 51
484 102
485 530
486 1054
487 140
488 531
489 1076
490 422
491 747
492 742
493 663
494 946
495 511
496 537
497 525
498 451
499 573
500 41
501 810
502 628
503 680
504 799
505 141
506 104
507 801
508 23
509 311
510 11
511 476
512 12
513 73
514 697
515 614
516 670
517 1042
518 883
519 441
520 431
521 750
522 387
523 847
524 828
525 217
526 669
527 115
528 770
529 212
530 1132
531 262
532 109
533 816
534 704
535 457
536 189
537 291
538 581
539 20
540 285
541 635
542 483
543 400
544 74
545 755
546 740
547 2
548 633
549 195
550 449
551 718
552 458
553 1071
554 436
555 937
556 515
557 276
558 1002
559 147
560 517
561 703
562 903
563 15
564 1070
565 353
566 719
567 1029
568 193
569 759
570 706
571 723
572 235
573 61
574 203
575 896
576 1073
577 215
578 1086
579 814
580 878
581 551
582 430
583 753
584 199
585 975
586 164
587 591
588 741
589 278
590 583
591 1065
592 785
593 550
594 861
595 977
596 618
597 684
598 35
599 657
600 576
601 929
602 1113
603 1061
604 812
605 423
606 335
607 94
608 1017
609 275
610 922
611 498
612 781
613 640
614 323
615 396
616 965
617 1098
618 1033
619 53
620 789
621 699
622 240
623 417
624 306
625 737
626 1129
627 364
628 727
629 1041
630 908
631 370
632 1104
633 1109
634 734
635 653
636 173
637 10
638 296
639 560
640 187
641 0
642 931
643 384
644 733
645 43
646 126
647 1011
648 346
649 148
650 185
651 234
652 1022
653 944
654 474
655 72
656 692
657 655
658 116
659 968
660 1118
661 598
662 237
663 500
664 60
665 107
666 629
667 760
668 884
669 363
670 1014
671 901
672 75
673 68
674 510
675 600
676 1006
677 98
678 597
679 991
680 24
681 564
682 1062
683 149
684 54
685 694
686 420
687 32
688 958
689 368
690 1112
691 399
692 471
693 1047
694 14
695 300
696 506
697 161
698 649
699 528
700 210
701 425
702 1064
703 496
704 322
705 830
706 757
707 809
708 1032
709 788
710 280
711 158
712 533
713 29
714 128
715 715
716 738
717 44
718 437
719 190
720 146
721 701
722 616
723 91
724 608
725 202
726 602
727 607
728 13
729 379
730 923
731 644
732 369
733 900
734 274
735 133
736 406
737 687
738 113
739 724
740 671
741 641
742 756
743 178
744 338
745 763
746 380
747 780
748 617
749 676
750 250
751 675
752 36
753 882
754 247
755 860
756 951
757 118
758 442
759 144
760 270
761 232
762 358
763 594
764 1044
765 726
766 241
767 1126
768 1013
769 28
770 1128
771 905
772 360
773 40
774 412
775 983
776 390
777 700
778 587
779 713
780 172
781 940
782 230
783 1089
784 1079
785 165
786 526
787 1026
788 284
789 1053
790 58
791 1131
792 615
793 688
794 372
795 612
796 984
797 972
798 870
799 1069
800 1045
801 859
802 344
803 999
804 1095
805 520
806 837
807 489
808 106
809 301
810 522
811 163
812 336
813 155
814 452
815 890
816 891
817 343
818 268
819 495
820 121
821 1122
822 1077
823 948
824 1043
825 1106
826 548
827 153
828 1035
829 6
830 779
831 220
832 411
833 1078
834 507
835 477
836 864
837 156
838 505
839 397
840 1092
841 359
842 160
843 711
844 467
845 925
846 1074
847 264
848 540
849 162
850 911
851 383
852 409
853 749
854 494
855 248
856 667
857 838
858 605
859 879
860 721
861 1083
862 138
863 42
864 255
865 337
866 508
867 840
868 481
869 490
870 389
871 681
872 333
873 650
874 419
875 308
876 643
877 302
878 955
879 1020
880 934
881 518
882 778
883 569
884 536
885 81
886 695
887 1049
888 219
889 579
890 132
891 1
892 665
893 405
894 823
895 844
896 137
897 37
898 871
899 651
900 478
901 236
902 599
903 685
904 976
905 577
906 913
907 926
908 705
909 818
910 957
911 541
912 50
913 889
914 1067
915 1040
916 558
917 342
918 886
919 455
920 772
921 777
922 835
923 637
924 143
925 365
926 997
927 315
928 1031
929 783
930 5
931 995
932 329
933 1099
934 992
935 351
936 920
937 815
938 729
939 473
940 129
941 93
942 332
943 603
944 690
945 610
946 33
947 205
948 194
949 568
950 168
951 942
952 218
953 273
954 421
955 775
956 646
957 638
958 459
959 381
960 532
961 1046
962 766
963 916
964 1036
965 895
966 1021
967 349
968 887
969 456
970 557
971 832
972 426
973 961
974 739
975 761
976 1025
977 186
978 347
979 97
980 632
981 839
982 1080
983 1012
984 327
985 947
986 244
987 350
988 69
989 224
990 630
991 1121
992 317
993 1107
994 869
995 969
996 361
997 407
998 769
999 19
1000 450
1001 811
1002 254
1003 1110
1004 1060
1005 1103
1006 960
1007 66
1008 110
1009 283
1010 745
1011 287
1012 854
1013 1030
1014 836
1015 211
1016 647
1017 334
1018 446
1019 76
1020 794
1021 974
1022 84
1023 433
1024 593
1025 595
1026 523
1027 1037
1028 408
1029 392
1030 529
1031 1018
1032 242
1033 1096
1034 846
1035 712
1036 1117
1037 305
1038 479
1039 468
1040 1023
1041 824
1042 38
1043 894
1044 850
1045 385
1046 611
1047 9
1048 580
1049 773
1050 1102
1051 570
1052 18
1053 768
1054 260
1055 1059
1056 427
1057 797
1058 674
1059 1007
1060 658
1061 863
1062 542
1063 108
1064 572
1065 967
1066 1085
1067 59
1068 326
1069 978
1070 48
1071 791
1072 313
1073 461
1074 941
1075 790
1076 592
1077 466
1078 725
1079 622
1080 842
1081 429
1082 827
1083 222
1084 981
1085 403
1086 67
1087 634
1088 127
1089 743
1090 192
1091 154
1092 845
1093 693
1094 939
1095 314
1096 65
1097 145
1098 664
1099 586
1100 776
1101 117
1102 589
1103 1024
1104 952
1105 865
1106 535
1107 875
1108 503
1109 31
1110 34
1111 539
1112 131
1113 678
1114 1038
1115 1016
1116 233
1117 744
1118 355
1119 231
1120 546
1121 134
1122 786
1123 1008
1124 1010
1125 357
1126 261
1127 114
1128 438
1129 787
1130 1027
1131 491
1132 565
