189 38
189 1062
189 346
189 990
189 264
189 664
189 230
189 936
189 502
189 47
189 1128
189 487
189 388
189 648
189 238
189 121
189 1079
189 385
189 869
189 773
189 1017
189 513
189 220
189 665
189 326
189 812
189 262
189 1095
189 395
189 535
38 1062
38 346
38 264
38 664
38 230
38 936
38 502
38 47
38 487
38 238
38 1079
38 385
38 869
38 1017
38 220
38 1005
38 885
38 1029
38 716
38 840
38 215
38 44
1062 346
1062 264
1062 664
1062 230
1062 936
1062 47
1062 1128
1062 487
1062 238
1062 1079
1062 385
1062 869
1062 773
1062 1017
1062 513
1062 812
1062 262
1062 1029
1062 1086
1062 622
1062 403
1062 338
1062 1097
1062 76
1062 690
1062 428
1062 521
1062 373
1062 77
1062 99
1062 767
1062 287
1062 160
1062 46
1062 96
346 47
346 1017
346 428
346 893
346 863
346 261
346 1045
346 448
346 275
346 49
346 944
346 569
346 591
346 447
346 50
346 875
346 578
346 63
346 1063
990 264
990 487
990 42
990 517
990 41
990 382
990 438
990 451
990 1019
264 664
264 230
264 487
264 238
264 1079
264 1017
264 812
264 262
264 1029
264 635
264 307
264 725
264 134
264 724
264 597
264 805
264 1122
664 936
664 502
664 487
664 648
664 238
664 385
664 1017
664 262
664 382
664 549
664 1124
664 45
664 246
664 713
664 839
664 615
664 1106
664 355
664 172
664 768
664 1012
664 887
230 1017
230 262
230 844
230 1110
936 502
936 487
936 238
936 773
936 1017
936 220
936 395
936 403
936 8
936 86
936 559
936 493
936 280
502 238
502 220
502 395
502 1029
502 578
502 450
502 531
502 32
502 603
502 888
502 378
502 1101
502 130
502 54
502 253
502 822
502 620
502 159
502 87
502 737
502 527
502 35
502 658
502 142
502 614
502 1013
502 485
47 1079
47 385
47 869
47 1017
47 665
47 812
47 690
47 42
47 490
47 106
47 845
47 1042
47 616
47 302
47 1061
1128 724
1128 959
1128 962
1128 1009
1128 415
1128 804
1128 512
1128 43
1128 239
1128 548
1128 726
1128 541
1128 229
1128 705
1128 533
1128 210
487 388
487 238
487 1079
487 1017
487 220
487 262
487 690
487 875
487 382
487 493
487 210
487 695
487 738
487 93
487 686
487 85
487 18
487 1030
388 648
388 238
388 220
388 885
388 1029
388 635
388 280
388 32
388 888
388 737
388 527
388 617
388 1087
388 582
388 604
388 418
388 391
388 75
388 1072
388 1103
388 327
388 233
388 429
388 1053
388 764
388 257
388 386
388 989
388 857
388 889
388 891
388 1059
388 147
648 513
648 885
648 1029
648 382
648 839
648 527
648 1103
648 1102
648 896
648 703
648 952
648 301
648 188
648 144
648 1092
648 260
238 220
238 395
238 885
238 1029
238 96
238 438
238 559
238 450
238 737
238 142
238 1013
238 1105
238 341
238 953
238 691
238 196
238 1074
238 666
238 161
238 855
238 611
238 762
238 364
238 659
238 895
238 14
238 104
238 84
238 940
238 534
238 606
238 1049
238 937
238 265
238 406
238 538
238 226
238 1109
238 499
238 125
238 24
121 220
121 1029
121 130
121 921
121 719
121 157
1079 385
1079 773
1079 1017
1079 513
1079 665
1079 326
1079 812
1079 44
1079 1086
1079 146
1079 772
1079 278
385 869
385 812
385 44
385 403
385 578
385 725
385 805
385 159
385 302
385 952
385 22
385 874
385 594
385 924
385 811
385 458
385 573
385 654
385 15
385 1066
385 757
385 833
869 1017
869 403
869 1097
869 1060
869 307
869 493
869 278
869 811
869 335
869 562
869 1057
869 1001
773 513
773 665
773 1086
773 622
773 403
773 428
773 521
773 1060
773 160
773 46
773 261
773 246
773 8
773 86
773 559
773 280
773 686
773 14
773 534
773 265
773 921
773 757
773 671
773 554
773 906
773 463
773 255
773 319
773 1011
773 760
773 29
773 0
773 556
773 467
773 650
773 454
773 460
773 435
773 890
1017 812
1017 1005
1017 44
513 665
513 44
513 1086
513 338
513 1097
513 76
513 690
513 428
513 1060
513 160
513 635
513 172
513 1042
513 616
513 804
513 147
513 196
513 364
513 772
513 874
513 833
513 554
513 556
513 477
513 479
513 756
513 858
513 792
513 749
513 203
513 214
513 305
513 507
513 475
513 289
513 715
513 337
513 88
513 998
513 409
513 846
513 653
513 227
513 1100
513 400
513 259
220 395
220 885
220 1029
220 863
220 578
220 450
220 531
220 32
220 888
220 130
220 54
220 620
220 159
220 330
220 527
220 1072
220 1103
220 257
220 989
220 147
220 479
220 561
220 1048
220 91
220 6
220 1125
220 452
220 333
220 868
220 184
220 293
220 486
220 371
220 1075
665 326
665 1086
665 1045
665 275
665 658
665 772
665 1066
665 858
665 91
665 112
665 881
665 883
665 141
665 1112
665 356
812 44
812 578
812 805
812 1106
812 952
812 874
812 924
812 573
812 1066
812 337
812 360
812 602
812 723
812 461
262 1029
262 147
262 811
262 653
262 358
262 1021
1095 548
1095 298
1095 1043
1095 934
1095 909
1095 546
1095 750
1095 56
395 77
395 258
395 953
395 196
395 855
395 611
395 606
395 1109
395 118
395 907
395 1024
395 551
395 728
395 1069
395 273
395 347
395 882
395 1127
395 1006
395 128
535 690
535 160
535 86
535 686
535 762
535 335
535 671
535 1011
535 460
535 808
535 173
535 136
535 754
535 439
535 7
535 729
535 609
535 774
535 564
535 948
535 558
1005 320
885 1029
885 159
885 327
1029 46
1029 578
1029 450
1029 147
1029 358
1029 638
1029 1039
44 99
44 594
44 811
44 15
44 335
44 0
44 305
44 337
44 173
44 856
44 1129
44 571
44 217
44 174
44 17
44 127
44 267
44 124
44 20
1086 403
1086 338
1086 1097
1086 690
1086 428
1086 1060
1086 767
1086 559
1086 280
1086 772
1086 833
1086 671
1086 554
1086 319
1086 858
1086 546
1086 754
1086 1084
1086 94
1086 462
1086 379
1086 1118
622 338
622 428
622 521
622 77
622 160
622 46
622 96
622 863
622 559
622 686
622 364
622 203
622 184
622 609
622 1084
622 94
622 540
622 151
622 354
622 943
622 830
622 494
622 328
622 430
622 871
403 428
403 521
403 373
403 1060
403 99
403 160
403 275
403 1122
403 615
403 8
403 493
403 1042
403 616
403 260
403 953
403 534
403 573
403 1066
403 671
403 554
403 906
403 319
403 435
403 477
403 305
403 754
403 7
403 20
403 1084
403 94
403 1118
403 380
403 848
403 468
403 315
403 717
403 957
403 52
403 828
403 89
403 972
403 975
403 131
338 76
338 690
338 1060
338 724
338 86
338 559
338 1042
338 686
338 671
338 507
338 356
338 546
338 754
338 439
338 729
338 774
338 564
338 1084
338 94
338 462
338 717
338 975
338 291
338 137
338 277
338 600
338 1098
338 810
338 1044
338 642
338 472
338 1022
338 387
338 1088
338 169
338 402
338 359
338 557
338 867
338 1004
338 951
338 803
338 824
338 917
338 16
338 300
338 583
1097 428
1097 874
1097 833
1097 214
1097 1100
1097 195
76 767
76 616
76 754
76 320
76 600
76 1044
76 270
76 1068
76 985
76 547
76 181
76 317
76 263
76 626
76 849
690 1060
690 160
690 42
690 845
690 260
690 772
690 1011
690 460
690 439
690 17
690 94
690 943
690 803
690 469
690 114
690 904
690 175
690 250
690 482
690 698
690 945
690 706
690 292
690 864
428 373
428 767
428 893
428 863
428 261
428 275
428 944
428 591
428 50
428 875
428 63
428 1063
428 307
428 335
428 554
428 1100
428 267
428 1084
428 957
428 803
428 849
428 758
428 766
428 53
428 1065
428 1083
428 984
428 166
521 86
521 774
521 187
373 371
373 754
373 871
373 1067
77 160
77 46
77 96
77 382
77 1019
77 713
77 559
77 54
77 614
77 703
77 611
77 762
77 14
77 937
77 214
77 715
77 184
77 356
77 118
77 728
77 1069
77 882
77 1006
77 856
77 830
77 387
77 553
77 747
77 33
77 1007
77 478
77 13
77 526
77 872
1060 767
1060 307
1060 260
1060 278
1060 335
1060 671
1060 460
1060 507
1060 546
1060 347
1060 439
1060 564
1060 1084
1060 871
1060 380
1060 583
1060 781
1060 193
99 160
99 96
99 559
99 650
99 214
99 409
99 564
99 558
99 20
99 1084
99 430
99 380
99 303
99 660
99 899
99 727
99 145
99 721
99 657
767 307
767 614
767 845
767 616
767 239
767 686
767 147
767 278
767 335
767 463
767 0
767 214
767 91
767 56
767 439
767 729
767 558
767 267
767 943
767 328
767 871
767 16
767 626
767 377
767 814
767 714
767 689
767 274
767 249
767 422
767 375
767 61
767 693
287 1063
160 382
160 1122
160 527
160 1102
160 703
160 301
160 144
160 260
160 203
160 56
160 808
160 136
160 439
160 571
160 1084
160 975
160 714
160 809
160 910
160 405
160 977
160 515
160 401
46 559
46 614
46 611
46 460
46 118
46 347
46 151
46 860
46 939
96 438
96 559
96 614
96 845
96 953
96 196
96 611
96 762
96 104
96 534
96 1049
96 937
96 265
96 1011
96 1125
96 184
96 1006
96 754
96 729
96 151
96 494
96 387
96 169
96 33
96 670
96 707
96 285
96 932
96 476
893 863
893 261
893 275
893 944
893 569
893 591
893 875
893 1063
893 594
893 1100
893 957
893 482
893 758
893 66
893 745
893 770
893 413
893 138
893 491
893 908
893 295
893 852
893 179
893 152
893 572
893 663
863 261
863 275
863 944
863 591
863 447
863 875
863 1063
863 280
863 888
863 527
863 1105
863 14
863 556
863 1100
863 1048
863 267
863 957
863 402
863 758
863 478
863 367
863 185
863 699
863 110
863 1094
863 192
863 416
863 105
261 275
261 944
261 591
261 875
261 63
261 1063
261 467
261 1100
261 758
261 1083
261 649
261 165
261 64
261 212
1045 152
448 944
448 50
448 106
448 1001
448 670
448 152
448 625
448 623
448 425
275 49
275 944
275 591
275 447
275 63
275 1063
275 962
275 43
275 229
275 703
275 364
275 749
275 320
275 315
275 957
275 745
275 536
275 941
275 831
49 63
49 229
49 766
49 745
49 537
49 806
49 589
49 474
944 569
944 50
944 875
944 1063
944 45
944 1100
944 852
944 152
944 537
944 986
569 50
569 45
569 1100
569 1083
569 66
569 745
569 770
569 908
569 852
569 152
569 986
569 28
569 552
569 954
569 918
591 875
591 63
591 1063
591 1100
591 56
591 380
591 758
591 182
447 1066
447 1100
447 1048
447 1083
447 152
447 699
447 110
447 902
447 69
447 369
447 983
50 875
50 45
50 1100
50 957
50 1083
50 670
50 152
50 625
50 986
50 28
50 113
875 1063
875 45
875 499
875 17
875 943
875 758
875 166
875 193
875 515
875 625
875 537
875 474
875 684
875 631
875 1015
875 817
875 525
875 1008
875 1104
875 133
875 122
578 725
578 450
578 253
578 327
578 233
578 147
578 811
578 757
578 173
578 94
578 193
578 1094
578 105
578 999
578 389
578 393
63 1042
63 811
63 766
63 1065
63 589
63 28
63 234
1063 962
1063 203
1063 1100
1063 561
1063 948
1063 267
1063 20
1063 462
1063 848
1063 957
1063 867
1063 706
1063 758
1063 689
1063 625
1063 806
1063 986
1063 28
1063 290
1063 132
1063 742
1063 794
1063 404
1063 139
1063 651
1063 730
1063 107
42 1124
42 845
42 435
42 305
42 89
42 975
42 626
42 482
42 945
42 899
42 401
42 133
42 878
42 523
42 740
42 201
42 1070
42 269
517 844
517 614
517 1042
517 952
517 953
517 196
517 14
517 811
517 0
517 91
517 515
517 941
517 831
517 183
517 783
517 946
517 483
517 11
517 381
517 1041
41 726
41 533
41 749
41 1084
41 860
41 281
41 627
41 343
41 431
41 877
41 608
382 635
382 724
382 559
382 253
382 620
382 527
382 548
382 229
382 1102
382 703
382 952
382 301
382 144
382 1092
382 811
382 749
382 214
382 56
382 320
382 124
382 867
382 809
382 515
382 401
382 11
382 801
382 1076
382 496
382 995
382 1036
382 1046
382 466
382 25
382 218
382 892
382 140
382 506
438 548
438 196
438 273
438 482
438 585
451 378
451 159
451 330
451 1087
451 582
451 989
451 1059
451 1102
451 1074
451 439
451 370
1019 559
1019 614
1019 845
1019 617
1019 611
1019 1069
1019 609
1019 824
1019 376
1019 1047
635 597
635 559
635 54
635 159
635 142
635 1087
635 989
635 896
635 953
635 214
635 715
635 354
635 824
635 917
635 1047
635 108
635 598
635 423
635 780
635 955
635 232
635 593
307 615
307 1042
307 738
307 659
307 278
307 335
307 1057
307 435
307 358
307 439
307 195
307 377
307 714
307 61
307 381
307 965
307 796
307 171
307 90
725 615
725 378
725 989
725 891
725 147
725 611
725 811
725 458
725 15
725 214
725 337
725 998
725 141
725 723
725 137
725 195
725 61
725 113
725 90
725 178
134 804
134 757
134 1057
134 472
134 769
724 962
724 1009
724 804
724 239
724 229
724 533
724 210
724 754
724 1084
724 506
724 778
597 614
597 485
597 341
597 666
597 895
597 1049
597 406
597 499
597 24
597 333
597 1006
597 128
597 951
597 917
597 369
597 702
597 966
597 339
597 982
597 718
805 615
805 1106
805 811
805 975
805 1065
805 714
805 613
805 437
1122 1042
1122 1102
1122 1046
549 713
549 341
549 659
549 499
549 460
549 369
549 339
549 27
549 681
549 700
1124 839
1124 714
1124 405
1124 970
1124 65
1124 222
45 1100
45 561
45 867
45 758
45 766
45 1083
45 152
45 806
45 986
45 65
45 222
45 575
45 913
45 498
45 1038
45 567
45 374
246 811
246 467
246 214
246 848
246 193
246 619
246 574
246 640
246 1131
246 176
713 686
713 611
713 460
713 259
713 585
713 736
713 782
713 993
713 392
713 97
839 822
839 144
839 260
839 714
839 977
839 970
839 65
839 344
839 235
839 223
839 111
839 915
839 543
839 296
839 577
839 126
615 1012
615 490
615 302
615 594
615 811
615 15
615 335
615 792
615 267
615 89
615 249
615 466
615 613
615 437
615 913
615 581
615 988
615 129
615 667
1106 714
1106 129
355 887
355 89
355 249
355 374
355 574
355 397
768 437
768 296
768 709
768 679
1012 616
1012 144
887 437
844 614
844 106
844 196
844 858
844 507
844 583
844 860
844 381
844 955
844 1056
844 662
1110 948
1110 468
8 554
8 1131
8 314
86 559
86 614
86 616
86 695
86 611
86 1109
86 1006
86 439
86 583
86 623
86 634
559 54
559 614
559 1013
559 1102
559 196
559 666
559 855
559 611
559 762
559 364
559 659
559 895
559 14
559 534
559 937
559 265
559 538
559 226
559 772
559 654
559 1011
559 460
559 715
559 259
559 333
559 461
559 728
559 136
559 439
559 729
559 354
559 975
559 387
559 824
559 849
559 482
559 33
559 478
559 660
559 860
559 285
559 536
559 740
559 108
559 718
559 565
559 240
559 434
559 765
559 1121
559 73
559 922
559 923
559 916
493 1042
493 302
493 203
493 948
493 1118
493 1088
493 469
493 864
493 377
493 422
493 401
493 404
493 90
493 1108
493 894
493 394
493 71
493 441
493 586
493 1020
493 68
493 819
493 539
493 48
493 612
493 459
493 744
280 614
280 147
280 196
280 855
280 14
280 226
280 760
280 479
280 294
280 901
280 103
450 159
450 371
32 253
32 620
32 527
32 147
32 393
32 25
32 861
888 1101
888 159
888 604
888 391
888 1072
888 1103
888 233
888 889
888 1059
888 507
888 653
888 439
888 94
888 489
888 759
378 159
378 527
378 1042
378 582
378 604
378 1103
378 989
378 1059
378 393
378 529
1101 253
1101 889
1101 25
1101 861
130 719
130 556
130 91
130 871
130 714
130 103
130 813
130 509
130 704
54 142
54 614
54 953
54 666
54 611
54 659
54 895
54 14
54 534
54 937
54 265
54 406
54 214
54 715
54 1125
54 602
54 461
54 856
54 387
54 553
54 478
54 660
54 860
54 670
54 966
54 240
54 922
54 19
54 311
54 117
54 412
54 446
54 741
253 620
253 159
253 527
253 845
253 616
253 1087
253 1072
253 703
253 393
253 25
253 968
822 895
822 526
822 939
822 69
822 126
822 1055
822 481
620 527
620 327
620 25
620 861
159 1087
159 604
159 391
159 75
159 1103
159 327
159 233
159 1053
159 257
159 989
159 258
159 889
159 1059
159 147
159 811
159 1075
159 754
159 393
159 1076
159 25
159 861
159 149
330 604
330 391
330 75
330 1103
330 327
330 1053
330 257
330 258
330 1076
87 760
87 91
87 452
87 808
87 136
87 94
87 1065
87 878
87 740
87 336
87 242
87 790
87 318
527 989
527 1102
527 1041
527 25
527 669
527 501
35 302
35 147
35 556
35 91
35 808
35 871
35 1065
35 712
35 514
35 897
658 481
142 161
142 84
142 499
142 715
142 660
142 339
142 73
142 922
142 923
142 98
142 1130
614 302
614 147
614 953
614 196
614 611
614 14
614 104
614 226
614 594
614 1057
614 715
614 1125
614 184
614 356
614 602
614 728
614 347
614 882
614 1065
614 553
614 478
614 446
614 629
1013 855
1013 118
1013 565
1013 434
485 953
485 895
485 1006
485 917
485 33
485 860
485 529
485 340
485 442
490 1042
490 616
490 302
490 738
490 458
490 1075
490 173
490 61
490 908
490 742
490 965
490 619
490 1131
490 311
490 268
490 1077
490 407
490 74
490 793
106 1001
106 460
106 909
106 136
106 670
106 623
106 1070
106 782
106 662
845 1042
845 937
845 458
845 1100
845 660
845 66
845 995
1042 616
1042 962
1042 738
1042 772
1042 833
1042 0
1042 546
1042 564
1042 267
1042 380
1042 717
1042 972
1042 303
1042 727
1042 908
1042 663
1042 965
1042 796
1042 498
1042 612
1042 501
1042 641
1042 692
1042 352
1042 973
1042 599
616 726
616 738
616 896
616 196
616 772
616 1043
616 754
616 558
616 871
616 642
616 359
616 1004
616 984
616 249
616 401
616 491
616 941
616 817
616 740
616 466
616 796
616 437
616 913
616 514
616 329
616 779
616 1016
616 920
616 785
616 312
617 937
617 1112
617 909
617 234
617 995
617 376
617 574
617 968
617 761
617 958
617 753
302 1061
302 147
302 265
302 874
302 811
302 1066
302 757
302 1057
302 214
302 728
302 754
302 943
302 89
302 626
302 482
302 781
302 377
302 714
302 375
302 113
302 381
302 965
302 90
302 48
302 779
1061 874
1061 833
959 239
959 548
962 415
962 804
962 43
962 239
962 548
962 726
962 541
962 229
962 533
962 749
962 881
962 883
962 934
962 909
962 546
962 808
962 754
962 439
962 17
962 1084
962 867
962 941
962 831
962 506
962 923
962 120
962 870
962 886
962 102
1009 415
1009 239
1009 533
1009 1084
1009 120
1009 898
415 804
415 239
415 548
415 726
415 229
415 533
415 909
415 754
415 1084
415 94
415 583
415 781
415 941
415 108
415 778
415 923
415 898
415 316
804 239
804 548
804 757
804 88
804 881
804 754
804 137
804 867
804 317
804 626
804 941
804 769
804 778
804 667
804 898
804 1040
804 644
804 200
804 297
804 372
804 987
804 1071
512 494
512 642
512 281
512 431
512 399
512 601
512 365
43 239
43 229
43 533
43 703
43 15
43 335
43 749
43 136
43 315
43 717
43 114
43 506
43 685
43 576
239 548
239 726
239 541
239 229
239 533
239 703
239 22
239 757
239 56
239 754
239 1084
239 943
239 315
239 53
239 831
239 506
239 580
548 229
548 533
548 1102
548 757
548 546
548 1084
548 867
548 806
548 506
548 870
548 252
548 596
726 533
726 14
726 494
726 975
726 506
726 120
541 229
541 533
541 703
541 749
541 315
541 831
541 506
541 712
541 886
541 580
229 533
229 1102
229 335
229 1057
229 1084
229 583
229 651
229 506
229 108
705 335
533 703
533 1057
533 749
533 883
533 315
533 627
533 431
533 506
533 898
533 685
533 580
533 596
533 588
533 816
533 789
210 462
210 867
210 263
210 769
210 778
210 59
210 621
210 2
210 722
210 313
210 701
695 1109
738 15
738 856
738 571
738 943
738 828
738 972
738 975
738 469
738 175
738 303
738 965
738 796
738 311
93 203
93 214
93 48
93 242
93 407
686 554
686 754
686 439
686 729
686 816
686 158
85 1102
85 1088
85 557
85 923
85 539
85 384
85 520
85 823
85 325
85 821
85 829
18 1067
18 357
1030 590
1030 786
1030 34
1087 1102
1087 703
1087 1092
1087 593
582 989
582 196
582 1074
582 666
582 1075
582 1006
582 917
582 593
582 442
604 1069
604 267
604 185
604 667
604 143
418 391
418 1072
418 1103
418 764
418 507
418 1069
391 75
391 1072
391 1103
391 1053
391 257
391 757
391 1075
391 1076
75 1103
75 258
75 147
75 354
75 1094
1072 15
1072 393
1103 15
1103 1069
1103 393
1103 1076
1103 501
233 699
429 623
429 593
1053 1075
1053 1076
989 1059
989 196
989 1074
989 666
989 125
989 1006
989 387
989 593
989 919
857 147
857 593
258 1001
889 861
1059 1074
1059 546
1059 856
1059 183
147 594
147 458
147 15
147 335
147 998
147 91
147 868
147 371
147 393
147 1076
147 1031
147 838
1102 703
1102 301
1102 144
1102 1092
1102 260
1102 320
1102 540
1102 871
1102 137
1102 1098
1102 402
1102 946
1102 1036
1102 1046
1102 970
1102 222
1102 915
1102 268
1102 312
1102 316
1102 644
1102 929
1102 440
1102 788
896 703
896 144
896 260
896 14
896 214
896 140
896 598
703 1092
703 749
703 883
703 808
703 136
703 1084
703 494
703 315
703 1022
703 114
703 431
703 25
703 506
703 108
703 576
703 789
703 1132
952 849
952 1065
952 183
952 423
952 65
952 662
952 314
952 779
952 284
301 867
301 515
301 1046
301 178
301 788
188 689
188 401
188 801
188 108
188 90
188 394
188 819
188 612
188 245
188 633
188 1114
188 31
144 260
144 714
144 108
144 970
144 235
144 223
144 884
144 1002
1092 1036
1092 1046
1092 506
260 56
260 714
260 405
1105 14
1105 719
1105 463
1105 6
1105 273
1105 660
1105 536
1105 340
1105 39
1105 206
341 196
341 1049
341 406
341 499
341 24
341 128
341 354
341 830
341 917
341 660
341 369
341 702
341 339
341 27
341 681
341 39
953 196
953 659
953 534
953 479
953 184
953 118
953 882
953 387
953 824
953 478
953 923
953 641
953 4
691 556
691 185
691 759
691 704
691 897
691 544
196 1074
196 611
196 659
196 104
196 534
196 1049
196 265
196 1109
196 125
196 15
196 479
196 214
196 715
196 1125
196 118
196 1006
196 439
196 354
196 494
196 387
196 478
196 660
196 285
196 932
196 27
196 117
196 501
196 98
196 4
196 880
196 1082
196 322
1074 659
1074 1049
1074 125
1074 1125
1074 1006
1074 387
1074 1082
1074 967
666 659
666 895
666 14
666 104
666 1049
666 406
666 499
666 24
666 1006
666 917
666 526
666 552
666 593
666 339
666 126
666 240
666 73
666 98
666 340
666 39
666 1082
666 787
161 406
161 538
161 1109
161 697
161 1048
161 1125
161 830
161 923
161 242
161 1040
161 1082
161 1014
161 224
161 254
855 895
855 499
855 460
855 507
855 259
855 439
855 670
855 740
855 718
855 782
855 565
855 240
855 434
855 272
855 1121
855 73
855 712
855 795
855 390
611 762
611 14
611 1109
611 811
611 454
611 715
611 333
611 184
611 882
611 729
611 609
611 354
611 1007
611 476
611 198
762 265
762 1011
762 454
762 728
762 729
762 174
762 803
762 476
762 796
364 14
364 479
364 333
364 273
364 754
364 315
364 114
364 536
364 506
364 449
659 895
659 104
659 940
659 534
659 606
659 937
659 265
659 538
659 226
659 1109
659 811
659 1011
659 479
659 475
659 715
659 333
659 184
659 128
659 729
659 354
659 975
659 1007
659 660
659 285
659 536
659 339
659 248
659 519
895 104
895 84
895 534
895 606
895 1049
895 406
895 538
895 226
895 499
895 24
895 715
895 1125
895 333
895 609
895 387
895 917
895 660
895 339
895 922
895 340
895 787
895 854
14 534
14 937
14 265
14 406
14 24
14 479
14 1069
14 1006
14 354
14 824
14 478
14 660
14 98
104 1049
104 937
104 538
104 1006
104 494
104 387
104 932
104 126
104 340
84 1049
84 499
84 715
84 1039
84 660
84 860
84 718
84 922
84 854
940 406
940 1109
940 583
940 718
534 265
534 811
534 715
534 1069
534 354
534 824
534 583
534 864
534 478
534 660
534 240
534 529
534 19
534 340
606 1049
606 406
606 499
606 1125
606 917
606 108
606 446
606 340
606 322
606 854
1049 937
1049 406
1049 538
1049 499
1049 24
1049 1006
1049 128
1049 917
1049 526
1049 285
1049 877
1049 340
1049 854
1049 1111
1049 504
1049 911
937 259
937 1048
937 461
937 494
937 430
937 33
937 285
937 476
937 311
937 1111
937 931
937 473
265 1057
265 479
265 715
265 184
265 354
265 1065
265 1007
265 536
265 198
265 790
265 712
406 538
406 1109
406 499
406 697
406 24
406 1125
406 830
406 917
406 369
406 702
406 339
406 240
406 340
406 254
538 1109
538 499
538 697
538 1125
538 387
538 478
538 27
538 240
538 1130
538 1082
538 254
538 503
226 697
226 1057
226 184
226 623
226 740
226 39
226 504
1109 715
1109 729
1109 830
1109 478
1109 393
1109 108
1109 27
1109 126
1109 634
1109 1082
1109 820
499 24
499 1125
499 917
499 285
499 702
499 982
499 198
499 712
499 98
499 1130
499 340
499 1040
499 248
499 854
499 119
499 23
125 387
125 361
697 1125
697 830
697 1041
697 27
697 73
697 1082
697 254
24 702
24 339
24 789
24 148
24 639
921 105
921 183
921 117
921 656
719 94
719 105
719 509
719 704
719 802
157 802
146 133
772 347
772 380
772 975
772 181
772 369
772 393
772 108
772 164
278 335
278 507
278 546
278 558
278 803
278 583
278 563
22 714
874 811
874 757
874 833
874 112
874 781
874 640
874 39
874 837
594 833
594 1057
594 0
594 7
594 571
594 850
811 573
811 1066
811 757
811 833
811 1057
811 0
811 556
811 1100
811 602
811 723
811 975
811 478
811 193
811 290
811 965
811 769
811 498
811 667
811 819
811 712
811 779
811 800
811 60
811 116
811 36
811 197
811 237
458 89
458 309
573 650
573 602
573 469
573 377
573 274
573 422
573 730
573 466
573 48
573 510
15 214
15 602
15 56
15 558
15 94
15 193
15 405
15 536
15 393
15 965
15 111
15 988
15 667
15 407
15 641
15 352
15 453
15 949
15 776
15 942
1066 53
1066 899
1066 814
1066 61
1066 663
1066 954
1066 496
1066 599
1066 1113
1066 1
757 1057
757 723
757 173
757 1067
757 941
757 769
757 778
757 60
757 116
757 933
833 463
833 723
833 195
833 13
833 781
833 193
833 206
833 216
335 1057
335 214
335 56
335 558
335 871
335 169
335 469
335 377
335 274
335 515
335 66
335 965
335 90
335 1033
562 175
562 108
562 251
1057 356
1057 754
1057 957
1057 867
1057 984
1057 377
1057 941
1057 90
1057 778
1057 667
1057 216
1057 710
1057 971
1057 79
1001 975
1001 670
1001 623
1001 560
671 554
671 463
671 319
671 729
671 1084
554 319
554 943
554 803
554 965
463 136
463 131
463 169
463 781
463 552
463 1041
463 39
463 837
463 733
463 914
255 723
319 760
319 259
319 871
319 1065
319 242
319 407
1011 454
1011 136
1011 439
1011 729
1011 482
1011 33
1011 755
760 723
760 728
760 187
760 779
0 460
0 214
0 7
0 564
0 571
0 965
0 311
0 850
556 998
556 91
556 439
556 94
556 871
556 185
556 897
556 570
556 204
556 735
556 974
467 214
467 212
467 140
467 574
467 1131
467 68
467 761
467 245
467 12
467 832
467 80
650 56
650 1084
650 848
650 706
650 422
650 466
650 819
650 153
650 592
454 174
460 184
460 602
460 439
460 482
460 285
460 294
460 529
435 175
435 422
435 753
435 829
435 748
435 209
477 380
477 972
479 6
479 478
479 660
479 536
756 899
756 496
756 996
756 368
756 646
858 475
858 259
858 461
858 976
792 89
792 437
749 883
749 320
749 536
749 281
749 627
749 506
749 329
749 120
749 168
749 859
203 56
203 558
203 1084
203 1118
203 943
203 380
203 848
203 557
203 469
203 864
203 377
203 466
203 586
203 68
203 612
203 1132
203 903
214 90
214 1131
214 1077
214 407
214 779
214 505
214 763
305 267
305 975
305 803
305 965
305 97
305 129
305 197
305 237
305 710
305 205
305 734
305 30
507 546
507 439
507 94
507 462
507 717
507 169
507 951
507 583
507 1067
507 384
507 570
507 492
507 351
507 876
289 94
289 623
289 318
289 332
715 1006
715 277
715 387
715 33
715 478
715 660
715 670
715 966
715 339
715 98
715 1099
337 846
337 20
337 975
337 469
337 657
337 422
337 480
88 881
88 439
88 472
88 402
88 626
88 849
88 422
88 778
88 357
88 492
88 956
88 81
998 273
998 897
998 843
409 381
409 496
409 1
409 996
409 368
409 123
409 542
409 708
409 797
846 717
846 469
846 904
846 657
846 466
846 437
846 394
846 57
653 717
653 169
653 393
653 759
653 897
227 948
1100 758
1100 766
1100 1083
1100 193
1100 152
1100 986
400 94
400 105
259 808
259 402
259 482
259 1065
259 1067
259 107
259 878
259 778
259 336
259 1040
259 372
561 152
561 625
561 537
561 589
561 651
1048 1125
91 486
91 571
91 871
91 185
91 995
91 974
91 678
91 228
91 3
91 1093
91 299
91 807
91 70
1125 1006
1125 917
1125 593
1125 1082
1125 322
1125 254
452 94
452 105
452 103
452 759
452 514
452 897
452 204
452 735
452 1123
333 1069
333 609
333 660
333 1070
333 702
333 1040
184 849
184 787
486 105
486 3
371 358
371 550
1075 526
1075 593
1075 442
1075 299
1075 1078
112 1065
112 781
112 769
112 279
112 1023
881 56
881 754
881 439
881 1044
881 1022
881 402
881 867
881 951
881 547
881 181
881 1065
881 984
881 1067
881 941
881 107
881 483
881 892
881 769
881 1040
881 644
881 372
881 987
881 357
881 390
881 1023
881 213
881 167
881 784
883 315
883 169
883 849
883 740
883 506
883 790
141 136
141 295
141 996
141 646
1112 800
356 1069
356 320
356 291
356 137
356 277
356 600
356 1098
356 810
356 1044
356 642
356 402
356 478
356 860
356 150
356 1035
356 180
356 1089
356 457
356 680
356 637
356 645
360 808
360 51
602 461
602 358
602 173
602 402
602 1007
602 113
602 19
602 372
723 1043
723 242
723 158
723 879
723 683
723 410
461 553
461 1007
461 605
358 948
358 1118
358 975
358 864
358 377
358 274
358 422
358 290
358 730
358 946
358 1020
358 919
358 309
358 592
358 550
1021 626
1021 138
298 1043
298 934
298 10
298 424
1043 934
1043 546
1043 808
1043 683
934 808
934 1041
934 351
934 1090
934 495
934 751
934 1052
934 202
909 750
909 127
909 975
909 1004
909 583
909 249
909 779
909 1016
909 753
909 440
909 911
909 500
909 455
909 826
546 1007
546 422
546 515
546 1015
546 1104
546 343
546 10
546 866
750 174
750 867
750 249
750 860
750 619
750 1016
750 911
56 948
56 17
56 1084
56 1118
56 380
56 975
56 547
56 469
56 105
56 182
56 393
56 801
56 48
56 352
56 1033
56 1000
56 555
118 728
118 1069
118 27
118 1082
1024 815
551 728
551 273
551 1127
551 69
551 629
728 1069
728 273
728 347
728 882
728 830
728 1065
728 872
728 712
728 629
728 1119
1069 882
1069 609
1069 387
1069 824
1069 1007
1069 478
1069 872
1069 660
1069 466
1069 815
1069 411
273 1127
273 634
273 629
347 882
347 717
347 294
882 128
882 830
1127 126
1127 741
1127 969
1006 387
1006 917
1006 108
1006 593
1006 702
1006 982
1006 126
1006 1082
128 830
808 136
808 754
808 439
808 729
808 94
808 1098
808 469
808 482
808 187
808 107
808 878
808 780
808 813
173 975
173 965
173 779
173 550
173 935
136 439
136 609
136 948
136 1098
136 482
136 706
136 187
136 496
136 39
136 1033
754 137
754 600
754 1044
754 1022
754 402
754 867
754 1068
754 263
754 984
754 1067
754 941
754 878
754 778
754 316
754 987
754 457
754 637
754 495
754 675
439 729
439 609
439 774
439 494
439 717
439 137
439 1098
439 387
439 181
439 482
439 1067
439 249
439 515
439 670
439 185
439 954
439 393
439 878
439 740
439 343
439 496
439 585
439 565
439 1020
439 59
439 876
439 708
439 711
439 1032
7 1084
7 380
7 89
7 249
7 1038
7 574
7 397
7 850
7 687
7 155
7 236
729 482
729 393
729 878
729 198
729 190
609 939
609 97
609 202
774 462
774 600
774 547
774 187
774 860
774 536
774 544
774 746
564 1084
564 1065
564 171
564 65
564 662
564 539
948 558
948 856
948 1084
948 380
948 179
948 740
948 381
948 995
948 376
948 919
948 426
948 21
948 276
948 743
948 607
948 994
558 1084
558 943
558 328
558 1020
558 919
558 209
558 930
558 630
320 379
320 494
320 315
320 291
320 277
320 1098
320 810
320 1022
320 402
320 626
320 114
320 552
320 892
320 506
320 108
320 576
320 1023
320 150
320 1035
320 180
320 1089
320 645
320 202
320 688
320 676
320 465
638 550
1039 824
1039 660
1039 340
856 469
856 515
856 185
856 730
856 183
856 496
856 819
856 311
856 655
1129 127
571 380
571 828
571 803
571 175
571 946
217 462
217 769
217 59
217 722
217 701
217 154
217 362
217 135
217 306
217 366
217 720
217 433
174 303
174 965
174 619
17 943
17 1015
17 632
127 430
127 779
127 928
127 1028
267 380
267 381
267 129
267 242
267 641
267 200
267 710
267 592
267 708
124 689
124 401
124 801
124 90
124 394
124 441
124 819
124 245
124 9
124 464
124 696
124 851
20 169
20 623
20 404
20 466
20 108
20 832
20 109
1084 462
1084 1118
1084 328
1084 380
1084 315
1084 803
1084 469
1084 831
1084 506
1084 870
1084 1132
1084 492
1084 276
1084 587
94 462
94 379
94 871
94 169
94 16
94 114
94 860
94 185
94 105
94 623
94 393
94 294
94 103
94 759
94 501
94 514
94 897
94 735
94 228
94 408
94 243
94 310
94 1003
462 1022
462 169
462 803
462 1068
462 181
462 849
462 860
462 670
462 878
462 483
462 796
462 769
462 778
462 316
462 1040
462 621
462 2
462 313
462 384
462 495
462 720
462 433
462 668
462 508
379 600
379 114
379 150
379 180
379 645
1118 848
1118 975
1118 864
1118 377
1118 182
1118 269
1118 352
1118 384
1118 245
1118 711
1118 997
540 684
540 779
540 440
151 354
151 285
354 824
354 747
354 931
943 166
943 515
943 1015
943 523
943 771
830 526
830 254
494 285
328 848
328 1132
328 109
328 997
871 860
871 670
871 185
871 105
871 393
871 529
871 704
871 242
871 790
871 514
871 1132
871 735
871 70
871 610
871 900
871 964
380 848
380 717
380 169
380 469
380 819
380 480
380 21
380 851
380 997
848 377
848 598
848 109
468 557
468 904
468 567
468 57
315 114
315 536
315 576
717 975
717 401
717 404
717 987
957 1065
957 793
828 1088
89 975
89 1004
89 300
89 904
89 698
89 1065
89 714
89 249
89 913
89 1038
89 374
89 574
89 581
89 397
89 365
89 57
89 1064
89 78
89 345
89 308
972 1065
972 303
972 965
972 1078
972 414
972 396
975 1022
975 387
975 1088
975 626
975 714
975 401
975 965
975 90
975 922
975 539
975 48
975 920
975 384
975 325
975 1073
975 1115
131 68
131 837
131 733
291 137
291 277
291 810
291 642
291 1014
291 348
137 277
137 600
137 1098
137 810
137 1044
137 642
137 402
137 626
137 941
137 483
137 778
137 987
137 1014
137 1035
277 600
277 1098
277 810
277 1044
277 642
277 108
277 966
277 1014
277 1035
277 688
277 247
600 1098
600 1044
600 642
600 941
600 1023
1098 810
1098 1044
1098 642
1098 402
1098 1068
1098 547
1098 878
1098 108
1098 1014
1098 931
1098 180
1098 1089
1098 645
1098 465
810 1044
810 642
810 402
810 644
810 1014
810 1035
810 645
1044 642
1044 941
1044 987
642 778
642 465
472 867
472 583
472 778
472 733
472 492
472 1035
472 310
1022 867
1022 181
1022 626
1022 984
1022 1067
1022 107
1022 483
1022 892
1022 667
1022 316
1022 644
1022 372
1022 357
1022 390
1022 837
1022 1023
1022 213
1022 167
1022 784
1022 421
1022 647
387 660
387 593
387 1040
387 322
387 254
387 361
1088 175
1088 422
1088 586
1088 823
1088 755
1088 12
1088 55
169 404
169 209
169 10
169 851
169 836
402 478
402 781
402 941
402 987
402 1089
402 457
402 680
402 637
402 675
402 348
402 363
402 673
402 92
557 823
557 325
557 1132
557 209
557 950
867 181
867 263
867 1067
867 515
867 941
867 107
867 483
867 892
867 316
867 59
867 2
867 313
867 701
867 357
867 1035
867 1089
867 306
867 366
867 310
867 791
867 1091
1004 698
1004 249
1004 860
951 357
951 135
951 310
951 348
803 140
803 1077
803 12
803 668
824 585
824 780
917 747
917 526
917 593
917 340
917 442
917 503
917 361
917 349
16 1067
16 586
16 495
16 445
16 1058
300 860
300 740
300 108
300 629
300 912
583 1067
583 506
583 311
583 62
195 1065
270 1068
270 985
270 1071
1068 985
1068 181
1068 317
1068 483
1068 987
1068 39
1068 1051
1068 568
985 547
985 1121
985 1040
985 1071
985 39
985 1090
985 202
547 181
547 317
547 984
547 1067
547 778
547 641
547 644
547 372
547 492
547 1089
181 317
181 626
181 984
181 1067
181 107
181 878
181 644
181 390
181 1089
181 676
181 256
317 651
317 483
317 884
263 626
263 483
263 769
263 316
263 644
263 59
263 2
263 306
626 483
626 769
626 316
626 1023
626 92
849 1067
849 158
469 377
469 806
469 132
469 404
469 183
469 1108
469 48
469 641
469 1033
469 555
114 506
114 168
904 249
904 574
904 384
904 57
175 179
175 1015
175 575
175 829
175 95
175 170
250 61
250 572
250 954
250 496
250 563
250 368
482 878
482 585
482 39
698 567
945 899
945 381
945 496
945 1
945 243
945 522
706 819
706 947
864 1083
864 68
864 309
864 12
864 21
766 745
766 625
766 806
766 589
766 474
766 69
766 480
766 123
766 202
766 528
766 398
766 221
1065 714
1065 61
1065 113
1065 878
1065 201
1065 381
1065 129
1065 39
1065 309
1065 1023
1065 879
1065 935
1065 342
1065 304
1083 152
1083 165
1083 212
1083 625
1083 986
984 357
984 1089
984 1090
984 208
166 374
166 942
166 351
166 1052
166 607
166 771
166 961
166 72
187 878
187 242
187 361
187 746
1067 860
1067 941
1067 651
1067 107
1067 483
1067 892
1067 679
1067 242
1067 316
1067 644
1067 372
1067 701
1067 357
1067 390
1067 1023
1067 213
1067 167
1067 784
1067 421
1067 256
553 501
1007 623
1007 483
1007 1040
1007 372
478 198
478 628
13 193
13 634
526 69
526 593
526 340
526 442
526 802
526 1078
781 193
781 941
781 139
781 158
781 39
781 837
781 914
303 727
303 657
303 693
303 466
303 796
303 90
660 860
660 339
660 565
660 98
660 815
899 66
899 770
899 295
899 179
899 496
899 237
899 1
899 522
899 518
145 274
721 375
721 1071
657 625
657 806
657 404
657 48
657 31
657 570
657 9
657 873
377 689
377 274
377 182
377 90
377 1108
377 394
377 441
377 586
377 48
377 612
377 790
377 555
377 211
377 5
377 162
814 179
814 496
814 242
714 405
714 108
714 437
714 65
714 222
714 344
714 235
714 223
714 111
714 915
714 793
714 973
714 776
714 1050
714 1034
714 331
689 182
689 90
689 394
689 819
274 919
274 309
274 211
249 860
249 687
422 269
422 65
422 129
422 352
422 12
422 342
422 207
422 584
375 268
375 1077
375 12
375 80
375 836
375 40
375 286
375 186
61 707
61 770
61 179
61 572
61 663
61 954
61 234
61 381
61 496
61 590
61 368
61 1032
61 170
61 304
61 456
61 471
61 163
61 938
61 991
61 841
61 323
61 266
693 129
809 510
809 62
809 211
809 674
405 65
405 111
405 915
405 543
405 1002
405 776
405 1034
405 420
977 740
977 970
515 1015
515 183
515 662
515 779
515 440
515 1096
515 1120
401 860
401 670
401 183
401 90
401 394
401 819
401 245
401 633
401 453
401 696
401 5
860 185
860 483
860 343
860 506
860 923
860 570
860 866
860 607
860 900
860 1018
860 67
670 625
670 684
670 850
670 570
707 954
707 590
707 563
707 368
707 775
285 1130
66 852
66 381
66 599
66 646
66 518
66 456
66 1054
745 491
745 152
745 589
745 590
745 708
770 852
770 572
770 994
770 170
770 522
770 456
770 652
413 496
138 491
138 908
138 381
138 496
138 646
138 243
138 1085
491 852
491 704
491 800
491 3
491 243
491 522
491 1085
908 663
908 381
908 612
908 501
908 692
908 599
908 996
908 963
908 980
295 646
295 123
295 170
852 179
852 572
852 663
852 110
852 165
852 212
852 631
852 496
852 498
852 599
852 542
852 170
852 873
852 163
852 1054
852 926
852 799
852 1116
852 818
179 572
179 183
179 496
179 599
179 708
179 797
179 170
179 991
152 589
152 986
152 575
572 954
572 995
572 590
572 368
572 1032
572 170
572 456
572 938
572 652
663 496
663 590
663 323
663 82
663 835
185 105
185 704
185 318
185 228
185 807
185 1026
699 110
110 165
110 69
110 631
110 498
110 129
105 103
105 318
105 897
105 802
105 228
105 3
105 807
105 417
649 55
165 498
165 799
64 212
64 268
64 929
64 55
64 798
212 1077
212 342
212 827
625 537
625 806
625 589
625 794
625 139
625 801
625 498
625 987
623 183
623 662
623 434
623 819
623 510
623 776
536 831
536 506
536 916
941 183
941 483
941 316
941 644
941 987
941 733
941 1089
941 457
941 637
941 675
941 363
941 353
831 506
831 576
831 816
537 474
537 525
806 474
806 69
806 651
806 801
806 498
806 1035
806 135
806 398
589 474
589 28
589 498
589 753
589 829
474 684
474 1016
474 353
552 340
552 39
552 837
552 733
552 914
552 150
552 645
552 1090
552 202
552 568
552 624
954 496
954 590
954 563
954 368
954 775
918 595
182 1114
369 393
369 702
369 339
369 27
369 681
369 700
369 570
684 122
684 108
684 779
684 440
684 584
631 498
1015 133
1015 201
1015 218
1015 440
1015 942
1015 443
817 108
1104 122
1104 343
1104 10
1104 866
1104 324
133 183
133 440
133 942
122 343
122 424
999 9
389 550
393 394
393 446
393 242
393 641
393 79
393 191
234 574
234 590
132 752
404 9
404 177
730 183
730 211
107 483
107 1040
107 644
107 372
107 357
107 733
107 167
107 421
878 343
878 780
878 782
878 599
878 886
878 775
740 780
740 565
740 599
740 886
201 25
201 443
201 37
183 946
183 496
183 466
183 819
183 440
183 237
183 79
183 271
946 440
483 892
483 769
483 1040
483 644
483 372
483 987
483 357
483 390
483 1023
483 213
483 167
483 784
483 421
11 466
11 612
11 903
11 444
11 283
381 496
381 995
381 599
381 1
381 646
381 123
381 542
381 426
381 518
381 100
1041 702
1041 242
1041 39
1041 733
1041 914
1041 351
1041 211
1041 981
281 506
627 506
627 870
627 886
343 10
343 424
343 866
343 324
431 816
877 661
608 351
608 10
608 866
608 324
608 244
608 731
801 466
801 108
801 90
801 394
801 819
801 311
801 245
496 108
496 819
496 599
496 1031
496 563
496 1
496 368
496 646
496 123
496 542
496 243
496 170
496 522
496 323
995 237
995 1
995 963
1036 1046
1036 1078
466 437
466 441
466 819
466 109
466 283
25 861
892 982
892 644
892 357
892 390
892 213
892 167
892 784
892 421
140 574
140 68
140 668
140 836
506 329
506 168
108 65
108 222
108 619
108 441
108 68
108 759
108 312
108 800
108 81
108 180
108 905
108 321
108 488
108 1107
598 592
780 336
955 590
593 442
593 1082
593 802
965 612
965 311
965 501
965 268
965 692
965 92
796 662
796 279
171 1120
171 1010
90 394
90 71
90 441
90 819
90 242
90 245
90 633
90 31
90 453
90 464
90 696
90 851
90 109
90 101
178 48
769 778
769 316
769 987
769 59
769 621
769 313
769 701
769 357
769 154
769 720
769 433
769 508
778 316
778 1040
778 644
778 59
778 621
778 722
778 720
702 339
702 982
702 198
702 1040
702 637
702 1126
966 98
966 2
966 436
966 677
339 27
339 681
339 700
339 922
339 98
982 1040
718 789
718 254
613 437
437 65
437 344
437 223
437 394
437 973
437 312
437 816
437 236
437 851
437 100
437 282
27 700
27 1082
27 254
681 1040
681 789
681 900
700 1026
970 235
970 223
65 344
65 581
65 816
65 763
222 344
913 57
498 799
1038 397
1038 155
1038 791
567 57
374 574
374 942
374 1064
374 26
374 532
619 1131
619 342
574 687
574 912
574 791
574 470
574 83
574 156
574 834
574 383
640 186
1131 268
1131 505
344 580
235 223
235 1034
111 776
915 311
296 679
126 634
126 1055
667 987
667 492
397 57
397 155
397 78
397 791
397 26
679 580
679 331
662 311
565 240
565 434
565 272
565 1121
240 434
434 272
73 787
73 254
73 795
922 98
922 854
923 819
923 884
923 787
198 1130
198 340
198 39
916 1080
894 903
394 441
394 819
394 245
394 633
394 31
441 245
441 851
586 539
586 823
586 933
586 209
586 55
1020 630
1020 349
1020 682
1020 1081
1020 978
68 903
819 459
819 311
819 245
819 31
819 997
819 444
539 793
539 823
539 821
539 950
539 383
612 501
612 692
612 432
459 241
744 62
103 897
103 1123
759 544
759 570
759 530
704 897
704 3
704 417
446 545
242 712
242 340
242 74
242 793
242 342
242 518
242 905
790 1023
318 897
501 692
501 903
501 1115
712 1023
514 1080
897 853
98 1130
98 254
629 39
629 248
340 248
340 473
340 23
442 802
442 70
442 349
442 618
268 12
1077 12
1077 694
74 787
793 39
641 522
641 115
692 829
692 996
692 95
692 963
692 980
692 818
692 865
352 933
352 903
352 109
352 5
599 237
599 646
599 1054
599 963
599 865
329 886
329 399
329 601
329 168
779 876
779 410
779 353
1016 911
785 445
785 1027
312 9
753 60
120 202
898 580
316 621
316 722
316 313
316 154
316 362
316 720
316 433
316 310
316 1091
316 925
1040 644
1040 372
1040 987
1040 795
1040 503
644 372
644 357
644 390
644 213
644 167
644 784
644 421
644 647
297 1071
297 348
297 568
297 208
372 492
987 357
987 720
987 363
987 92
1071 1073
1071 568
1071 208
365 776
576 676
252 1111
789 900
59 722
59 701
59 366
59 720
621 2
621 722
621 701
621 787
621 720
2 722
2 701
2 154
2 720
722 701
722 720
701 154
384 57
325 821
821 60
357 39
357 390
357 213
357 167
357 784
357 421
590 563
590 368
590 456
590 841
590 323
590 266
590 835
590 58
919 276
919 630
929 798
440 911
440 942
440 443
440 524
788 1002
284 579
245 633
245 851
633 453
633 1115
633 101
1114 851
1114 643
31 453
884 348
1002 645
39 837
39 733
39 914
39 1023
1082 254
787 254
1014 213
1014 1035
1014 180
1014 637
1014 688
390 213
390 167
390 784
390 421
1111 72
1111 905
1111 321
1111 26
1111 960
504 837
911 424
911 731
820 190
361 1025
164 976
563 368
563 938
563 775
563 115
837 733
837 914
800 243
800 1085
60 209
36 933
237 1113
237 996
237 646
510 62
453 696
453 851
453 37
949 903
942 443
1 123
1 708
1 652
1 199
251 100
79 348
733 914
733 202
914 672
570 492
570 5
570 1117
570 194
570 862
204 735
204 1123
12 836
996 1054
996 980
996 818
996 865
368 775
368 835
368 865
646 1054
646 1085
646 818
646 865
903 21
505 542
763 123
763 542
763 797
763 687
763 842
492 231
351 1052
351 771
351 72
876 445
876 1058
876 353
956 348
956 231
123 542
123 708
123 842
542 842
708 797
708 1054
708 963
708 419
228 427
807 618
1023 636
213 167
213 784
213 421
167 784
167 421
784 421
150 180
150 645
150 688
1035 647
1035 497
180 645
180 1052
680 637
680 675
680 348
680 363
680 673
680 92
680 162
637 675
637 348
637 363
637 92
645 155
645 688
879 484
683 410
410 37
10 866
10 731
1090 202
1090 624
1052 826
1052 961
1052 72
1052 905
1052 321
202 568
202 208
455 72
455 905
455 321
455 26
455 960
866 324
866 244
866 731
935 1037
675 363
675 92
711 432
1032 304
687 938
155 791
426 100
276 219
743 162
743 825
607 771
607 72
630 349
630 682
154 362
154 433
362 135
135 310
9 696
109 997
243 170
243 522
243 1085
310 1091
310 981
310 925
668 511
912 470
912 383
348 363
348 92
55 927
836 334
363 92
363 847
349 682
445 353
1058 353
62 211
568 208
170 522
170 323
170 818
170 842
947 927
528 225
342 827
342 350
961 72
961 905
961 321
961 960
72 905
72 488
72 960
211 777
40 186
40 334
186 334
938 566
991 115
323 835
1018 321
1018 26
1054 963
1054 980
1054 818
1054 865
980 818
980 865
818 865
835 842
443 979
731 960
905 321
905 488
905 26
905 960
321 488
321 26
321 960
488 960
101 992
26 532
470 383
470 739
682 288
1081 978
694 516
865 842
516 516
