0 257
1 5
2 945
3 724
4 629
5 71
6 104
7 339
8 1000
9 67
10 1087
11 580
12 597
13 557
14 533
15 779
16 255
17 1090
18 181
19 767
20 373
21 938
22 1081
23 798
24 264
25 854
26 230
27 785
28 1051
29 223
30 280
31 908
32 910
33 817
34 627
35 791
36 184
37 741
38 568
39 295
40 403
41 804
42 289
43 479
44 38
45 1084
46 500
47 584
48 24
49 675
50 829
51 814
52 452
53 1118
54 162
55 700
56 460
57 1067
58 757
59 520
60 59
61 1109
62 1049
63 86
64 196
65 551
66 657
67 1040
68 975
69 722
70 329
71 1011
72 658
73 957
74 302
75 980
76 1013
77 616
78 233
79 501
80 377
81 227
82 485
83 683
84 888
85 191
86 179
87 245
88 989
89 961
90 600
91 783
92 410
93 543
94 1075
95 491
96 199
97 636
98 1054
99 419
100 459
101 271
102 604
103 424
104 1012
105 322
106 1096
107 165
108 611
109 862
110 1077
111 1064
112 433
113 68
114 394
115 1104
116 866
117 252
118 482
119 1048
120 574
121 802
122 609
123 1008
124 492
125 733
126 256
127 11
128 30
129 180
130 897
131 208
132 110
133 385
134 340
135 1002
136 388
137 446
138 234
139 699
140 803
141 313
142 777
143 692
144 652
145 13
146 85
147 1044
148 451
149 753
150 125
151 729
152 792
153 136
154 448
155 450
156 355
157 969
158 80
159 974
160 1006
161 161
162 326
163 472
164 1014
165 8
166 197
167 743
168 1127
169 261
170 365
171 103
172 1015
173 237
174 281
175 347
176 487
177 14
178 70
179 1003
180 48
181 18
182 41
183 744
184 640
185 98
186 739
187 689
188 124
189 790
190 812
191 262
192 540
193 151
194 1061
195 751
196 901
197 195
198 92
199 390
200 870
201 984
202 447
203 1086
204 525
205 183
206 795
207 581
208 881
209 1020
210 272
211 79
212 248
213 749
214 1119
215 759
216 148
217 274
218 765
219 1106
220 1100
221 378
222 660
223 453
224 407
225 977
226 470
227 1058
228 978
229 74
230 937
231 566
232 890
233 421
234 172
235 589
236 682
237 856
238 238
239 985
240 686
241 462
242 922
243 212
244 131
245 1042
246 499
247 1089
248 607
249 852
250 9
251 144
252 565
253 752
254 725
255 770
256 510
257 1022
258 704
259 83
260 458
261 734
262 556
263 432
264 318
265 799
266 387
267 886
268 320
269 1036
270 153
271 1073
272 800
273 454
274 514
275 930
276 835
277 613
278 368
279 964
280 349
281 65
282 645
283 402
284 1079
285 391
286 815
287 648
288 398
289 1032
290 560
291 596
292 662
293 1103
294 1098
295 906
296 679
297 586
298 1083
299 745
300 57
301 552
302 846
303 883
304 315
305 43
306 628
307 47
308 867
309 775
310 102
311 684
312 113
313 884
314 440
315 690
316 1091
317 730
318 615
319 517
320 284
321 428
322 99
323 845
324 344
325 664
326 714
327 412
328 497
329 833
330 489
331 283
332 1035
333 531
334 414
335 170
336 1050
337 1027
338 949
339 555
340 993
341 413
342 207
343 778
344 285
345 736
346 659
347 64
348 754
349 19
350 539
351 430
352 393
353 429
354 364
355 896
356 1117
357 868
358 263
359 996
360 134
361 1060
362 478
363 1099
364 837
365 893
366 341
367 42
368 239
369 445
370 991
371 808
372 612
373 784
374 425
375 348
376 1039
377 698
378 1016
379 338
380 639
381 301
382 618
383 10
384 494
385 506
386 366
387 277
388 250
389 298
390 936
391 853
392 591
393 463
394 663
395 314
396 310
397 561
398 708
399 357
400 827
401 461
402 16
403 372
404 471
405 855
406 950
407 796
408 1076
409 138
410 219
411 1092
412 21
413 114
414 28
415 919
416 29
417 369
418 229
419 637
420 878
421 204
422 20
423 159
424 123
425 1113
426 983
427 205
428 677
429 904
430 132
431 774
432 1043
433 941
434 275
435 832
436 518
437 66
438 1037
439 903
440 999
441 209
442 44
443 297
444 614
445 582
446 847
447 810
448 1056
449 541
450 509
451 35
452 331
453 228
454 899
455 382
456 26
457 56
458 787
459 145
460 189
461 674
462 763
463 788
464 129
465 956
466 668
467 77
468 246
469 290
470 61
471 332
472 437
473 998
474 468
475 654
476 475
477 879
478 420
479 147
480 1059
481 643
482 116
483 924
484 1124
485 149
486 241
487 963
488 82
489 647
490 590
491 431
492 269
493 732
494 93
495 911
496 443
497 251
498 740
499 370
500 1071
501 585
502 559
503 304
504 987
505 716
506 375
507 1115
508 512
509 417
510 887
511 117
512 819
513 469
514 535
515 735
516 192
517 128
518 649
519 323
520 72
521 728
522 766
523 610
524 605
525 638
526 567
527 90
528 970
529 670
530 217
531 780
532 563
533 631
534 97
535 705
536 422
537 12
538 442
539 721
540 1107
541 715
542 464
543 642
544 150
545 490
546 900
547 81
548 174
549 356
550 549
551 232
552 972
553 992
554 836
555 435
556 325
557 1131
558 288
559 293
560 154
561 389
562 634
563 572
564 121
565 962
566 40
567 60
568 564
569 914
570 76
571 253
572 805
573 405
574 34
575 187
576 641
577 625
578 354
579 1093
580 496
581 534
582 176
583 820
584 141
585 880
586 220
587 782
588 112
589 49
590 1025
591 550
592 831
593 175
594 133
595 709
596 1097
597 222
598 863
599 537
600 201
601 358
602 395
603 456
604 768
605 758
606 1063
607 823
608 457
609 473
610 650
611 806
612 926
613 843
614 226
615 807
616 608
617 247
618 75
619 927
620 1062
621 932
622 553
623 723
624 786
625 588
626 544
627 278
628 119
629 361
630 308
631 599
632 483
633 3
634 188
635 321
636 345
637 971
638 58
639 32
640 762
641 126
642 707
643 797
644 22
645 1023
646 546
647 296
648 225
649 94
650 415
651 171
652 811
653 895
654 562
655 15
656 135
657 982
658 436
659 710
660 177
661 45
662 995
663 530
664 384
665 267
666 929
667 921
668 392
669 756
670 78
671 404
672 399
673 569
674 772
675 84
676 381
677 874
678 718
679 916
680 955
681 958
682 158
683 498
684 923
685 406
686 346
687 481
688 107
689 164
690 1018
691 688
692 95
693 737
694 839
695 193
696 940
697 918
698 294
699 727
700 680
701 547
702 202
703 761
704 877
705 1033
706 1055
707 122
708 477
709 939
710 334
711 1034
712 554
713 380
714 480
715 776
716 869
717 925
718 1057
719 37
720 27
721 595
722 821
723 809
724 333
725 842
726 328
727 300
728 702
729 1
730 268
731 943
732 665
733 1121
734 307
735 1019
736 493
737 100
738 623
739 379
740 661
741 578
742 822
743 653
744 646
745 712
746 558
747 529
748 235
749 905
750 542
751 598
752 1108
753 505
754 988
755 860
756 587
757 1031
758 254
759 186
760 697
761 952
762 527
763 920
764 1122
765 224
766 719
767 54
768 864
769 401
770 1017
771 990
772 794
773 312
774 967
775 51
776 351
777 359
778 524
779 39
780 816
781 408
782 282
783 738
784 1082
785 319
786 726
787 1085
788 106
789 214
790 755
791 1080
792 416
793 376
794 194
795 109
796 240
797 488
798 143
799 1053
800 111
801 742
802 1129
803 892
804 935
805 885
806 1095
807 617
808 7
809 330
810 155
811 1111
812 455
813 1126
814 360
815 711
816 101
817 764
818 946
819 830
820 439
821 299
822 266
823 200
824 206
825 872
826 851
827 486
828 418
829 1026
830 673
831 669
832 619
833 120
834 532
835 367
836 947
837 954
838 17
839 667
840 681
841 703
842 994
843 306
844 449
845 63
846 213
847 934
848 825
849 951
850 701
851 576
852 243
853 1130
854 603
855 91
856 691
857 1120
858 545
859 526
860 259
861 1078
862 933
863 801
864 139
865 371
866 25
867 966
868 1052
869 352
870 655
871 260
872 769
873 606
874 516
875 502
876 474
877 50
878 130
879 731
880 644
881 850
882 166
883 1010
884 215
885 374
886 115
887 4
888 909
889 793
890 476
891 676
892 244
893 857
894 1068
895 362
896 1114
897 292
898 528
899 163
900 871
901 656
902 746
903 203
904 178
905 33
906 960
907 1004
908 303
909 236
910 305
911 944
912 127
913 409
914 504
915 1112
916 942
917 0
918 840
919 88
920 818
921 336
922 713
923 959
924 838
925 397
926 273
927 1001
928 73
929 1132
930 979
931 593
932 548
933 142
934 579
935 671
936 865
937 898
938 685
939 173
940 973
941 511
942 592
943 400
944 1074
945 577
946 31
947 522
948 324
949 873
950 907
951 696
952 507
953 968
954 270
955 1041
956 997
957 342
958 316
959 981
960 190
961 915
962 844
963 55
964 891
965 602
966 583
967 882
968 317
969 1007
970 444
971 694
972 1028
973 826
974 789
975 2
976 1005
977 1021
978 167
979 570
980 140
981 515
982 465
983 311
984 894
985 69
986 666
987 635
988 621
989 523
990 771
991 513
992 168
993 678
994 931
995 858
996 976
997 96
998 948
999 1046
1000 276
1001 396
1002 720
1003 1009
1004 309
1005 508
1006 813
1007 706
1008 423
1009 218
1010 538
1011 536
1012 1045
1013 249
1014 350
1015 1065
1016 495
1017 1072
1018 156
1019 834
1020 118
1021 160
1022 242
1023 1047
1024 1105
1025 287
1026 1128
1027 1102
1028 760
1029 1094
1030 265
1031 575
1032 1038
1033 1070
1034 861
1035 386
1036 717
1037 198
1038 327
1039 146
1040 210
1041 965
1042 1069
1043 626
1044 824
1045 157
1046 519
1047 335
1048 53
1049 1029
1050 467
1051 89
1052 875
1053 1030
1054 466
1055 23
1056 363
1057 622
1058 52
1059 231
1060 1101
1061 747
1062 849
1063 876
1064 105
1065 343
1066 291
1067 169
1068 1088
1069 286
1070 651
1071 986
1072 108
1073 859
1074 62
1075 573
1076 36
1077 889
1078 630
1079 503
1080 773
1081 695
1082 258
1083 337
1084 1024
1085 913
1086 182
1087 620
1088 353
1089 438
1090 624
1091 1116
1092 693
1093 216
1094 672
1095 917
1096 137
1097 383
1098 411
1099 571
1100 441
1101 912
1102 928
1103 902
1104 521
1105 848
1106 594
1107 6
1108 426
1109 841
1110 748
1111 828
1112 1110
1113 633
1114 484
1115 185
1116 46
1117 781
1118 953
1119 1066
1120 221
1121 1125
1122 427
1123 279
1124 211
1125 687
1126 152
1127 632
1128 434
1129 750
1130 601
1131 87
1132 1123
