0 351
1 56
2 735
3 344
4 325
5 1005
6 329
7 144
8 446
9 838
10 3
11 49
12 413
13 973
14 456
15 263
16 471
17 1080
18 66
19 323
20 692
21 942
22 136
23 161
24 24
25 955
26 106
27 198
28 642
29 612
30 934
31 1004
32 779
33 1011
34 1007
35 766
36 763
37 806
38 334
39 638
40 1077
41 503
42 303
43 819
44 742
45 296
46 307
47 99
48 967
49 658
50 112
51 5
52 1061
53 885
54 722
55 103
56 404
57 930
58 1121
59 96
60 235
61 249
62 1107
63 816
64 1089
65 138
66 1049
67 759
68 277
69 222
70 196
71 660
72 179
73 904
74 168
75 702
76 507
77 321
78 633
79 543
80 433
81 545
82 410
83 865
84 982
85 301
86 761
87 601
88 1052
89 133
90 718
91 245
92 183
93 610
94 1091
95 940
96 213
97 609
98 540
99 0
100 652
101 151
102 524
103 549
104 272
105 439
106 514
107 187
108 581
109 926
110 11
111 786
112 883
113 513
114 675
115 7
116 430
117 856
118 613
119 261
120 570
121 852
122 945
123 260
124 210
125 522
126 398
127 637
128 635
129 1035
130 1016
131 486
132 479
133 129
134 57
135 1019
136 36
137 1027
138 839
139 87
140 454
141 592
142 119
143 892
144 1114
145 152
146 615
147 137
148 1062
149 805
150 774
151 814
152 947
153 380
154 1120
155 423
156 587
157 843
158 34
159 132
160 100
161 707
162 687
163 419
164 68
165 1050
166 1083
167 381
168 1075
169 661
170 958
171 275
172 803
173 37
174 711
175 243
176 425
177 871
178 201
179 981
180 547
181 672
182 936
183 622
184 324
185 909
186 574
187 476
188 295
189 983
190 578
191 500
192 328
193 648
194 316
195 736
196 180
197 157
198 953
199 359
200 666
201 199
202 32
203 105
204 651
205 481
206 700
207 353
208 765
209 436
210 928
211 1130
212 734
213 673
214 1105
215 907
216 665
217 815
218 793
219 933
220 620
221 485
222 126
223 746
224 966
225 1038
226 441
227 719
228 6
229 957
230 733
231 1014
232 204
233 705
234 682
235 1055
236 470
237 450
238 864
239 863
240 977
241 749
242 178
243 497
244 963
245 831
246 724
247 1110
248 197
249 794
250 298
251 369
252 709
253 762
254 23
255 720
256 1078
257 25
258 568
259 42
260 121
261 998
262 891
263 72
264 494
265 149
266 1122
267 1030
268 415
269 501
270 792
271 669
272 974
273 829
274 122
275 240
276 41
277 352
278 659
279 572
280 62
281 1017
282 894
283 541
284 821
285 1037
286 376
287 299
288 120
289 312
290 784
291 297
292 1079
293 859
294 557
295 1132
296 932
297 203
298 971
299 207
300 47
301 274
302 19
303 1001
304 94
305 880
306 535
307 98
308 508
309 845
310 258
311 783
312 822
313 320
314 667
315 710
316 267
317 88
318 639
319 1093
320 890
321 912
322 825
323 1021
324 616
325 663
326 143
327 862
328 375
329 618
330 191
331 194
332 818
333 116
334 248
335 755
336 29
337 1116
338 459
339 696
340 881
341 1051
342 988
343 1042
344 350
345 488
346 605
347 287
348 533
349 529
350 330
351 995
352 626
353 400
354 857
355 238
356 117
357 1074
358 811
359 370
360 443
361 875
362 992
363 212
364 113
365 712
366 244
367 1015
368 1126
369 408
370 685
371 349
372 922
373 252
374 678
375 519
376 668
377 801
378 271
379 79
380 392
381 33
382 308
383 747
384 219
385 429
386 1064
387 1100
388 270
389 754
390 493
391 1081
392 889
393 817
394 489
395 368
396 54
397 586
398 580
399 931
400 226
401 496
402 597
403 45
404 1056
405 440
406 677
407 102
408 326
409 686
410 163
411 463
412 854
413 305
414 291
415 769
416 773
417 14
418 84
419 427
420 322
421 834
422 254
423 73
424 346
425 1039
426 101
427 170
428 78
429 327
430 1044
431 114
432 223
433 1040
434 671
435 511
436 1103
437 515
438 154
439 504
440 782
441 505
442 590
443 731
444 418
445 979
446 534
447 468
448 756
449 466
450 190
451 155
452 77
453 10
454 564
455 584
456 598
457 317
458 192
459 703
460 447
461 74
462 348
463 553
464 18
465 385
466 935
467 30
468 965
469 855
470 941
471 153
472 292
473 338
474 1085
475 771
476 1046
477 495
478 984
479 691
480 895
481 26
482 1002
483 428
484 379
485 216
486 388
487 800
488 1117
489 1057
490 146
491 278
492 812
493 311
494 813
495 164
496 266
497 490
498 211
499 698
500 636
501 399
502 571
503 402
504 1082
505 373
506 645
507 996
508 688
509 795
510 976
511 526
512 878
513 723
514 499
515 1010
516 943
517 908
518 582
519 807
520 175
521 75
522 911
523 257
524 1033
525 371
526 451
527 230
528 1084
529 768
530 449
531 901
532 396
533 1112
534 657
535 397
536 242
537 1048
538 670
539 480
540 209
541 796
542 640
543 389
544 679
545 1028
546 255
547 986
548 285
549 566
550 596
551 655
552 214
553 550
554 1098
555 289
556 364
557 363
558 750
559 502
560 775
561 391
562 1053
563 457
564 1009
565 282
566 937
567 910
568 1003
569 1076
570 802
571 646
572 858
573 286
574 539
575 1018
576 837
577 259
578 820
579 147
580 234
581 510
582 165
583 135
584 262
585 86
586 265
587 799
588 627
589 744
590 362
591 205
592 306
593 991
594 251
595 920
596 684
597 832
598 961
599 414
600 1032
601 1066
602 374
603 492
604 182
605 382
606 89
607 1111
608 554
609 128
610 614
611 836
612 383
613 188
614 929
615 8
616 877
617 1088
618 781
619 315
620 43
621 741
622 848
623 4
624 228
625 954
626 167
627 27
628 647
629 150
630 225
631 567
632 28
633 649
634 1125
635 968
636 1115
637 1087
638 478
639 788
640 516
641 336
642 159
643 339
644 422
645 158
646 899
647 656
648 1026
649 999
650 264
651 714
652 876
653 778
654 160
655 569
656 139
657 897
658 256
659 241
660 903
661 424
662 830
663 619
664 948
665 1024
666 361
667 181
668 537
669 335
670 1029
671 356
672 394
673 59
674 602
675 208
676 918
677 319
678 681
679 631
680 1108
681 435
682 990
683 1119
684 217
685 970
686 866
687 617
688 544
689 886
690 300
691 477
692 867
693 294
694 826
695 141
696 753
697 608
698 611
699 798
700 577
701 92
702 924
703 1034
704 518
705 293
706 869
707 227
708 345
709 85
710 716
711 1068
712 701
713 849
714 118
715 950
716 90
717 1041
718 166
719 874
720 632
721 104
722 95
723 785
724 70
725 1022
726 332
727 562
728 789
729 809
730 588
731 1070
732 390
733 97
734 542
735 528
736 333
737 1128
738 432
739 985
740 916
741 898
742 343
743 606
744 460
745 873
746 630
747 1094
748 964
749 706
750 185
751 561
752 835
753 9
754 951
755 2
756 484
757 585
758 276
759 81
760 872
761 357
762 994
763 462
764 431
765 107
766 1131
767 16
768 938
769 644
770 726
771 148
772 318
773 579
774 1031
775 556
776 923
777 482
778 589
779 142
780 273
781 215
782 758
783 140
784 453
785 111
786 186
787 283
788 51
789 737
790 206
791 115
792 393
793 448
794 521
795 583
796 743
797 246
798 438
799 997
800 772
801 21
802 134
803 421
804 861
805 939
806 1118
807 1099
808 552
809 1
810 177
811 689
812 131
813 721
814 1086
815 760
816 1069
817 474
818 125
819 426
820 1109
821 253
822 628
823 960
824 919
825 1102
826 284
827 366
828 237
829 840
830 55
831 491
832 313
833 1101
834 464
835 58
836 202
837 952
838 980
839 757
840 193
841 972
842 409
843 184
844 174
845 1106
846 123
847 1073
848 694
849 1096
850 1067
851 411
852 82
853 846
854 603
855 1129
856 575
857 1092
858 662
859 1025
860 591
861 434
862 600
863 841
864 604
865 1047
866 989
867 38
868 48
869 461
870 91
871 797
872 767
873 956
874 625
875 558
876 44
877 231
878 162
879 65
880 654
881 250
882 1090
883 512
884 730
885 887
886 546
887 281
888 189
889 403
890 607
891 927
892 169
893 906
894 751
895 888
896 527
897 523
898 650
899 959
900 680
901 50
902 853
903 593
904 405
905 1124
906 331
907 452
908 437
909 1063
910 221
911 1023
912 538
913 851
914 220
915 1054
916 770
917 236
918 314
919 727
920 725
921 1072
922 67
923 695
924 787
925 531
926 342
927 195
928 868
929 713
930 879
931 791
932 1036
933 1043
934 595
935 624
936 35
937 268
938 93
939 740
940 576
941 20
942 844
943 46
944 690
945 310
946 378
947 483
948 828
949 634
950 109
951 764
952 1058
953 525
954 693
955 472
956 469
957 847
958 280
959 902
960 416
961 1059
962 80
963 551
964 145
965 384
966 944
967 233
968 915
969 752
970 777
971 22
972 548
973 946
974 748
975 738
976 13
977 17
978 833
979 870
980 401
981 218
982 914
983 790
984 530
985 412
986 704
987 697
988 896
989 621
990 124
991 60
992 156
993 31
994 1065
995 53
996 975
997 1071
998 921
999 565
1000 52
1001 860
1002 683
1003 827
1004 850
1005 1113
1006 445
1007 1097
1008 969
1009 354
1010 290
1011 224
1012 355
1013 717
1014 563
1015 279
1016 884
1017 808
1018 387
1019 360
1020 1000
1021 473
1022 520
1023 509
1024 594
1025 108
1026 63
1027 365
1028 232
1029 171
1030 913
1031 560
1032 76
1033 1013
1034 127
1035 674
1036 573
1037 732
1038 69
1039 780
1040 309
1041 347
1042 239
1043 745
1044 1095
1045 395
1046 993
1047 804
1048 1127
1049 200
1050 367
1051 475
1052 455
1053 417
1054 340
1055 599
1056 978
1057 949
1058 110
1059 629
1060 728
1061 893
1062 810
1063 176
1064 925
1065 130
1066 536
1067 15
1068 900
1069 377
1070 1123
1071 882
1072 229
1073 269
1074 653
1075 1020
1076 467
1077 406
1078 517
1079 699
1080 715
1081 739
1082 962
1083 487
1084 302
1085 341
1086 40
1087 643
1088 465
1089 708
1090 39
1091 555
1092 623
1093 288
1094 12
1095 386
1096 987
1097 71
1098 917
1099 776
1100 1060
1101 337
1102 372
1103 1006
1104 676
1105 1012
1106 444
1107 64
1108 442
1109 506
1110 1104
1111 304
1112 407
1113 458
1114 83
1115 247
1116 664
1117 172
1118 498
1119 173
1120 61
1121 1045
1122 842
1123 641
1124 420
1125 905
1126 559
1127 729
1128 358
1129 1008
1130 824
1131 532
1132 823
