677 893
677 108
677 351
677 972
677 232
677 29
677 629
677 1102
677 309
677 524
677 1121
677 543
677 679
677 691
677 409
677 937
677 257
677 912
677 282
677 835
677 340
677 1047
677 1036
677 61
677 997
677 938
677 874
677 201
677 396
677 646
893 108
893 351
893 232
893 29
893 629
893 1102
893 309
893 524
893 543
893 409
893 257
893 912
893 282
893 340
893 1036
893 671
893 751
893 39
893 334
893 1112
893 114
893 784
108 232
108 29
108 629
108 1102
108 524
108 1121
108 543
108 409
108 257
108 912
108 282
108 835
108 340
108 1047
108 938
108 874
108 39
108 277
108 854
108 331
108 504
108 549
108 604
108 204
108 293
108 212
108 239
108 490
108 975
108 1041
108 820
108 957
108 362
108 666
108 426
351 524
351 340
351 293
351 267
351 661
351 864
351 423
351 693
351 27
351 651
351 687
351 1111
351 954
351 935
351 909
351 484
351 798
351 520
351 406
972 232
972 543
972 99
972 523
972 95
972 995
972 1117
972 1114
972 600
232 29
232 629
232 543
232 409
232 257
232 340
232 938
232 874
232 39
232 35
232 286
232 947
232 346
232 882
232 441
232 81
232 1026
29 1102
29 309
29 543
29 691
29 409
29 912
29 340
29 874
29 995
29 930
29 103
29 214
29 93
29 656
29 411
29 476
29 176
29 432
29 1089
29 989
29 623
29 883
629 340
629 874
629 550
629 670
1102 309
1102 543
1102 409
1102 835
1102 340
1102 1036
1102 396
1102 331
1102 1099
1102 846
1102 355
1102 852
1102 924
309 409
309 1036
309 39
309 798
309 941
309 799
309 165
309 974
309 532
309 735
309 21
309 421
309 626
309 792
309 959
309 439
309 973
309 1061
309 264
309 897
309 988
309 471
309 684
309 750
309 513
309 225
309 371
524 257
524 912
524 282
524 340
524 61
524 938
524 204
524 99
524 878
524 1010
524 571
524 994
524 565
524 749
524 669
524 219
1121 882
1121 688
1121 75
1121 603
1121 245
1121 320
1121 678
1121 1067
1121 767
1121 305
1121 233
1121 188
1121 939
1121 1033
1121 952
543 679
543 409
543 257
543 340
543 1036
543 874
543 204
543 484
543 995
543 852
543 923
543 772
543 330
543 507
543 147
543 655
543 1126
679 691
679 409
679 1036
679 39
679 35
679 924
679 165
679 532
679 897
679 988
679 749
679 133
679 479
679 781
679 104
679 171
679 796
679 119
679 788
679 416
679 509
679 635
679 616
679 637
679 375
679 430
679 415
679 205
679 455
679 586
679 1046
679 1084
679 460
691 1047
691 751
691 39
691 995
691 411
691 988
691 788
691 936
691 1063
691 148
691 428
691 945
691 675
691 304
691 654
691 335
409 1036
409 396
409 751
409 39
409 426
409 1117
409 355
409 941
409 897
409 750
409 225
409 503
409 857
409 704
409 400
409 71
409 58
409 244
409 464
409 557
409 964
409 768
409 582
409 847
409 982
409 174
409 1053
409 1012
409 837
409 802
409 725
409 1129
409 1005
409 863
409 487
409 884
409 760
409 741
409 754
409 175
409 306
409 1068
937 1036
937 39
937 421
937 111
937 554
937 578
257 912
257 835
257 340
257 1047
257 61
257 997
257 938
257 784
257 277
257 155
257 875
257 2
912 282
912 938
912 784
912 798
912 947
912 81
912 973
912 669
912 428
912 1031
912 576
912 743
912 15
912 83
912 1008
912 7
912 33
912 806
912 493
912 380
912 462
282 340
282 331
282 549
282 975
282 286
282 852
282 2
282 83
282 177
282 752
282 229
282 1086
835 1047
835 61
835 277
835 854
835 331
835 293
835 212
835 975
835 362
835 666
835 864
835 93
835 1099
835 846
835 355
835 924
835 507
835 174
835 802
835 863
835 111
835 380
835 271
835 1027
835 468
835 289
835 918
835 980
835 475
835 564
835 1057
835 1081
835 491
835 6
835 42
835 121
835 620
835 443
835 647
340 938
340 671
340 784
1047 61
1047 784
1047 277
1047 504
1047 549
1047 604
1047 204
1047 293
1047 975
1047 362
1047 35
1047 1089
1047 994
1047 565
1047 320
1047 460
1047 71
1047 582
1047 875
1047 576
1047 462
1047 1027
1047 491
1047 457
1047 481
1047 434
1047 674
1047 1098
1047 592
1047 254
1047 413
1047 601
1047 1110
1047 511
1047 962
1047 31
1047 153
1047 65
1047 811
1047 272
1047 522
1047 1011
1047 160
1047 1091
1047 999
1047 288
1036 396
1036 751
1036 39
1036 661
1036 798
1036 941
1036 799
1036 165
1036 532
1036 421
1036 626
1036 439
1036 973
1036 1061
1036 988
1036 119
1036 788
1036 375
1036 415
1036 460
1036 481
1036 187
1036 709
1036 34
1036 801
1036 343
1036 220
1036 787
1036 823
1036 877
1036 996
1036 539
1036 1002
1036 422
61 997
61 277
61 423
61 27
61 684
61 875
61 493
61 674
61 34
61 241
61 529
61 385
61 132
61 816
61 84
938 784
938 798
938 81
938 176
938 428
938 576
938 15
938 7
938 493
938 153
938 130
938 514
938 1066
938 561
874 39
874 460
874 83
874 1011
874 1071
874 48
201 305
201 477
201 1130
201 856
201 482
201 196
201 888
201 226
396 39
396 490
396 455
396 704
396 71
396 557
396 964
396 725
396 741
396 657
396 382
396 447
396 615
396 834
396 745
396 12
396 381
396 731
396 869
396 301
396 766
646 204
646 362
646 846
646 507
646 768
646 177
646 271
646 475
646 620
646 648
646 639
646 30
646 730
646 109
646 122
646 181
646 702
646 200
646 1100
646 642
646 593
671 613
751 39
751 973
751 416
39 666
39 798
39 941
39 460
39 1071
39 644
39 308
784 1041
784 743
784 83
784 806
784 177
784 1081
784 601
784 153
784 639
784 287
784 968
784 993
784 843
784 659
784 807
784 159
784 885
784 11
784 182
277 331
277 504
277 549
277 204
277 293
277 975
277 820
277 355
277 924
277 875
277 462
277 271
277 1027
277 980
277 674
277 482
277 196
277 730
277 541
277 128
277 291
277 140
277 44
854 504
854 293
854 212
854 490
854 362
854 666
854 426
854 661
854 355
854 507
854 582
854 254
854 877
854 702
854 541
854 128
854 360
854 568
854 348
854 357
854 269
854 246
854 218
854 435
854 376
331 293
331 212
331 239
331 975
331 1041
331 362
331 27
331 1026
331 476
331 1099
331 852
331 994
331 565
331 335
331 704
331 802
331 7
331 493
331 271
331 1027
331 468
331 980
331 443
331 457
331 601
331 730
331 122
331 182
331 541
331 128
331 44
331 197
331 1127
331 984
331 727
331 412
331 62
331 634
331 1044
331 1015
331 25
331 28
331 992
504 604
504 204
504 975
504 882
504 846
504 355
504 994
504 507
504 271
504 1110
504 84
504 196
504 730
504 109
504 181
504 200
504 1100
504 541
504 128
504 412
504 28
504 605
504 402
504 720
504 67
504 1087
504 931
504 1039
504 594
504 810
504 1021
504 715
504 744
504 184
504 1009
504 789
504 755
504 672
504 445
504 668
504 521
504 143
504 106
504 433
504 73
504 437
549 293
549 576
549 462
549 413
549 1091
549 145
604 820
604 565
604 730
604 613
604 67
604 1039
604 96
604 318
604 1043
604 345
604 135
604 696
604 40
604 987
604 280
204 975
204 362
204 99
204 335
204 875
204 475
204 620
204 109
204 807
204 128
204 357
204 521
204 116
204 942
204 32
204 129
204 701
204 795
204 596
204 958
204 977
204 1038
293 239
293 820
293 267
293 661
293 864
293 27
293 687
293 954
293 909
293 484
293 520
293 406
293 286
293 177
293 1027
293 1091
293 885
293 541
293 62
293 521
293 280
293 940
293 859
293 163
293 1085
293 117
293 985
293 927
212 846
212 200
212 161
239 1002
239 730
239 376
239 1017
490 362
490 666
490 426
490 995
490 600
490 656
490 355
490 626
490 513
490 148
490 964
490 768
490 174
490 1005
490 177
490 413
490 31
490 877
490 84
490 657
490 834
490 745
490 731
490 301
490 766
490 287
490 348
490 269
490 120
490 963
490 374
490 971
490 790
490 342
490 354
490 23
975 820
975 286
975 335
975 2
975 177
975 271
975 620
975 1110
975 196
975 381
975 109
975 1100
975 541
975 376
975 197
975 437
975 230
975 1104
1041 362
1041 426
1041 355
1041 42
1041 413
1041 272
1041 1100
1041 182
1041 541
1041 435
1041 197
1041 183
1041 583
1041 499
1041 389
1041 474
1041 526
820 286
820 513
820 571
820 767
820 507
820 460
820 2
820 177
820 289
820 1081
820 34
820 226
820 109
820 181
820 593
820 885
820 357
820 218
820 376
820 433
820 987
820 1018
820 622
820 190
820 393
820 969
820 880
820 173
820 1124
820 66
957 406
362 995
362 1026
362 988
362 936
362 148
362 945
362 304
362 335
362 254
362 226
362 648
362 30
362 109
362 993
362 541
362 28
362 622
362 1080
362 224
362 240
362 868
362 676
362 329
666 426
666 355
666 513
666 964
666 620
666 657
666 381
666 568
666 1108
666 16
426 1117
426 355
426 513
426 571
426 704
426 71
426 964
426 768
426 1053
426 802
426 1129
426 1005
426 863
426 475
426 343
426 877
426 301
426 730
426 181
426 568
426 246
426 715
426 184
426 374
426 315
426 281
426 222
426 889
426 638
267 661
267 864
267 27
267 687
267 1111
267 954
267 484
267 406
267 743
267 1091
267 701
267 940
267 492
267 1020
267 251
267 714
267 817
267 948
267 848
267 584
267 366
267 844
267 312
267 1097
267 870
661 864
661 27
661 687
661 954
661 935
661 484
661 406
661 924
661 532
661 988
661 503
661 174
661 491
661 1091
661 885
661 62
661 1009
661 940
661 790
661 833
661 614
661 873
661 169
661 387
661 697
661 234
661 263
864 27
864 687
864 954
864 520
864 406
864 6
864 1091
864 940
864 117
864 1088
864 480
864 619
864 758
423 312
693 687
693 909
693 1010
693 1086
693 315
693 312
693 88
693 713
693 392
27 651
27 687
27 954
27 935
27 520
27 406
27 75
27 1067
27 939
27 582
27 592
27 613
27 727
27 62
27 1020
27 1024
27 450
27 1123
651 520
651 939
651 859
651 1020
651 871
651 1029
651 164
651 595
687 1111
687 909
687 484
687 406
687 214
687 1091
687 366
687 312
687 871
687 142
1111 909
1111 214
1111 1091
1111 117
1111 492
1111 1020
1111 251
1111 848
1111 366
1111 312
1111 142
1111 156
1111 123
1111 756
954 484
954 520
954 1091
954 226
954 197
954 100
935 493
935 1091
935 709
935 117
935 312
935 873
935 169
935 466
935 107
935 1101
935 692
909 484
909 214
909 1091
909 62
909 315
909 312
909 88
909 142
909 556
484 406
484 214
484 754
484 807
484 357
484 940
484 927
484 1104
484 676
484 88
484 871
484 595
484 465
484 206
484 394
484 904
484 296
484 448
484 79
484 110
484 562
798 947
798 941
798 792
798 416
798 509
798 460
798 83
798 1011
798 639
798 128
798 1104
798 387
798 263
798 990
798 633
798 913
520 994
520 83
520 859
520 1085
520 164
520 137
520 168
406 75
406 254
406 1091
406 187
406 642
406 885
406 182
406 291
406 1127
406 62
406 672
406 958
406 940
406 190
406 88
406 1029
406 142
406 137
406 759
406 1030
406 209
406 283
406 401
406 89
406 378
406 307
406 138
99 103
99 571
99 443
99 601
99 1015
99 28
99 987
99 701
99 596
99 499
99 329
99 110
99 494
99 663
99 818
99 1075
99 336
99 146
523 550
523 513
523 994
523 428
523 704
523 71
523 174
523 83
523 1081
523 34
523 676
523 450
523 1123
523 510
523 764
523 227
523 542
523 321
523 78
523 1060
95 233
95 547
95 592
95 541
95 1108
95 238
95 498
95 217
95 574
95 105
95 746
995 35
995 882
995 355
995 792
995 439
995 988
995 305
995 939
995 936
995 148
995 428
995 945
995 304
995 654
995 83
995 592
995 413
995 226
995 613
995 11
995 672
995 1080
995 676
995 329
995 321
995 359
995 1093
995 598
995 10
995 390
995 1115
995 1054
995 424
995 826
995 1092
995 728
1117 305
1117 71
1117 12
1117 701
1117 70
1114 735
1114 973
1114 1061
1114 133
1114 479
1114 415
1114 1084
1114 936
1114 58
1114 109
1114 221
600 355
600 513
600 571
600 749
600 964
600 745
600 702
600 143
600 243
600 606
35 441
35 355
35 626
35 973
35 750
35 133
35 415
35 1063
35 704
35 413
35 31
35 348
35 143
35 106
35 606
35 506
35 1023
35 716
35 1051
35 587
35 1122
286 476
286 994
286 772
286 847
286 2
286 177
286 229
286 443
286 1071
286 109
286 145
286 1018
286 622
286 1124
286 78
286 294
286 1073
286 211
286 737
947 476
947 735
947 415
947 1046
947 460
947 964
947 83
947 1008
947 806
947 413
947 153
947 811
947 132
947 1066
947 402
947 145
947 1124
947 556
947 737
947 74
346 320
346 380
346 229
346 810
346 876
882 75
882 603
882 320
882 767
882 939
882 547
882 952
882 730
882 541
882 728
882 316
441 513
441 371
441 857
441 244
441 982
441 1129
441 487
441 754
441 1068
441 787
441 301
441 766
441 668
441 106
441 1101
441 13
441 136
441 198
441 56
441 742
81 476
81 176
81 83
81 28
81 1085
81 622
81 585
81 711
1026 994
1026 936
1026 1115
930 656
930 857
930 244
930 847
930 754
930 620
930 1101
930 438
930 998
930 734
103 411
103 622
103 240
103 956
103 185
103 608
214 1091
214 187
214 672
214 940
214 859
214 117
214 312
214 1029
214 142
214 185
214 608
214 552
214 324
214 461
214 391
214 1132
214 933
93 83
93 6
93 1127
93 1104
93 427
93 76
93 908
93 26
93 519
656 507
656 964
656 620
656 70
656 905
656 1119
656 178
656 134
656 51
411 959
411 304
411 335
411 622
411 868
411 956
411 185
411 901
411 112
411 373
411 199
411 500
411 911
411 410
411 86
411 652
476 623
476 878
476 669
476 743
476 83
476 806
476 177
476 1098
476 885
476 1015
476 969
476 961
476 585
476 711
476 324
476 862
476 915
476 611
476 299
176 622
176 611
432 883
432 1015
432 969
432 933
432 76
432 328
989 711
989 410
989 1025
989 1049
623 565
623 304
623 956
883 711
550 513
550 1010
550 71
550 674
550 1110
550 437
550 1108
550 78
550 587
550 252
550 1107
670 642
670 984
1099 1027
1099 26
1099 1074
846 355
846 513
846 565
846 923
846 964
846 741
846 301
846 109
846 437
846 713
846 1120
355 626
355 513
355 225
355 936
355 71
355 244
355 557
355 964
355 768
355 582
355 847
355 982
355 174
355 802
355 1005
355 863
355 884
355 760
355 741
355 875
355 33
355 475
355 620
355 31
355 288
355 787
355 834
355 30
355 109
355 181
355 348
355 28
355 715
355 143
355 280
355 701
355 374
355 790
355 583
355 1108
355 222
355 1024
355 818
355 506
355 742
355 653
355 570
355 310
355 946
355 917
355 54
355 285
355 300
355 685
355 337
355 266
852 994
852 669
852 254
852 642
852 44
852 744
852 577
852 1038
852 1018
852 880
852 329
852 401
852 737
852 36
852 712
852 839
852 928
852 581
852 1014
852 793
852 317
852 531
852 276
852 850
852 641
924 513
924 460
924 71
924 557
924 174
924 760
924 564
924 481
924 919
924 8
924 1125
941 973
941 1002
165 792
165 439
165 988
165 460
165 913
165 1054
165 906
532 21
532 973
532 781
532 171
532 119
532 788
532 509
532 586
532 1084
532 1110
532 1011
532 109
532 128
532 236
532 572
735 973
735 988
735 994
735 479
735 781
735 788
735 415
735 1084
735 913
735 831
21 792
21 586
21 1054
21 906
421 554
421 491
421 34
421 376
421 622
421 1125
421 991
421 1069
421 681
626 750
626 513
626 704
626 244
626 964
626 847
626 982
626 174
626 802
626 1005
626 863
626 487
626 413
626 31
626 343
626 514
626 561
626 287
626 715
626 120
626 790
626 583
626 1108
626 315
626 136
626 570
626 300
626 372
626 17
626 546
626 279
626 879
626 794
792 439
792 973
792 988
792 571
792 565
792 133
792 119
792 148
792 913
792 1054
792 431
959 982
959 354
959 16
959 107
959 652
959 157
959 527
439 988
439 416
439 1054
439 906
973 133
973 781
973 171
973 796
973 788
973 416
973 509
973 616
973 375
973 415
973 455
973 586
973 1084
973 460
973 83
973 422
973 730
973 913
973 1093
973 1054
973 906
973 840
1061 781
1061 171
1061 796
1061 788
1061 416
1061 616
1061 375
1061 455
1061 1093
264 564
264 34
264 220
264 648
264 30
264 128
264 1085
264 494
264 818
264 722
264 777
264 77
988 415
988 936
988 1060
988 1054
988 775
988 662
471 669
471 460
471 491
471 34
471 648
471 376
471 1085
471 90
471 124
471 517
684 527
750 464
750 1012
750 754
750 31
750 583
750 198
750 285
750 300
750 685
750 403
750 660
513 669
513 460
513 704
513 71
513 964
513 174
513 1053
513 760
513 743
513 229
513 31
513 343
513 877
513 84
513 514
513 834
513 381
513 731
513 1085
513 120
513 790
513 879
225 557
225 657
225 653
225 310
371 982
371 301
371 106
371 374
371 1108
371 831
371 782
371 866
878 994
878 565
878 669
878 772
878 1008
878 422
878 639
878 1124
878 848
878 209
878 294
878 427
878 26
878 17
878 113
878 569
878 397
878 538
878 719
1010 1086
1010 620
1010 482
1010 30
1010 315
1010 713
1010 336
1010 1119
1010 1107
571 994
571 1008
571 1091
571 583
571 492
571 10
994 565
994 75
994 772
994 875
994 462
994 1081
994 196
994 1100
994 885
994 197
994 412
994 25
994 32
994 183
994 389
994 848
994 870
994 294
994 1073
994 461
994 276
994 662
994 80
994 297
994 162
994 314
994 949
565 233
565 772
565 1063
565 71
565 875
565 1130
565 730
565 593
565 376
565 594
565 789
565 445
565 985
565 969
565 329
565 948
565 450
565 904
565 818
565 961
565 1073
565 711
565 324
565 124
565 158
565 453
565 414
565 921
565 822
565 1052
749 1005
749 816
749 482
749 168
749 10
749 243
749 76
749 431
749 778
749 1007
669 219
669 460
669 863
669 576
669 83
669 493
669 380
669 229
669 413
669 834
669 730
669 357
669 1015
669 987
669 701
669 230
669 1018
669 622
669 173
669 556
669 78
669 294
669 531
669 453
219 576
219 462
688 767
75 245
75 320
75 1067
75 767
75 305
75 233
75 939
75 547
75 592
75 385
75 856
75 482
75 196
75 648
75 730
75 109
75 807
75 541
75 672
75 450
75 1123
75 728
75 685
75 573
75 738
75 842
75 41
603 245
603 767
603 541
603 573
603 451
245 320
245 767
245 305
245 233
245 939
245 547
245 482
245 730
245 541
245 128
245 437
245 230
245 450
245 506
245 316
245 685
245 451
245 535
320 767
320 305
320 380
320 65
320 529
320 730
320 402
320 672
320 135
320 696
320 987
320 450
320 876
320 316
320 299
320 451
320 627
320 259
320 1062
320 18
320 721
320 313
320 533
678 246
678 594
678 238
678 1064
678 861
1067 767
1067 939
1067 547
1067 148
1067 806
1067 177
1067 592
1067 30
1067 541
1067 727
1067 412
1067 116
1067 728
1067 228
1067 302
767 305
767 233
767 188
767 939
767 547
767 148
767 1031
767 380
767 226
767 730
767 541
767 357
767 727
767 163
767 1123
767 728
767 488
305 939
305 547
305 936
305 380
305 196
305 541
305 672
305 1029
305 728
305 738
305 645
305 580
233 547
233 174
233 246
233 28
233 728
233 573
188 547
188 148
188 592
188 727
188 1123
188 728
188 90
188 842
188 488
939 547
939 936
939 177
939 229
939 541
939 437
939 378
939 728
939 506
547 148
547 229
547 592
547 385
547 727
547 498
547 574
547 728
547 451
547 228
547 488
547 580
547 610
547 152
547 739
952 291
952 672
952 40
952 876
952 316
952 621
952 407
952 926
952 516
952 979
952 364
923 741
772 287
772 993
772 357
772 1044
772 25
772 28
772 577
772 32
772 183
772 294
772 1073
772 17
330 254
330 413
330 531
330 722
330 397
507 1027
507 730
507 109
507 181
507 152
507 828
147 936
147 744
147 755
147 685
147 317
147 689
147 470
147 845
147 1095
147 881
147 683
655 1017
655 63
1126 260
1126 101
1126 800
133 936
133 148
133 654
133 489
479 415
479 71
479 58
479 244
479 422
479 301
479 106
479 489
479 866
781 745
781 885
781 614
781 299
781 558
104 171
104 119
104 788
104 637
104 1110
104 745
171 796
171 119
171 788
171 616
171 375
171 380
171 422
171 1093
796 788
796 455
796 460
796 387
119 806
119 913
788 806
788 745
788 913
788 1093
788 662
509 873
635 713
635 489
616 422
616 1093
415 1084
415 460
415 71
415 58
415 244
415 175
415 301
415 715
415 489
415 896
205 460
205 489
455 1086
586 1011
586 906
1084 58
1084 196
1084 287
1084 510
460 743
460 1008
460 806
460 177
460 811
460 34
460 823
460 1002
460 913
460 1093
460 115
460 867
936 148
936 945
936 304
936 654
936 335
936 613
936 360
936 376
936 402
936 1087
936 1009
936 227
936 390
936 1115
936 956
936 608
936 500
936 113
936 1052
936 535
936 259
936 707
936 469
936 274
1063 148
1063 304
1063 335
1063 174
1063 413
1063 1092
1063 1023
148 654
148 592
148 385
148 648
148 30
148 541
148 727
148 1021
148 116
148 574
148 1054
148 728
148 506
148 302
148 247
428 280
428 1085
428 510
428 716
428 185
428 1107
428 1074
428 453
428 1032
945 672
945 676
945 1115
945 74
945 274
675 190
675 329
675 359
675 737
675 839
675 793
675 276
675 970
675 216
675 326
675 92
304 335
304 622
304 240
304 506
304 956
304 112
304 373
304 370
304 365
654 390
654 1115
654 728
335 226
335 622
335 240
335 112
503 174
503 554
503 289
503 801
503 12
503 583
503 1024
503 782
503 363
503 273
857 71
857 847
857 1129
857 487
857 754
857 1068
857 766
857 348
857 269
857 106
857 583
857 1101
857 13
857 198
857 438
857 998
857 734
857 363
704 71
704 847
704 802
704 481
704 877
704 657
704 731
704 348
704 715
704 143
704 790
704 685
704 80
704 814
400 491
400 614
400 572
400 681
400 517
400 485
71 58
71 964
71 847
71 1053
71 802
71 1129
71 863
71 741
71 175
71 806
71 481
71 413
71 31
71 343
71 657
71 301
71 109
71 348
71 246
71 715
71 790
71 583
71 222
71 889
71 438
71 546
71 662
71 403
71 814
71 384
71 186
71 929
58 1129
58 175
58 343
58 301
58 715
58 186
58 544
244 847
244 982
244 174
244 1053
244 1129
244 487
244 754
244 1068
244 301
244 106
244 354
244 156
244 489
244 198
244 652
244 570
244 285
244 403
244 782
244 363
244 186
244 189
464 487
464 884
464 741
464 306
464 709
464 343
464 269
464 685
464 722
464 627
464 186
464 154
464 723
464 459
557 982
557 620
557 1110
557 288
557 109
557 315
557 818
557 742
557 1119
557 653
557 570
557 310
557 917
557 54
557 285
557 90
557 377
964 768
964 174
964 741
964 83
964 121
964 31
964 787
964 877
964 731
964 181
964 702
964 348
964 971
964 638
964 337
768 863
768 475
768 121
768 834
768 181
768 659
768 521
768 638
768 1073
582 174
582 481
582 787
582 12
582 730
582 727
582 116
582 1024
582 728
582 207
847 982
847 1053
847 837
847 802
847 725
847 1005
847 863
847 884
847 760
847 741
847 83
847 481
847 511
847 31
847 787
847 877
847 766
847 181
847 348
847 28
847 715
847 971
847 583
847 222
847 1024
847 198
847 144
847 405
982 1053
982 1012
982 802
982 725
982 1129
982 487
982 884
982 760
982 754
982 1068
982 31
982 343
982 787
982 702
982 715
982 106
982 583
982 198
982 300
982 782
982 189
982 139
174 802
174 1005
174 487
174 1068
174 481
174 745
174 301
174 348
174 143
174 790
174 583
174 403
1053 1129
1053 1005
1053 884
1053 301
1053 246
1053 715
1053 889
1053 652
1053 782
1012 1129
1012 754
1012 31
1012 308
1012 583
1012 1108
1012 742
1012 300
837 487
837 741
837 437
837 742
802 863
802 83
802 31
802 745
802 348
802 143
802 437
802 1038
802 790
802 583
802 570
802 831
802 372
802 782
725 1129
725 487
725 754
725 343
725 106
725 506
725 879
725 782
725 929
725 139
1129 1005
1129 487
1129 884
1129 754
1129 1068
1129 301
1129 766
1129 106
1129 354
1129 222
1129 105
1129 139
1129 87
1129 322
1129 955
1005 288
1005 709
1005 561
1005 246
1005 435
1005 374
1005 222
1005 638
1005 17
1005 87
1005 832
1005 537
863 229
863 481
863 31
863 877
863 348
863 1085
863 971
863 1024
863 337
863 777
863 90
487 884
487 741
487 754
487 306
487 1068
487 343
487 269
487 106
487 1101
487 13
487 198
487 570
487 782
487 186
487 459
884 741
884 754
884 306
884 343
884 715
884 790
884 438
884 570
884 660
884 186
884 459
884 1094
760 306
760 229
760 877
760 713
760 818
760 363
760 322
741 181
741 269
741 790
741 913
741 506
741 438
741 652
741 1120
741 186
741 540
754 1068
754 343
754 106
754 222
754 13
754 56
754 337
754 90
754 403
754 660
754 782
754 144
754 139
754 270
754 179
175 715
175 732
306 343
306 269
306 1060
306 438
306 285
306 186
306 459
1068 13
1068 198
1068 739
1068 1
1068 630
111 263
111 510
111 546
111 1109
554 128
554 263
554 1069
554 681
554 597
578 597
155 110
875 381
875 197
875 28
875 135
875 1101
875 913
875 506
875 210
2 177
2 1110
2 196
2 593
2 521
2 437
2 284
1031 622
576 83
576 380
576 462
576 241
576 230
576 908
576 363
576 851
743 462
743 229
743 1081
743 122
743 993
743 275
83 7
83 493
83 380
83 462
83 1081
83 491
83 1091
83 514
83 1066
83 790
83 1104
83 759
83 294
83 876
83 461
83 299
83 793
83 90
83 453
83 253
83 55
83 170
83 804
83 753
83 1118
1008 1015
1008 151
7 42
7 514
7 577
7 1018
7 393
7 880
7 307
7 961
7 531
7 567
806 413
806 514
806 226
806 593
806 128
806 1104
806 240
806 1024
806 913
806 294
806 199
806 915
806 299
806 397
806 80
806 162
806 783
806 680
806 194
806 769
493 163
493 499
493 98
493 1124
493 870
493 123
493 598
493 949
493 591
493 1016
380 229
380 1066
380 639
380 1017
380 450
380 876
380 316
380 55
380 170
380 472
462 289
462 1066
462 145
462 342
462 230
462 1104
462 273
462 52
177 229
177 413
177 226
177 593
177 376
177 184
177 577
177 1018
177 393
177 676
177 492
177 844
177 294
177 737
177 1037
752 32
752 506
752 319
229 84
229 730
229 62
229 672
229 985
229 1018
229 450
229 737
229 316
229 299
229 52
229 311
229 356
229 951
1086 28
1086 315
1086 713
1086 748
271 1027
271 289
271 980
271 181
271 541
1027 980
1027 357
1027 521
1027 294
289 30
289 992
289 184
289 230
289 156
289 1060
289 363
289 851
289 341
289 166
918 1066
980 564
980 288
980 376
980 1085
980 722
980 397
475 121
475 109
475 181
475 701
475 374
475 215
564 1066
564 834
564 161
564 453
1081 620
1081 413
1081 1100
1081 993
1081 294
1081 17
1081 275
491 811
491 34
491 109
491 128
491 376
491 614
491 517
491 237
491 261
491 763
491 3
6 413
6 758
6 76
6 26
6 1004
6 778
6 970
6 290
6 250
6 102
42 226
42 541
42 1127
42 958
42 880
42 961
42 793
42 367
42 892
121 659
620 514
620 109
620 701
620 222
620 919
620 831
443 32
443 683
443 323
443 292
457 197
457 25
481 801
481 790
481 583
481 1024
434 499
434 598
434 765
434 628
434 555
674 511
674 288
674 561
674 819
1098 1015
1098 711
592 385
592 613
592 1024
592 238
592 498
592 728
592 158
592 573
592 203
592 841
254 226
254 593
254 541
254 44
254 357
254 218
254 197
254 1127
254 755
254 577
254 1038
254 1018
254 961
254 581
254 1004
254 276
254 247
254 1083
413 737
413 26
413 569
413 397
413 453
413 19
413 64
601 885
601 28
601 521
601 294
601 51
601 611
601 753
601 1118
601 311
601 830
601 193
601 1056
1110 196
1110 109
1110 128
1110 291
1110 412
1110 184
1110 668
1110 437
1110 1017
1110 689
1110 237
1110 195
1110 673
1110 278
962 128
962 713
962 77
962 566
31 301
31 715
31 374
31 790
31 583
31 315
31 136
31 198
31 403
31 617
153 522
153 182
153 28
153 577
153 1072
153 880
153 420
65 529
65 109
65 810
65 987
65 280
65 880
65 316
65 63
65 195
65 344
65 436
811 12
811 517
811 53
272 78
272 598
272 765
272 628
272 1034
272 333
272 368
272 1090
522 412
522 577
522 942
522 1072
522 961
522 711
522 839
522 860
1011 412
1011 184
1011 913
1011 572
1011 517
160 642
1091 940
1091 859
1091 117
1091 1104
1091 312
1091 142
999 128
999 263
288 648
288 1009
288 701
288 1085
288 1017
288 138
288 494
288 316
288 347
288 627
288 721
187 312
187 88
187 871
187 164
187 378
34 539
34 993
34 376
34 614
34 10
34 3
34 588
34 902
34 208
34 20
34 515
34 699
343 301
343 106
343 489
343 186
343 929
220 128
220 263
220 1125
220 572
220 517
220 261
220 763
220 248
787 745
787 702
787 583
787 336
787 13
787 627
877 280
877 189
539 263
539 902
1002 1071
1002 85
422 489
422 866
422 20
422 774
241 1085
241 230
241 876
241 886
241 791
529 226
529 730
529 109
529 1039
529 1021
529 1009
529 672
529 668
529 345
529 135
529 1085
529 985
529 1017
529 450
529 138
529 542
529 826
529 876
529 627
529 259
529 721
529 313
529 63
529 377
529 791
529 907
529 1103
529 747
529 5
385 727
385 184
385 280
385 818
385 728
385 777
132 30
132 584
132 765
132 555
816 253
84 745
84 613
84 605
84 402
84 720
84 67
84 1087
84 931
84 1039
84 594
84 1009
84 790
84 1108
84 1022
84 981
84 690
84 508
84 575
84 710
84 528
130 648
130 986
514 561
514 1071
514 639
514 1009
514 971
514 556
514 372
514 721
1066 1130
1066 722
1066 607
1066 1000
1066 1106
561 120
561 971
561 773
1071 642
1071 44
1071 28
1071 1038
1071 1018
1071 393
1071 880
1071 759
1071 307
1071 227
1071 1014
1071 896
1071 151
1071 892
1071 85
48 987
48 817
477 1130
477 856
477 891
477 417
1130 856
1130 196
1130 648
1130 1000
856 648
856 673
856 502
856 429
856 717
856 825
856 1082
482 888
482 159
482 28
482 437
482 969
482 453
482 414
482 631
482 469
482 955
482 57
482 1006
482 729
196 971
196 880
196 676
196 394
196 79
196 217
196 891
196 496
888 659
888 672
888 969
888 1108
888 427
888 414
888 955
226 642
226 807
226 541
226 44
226 197
226 28
226 345
226 577
226 263
226 100
226 913
226 359
226 531
226 162
226 1037
226 887
226 1045
657 834
657 745
657 438
657 186
447 0
615 834
615 12
615 869
615 107
615 824
834 745
834 12
834 381
834 731
834 269
834 1085
834 120
834 23
834 90
834 824
834 733
745 731
745 702
745 715
745 143
745 971
745 790
745 23
745 583
745 961
745 0
745 97
12 869
12 1120
12 824
381 731
381 412
381 919
731 766
731 269
869 652
869 794
869 708
301 715
301 106
301 506
301 489
301 13
301 56
301 652
301 186
766 269
648 30
648 730
648 109
648 181
648 1087
648 577
648 701
648 161
648 138
648 494
648 1051
648 991
639 1044
639 28
639 294
639 453
639 85
639 776
30 109
30 702
30 642
30 1087
30 701
30 958
30 161
30 494
30 363
30 1037
730 402
730 67
730 1039
730 1021
730 1009
730 672
730 40
730 985
730 1017
730 450
730 494
730 535
730 313
730 575
730 560
730 429
730 726
109 181
109 702
109 200
109 246
109 412
109 402
109 1087
109 715
109 135
109 701
109 1017
109 969
109 676
109 315
109 614
109 123
109 913
109 494
109 818
109 217
109 598
109 70
109 653
109 1014
109 621
109 278
109 368
109 762
109 682
122 541
122 197
122 1015
122 969
122 391
122 76
122 328
122 275
122 127
122 829
122 295
181 701
181 913
181 494
181 337
181 705
702 16
702 51
702 1082
200 291
200 67
200 345
200 161
200 1108
200 1024
200 485
200 68
1100 541
1100 1085
1100 211
1100 185
1100 1107
1100 317
642 593
642 287
642 541
642 197
642 844
642 818
642 78
642 10
642 243
642 896
642 1001
642 43
642 950
642 303
642 664
642 14
593 541
593 357
593 218
593 1014
593 896
593 292
593 965
593 780
613 140
613 246
613 727
613 605
613 720
613 1087
613 931
613 1021
613 1009
613 987
613 116
613 156
613 826
613 728
613 506
613 302
613 791
613 1022
613 981
613 690
613 508
613 528
613 1082
613 771
613 855
613 872
644 85
308 143
308 583
308 782
287 577
287 676
287 614
287 307
287 510
287 598
287 961
287 793
287 17
287 47
968 159
993 197
993 1044
993 521
993 32
993 227
843 291
843 876
843 621
843 516
843 364
843 1050
843 1013
843 383
843 910
843 463
843 72
843 1131
659 183
659 294
659 427
807 357
807 394
807 325
159 435
159 453
159 706
159 45
885 197
885 78
885 611
885 722
885 80
885 1062
885 311
885 892
885 368
11 190
11 329
11 359
11 737
11 839
11 612
11 793
11 970
11 452
11 483
11 327
11 38
182 184
182 713
182 401
182 961
182 506
182 250
182 618
541 291
541 44
541 218
541 197
541 727
541 521
541 577
541 1123
541 728
541 738
541 247
541 195
541 950
541 91
128 291
128 140
128 376
128 184
128 433
128 116
128 614
128 263
128 713
128 913
128 919
128 572
128 662
128 124
128 517
128 763
128 812
128 548
128 1019
128 534
128 761
291 1021
291 184
291 521
291 318
291 135
291 280
291 1108
291 315
291 494
291 542
291 1073
291 876
291 316
291 535
291 627
291 407
291 926
291 979
291 689
291 429
291 72
291 1131
291 894
291 467
140 67
140 116
140 1022
140 690
140 528
44 1127
44 28
44 1038
44 1018
44 100
44 146
44 162
44 689
44 970
44 762
44 518
360 465
360 453
360 469
568 348
568 222
348 143
348 963
348 832
357 927
357 676
357 394
357 663
357 361
269 354
269 459
246 222
218 1127
218 247
218 618
218 518
376 1108
376 315
376 614
376 263
376 913
376 831
376 681
376 722
376 777
376 124
376 247
376 763
376 699
376 1035
376 150
376 724
197 1127
197 412
197 184
197 577
197 793
197 420
197 43
197 38
197 518
1127 1018
1127 1023
1127 618
984 755
984 942
984 1132
984 860
727 116
727 1024
727 302
412 28
412 329
412 401
412 313
62 1085
62 719
1044 744
1015 28
1015 445
1015 73
1015 942
1015 795
1015 1085
1015 622
1015 969
1015 324
1015 391
1015 933
1015 76
1015 862
1015 328
1015 223
1015 860
1015 339
1015 50
1015 809
1015 167
1015 967
25 1085
25 183
25 294
25 774
25 813
25 602
28 1021
28 715
28 744
28 987
28 622
28 329
28 294
28 737
28 317
28 531
28 921
28 689
28 1095
28 920
28 149
992 1004
992 851
992 341
605 402
605 720
605 931
605 594
605 154
402 720
402 67
402 1087
402 931
402 1039
402 594
402 1009
402 987
402 450
402 542
402 316
402 313
402 154
402 981
402 508
720 67
720 1087
720 931
720 1039
720 594
720 506
720 136
720 154
720 981
720 771
720 643
67 1087
67 1039
67 594
67 450
67 791
1087 931
1087 1039
1087 594
1087 1009
1087 318
1087 345
1087 494
1087 506
1087 154
1087 832
1087 690
1087 508
1087 528
1087 872
931 1039
931 594
931 1009
931 259
931 154
931 981
1039 594
1039 450
1039 313
594 316
594 872
810 672
810 437
810 316
810 341
810 195
810 981
810 534
1021 672
1021 135
1021 987
1021 985
1021 1017
1021 138
1021 542
1021 826
1021 535
1021 259
1021 721
1021 63
1021 377
1021 851
1021 791
1021 907
1021 1103
1021 747
1021 5
1021 60
715 583
715 489
715 627
715 929
715 459
715 732
744 880
744 581
744 845
744 215
744 290
744 890
184 401
184 292
184 891
184 38
184 694
1009 790
1009 230
1009 450
1009 313
1009 508
1009 575
1009 710
1009 560
1009 726
1009 419
1009 625
1009 338
1009 1040
755 317
755 845
755 1095
755 247
755 292
755 94
672 135
672 40
672 1017
672 676
672 450
672 138
672 542
672 826
672 535
672 621
672 926
672 979
672 364
672 63
672 981
672 508
672 910
672 463
672 534
672 369
672 943
445 795
445 969
445 1108
668 63
668 383
668 534
668 419
521 1092
521 569
521 290
521 894
143 70
143 1051
106 963
106 354
106 489
106 782
106 866
106 1094
106 732
106 698
433 1017
433 581
433 429
433 298
433 59
73 1108
73 818
73 506
73 824
73 50
437 1017
437 728
437 17
437 599
145 1085
96 318
96 1043
96 533
318 1043
318 135
318 696
318 542
318 313
318 363
318 944
318 131
1043 345
1043 54
1043 627
1043 533
1043 363
1043 502
1043 1082
345 135
345 696
345 985
345 1017
345 316
345 80
345 259
345 721
345 195
345 508
135 696
135 987
135 985
135 1017
135 138
135 494
135 259
135 377
135 508
135 855
135 740
696 378
696 542
696 370
40 987
40 542
40 876
40 535
40 259
40 621
40 926
40 910
987 542
987 876
987 535
987 791
987 1040
280 1017
280 828
577 1018
577 1029
577 1030
577 401
577 510
577 961
577 36
577 531
577 80
577 1037
577 1045
116 728
116 203
942 969
942 76
942 689
942 860
32 844
32 394
32 552
32 683
32 838
32 849
129 1124
129 1097
129 123
129 598
129 284
129 628
701 494
701 70
701 363
795 1132
596 499
596 78
596 598
596 1016
596 1019
596 473
958 793
958 703
1038 117
1038 1004
1038 151
1038 290
1038 43
859 1020
859 88
859 1029
859 164
859 595
859 107
859 420
859 1034
859 1082
859 180
859 255
859 821
1085 622
1085 1124
1085 556
1085 494
1085 1075
1085 78
1085 611
1085 363
1085 151
1085 791
1085 607
1085 776
1085 1113
1085 718
117 312
117 480
117 758
117 88
117 142
985 63
985 508
985 502
985 332
927 933
927 769
927 673
927 825
927 664
927 361
927 609
927 1070
161 494
161 722
161 732
161 68
1017 1108
1017 450
1017 378
1017 138
1017 542
1017 826
1017 1049
1017 722
1017 535
1017 259
1017 721
1017 364
1017 63
1017 377
1017 791
1017 907
1017 1103
1017 747
1017 5
1017 740
120 662
374 790
971 713
971 542
971 627
971 721
790 418
342 1104
342 1120
354 107
354 489
354 782
354 866
354 597
354 774
230 1104
230 450
230 89
230 828
230 363
230 851
230 166
183 389
183 1072
183 66
183 961
183 1073
183 737
583 1108
583 198
583 653
583 403
583 0
499 492
499 251
499 584
499 844
499 598
499 1118
499 1016
499 473
499 408
474 393
526 173
526 533
1072 88
1072 1029
1072 401
1072 531
1072 92
1072 237
1072 452
1072 579
1018 190
1018 393
1018 100
1018 737
1018 36
1018 839
1018 612
1018 581
1018 531
1018 276
1018 777
1018 1045
1018 444
1018 262
1018 358
98 844
98 598
98 722
622 240
622 506
622 711
622 185
622 608
622 901
622 112
622 373
622 199
622 500
622 719
622 314
622 194
622 1048
622 553
622 440
190 100
190 737
190 839
190 793
393 896
393 151
393 444
969 1108
969 127
880 146
880 185
880 611
880 162
880 290
880 1113
880 797
880 398
173 113
173 569
173 290
173 102
173 694
173 202
173 632
173 1096
1124 281
1124 251
1124 844
1124 1097
1124 123
1124 168
1124 78
1124 598
1124 260
1124 628
1124 682
1124 849
1124 718
1124 388
1124 22
1124 1078
1124 808
1124 785
1124 530
1124 386
1124 960
66 611
1080 567
1080 599
1080 444
1080 525
240 185
240 199
240 500
240 911
240 365
240 194
240 553
240 495
868 818
868 956
676 394
676 510
676 1107
676 453
676 469
676 486
676 559
329 1108
329 315
329 510
329 737
329 839
329 793
329 970
329 216
329 783
329 327
329 262
1108 614
1108 542
1108 217
1108 728
1108 685
1108 237
1108 496
1108 664
1108 150
1108 922
1108 352
315 88
315 713
315 465
315 275
315 237
281 123
281 818
281 260
281 284
281 628
281 231
222 660
492 366
492 78
492 949
492 555
492 408
492 388
492 1105
1020 948
1020 312
1020 164
1020 260
1020 368
251 366
251 1097
251 849
251 473
251 388
251 1128
714 598
817 948
817 848
817 78
817 598
817 555
817 1019
817 249
948 366
948 681
948 253
948 902
948 1019
948 473
948 249
848 870
848 78
848 598
848 276
848 662
848 297
848 949
848 765
848 695
848 700
584 555
584 1034
584 849
366 844
366 1097
366 870
366 169
366 480
366 758
366 206
366 598
366 461
366 949
366 333
366 849
366 579
366 1078
366 1105
366 636
366 454
366 399
366 24
844 1097
844 510
844 598
844 949
844 368
844 1090
844 849
844 785
312 164
312 142
312 552
1097 123
1097 10
1097 260
1097 628
1097 682
1097 849
1097 388
1097 808
1097 1128
870 598
870 260
870 386
870 836
870 650
614 263
614 681
614 517
614 812
614 515
614 640
873 169
169 480
169 107
169 206
169 461
169 611
169 454
263 1125
263 77
263 517
263 597
263 812
263 902
263 515
263 446
1088 890
480 461
480 454
619 758
619 113
619 707
619 890
619 501
758 569
758 1113
758 395
88 871
88 1029
88 283
88 89
88 461
713 510
713 1107
713 310
713 793
713 567
713 194
1024 1123
1024 728
450 510
450 542
450 535
450 259
450 313
450 341
450 508
450 575
450 560
450 726
450 625
450 512
1123 728
1123 302
1123 152
871 595
871 296
1029 595
1029 107
1029 378
1029 359
1029 461
1029 981
1029 383
1029 255
164 595
164 137
164 461
164 631
164 683
595 465
595 414
595 512
156 782
156 363
156 851
156 341
156 166
156 1022
156 528
156 502
156 1082
156 131
156 1055
123 598
123 260
123 284
123 628
123 231
756 976
100 326
1101 913
1101 198
1101 438
1101 998
1101 734
1101 237
465 562
465 506
465 453
465 469
465 398
206 461
394 110
394 1075
394 424
394 469
394 769
394 213
904 506
79 562
79 217
79 891
79 496
79 404
110 510
110 469
110 769
562 217
562 417
990 452
633 85
913 839
913 879
913 722
913 80
913 951
913 589
168 76
168 260
1030 37
401 452
401 82
307 510
307 444
138 542
138 627
138 259
138 721
138 63
138 341
138 1103
138 5
494 217
494 1051
494 1119
494 722
494 949
494 842
494 231
818 1051
818 653
818 949
818 842
1075 1054
1075 213
1075 141
510 227
510 598
510 961
510 793
510 469
510 1118
510 951
510 353
227 469
542 826
542 876
542 627
542 259
542 721
542 313
542 63
542 377
542 791
542 907
542 1103
542 747
542 5
321 961
321 276
321 1083
321 779
321 505
78 598
78 10
78 949
78 1016
78 1034
78 333
78 1001
78 408
78 624
1060 13
1060 722
1060 363
1060 341
1060 166
1060 673
1060 444
1060 658
238 728
498 728
498 738
498 842
217 891
217 417
217 496
217 404
574 152
105 478
746 673
746 891
746 496
746 853
746 899
359 961
359 506
359 737
359 839
359 793
359 17
359 970
598 506
598 793
598 949
598 115
598 284
598 1016
598 628
598 1034
598 333
598 1019
598 849
598 473
598 386
10 1118
10 1016
10 695
390 1115
390 774
961 711
961 612
961 793
961 618
961 505
1054 906
826 56
826 259
826 63
826 377
826 907
826 1103
826 747
826 5
1092 76
1092 1004
1092 894
1092 694
728 158
728 203
506 185
506 608
506 427
506 612
506 1004
506 572
506 1052
506 253
506 436
506 690
506 953
506 858
506 900
506 456
506 770
1023 892
1051 347
587 260
489 866
489 186
489 597
294 276
294 17
294 662
294 113
294 297
294 1040
1073 1107
1073 886
211 559
211 1059
737 839
737 928
737 612
737 793
737 722
737 970
737 216
737 92
737 783
737 483
737 327
737 38
737 618
737 1077
74 531
876 316
876 535
876 313
876 621
876 407
876 979
876 364
876 63
876 1050
876 72
876 1131
876 467
316 535
316 627
316 259
316 621
316 407
316 516
316 72
13 198
13 56
13 337
13 627
13 560
13 1042
136 926
136 934
136 1076
198 438
198 998
198 734
198 300
198 403
56 627
742 739
742 459
585 711
711 185
711 901
711 373
711 839
711 314
711 1052
711 152
711 295
711 38
711 922
711 624
711 649
438 734
438 186
438 459
998 627
998 739
998 150
734 640
956 112
956 373
185 901
185 862
185 152
185 64
608 901
324 860
461 454
391 328
391 829
391 369
1132 860
933 76
933 339
933 966
933 686
427 26
427 1113
76 50
76 369
76 379
76 667
76 118
76 590
76 978
908 1096
26 113
26 19
1119 49
901 488
112 373
112 553
199 194
500 17
410 1049
652 1120
652 157
862 860
299 313
299 195
328 860
328 829
328 809
328 369
328 966
1049 488
1049 440
1107 17
653 570
653 310
653 917
653 54
570 310
310 917
285 189
285 459
285 1079
300 403
300 139
685 793
685 370
685 189
337 660
337 782
337 363
266 1116
712 1083
839 612
839 793
839 970
839 216
839 92
612 970
612 38
581 317
581 845
581 472
581 292
581 890
1014 780
1014 698
1014 895
1014 69
1014 805
1004 1083
793 850
793 17
793 970
793 92
793 518
793 779
317 719
317 845
317 881
317 94
317 978
531 1052
276 662
276 297
276 4
850 442
641 599
1125 517
1125 248
572 485
572 237
572 1058
681 517
681 902
681 446
879 865
722 90
722 538
722 719
722 1113
722 408
722 953
77 517
662 297
662 1083
662 149
90 791
124 1116
517 268
403 660
403 459
824 363
824 144
782 144
782 537
782 179
866 597
866 699
866 698
866 497
113 290
569 290
569 736
538 189
719 363
80 473
80 898
297 683
297 765
297 838
297 695
297 700
297 24
297 545
162 472
162 1083
162 618
949 1118
949 555
949 1105
949 695
949 545
158 842
158 1064
158 861
158 203
453 278
453 1106
453 512
414 955
822 298
822 916
1052 452
631 55
573 1082
535 407
535 516
535 979
535 1013
535 72
535 1131
535 534
535 943
535 786
627 259
627 721
627 313
627 1079
627 1094
259 721
259 63
259 377
259 907
259 1103
259 747
259 5
259 60
18 533
18 419
18 131
18 332
721 195
313 63
313 72
313 625
313 338
313 1040
533 920
533 131
533 332
223 194
302 855
645 87
739 150
621 516
621 364
621 463
621 72
407 926
407 516
407 364
407 189
407 72
926 516
926 364
926 1050
926 72
516 364
516 72
364 1050
364 934
689 860
1095 881
881 55
63 363
63 377
63 907
63 1103
63 747
63 5
260 284
260 628
260 388
260 530
260 386
260 960
260 650
260 563
896 950
896 780
707 501
469 955
469 769
469 213
469 815
274 365
1032 125
970 216
970 38
216 783
216 149
216 1077
326 38
326 903
92 783
370 419
365 528
363 851
363 341
363 166
363 791
186 459
189 459
154 907
154 981
154 690
154 560
154 771
377 907
377 1103
377 747
377 5
87 1070
87 953
87 900
87 966
87 1003
322 851
955 417
955 899
540 705
732 449
210 819
284 628
284 808
284 231
284 898
851 341
851 166
253 1019
253 249
55 292
804 472
1118 591
1118 765
1118 555
567 599
783 327
783 38
783 141
680 1083
769 213
1016 1034
1016 368
1016 1128
1016 235
319 624
951 419
341 166
341 1082
166 258
237 195
237 262
237 665
237 803
237 265
261 763
261 248
290 694
765 1105
765 700
765 24
765 545
628 231
628 650
628 545
555 1105
555 249
555 24
555 545
1083 43
19 333
64 1034
64 333
64 127
64 914
195 1065
673 825
673 361
673 1070
278 298
278 59
278 512
344 419
344 1065
1034 333
1034 368
1034 914
333 914
368 1090
368 1105
368 695
368 425
812 9
515 497
791 46
907 1103
907 747
907 5
1103 747
1103 5
747 5
1022 690
1022 528
1022 771
981 60
981 172
690 528
690 825
710 560
710 726
710 419
710 625
710 338
710 1040
710 358
560 726
560 419
560 625
560 1040
528 829
528 771
607 536
1000 1106
1106 141
891 496
891 899
502 1082
502 1055
825 729
825 609
825 1070
825 953
825 900
1082 131
1082 332
1006 1070
1006 953
1006 900
1006 966
1006 1003
496 404
496 853
496 899
776 242
726 625
726 1040
762 4
682 718
127 808
829 369
1001 624
950 925
303 358
303 757
664 361
664 1070
780 698
780 895
1050 1013
1050 1131
1013 383
383 534
452 327
618 518
1019 849
1019 473
1019 249
534 943
534 658
534 786
894 551
50 379
419 625
419 1040
890 126
694 858
625 1040
625 1028
698 895
298 512
59 512
599 444
131 332
849 473
849 386
849 24
849 914
703 126
180 256
1113 395
1113 458
609 1070
609 953
609 900
609 1003
1070 953
1070 900
1070 1003
444 192
202 1096
202 858
1096 858
808 191
785 898
386 650
922 900
922 966
1105 695
1105 700
1105 24
1105 545
700 24
700 545
24 545
650 914
213 932
899 1003
953 900
953 456
953 966
953 1003
900 456
900 966
900 1003
456 1003
1077 350
966 686
379 978
379 983
895 827
69 805
736 349
349 349
