0 1072
1 1111
2 42
3 630
4 1003
5 731
6 1086
7 146
8 715
9 128
10 1034
11 369
12 218
13 765
14 992
15 324
16 359
17 650
18 618
19 120
20 36
21 1087
22 1090
23 184
24 24
25 798
26 13
27 393
28 617
29 960
30 776
31 612
32 728
33 251
34 555
35 704
36 136
37 806
38 162
39 225
40 0
41 134
42 684
43 297
44 510
45 1109
46 148
47 809
48 246
49 350
50 357
51 220
52 988
53 268
54 378
55 230
56 340
57 109
58 1028
59 418
60 159
61 1108
62 937
63 468
64 213
65 543
66 632
67 752
68 958
69 64
70 675
71 760
72 572
73 1008
74 817
75 1088
76 104
77 343
78 81
79 189
80 532
81 131
82 1120
83 1033
84 939
85 901
86 927
87 651
88 272
89 801
90 326
91 1027
92 483
93 15
94 584
95 489
96 408
97 266
98 906
99 238
100 158
101 816
102 458
103 141
104 1070
105 749
106 662
107 1104
108 865
109 456
110 1096
111 712
112 930
113 724
114 601
115 318
116 105
117 177
118 284
119 603
120 762
121 869
122 375
123 110
124 1047
125 838
126 476
127 82
128 522
129 877
130 300
131 661
132 273
133 161
134 795
135 998
136 900
137 352
138 972
139 926
140 351
141 1053
142 62
143 707
144 1016
145 736
146 683
147 346
148 733
149 1115
150 362
151 936
152 381
153 374
154 633
155 501
156 1131
157 710
158 585
159 600
160 730
161 360
162 69
163 764
164 1036
165 1063
166 879
167 402
168 711
169 834
170 219
171 101
172 12
173 286
174 1091
175 472
176 385
177 267
178 833
179 516
180 143
181 364
182 523
183 1054
184 1019
185 390
186 263
187 774
188 87
189 469
190 646
191 478
192 25
193 1121
194 249
195 157
196 198
197 593
198 80
199 622
200 485
201 513
202 643
203 14
204 505
205 925
206 47
207 349
208 720
209 355
210 944
211 921
212 614
213 938
214 521
215 323
216 494
217 54
218 567
219 394
220 978
221 842
222 919
223 695
224 1117
225 755
226 28
227 698
228 984
229 653
230 741
231 492
232 693
233 721
234 443
235 610
236 23
237 328
238 400
239 1106
240 1029
241 508
242 805
243 636
244 818
245 535
246 215
247 700
248 160
249 144
250 873
251 1057
252 511
253 678
254 848
255 747
256 529
257 291
258 140
259 577
260 657
261 979
262 594
263 604
264 868
265 770
266 756
267 475
268 262
269 796
270 3
271 142
272 1002
273 878
274 234
275 250
276 844
277 201
278 923
279 302
280 417
281 769
282 986
283 568
284 89
285 226
286 872
287 821
288 1046
289 403
290 125
291 248
292 115
293 639
294 1093
295 95
296 908
297 845
298 191
299 671
300 746
301 621
302 922
303 841
304 965
305 484
306 862
307 608
308 692
309 338
310 7
311 850
312 488
313 426
314 1082
315 354
316 33
317 103
318 964
319 348
320 897
321 519
322 113
323 1129
324 934
325 155
326 738
327 545
328 777
329 1021
330 290
331 573
332 652
333 541
334 942
335 667
336 740
337 1128
338 333
339 625
340 165
341 452
342 1011
343 145
344 241
345 853
346 1015
347 308
348 152
349 224
350 32
351 989
352 894
353 166
354 270
355 1076
356 414
357 325
358 673
359 138
360 1024
361 962
362 1122
363 455
364 1051
365 884
366 616
367 830
368 407
369 1013
370 137
371 474
372 384
373 1098
374 701
375 956
376 424
377 168
378 367
379 1110
380 260
381 852
382 294
383 784
384 918
385 231
386 405
387 983
388 559
389 399
390 487
391 812
392 129
393 132
394 221
395 282
396 244
397 564
398 176
399 870
400 537
401 436
402 569
403 52
404 504
405 335
406 681
407 19
408 1124
409 100
410 971
411 423
412 835
413 406
414 156
415 583
416 442
417 29
418 1038
419 17
420 1132
421 481
422 255
423 1045
424 763
425 758
426 88
427 275
428 773
429 525
430 1095
431 216
432 716
433 311
434 361
435 257
436 9
437 186
438 264
439 753
440 539
441 843
442 73
443 837
444 880
445 666
446 425
447 1071
448 808
449 254
450 217
451 43
452 242
453 147
454 546
455 57
456 629
457 950
458 948
459 195
460 659
461 551
462 955
463 874
464 702
465 365
466 247
467 945
468 599
469 996
470 932
471 717
472 909
473 108
474 235
475 1079
476 373
477 791
478 536
479 1099
480 861
481 778
482 654
483 196
484 507
485 563
486 887
487 1105
488 16
489 1009
490 26
491 742
492 239
493 181
494 40
495 669
496 114
497 370
498 829
499 637
500 66
501 200
502 60
503 935
504 605
505 832
506 363
507 293
508 807
509 954
510 169
511 130
512 344
513 527
514 386
515 434
516 301
517 445
518 757
519 314
520 686
521 420
522 379
523 167
524 401
525 824
526 891
527 549
528 376
529 694
530 1022
531 416
532 368
533 575
534 946
535 437
536 1052
537 517
538 663
539 253
540 208
541 56
542 35
543 828
544 150
545 1055
546 985
547 8
548 941
549 644
550 768
551 457
552 982
553 846
554 793
555 495
556 1049
557 397
558 449
559 112
560 970
561 6
562 524
563 677
564 987
565 641
566 820
567 1103
568 993
569 470
570 576
571 976
572 802
573 1116
574 1040
575 799
576 981
577 433
578 1066
579 581
580 1060
581 538
582 446
583 419
584 839
585 856
586 810
587 395
588 779
589 102
590 98
591 223
592 933
593 49
594 703
595 881
596 1061
597 734
598 372
599 1080
600 904
601 278
602 1114
603 67
604 1107
605 20
606 1007
607 579
608 428
609 72
610 902
611 963
612 317
613 977
614 320
615 857
616 93
617 628
618 898
619 1006
620 233
621 389
622 973
623 432
624 920
625 211
626 696
627 287
628 836
629 582
630 550
631 1126
632 803
633 1113
634 415
635 528
636 477
637 315
638 175
639 10
640 192
641 542
642 276
643 497
644 1084
645 281
646 697
647 739
648 329
649 479
650 18
651 592
652 70
653 431
654 1068
655 645
656 578
657 518
658 1050
659 209
660 121
661 649
662 627
663 855
664 1118
665 305
666 462
667 107
668 571
669 1062
670 719
671 296
672 790
673 22
674 531
675 1044
676 859
677 827
678 722
679 1043
680 486
681 1077
682 214
683 725
684 86
685 959
686 252
687 1037
688 356
689 975
690 995
691 467
692 50
693 295
694 117
695 353
696 540
697 775
698 547
699 180
700 1064
701 658
702 1030
703 905
704 782
705 565
706 913
707 2
708 642
709 342
710 883
711 347
712 197
713 38
714 1014
715 794
716 744
717 676
718 947
719 127
720 822
721 566
722 274
723 392
724 916
725 997
726 1035
727 185
728 929
729 92
730 303
731 786
732 84
733 174
734 133
735 968
736 1119
737 430
738 358
739 787
740 1067
741 204
742 515
743 969
744 713
745 851
746 1100
747 48
748 199
749 771
750 178
751 382
752 664
753 68
754 277
755 864
756 435
757 735
758 421
759 212
760 602
761 562
762 1004
763 732
764 598
765 31
766 825
767 889
768 51
769 106
770 709
771 172
772 85
773 441
774 310
775 63
776 940
777 867
778 229
779 1130
780 411
781 91
782 1005
783 391
784 123
785 503
786 714
787 647
788 1065
789 465
790 448
791 1042
792 206
793 412
794 597
795 280
796 366
797 1075
798 831
799 729
800 682
801 533
802 459
803 797
804 453
805 383
806 670
807 116
808 876
809 634
810 45
811 689
812 660
813 306
814 111
815 999
816 619
817 1074
818 903
819 164
820 396
821 1018
822 672
823 341
824 451
825 520
826 1101
827 691
828 623
829 561
830 854
831 1092
832 688
833 409
834 849
835 952
836 606
837 482
838 974
839 910
840 737
841 345
842 149
843 1058
844 466
845 888
846 624
847 75
848 304
849 723
850 21
851 554
852 183
853 871
854 1069
855 1102
856 858
857 674
858 589
859 750
860 27
861 53
862 498
863 258
864 179
865 480
866 499
867 289
868 899
869 991
870 706
871 640
872 961
873 227
874 699
875 1039
876 819
877 911
878 823
879 726
880 967
881 1017
882 41
883 292
884 285
885 313
886 222
887 591
888 124
889 560
890 990
891 83
892 708
893 444
894 440
895 788
896 496
897 1097
898 915
899 371
900 914
901 1048
902 1089
903 44
904 1010
905 388
906 509
907 46
908 90
909 438
910 1031
911 665
912 404
913 11
914 557
915 895
916 767
917 139
918 460
919 232
920 620
921 754
922 321
923 5
924 1094
925 847
926 316
927 813
928 187
929 631
930 135
931 558
932 261
933 210
934 171
935 65
936 37
937 288
938 966
939 635
940 840
941 609
942 718
943 79
944 792
945 410
946 429
947 279
948 332
949 271
950 613
951 502
952 781
953 626
954 464
955 655
956 685
957 800
958 553
959 153
960 59
961 1078
962 1025
963 1023
964 188
965 586
966 896
967 570
968 512
969 780
970 668
971 514
972 611
973 893
974 427
975 943
976 269
977 126
978 705
979 648
980 534
981 1001
982 493
983 1032
984 615
985 783
986 530
987 526
988 1012
989 892
990 766
991 1020
992 450
993 656
994 182
995 638
996 490
997 245
998 322
999 119
1000 319
1001 207
1002 863
1003 814
1004 99
1005 761
1006 447
1007 337
1008 607
1009 931
1010 473
1011 194
1012 1026
1013 463
1014 1127
1015 327
1016 309
1017 77
1018 154
1019 1081
1020 574
1021 454
1022 1059
1023 500
1024 228
1025 587
1026 804
1027 240
1028 949
1029 882
1030 917
1031 377
1032 61
1033 439
1034 202
1035 826
1036 39
1037 331
1038 957
1039 994
1040 307
1041 886
1042 860
1043 875
1044 30
1045 596
1046 94
1047 1056
1048 759
1049 1000
1050 690
1051 743
1052 398
1053 259
1054 924
1055 118
1056 815
1057 811
1058 552
1059 422
1060 71
1061 96
1062 680
1063 687
1064 953
1065 122
1066 890
1067 588
1068 727
1069 885
1070 1
1071 1085
1072 413
1073 330
1074 163
1075 912
1076 334
1077 299
1078 203
1079 928
1080 1041
1081 243
1082 58
1083 380
1084 4
1085 1112
1086 751
1087 789
1088 1073
1089 491
1090 76
1091 236
1092 387
1093 205
1094 256
1095 980
1096 312
1097 772
1098 74
1099 97
1100 1083
1101 506
1102 471
1103 866
1104 265
1105 237
1106 173
1107 55
1108 1123
1109 461
1110 298
1111 34
1112 785
1113 590
1114 1125
1115 170
1116 336
1117 745
1118 748
1119 151
1120 548
1121 193
1122 190
1123 951
1124 283
1125 595
1126 556
1127 679
1128 907
1129 78
1130 544
1131 580
1132 339
