0 757
1 478
2 880
3 868
4 1129
5 1052
6 213
7 417
8 1069
9 623
10 562
11 476
12 589
13 613
14 1033
15 633
16 227
17 90
18 679
19 834
20 108
21 639
22 513
23 299
24 914
25 1046
26 765
27 342
28 98
29 806
30 547
31 224
32 544
33 566
34 67
35 328
36 621
37 444
38 1070
39 792
40 510
41 31
42 456
43 144
44 13
45 181
46 9
47 574
48 489
49 702
50 517
51 779
52 754
53 310
54 1041
55 670
56 96
57 59
58 440
59 200
60 1099
61 302
62 932
63 573
64 813
65 931
66 542
67 62
68 225
69 643
70 277
71 852
72 1078
73 29
74 827
75 594
76 867
77 772
78 1027
79 907
80 983
81 1101
82 408
83 732
84 1096
85 16
86 629
87 243
88 116
89 506
90 964
91 38
92 125
93 1029
94 398
95 797
96 848
97 534
98 485
99 644
100 522
101 396
102 833
103 543
104 114
105 430
106 424
107 866
108 353
109 667
110 219
111 454
112 458
113 1130
114 1117
115 467
116 626
117 151
118 351
119 607
120 367
121 521
122 1061
123 586
124 156
125 304
126 661
127 1063
128 475
129 1122
130 221
131 1007
132 536
133 1026
134 976
135 27
136 184
137 1043
138 279
139 740
140 657
141 717
142 766
143 76
144 811
145 176
146 744
147 413
148 854
149 134
150 357
151 735
152 301
153 292
154 186
155 789
156 857
157 731
158 826
159 158
160 329
161 878
162 505
163 1018
164 10
165 366
166 587
167 66
168 1065
169 206
170 170
171 541
172 1037
173 1028
174 50
175 483
176 460
177 1077
178 207
179 892
180 838
181 531
182 1127
183 352
184 1059
185 1097
186 729
187 122
188 977
189 780
190 145
191 1024
192 265
193 593
194 397
195 425
196 810
197 655
198 267
199 73
200 994
201 713
202 204
203 395
204 364
205 749
206 879
207 78
208 705
209 788
210 341
211 645
212 569
213 63
214 828
215 572
216 646
217 254
218 581
219 436
220 882
221 823
222 504
223 113
224 601
225 1091
226 150
227 1068
228 590
229 723
230 255
231 107
232 129
233 109
234 377
235 1115
236 19
237 428
238 1025
239 1075
240 71
241 443
242 1056
243 916
244 1083
245 28
246 496
247 137
248 473
249 515
250 962
251 41
252 963
253 391
254 0
255 1072
256 54
257 913
258 556
259 525
260 33
261 1003
262 350
263 829
264 1093
265 627
266 978
267 973
268 568
269 1084
270 390
271 809
272 216
273 319
274 1131
275 195
276 709
277 163
278 876
279 22
280 808
281 167
282 786
283 164
284 92
285 53
286 903
287 1009
288 781
289 405
290 672
291 1058
292 412
293 898
294 270
295 884
296 89
297 585
298 527
299 128
300 864
301 1005
302 619
303 694
304 474
305 821
306 205
307 453
308 1053
309 236
310 388
311 455
312 260
313 927
314 166
315 140
316 1038
317 715
318 278
319 303
320 803
321 220
322 8
323 394
324 103
325 583
326 814
327 154
328 124
329 339
330 369
331 675
332 658
333 322
334 725
335 718
336 503
337 401
338 330
339 753
340 87
341 1079
342 1120
343 360
344 553
345 32
346 971
347 138
348 782
349 253
350 1128
351 555
352 239
353 952
354 1100
355 1104
356 953
357 736
358 1086
359 986
360 692
361 700
362 606
363 139
364 680
365 707
366 14
367 545
368 1064
369 337
370 392
371 538
372 949
373 886
374 420
375 738
376 187
377 376
378 146
379 997
380 630
381 910
382 982
383 558
384 681
385 937
386 336
387 617
388 1082
389 980
390 61
391 380
392 845
393 850
394 835
395 900
396 272
397 465
398 1060
399 70
400 911
401 251
402 520
403 37
404 770
405 393
406 306
407 507
408 1000
409 559
410 275
411 624
412 30
413 526
414 712
415 565
416 985
417 238
418 721
419 348
420 548
421 602
422 774
423 1114
424 958
425 945
426 307
427 874
428 23
429 1119
430 1
431 614
432 324
433 678
434 1066
435 468
436 863
437 509
438 787
439 930
440 18
441 374
442 649
443 745
444 1090
445 491
446 229
447 198
448 442
449 696
450 984
451 264
452 287
453 500
454 83
455 44
456 790
457 95
458 362
459 197
460 622
461 429
462 469
463 760
464 685
465 403
466 560
467 345
468 183
469 921
470 101
471 450
472 773
473 312
474 961
475 660
476 263
477 118
478 120
479 1092
480 281
481 576
482 918
483 673
484 346
485 289
486 653
487 1013
488 379
489 320
490 532
491 100
492 778
493 671
494 477
495 271
496 402
497 1073
498 471
499 974
500 498
501 266
502 578
503 794
504 579
505 539
506 783
507 804
508 6
509 285
510 1089
511 338
512 501
513 426
514 690
515 147
516 628
517 597
518 904
519 1011
520 177
521 801
522 981
523 604
524 486
525 549
526 218
527 286
528 875
529 75
530 1107
531 414
532 666
533 906
534 902
535 194
536 74
537 1105
538 462
539 1034
540 704
541 800
542 825
543 97
544 386
545 283
546 1004
547 65
548 947
549 448
550 439
551 157
552 449
553 494
554 767
555 105
556 905
557 34
558 296
559 793
560 998
561 21
562 695
563 948
564 951
565 257
566 318
567 203
568 64
569 123
570 502
571 91
572 1125
573 269
574 411
575 664
576 161
577 830
578 1014
579 387
580 938
581 987
582 126
583 1020
584 832
585 871
586 755
587 668
588 11
589 610
590 248
591 924
592 975
593 1042
594 80
595 407
596 676
597 365
598 437
599 45
600 1021
601 634
602 135
603 294
604 724
605 185
606 223
607 1054
608 423
609 409
610 514
611 459
612 191
613 1118
614 481
615 550
616 433
617 383
618 2
619 936
620 727
621 214
622 751
623 373
624 682
625 840
626 775
627 771
628 698
629 769
630 669
631 490
632 701
633 159
634 1035
635 812
636 728
637 368
638 1071
639 1019
640 117
641 226
642 819
643 385
644 635
645 1102
646 862
647 638
648 245
649 1113
650 1012
651 493
652 756
653 446
654 873
655 354
656 656
657 608
658 894
659 1016
660 1106
661 747
662 142
663 944
664 242
665 457
666 1062
667 192
668 274
669 102
670 818
671 234
672 939
673 182
674 716
675 332
676 211
677 56
678 706
679 1080
680 708
681 315
682 600
683 202
684 317
685 1095
686 199
687 93
688 314
689 603
690 1002
691 677
692 470
693 684
694 190
695 1110
696 768
697 969
698 990
699 104
700 127
701 228
702 710
703 584
704 174
705 48
706 431
707 447
708 588
709 1123
710 250
711 217
712 160
713 300
714 15
715 883
716 130
717 133
718 890
719 241
720 691
721 334
722 663
723 561
724 389
725 611
726 750
727 72
728 805
729 1008
730 641
731 741
732 777
733 1006
734 276
735 967
736 410
737 742
738 965
739 508
740 143
741 43
742 988
743 180
744 1103
745 326
746 196
747 919
748 313
749 55
750 381
751 989
752 233
753 960
754 843
755 1055
756 546
757 893
758 422
759 291
760 49
761 632
762 652
763 674
764 1017
765 434
766 295
767 820
768 209
769 35
770 432
771 746
772 36
773 26
774 1124
775 901
776 178
777 208
778 399
779 577
780 355
781 3
782 642
783 40
784 1076
785 358
786 419
787 85
788 540
789 1001
790 461
791 993
792 230
793 1074
794 529
795 934
796 1051
797 1031
798 612
799 1088
800 1121
801 371
802 533
803 12
804 231
805 554
806 722
807 340
808 637
809 575
810 484
811 52
812 20
813 288
814 762
815 479
816 957
817 847
818 595
819 909
820 972
821 1132
822 896
823 689
824 887
825 188
826 870
827 1032
828 524
829 316
830 172
831 923
832 212
833 132
834 592
835 791
836 650
837 519
838 335
839 941
840 39
841 726
842 856
843 305
844 625
845 247
846 537
847 737
848 992
849 824
850 246
851 155
852 268
853 321
854 282
855 844
856 1112
857 822
858 463
859 378
860 563
861 499
862 929
863 1126
864 171
865 480
866 846
867 148
868 616
869 331
870 837
871 889
872 1116
873 636
874 384
875 968
876 438
877 615
878 759
879 60
880 836
881 784
882 570
883 94
884 605
885 950
886 42
887 421
888 119
889 47
890 4
891 885
892 152
893 1045
894 785
895 232
896 733
897 711
898 959
899 758
900 5
901 858
902 842
903 359
904 136
905 686
906 370
907 877
908 193
909 955
910 361
911 933
912 131
913 149
914 564
915 382
916 995
917 325
918 518
919 620
920 841
921 1109
922 82
923 530
924 743
925 1023
926 237
927 853
928 415
929 111
930 311
931 551
932 917
933 25
934 452
935 222
936 719
937 482
938 697
939 244
940 189
941 970
942 215
943 915
944 908
945 488
946 640
947 261
948 406
949 1094
950 58
951 872
952 280
953 88
954 290
955 599
956 201
957 654
958 363
959 991
960 1048
961 99
962 618
963 435
964 859
965 165
966 84
967 472
968 418
969 343
970 920
971 1044
972 763
973 802
974 688
975 865
976 1085
977 999
978 298
979 839
980 662
981 297
982 734
983 523
984 567
985 557
986 748
987 922
988 451
989 1057
990 881
991 344
992 954
993 979
994 795
995 81
996 258
997 665
998 46
999 591
1000 1087
1001 849
1002 609
1003 1036
1004 115
1005 1030
1006 996
1007 511
1008 349
1009 1015
1010 683
1011 648
1012 798
1013 492
1014 552
1015 1039
1016 942
1017 110
1018 1081
1019 1010
1020 1050
1021 323
1022 1047
1023 891
1024 582
1025 796
1026 259
1027 799
1028 464
1029 861
1030 926
1031 466
1032 240
1033 169
1034 580
1035 179
1036 946
1037 899
1038 400
1039 375
1040 703
1041 1022
1042 210
1043 24
1044 141
1045 869
1046 57
1047 1067
1048 761
1049 327
1050 293
1051 807
1052 284
1053 943
1054 940
1055 372
1056 51
1057 897
1058 427
1059 175
1060 441
1061 7
1062 817
1063 714
1064 106
1065 256
1066 1108
1067 752
1068 855
1069 445
1070 739
1071 925
1072 121
1073 404
1074 651
1075 77
1076 262
1077 69
1078 831
1079 516
1080 815
1081 153
1082 252
1083 308
1084 86
1085 699
1086 895
1087 571
1088 535
1089 851
1090 512
1091 935
1092 966
1093 162
1094 720
1095 347
1096 687
1097 416
1098 487
1099 598
1100 1040
1101 631
1102 928
1103 776
1104 956
1105 764
1106 333
1107 17
1108 1049
1109 249
1110 173
1111 1111
1112 168
1113 647
1114 309
1115 912
1116 659
1117 528
1118 888
1119 816
1120 730
1121 235
1122 79
1123 693
1124 1098
1125 68
1126 495
1127 596
1128 112
1129 497
1130 356
1131 860
1132 273
