757 478
757 880
757 868
757 1129
757 1052
757 213
757 417
757 1069
757 623
757 562
757 476
757 589
757 613
757 1033
757 227
757 90
757 679
757 834
757 108
757 639
757 513
757 299
757 914
757 1046
757 765
757 342
757 98
757 806
757 547
478 868
478 1052
478 213
478 417
478 1069
478 623
478 562
478 589
478 633
478 90
478 679
478 834
478 639
478 299
478 224
478 544
478 566
478 67
478 328
478 621
478 444
880 868
880 1052
880 213
880 417
880 1069
880 562
880 476
880 589
880 633
880 90
880 679
880 834
880 108
880 639
880 513
880 765
880 342
880 566
880 1070
880 792
880 510
880 31
880 456
880 144
880 13
880 181
880 9
880 574
880 489
880 702
880 517
880 779
880 754
880 310
880 1041
880 670
868 562
868 639
868 181
868 96
868 59
868 440
868 200
868 1099
868 302
868 932
868 573
868 813
868 931
868 542
868 62
868 225
868 643
868 277
868 852
1129 1052
1129 589
1129 1078
1129 29
1129 827
1129 594
1129 867
1129 772
1129 1027
1052 213
1052 417
1052 589
1052 633
1052 90
1052 639
1052 765
1052 342
1052 566
1052 907
1052 983
1052 1101
1052 408
1052 732
1052 1096
1052 16
1052 629
213 1069
213 623
213 589
213 1033
213 633
213 679
213 639
213 342
213 594
213 243
213 116
213 506
213 964
213 38
213 125
213 1029
213 398
213 797
213 848
213 534
213 485
213 644
417 639
417 342
417 522
417 396
1069 623
1069 589
1069 633
1069 108
1069 639
1069 299
1069 806
1069 510
1069 833
1069 543
1069 114
1069 430
1069 424
623 633
623 299
623 806
623 566
623 643
623 866
623 353
623 667
623 219
623 454
623 458
623 1130
623 1117
623 467
623 626
623 151
623 351
623 607
623 367
623 521
623 1061
623 586
623 156
623 304
623 661
623 1063
623 475
623 1122
562 90
562 679
562 834
562 639
562 914
562 765
562 13
562 1078
562 221
562 1007
562 536
562 1026
562 976
562 27
562 184
562 1043
476 732
476 279
476 740
476 657
476 717
476 766
476 76
476 811
476 176
476 744
476 413
476 854
476 134
476 357
476 735
476 301
589 613
589 633
589 90
589 639
589 299
589 342
589 13
589 225
589 594
589 430
589 301
589 292
589 186
589 789
589 857
589 731
589 826
589 158
613 1033
613 633
613 299
613 544
613 566
613 907
613 424
613 667
613 454
613 1061
613 586
613 27
613 329
613 878
613 505
613 1018
613 10
613 366
613 587
613 66
613 1065
613 206
613 170
613 541
613 1037
613 1028
613 50
613 483
613 460
613 1077
613 207
613 892
613 838
613 531
1033 513
1033 544
1033 566
1033 594
1033 125
1033 586
1033 66
1033 1127
1033 352
1033 1059
1033 1097
1033 729
1033 122
1033 977
1033 780
1033 145
633 299
633 806
633 544
633 566
633 670
633 867
633 114
633 866
633 1061
633 661
633 475
633 1024
633 265
633 593
633 397
633 425
633 810
633 655
633 267
633 73
633 994
633 713
633 204
633 395
633 364
633 749
633 879
633 78
633 705
633 788
633 341
633 645
633 569
633 63
633 828
633 572
633 646
633 254
633 581
633 436
633 882
633 823
227 299
227 566
227 1117
227 504
227 113
227 601
90 679
90 108
90 639
90 513
90 914
90 1046
90 765
90 444
90 1070
90 1091
90 150
90 1068
679 834
679 765
679 444
679 510
679 643
679 1101
679 16
679 607
679 1097
679 590
679 723
679 255
679 107
679 129
679 109
679 377
679 1115
679 19
679 428
679 1025
679 1075
834 639
834 510
834 456
834 702
834 983
834 430
834 1068
834 129
834 71
834 443
834 1056
834 916
108 513
108 914
108 1070
108 792
108 510
108 181
108 9
108 702
108 310
108 1041
108 440
108 964
108 833
108 543
108 114
108 424
108 857
108 749
108 788
108 63
108 504
108 1025
108 1083
108 28
108 496
108 137
108 515
108 962
108 41
108 963
108 391
108 0
108 1072
108 54
108 556
108 525
108 33
639 765
639 224
639 444
513 914
513 444
513 1070
513 31
513 456
513 144
513 13
513 181
513 702
513 310
513 907
513 848
513 1026
513 976
513 766
513 531
513 425
513 204
513 150
513 723
513 1075
513 28
513 0
513 1003
513 350
513 829
513 1093
513 627
513 978
513 973
513 568
513 1084
513 390
513 809
513 216
513 319
513 1131
513 195
513 709
513 163
513 876
513 22
513 808
513 167
513 786
513 164
299 806
299 544
299 566
299 59
299 643
299 866
299 353
299 667
299 454
299 1117
299 467
299 351
299 607
299 367
299 586
299 587
299 66
299 1028
299 483
299 531
299 350
299 92
299 53
299 903
299 1009
299 781
299 405
299 672
299 1058
299 412
299 898
299 270
299 884
299 89
914 1046
914 1070
914 200
914 302
914 304
914 150
914 428
914 1093
914 903
914 585
914 527
914 128
914 864
914 1005
914 619
765 444
765 643
765 16
765 398
765 1097
765 723
765 107
765 377
765 428
765 1131
765 694
765 474
765 821
765 205
342 566
342 531
342 129
342 22
342 453
342 1053
98 744
98 236
98 388
98 455
98 260
98 927
98 166
98 140
806 566
806 489
806 1077
806 593
806 425
806 73
806 994
806 341
806 254
806 1038
806 715
806 278
806 303
806 803
806 220
806 8
806 394
806 103
806 583
806 814
806 154
547 13
547 310
547 543
547 857
547 713
547 1083
547 962
547 556
547 124
547 339
547 369
547 675
547 658
547 322
547 725
547 718
547 503
547 401
547 753
224 87
544 566
544 607
544 1065
566 1041
566 643
566 866
566 531
566 453
566 1079
566 1120
444 517
444 255
444 129
444 19
444 71
444 391
444 1084
444 1131
444 339
444 360
444 553
444 32
444 971
444 138
444 782
444 253
444 1128
444 555
444 239
1070 510
1070 31
1070 456
1070 13
1070 181
1070 702
1070 779
1070 114
1070 424
1070 150
1070 1075
1070 1083
1070 28
1070 515
1070 1093
1070 260
1070 927
1070 675
1070 952
1070 1100
1070 1104
1070 953
1070 736
792 31
792 181
792 9
792 489
792 310
792 1041
792 670
792 59
792 114
792 857
792 204
792 973
792 412
792 718
792 952
792 1100
792 1086
792 986
792 692
792 700
792 606
792 139
792 680
792 707
792 14
510 181
510 9
510 574
510 702
510 517
510 310
510 302
510 629
510 1029
510 833
510 430
510 1026
510 976
510 145
510 593
510 788
510 377
510 428
510 1083
510 28
510 496
510 515
510 525
510 1003
510 1084
510 675
510 322
510 239
510 952
510 1100
510 736
510 545
510 1064
510 337
510 392
510 538
510 949
510 886
510 420
510 738
510 187
510 376
510 146
31 144
31 13
31 702
31 732
31 543
31 114
31 1026
31 857
31 1083
31 390
31 619
31 927
31 675
31 658
31 725
31 503
31 401
31 952
31 1100
31 1104
31 538
31 376
31 997
31 630
31 910
31 982
31 558
31 681
31 937
31 336
31 617
31 1082
31 980
31 61
31 380
31 845
31 850
31 835
31 900
31 272
31 465
31 1060
31 70
31 911
31 251
31 520
31 37
456 181
456 723
456 1075
456 568
456 167
456 770
144 779
144 976
144 675
144 87
144 982
144 937
144 393
144 306
144 507
144 1000
144 559
144 275
144 624
144 30
144 526
13 702
13 310
13 1078
13 536
13 145
13 150
13 962
13 556
13 658
13 782
13 1100
13 700
13 1060
13 712
13 565
13 985
13 238
13 721
13 348
13 548
13 602
13 774
13 1114
13 958
181 574
181 779
181 96
181 59
181 440
181 302
181 573
181 931
181 62
181 225
181 277
181 852
181 983
181 71
181 28
181 167
181 1128
181 952
181 949
181 1060
181 526
181 945
181 307
181 874
181 23
181 1119
181 1
181 614
9 543
9 503
9 324
574 884
574 675
574 14
574 678
489 310
489 1041
489 670
489 594
489 1027
489 38
489 114
489 467
489 1063
489 1059
489 994
489 713
489 749
489 569
489 71
489 568
489 319
489 412
489 619
489 1038
489 803
489 220
489 103
489 814
489 154
489 360
489 692
489 606
489 980
489 1066
489 468
489 863
489 509
489 787
489 930
489 18
489 374
702 779
702 983
702 145
702 1068
702 71
702 1083
702 556
702 390
702 927
702 394
702 658
702 401
702 952
702 14
702 545
702 37
702 649
702 745
517 310
517 114
517 54
517 568
517 163
517 401
517 753
517 239
517 952
517 707
517 545
517 1090
517 491
517 229
517 198
517 442
517 696
517 984
779 983
779 1063
779 536
779 976
779 176
779 857
779 1068
779 71
779 137
779 568
779 903
779 140
779 658
779 725
779 753
779 1128
779 700
779 680
779 14
779 251
779 30
779 264
779 287
779 500
779 83
779 44
779 790
779 95
779 197
779 622
754 852
310 594
310 629
310 586
310 1127
310 1059
310 729
310 977
310 145
310 973
310 140
310 124
310 369
310 658
310 32
310 952
310 376
310 500
310 429
310 469
310 760
310 685
310 403
310 560
1041 670
1041 114
1041 1063
1041 994
1041 556
1041 1038
1041 394
1041 986
1041 345
1041 183
670 867
670 114
670 1063
670 536
670 593
670 425
670 994
670 713
670 879
670 788
670 645
670 569
670 63
670 962
670 781
670 412
670 814
670 675
670 725
670 986
670 139
670 980
670 380
670 863
670 921
670 101
670 450
670 773
670 312
96 59
96 440
96 302
96 573
96 813
96 931
96 225
96 852
96 255
96 167
96 949
96 348
96 945
96 961
96 660
96 263
96 118
96 120
96 1092
96 281
96 576
96 918
96 673
96 346
96 289
96 653
59 440
59 302
59 573
59 931
59 542
59 225
59 852
59 424
59 454
59 586
59 1024
59 749
59 0
59 167
59 53
59 1128
59 949
59 845
59 945
59 787
59 1013
59 379
59 320
59 532
59 100
59 778
59 671
59 477
440 302
440 573
440 931
440 225
440 277
440 852
440 1072
440 167
440 945
440 1119
440 271
440 402
440 1073
440 471
200 346
1099 573
1099 62
1099 1007
1099 916
1099 921
1099 346
1099 974
1099 498
1099 266
302 932
302 573
302 931
302 542
302 277
302 852
302 740
302 811
302 134
302 1059
302 204
302 978
302 87
302 392
302 949
302 660
302 578
302 794
302 579
932 277
932 134
932 307
932 660
932 539
932 783
932 804
932 6
573 813
573 62
573 225
573 852
573 506
573 167
573 918
573 346
573 539
573 285
813 62
813 506
813 167
813 1119
813 961
813 660
813 263
813 281
813 918
813 346
813 285
813 1089
813 338
813 501
813 426
931 225
931 277
931 852
931 167
931 140
931 545
931 945
931 690
542 428
542 167
542 53
542 1119
542 346
542 320
542 532
542 147
542 628
542 597
542 904
62 225
62 506
62 167
62 949
62 1119
62 921
62 346
62 974
62 285
62 1089
62 1011
225 852
225 506
225 581
225 782
225 700
225 945
225 614
225 745
225 403
225 974
225 539
225 6
225 177
225 801
225 981
225 604
225 486
225 549
225 218
225 286
225 875
643 1101
643 866
643 626
643 1065
643 206
643 531
643 129
643 1025
643 22
643 339
643 1100
643 745
643 100
643 477
643 75
643 1107
643 414
277 1026
277 129
277 307
277 23
277 804
277 1089
277 666
852 740
852 973
852 167
852 92
852 330
852 1128
852 239
852 1104
852 1064
852 949
852 900
852 774
852 945
852 83
852 974
852 783
852 285
852 1089
852 906
852 902
852 194
852 74
852 1105
852 462
852 1034
852 704
852 800
1078 116
1078 536
1078 525
1078 1084
1078 738
1078 376
1078 30
1078 348
1078 602
1078 229
1078 560
1078 286
1078 825
1078 97
1078 386
1078 283
1078 1004
1078 65
29 522
29 1063
29 1026
29 1097
29 593
29 425
29 749
29 129
29 391
29 903
29 403
29 794
29 579
29 947
29 448
29 439
29 157
29 449
29 494
29 767
827 413
827 735
827 978
827 952
827 345
827 105
827 905
827 34
827 296
827 793
827 998
594 907
594 732
594 114
594 626
594 351
594 586
594 744
594 134
594 1127
594 1059
594 1097
594 729
594 977
594 780
594 129
594 978
594 568
594 140
594 87
594 555
594 900
594 429
594 403
594 560
594 449
594 21
594 695
594 948
594 951
594 257
594 318
594 203
594 64
594 123
594 502
594 91
594 1125
867 744
867 425
867 8
867 348
867 269
772 458
772 607
772 367
772 329
772 878
772 483
772 838
772 1127
772 810
772 658
772 411
1027 114
1027 1063
1027 536
1027 27
1027 994
1027 220
1027 718
1027 70
1027 664
1027 161
907 114
907 467
907 607
907 661
907 329
907 483
907 352
907 593
907 568
907 319
907 692
907 70
907 911
907 161
907 830
907 1014
907 387
907 938
907 987
907 126
907 1020
983 1029
983 1026
983 186
983 395
983 1068
983 71
983 1056
983 525
983 453
983 658
983 770
983 264
983 197
983 494
983 832
983 871
983 755
983 668
1101 1029
1101 458
1101 483
1101 892
1101 531
1101 994
1101 129
1101 109
1101 19
1101 568
1101 1131
1101 709
1101 864
1101 821
1101 630
1101 770
1101 197
1101 1011
1101 668
1101 11
408 766
408 1025
408 1056
408 617
408 610
732 740
732 657
732 766
732 176
732 134
732 735
732 301
732 675
732 952
732 1125
732 248
1096 1063
1096 1122
1096 265
1096 655
1096 364
1096 645
1096 828
1096 581
1096 823
1096 672
1096 814
1096 154
1096 465
1096 911
1096 597
1096 924
1096 975
1096 1042
1096 80
1096 407
16 1029
16 398
16 129
16 376
16 23
16 500
16 676
16 365
629 1026
629 1127
629 318
243 38
243 265
243 655
243 395
243 581
243 556
243 597
243 1042
243 437
243 45
243 1021
116 125
116 500
116 760
116 634
116 135
116 294
506 167
506 92
506 900
506 945
506 307
506 1119
506 346
506 783
506 285
506 135
506 294
506 724
506 185
506 223
506 1054
506 423
506 409
964 129
964 1072
964 568
964 1064
964 745
964 514
964 459
964 191
964 1118
964 481
38 857
38 994
38 556
38 164
38 269
38 550
38 433
38 383
38 2
38 936
125 151
125 977
125 145
125 500
125 685
125 634
125 135
125 727
125 214
125 751
125 373
125 682
125 840
125 775
125 771
125 698
1029 485
1029 221
1029 184
1029 255
1029 129
1029 19
1029 71
1029 627
1029 1128
1029 738
1029 790
1029 203
1029 676
1029 365
1029 185
1029 769
1029 669
1029 490
1029 701
398 500
398 490
797 644
797 738
797 790
797 409
797 459
797 159
534 365
534 775
534 1035
534 812
485 976
485 977
485 634
644 365
522 1063
522 1007
522 425
522 1093
522 390
522 37
522 345
522 494
522 987
522 728
522 368
396 330
396 337
833 28
833 1118
833 1071
543 114
543 1063
543 976
543 292
543 994
543 254
543 814
543 658
543 37
543 498
543 1019
114 467
114 1063
114 475
114 1127
114 425
114 655
114 73
114 994
114 713
114 204
114 395
114 364
114 749
114 788
114 569
114 63
114 572
114 646
114 254
114 150
114 1115
114 962
114 556
114 319
114 164
114 672
114 205
114 803
114 369
114 658
114 725
114 692
114 376
114 980
114 70
114 526
114 348
114 863
114 787
114 491
114 345
114 450
114 578
114 386
114 830
114 407
114 117
114 226
114 819
114 385
114 635
114 1102
114 862
114 638
114 245
114 1113
114 1012
430 1026
430 184
430 973
430 330
430 736
430 61
430 712
430 958
430 264
430 95
430 560
430 1105
430 668
430 493
430 756
430 446
430 873
430 354
430 656
430 608
430 894
430 1016
430 1106
430 747
430 142
430 944
430 242
424 1063
424 531
424 425
424 73
424 749
424 646
424 41
424 350
424 457
424 1062
424 192
866 607
866 884
667 626
667 351
667 586
667 531
667 414
667 64
667 274
454 1130
454 607
454 505
454 10
454 587
454 66
454 206
454 207
454 838
454 390
454 658
454 1100
454 102
454 818
458 607
458 586
458 1026
458 878
458 505
458 66
458 483
458 838
458 414
458 234
1130 626
1130 207
1130 64
1130 274
1117 113
1117 601
1117 0
1117 903
1117 14
1117 500
1117 192
1117 939
1117 182
1117 716
467 661
467 1063
467 593
467 655
467 994
467 395
467 364
467 749
467 788
467 569
467 63
467 828
467 568
467 319
467 781
467 474
467 205
467 360
467 980
467 1066
467 787
467 491
467 345
467 921
467 975
467 226
467 638
467 332
467 211
467 56
467 706
467 1080
467 708
626 351
626 607
626 586
626 536
626 976
626 329
626 587
626 1059
626 414
626 64
626 315
151 364
151 18
151 183
151 628
151 698
151 600
151 202
351 586
351 1065
351 64
351 274
607 329
607 505
607 10
607 366
607 66
607 1065
607 206
607 541
607 1028
607 483
607 1077
607 207
607 838
607 531
607 129
607 89
607 675
607 414
607 695
607 64
607 274
607 317
367 505
367 10
367 366
367 66
367 1065
367 541
367 1028
367 1077
367 695
521 41
521 903
521 405
521 124
521 369
521 1100
521 23
521 825
521 386
521 1095
521 199
521 93
521 314
586 483
586 1127
586 767
586 64
586 603
586 1002
156 184
156 531
156 0
156 903
156 124
156 14
156 23
156 677
156 470
156 684
304 202
661 267
661 78
661 581
661 319
661 491
661 1042
661 862
661 638
661 245
661 190
661 1110
1063 184
1063 531
1063 593
1063 425
1063 994
1063 749
1063 879
1063 646
1063 255
1063 1056
1063 319
1063 781
1063 412
1063 619
1063 474
1063 803
1063 394
1063 103
1063 23
1063 1066
1063 787
1063 1080
1063 768
475 73
475 1038
475 117
475 819
1122 593
1122 364
1122 814
1122 911
1122 863
1122 345
1122 234
1122 969
1122 990
221 1026
221 976
221 184
221 186
221 109
221 89
221 339
221 197
221 281
221 194
221 832
221 514
221 1118
221 211
221 104
221 127
221 228
221 710
221 584
1007 916
1007 556
1007 260
1007 369
1007 921
1007 498
1007 1004
1007 433
1007 368
536 1026
536 569
536 109
536 167
536 491
536 961
536 951
1026 976
1026 740
1026 186
1026 150
1026 1075
1026 391
1026 927
1026 401
1026 1128
1026 545
1026 538
1026 187
1026 238
1026 1090
1026 198
1026 281
1026 653
1026 832
1026 871
1026 223
1026 142
1026 1002
1026 174
1026 48
1026 431
1026 447
1026 588
976 413
976 186
976 425
976 150
976 388
976 675
976 753
976 14
976 336
976 850
976 272
976 1
976 790
976 560
976 1092
976 794
976 604
976 386
976 203
976 871
976 365
976 185
976 470
976 1123
976 217
976 160
976 300
976 15
27 569
27 1005
27 260
27 666
27 951
27 664
27 459
27 315
27 883
27 130
27 133
184 1043
184 531
184 63
184 723
184 129
184 428
184 1025
184 1056
184 568
184 803
184 675
184 700
184 738
184 30
184 348
184 649
184 264
184 500
184 362
184 1011
184 494
184 832
184 668
184 747
184 250
1043 723
1043 1075
279 176
279 744
740 717
740 766
740 811
740 176
740 744
740 413
740 854
740 134
740 735
740 978
740 527
740 128
740 455
740 260
740 927
740 124
740 675
740 658
740 782
740 952
740 900
740 794
740 579
740 1125
740 245
740 890
740 241
740 691
740 334
657 717
657 176
657 735
657 952
657 890
657 663
717 766
717 176
717 744
717 413
717 134
717 735
717 260
717 675
717 952
717 1100
717 37
717 649
717 794
717 830
717 248
717 245
717 663
717 561
766 176
766 1025
766 195
766 527
766 675
766 630
766 900
766 559
766 275
766 30
766 794
766 610
766 248
766 701
766 663
766 389
766 611
766 750
766 72
766 805
766 1008
766 641
76 139
76 336
76 105
76 296
76 741
76 777
76 1006
811 176
811 134
811 735
811 1059
811 19
811 71
811 978
811 369
811 952
811 392
811 538
811 565
811 1125
811 276
811 967
176 744
176 413
176 854
176 134
176 735
176 1059
176 590
176 1025
176 140
176 675
176 952
176 700
176 392
176 874
176 579
176 1125
176 410
744 134
744 735
744 1127
744 1025
744 927
744 900
744 783
744 1125
744 241
744 742
744 965
413 735
413 749
413 139
413 376
413 1125
413 890
854 134
854 735
854 1059
854 978
854 392
854 579
854 1125
854 677
854 691
854 410
134 735
134 1127
134 71
134 1056
134 952
134 37
134 1034
134 1125
134 830
357 71
735 1059
735 1056
735 978
735 128
735 392
735 905
735 296
735 1125
735 663
735 276
735 410
735 965
735 508
735 143
735 43
301 1104
301 900
301 624
301 610
301 248
301 988
301 180
301 1103
301 326
301 196
301 919
292 254
186 19
186 360
186 32
186 700
186 420
186 187
186 376
186 712
186 238
186 1090
186 832
186 871
186 211
789 973
789 568
789 747
789 199
789 228
857 28
857 675
857 658
857 725
857 143
857 313
731 1127
731 61
731 835
731 1106
731 55
731 381
731 989
731 233
731 960
731 843
826 678
826 1055
158 546
158 893
158 422
329 1127
329 1059
329 780
329 1020
878 483
878 425
878 810
878 655
878 89
878 814
878 911
878 1020
878 990
505 220
505 1128
505 379
505 701
505 291
1018 10
1018 587
1018 66
1018 1037
1018 390
1018 220
10 366
10 587
10 66
10 541
10 1028
10 1025
10 89
10 695
366 66
366 1077
366 531
366 692
366 100
587 19
587 414
66 19
66 220
66 414
66 695
66 1002
206 320
170 498
170 1020
541 89
541 695
483 838
483 531
483 425
483 810
483 655
483 436
483 814
483 980
483 1020
483 49
460 531
460 1020
1077 916
207 22
207 274
838 810
838 927
838 360
838 947
531 255
531 109
531 19
531 71
531 709
531 903
531 1058
531 884
531 414
531 695
531 632
531 652
1127 1059
1127 729
1127 977
1127 780
1127 145
1127 87
1127 1086
1127 14
1127 630
1127 558
1127 845
1127 439
1127 257
1127 318
1127 634
1127 294
1127 682
1127 104
1127 15
1127 561
1127 611
1127 674
1127 1017
1127 434
352 1059
352 977
352 145
352 749
352 568
352 91
352 1014
1059 780
1059 978
1059 128
1059 124
1059 369
1059 952
1059 139
1059 392
1059 1082
1059 565
1059 296
1059 64
1059 1125
1059 830
1059 967
1059 43
1059 295
1097 526
1097 23
1097 947
1097 387
1097 135
1097 368
1097 250
1097 820
729 900
729 403
729 318
729 11
729 434
122 83
122 560
122 21
122 830
122 668
122 446
122 1016
122 142
122 209
122 35
122 432
122 746
977 145
977 500
977 760
977 830
977 634
977 214
977 751
977 36
977 26
780 257
780 318
780 1125
145 140
145 500
145 760
145 214
1024 749
1024 113
1024 137
1024 1009
1024 8
1024 491
1024 578
1024 969
1024 1124
1024 901
265 425
265 395
265 645
265 828
265 581
265 823
265 154
265 692
265 606
265 911
265 491
265 597
265 924
265 1042
265 437
265 45
265 1021
265 1124
593 425
593 395
593 788
593 350
593 412
593 1038
593 103
593 692
593 980
593 70
593 787
593 245
593 174
593 178
397 0
397 379
397 818
397 716
397 684
397 208
425 810
425 994
425 395
425 879
425 788
425 645
425 63
425 254
425 436
425 19
425 350
425 568
425 319
425 781
425 1038
425 814
425 658
425 692
425 139
425 980
425 787
425 491
425 450
425 773
425 437
425 56
425 1002
425 190
425 178
425 399
425 577
425 355
810 395
810 645
810 436
810 781
810 814
810 980
810 577
810 3
655 395
655 364
655 749
655 879
655 645
655 828
655 581
655 823
655 814
655 911
655 18
655 338
655 1020
655 1042
655 698
655 226
655 862
655 190
655 969
655 1124
655 577
655 642
267 828
267 572
267 254
267 882
267 53
267 781
267 606
267 245
267 199
267 389
267 577
267 40
267 1076
267 358
73 364
73 581
73 556
73 390
73 164
73 658
73 921
73 386
73 407
73 433
73 117
73 226
73 819
73 635
73 1102
73 862
73 677
73 419
73 85
994 713
994 749
994 254
994 129
994 913
994 319
994 672
994 412
994 103
994 725
994 718
994 692
994 509
994 312
994 1113
713 63
713 962
713 913
713 803
713 725
713 138
713 1060
713 312
713 871
204 749
204 350
204 672
204 8
204 675
204 392
204 565
204 578
204 1125
204 540
395 364
395 879
395 705
395 788
395 341
395 569
395 63
395 572
395 646
395 254
395 129
395 962
395 350
395 809
395 319
395 672
395 412
395 154
395 725
395 692
395 376
395 509
395 491
395 450
395 578
395 1042
395 1001
395 461
364 879
364 78
364 788
364 341
364 645
364 828
364 572
364 646
364 581
364 823
364 319
364 781
364 672
364 718
364 980
364 911
364 491
364 1042
364 638
364 969
364 642
364 993
749 788
749 569
749 63
749 828
749 823
749 350
749 814
749 692
749 70
749 787
749 491
749 190
879 645
879 569
879 572
879 814
879 139
879 980
879 773
879 698
879 969
78 645
78 581
78 319
78 1120
78 491
78 345
78 407
78 638
78 993
705 828
705 254
705 37
705 407
788 63
788 129
788 319
788 220
788 692
788 70
788 37
788 958
788 787
788 491
788 226
788 234
788 332
788 969
341 645
341 828
341 581
341 781
341 911
341 830
341 1080
341 969
341 355
341 993
645 569
645 828
645 572
645 581
645 823
645 814
645 154
645 911
645 18
645 450
645 793
645 969
645 993
645 230
645 1074
645 529
569 164
569 53
569 205
569 139
569 707
569 863
569 450
569 312
569 211
569 230
569 934
569 1051
63 1056
63 350
63 319
63 412
63 692
63 23
63 509
63 578
63 1113
63 93
63 677
828 572
828 254
828 581
828 882
828 823
828 781
828 606
828 911
828 597
828 924
828 1042
828 226
828 969
828 577
828 358
572 254
572 581
572 882
572 781
572 787
572 437
572 226
572 1110
572 577
572 358
572 1031
646 882
646 1056
646 412
646 498
646 386
646 1124
646 1074
254 319
254 725
254 606
254 787
254 414
254 830
254 437
254 698
254 1019
254 577
254 612
581 823
581 911
581 450
581 924
581 80
581 1113
581 677
581 190
581 1110
581 969
581 389
581 1001
581 993
581 1088
581 1121
436 980
436 371
882 781
882 606
882 767
882 437
882 862
882 577
882 358
823 924
823 1042
823 43
823 533
823 12
504 477
504 947
504 56
504 231
113 1100
113 477
113 182
113 716
113 554
601 554
1091 286
150 394
150 545
150 376
150 559
150 597
150 414
150 830
150 722
1068 390
1068 927
1068 753
1068 1060
1068 37
1068 340
590 500
723 129
723 1025
723 1075
723 585
723 649
723 191
723 1124
723 637
255 1075
255 1056
255 391
255 322
255 32
129 377
129 428
129 1025
129 1075
129 1056
129 391
129 0
129 167
129 474
129 821
129 376
129 787
129 745
129 906
129 832
129 610
129 223
129 701
129 1016
129 677
129 250
129 484
129 52
129 20
129 288
129 762
129 479
109 738
109 957
377 54
377 474
377 712
377 264
377 44
377 95
377 704
377 203
377 747
377 847
19 568
19 474
19 140
19 753
19 1100
19 745
19 760
19 578
19 414
19 832
19 373
19 669
19 701
19 228
19 174
19 431
19 595
19 909
19 972
19 1132
428 874
428 229
428 287
428 197
428 653
428 501
428 588
428 896
428 689
1025 1056
1025 821
1025 339
1025 678
1025 794
1025 610
1025 248
1025 52
1025 20
1025 887
1075 137
1075 821
1075 770
1075 930
1075 649
1075 745
1075 901
1075 188
71 1056
71 568
71 140
71 753
71 14
71 380
71 712
71 264
71 44
71 403
71 961
71 673
71 832
71 668
71 870
443 238
443 830
443 1032
1056 619
1056 675
1056 949
1056 900
1056 1
1056 264
1056 794
1056 668
1056 248
1056 701
1056 188
1056 524
1056 316
1056 172
916 376
916 921
916 498
916 923
1083 28
1083 137
1083 515
1083 725
1083 952
28 515
28 700
28 1060
28 832
137 369
137 146
137 380
137 649
137 338
137 767
137 1124
137 637
137 212
137 132
473 821
515 41
515 164
515 14
515 23
515 199
515 228
962 913
962 369
962 658
962 725
962 348
962 863
962 592
41 821
41 803
41 324
41 250
391 556
391 568
391 322
391 401
391 32
391 832
391 211
391 575
0 709
0 903
0 658
0 1100
0 14
0 379
0 684
0 791
0 650
0 519
0 335
1072 568
1072 471
1072 91
1072 459
1072 1118
1072 894
1072 883
1072 209
1072 941
1072 39
1072 726
54 140
54 952
54 1064
54 774
54 95
54 203
54 1016
54 856
54 305
913 138
556 412
556 474
556 658
556 348
556 450
556 457
556 234
525 238
525 95
525 133
525 843
525 625
525 247
1003 545
1003 187
350 1009
350 787
350 491
350 578
829 229
829 948
829 537
829 737
829 992
1093 809
1093 164
1093 205
1093 824
627 738
627 365
978 128
978 87
978 578
978 105
978 905
978 1125
978 1123
978 890
978 246
978 155
973 140
973 753
973 952
973 736
973 700
973 680
973 545
973 1064
973 835
973 712
973 958
973 264
973 203
973 656
973 894
973 142
973 295
973 268
568 668
568 1118
568 127
568 228
568 250
568 321
568 282
1084 1128
1084 376
1084 1060
1084 832
1084 936
1084 490
1084 762
1084 479
1084 524
1084 844
1084 1112
1084 822
390 927
390 658
390 1100
390 1104
390 538
390 380
390 465
390 37
390 678
390 55
390 791
390 463
390 378
390 563
216 1100
216 498
216 314
216 499
319 814
319 910
319 980
319 787
319 491
319 921
319 975
319 1042
319 190
319 929
1131 876
1131 239
1131 376
1131 712
1131 984
1131 95
1131 1126
195 527
195 658
195 617
195 845
195 30
195 526
195 95
195 248
195 1055
195 463
195 171
195 480
709 8
709 684
709 846
163 494
163 948
163 689
163 537
163 737
163 148
163 616
163 331
163 837
876 538
876 712
876 985
876 203
876 365
876 446
876 889
22 538
22 380
22 414
22 818
22 684
808 330
167 945
167 307
167 1119
167 745
167 346
167 285
786 1100
786 477
164 124
164 845
164 348
164 23
164 678
164 800
164 825
164 248
164 1095
164 389
164 805
92 346
92 974
92 539
92 804
92 1034
53 781
903 270
903 32
903 14
903 379
903 951
903 335
903 1116
903 636
903 384
903 968
903 438
903 615
903 759
781 814
781 911
781 1020
781 577
781 355
781 358
405 1100
405 477
405 192
405 818
405 470
405 684
405 650
405 519
405 60
672 220
672 718
672 491
672 1004
672 924
672 389
412 526
412 642
270 477
270 384
884 453
884 836
89 18
89 1020
89 990
89 438
89 784
585 23
585 649
585 610
585 570
585 94
527 140
527 675
527 658
527 937
527 1082
527 845
527 900
527 465
527 1000
527 559
527 23
527 1
527 678
527 794
527 800
527 157
527 502
527 610
527 389
527 611
527 805
527 1008
527 1055
527 85
527 94
527 605
527 950
527 42
527 421
128 392
128 380
128 526
128 386
128 1125
128 93
864 369
864 576
864 537
864 992
1005 484
619 220
619 87
619 997
619 630
619 910
619 982
619 558
619 681
619 937
619 336
619 845
619 787
619 345
619 119
619 47
619 4
619 885
619 152
619 1045
619 785
619 232
694 124
694 733
474 205
474 453
474 339
474 845
474 509
474 1011
474 332
474 805
821 388
821 199
821 313
821 711
821 959
821 758
205 1066
205 509
205 5
453 330
453 736
453 376
453 958
453 264
453 44
453 95
453 906
453 704
453 439
453 608
453 49
453 957
453 305
453 836
1053 30
1053 120
236 388
236 455
236 858
236 842
388 455
388 927
388 124
388 959
455 124
455 767
455 378
455 359
455 136
455 686
455 370
455 877
260 166
260 253
260 376
260 272
260 37
260 790
260 250
260 217
260 133
260 1017
260 529
260 193
260 955
260 361
927 509
927 95
927 403
927 981
927 218
927 34
927 858
927 933
166 138
166 900
166 790
166 345
166 514
166 217
166 529
140 330
140 782
140 952
140 736
140 545
140 376
140 1000
140 712
140 477
140 690
140 414
140 21
140 747
140 431
140 870
140 131
140 149
1038 803
1038 220
1038 437
1038 577
278 564
303 8
303 583
303 628
303 768
803 220
803 8
803 394
803 103
803 606
803 23
803 1066
803 374
803 677
803 768
803 382
220 103
220 718
220 980
220 70
220 509
220 787
220 374
220 491
220 203
220 564
220 995
8 583
8 1019
8 768
394 103
394 538
394 457
103 154
103 606
583 698
583 708
583 325
814 980
814 911
814 830
814 924
814 80
814 698
814 577
154 606
124 369
124 675
124 658
124 725
124 1100
124 558
124 712
124 348
124 324
124 800
124 825
124 938
124 939
339 420
339 376
339 832
339 250
339 836
339 518
369 658
369 718
369 330
369 558
369 348
369 774
369 324
369 825
369 948
369 1124
369 870
675 630
675 982
675 937
675 1082
675 845
675 900
675 306
675 624
675 1
675 678
675 794
675 248
675 561
675 1008
675 152
675 785
675 136
675 620
658 725
658 718
658 503
658 139
658 538
658 630
658 558
658 980
658 559
658 348
658 678
658 790
658 403
658 921
658 379
658 501
658 414
658 825
658 386
658 34
658 948
658 269
658 117
658 608
658 988
658 563
658 331
658 841
658 1109
322 952
322 545
322 738
322 790
322 1054
322 459
322 159
322 575
322 82
322 530
322 743
725 348
725 414
725 825
725 1113
725 1023
718 183
718 936
718 877
503 1104
503 982
503 1000
503 324
503 345
503 578
503 208
503 237
401 952
401 23
401 755
401 135
401 368
401 1106
330 753
330 360
330 952
330 545
330 673
330 386
330 494
330 951
330 664
330 49
330 853
330 415
330 111
330 311
330 551
330 917
753 952
753 700
753 680
753 608
753 49
753 247
753 25
753 452
87 953
87 139
87 392
87 997
87 910
87 558
87 681
87 1082
87 845
87 30
87 565
87 338
87 502
87 1125
87 830
87 967
87 94
87 119
87 47
87 4
87 885
87 232
87 877
87 222
87 719
87 482
1079 836
1120 70
1120 491
1120 969
360 712
360 403
360 379
360 704
360 947
360 948
360 203
360 1016
360 211
360 697
553 253
32 545
32 420
32 1060
32 238
32 439
971 1104
971 610
971 988
971 326
971 919
971 244
971 189
971 970
971 215
971 915
971 908
971 488
138 1090
138 832
138 514
782 700
782 981
782 640
253 707
253 250
253 261
253 406
1128 545
1128 494
1128 490
1128 199
1128 174
1128 750
1128 305
1128 331
555 83
555 560
555 21
555 668
555 446
555 354
555 1016
555 209
555 1094
555 58
555 872
555 280
239 380
239 498
239 1105
239 203
239 830
239 39
239 88
952 1104
952 736
952 680
952 545
952 392
952 1060
952 712
952 579
952 1125
952 241
952 295
952 463
952 111
952 290
1100 1104
1100 953
1100 14
1100 380
1100 251
1100 565
1100 345
1100 379
1100 477
1100 498
1100 414
1100 457
1100 192
1100 1002
1100 470
1100 684
1100 519
1100 636
1100 599
1100 201
1100 654
1100 363
1104 1082
1104 380
1104 1060
1104 306
1104 559
1104 526
1104 345
1104 921
1104 825
1104 157
1104 871
1104 610
1104 248
1104 561
1104 389
1104 180
1104 1103
1104 196
1104 55
1104 136
1104 908
1104 488
1104 991
1104 1048
953 982
953 565
953 119
953 4
953 232
736 1064
736 376
736 958
736 264
736 690
736 65
736 431
736 55
736 209
736 841
736 99
1086 177
1086 250
1086 1017
986 692
986 450
692 70
692 468
692 934
700 614
700 403
700 981
700 97
700 618
606 18
606 358
139 450
680 1064
680 295
680 88
680 99
14 345
14 921
14 379
14 477
14 414
14 234
14 716
14 199
14 93
14 470
14 295
14 519
14 759
14 435
14 859
14 165
545 1064
545 538
545 380
545 712
545 1016
545 1126
545 415
545 99
1064 264
1064 1014
1064 88
337 835
337 985
337 423
337 889
392 565
392 578
392 967
538 376
538 560
538 1105
538 1008
949 23
949 584
420 61
738 376
738 272
738 520
738 985
738 548
738 23
738 500
738 790
738 185
738 1054
738 409
738 459
738 769
738 159
738 1006
738 889
738 84
738 472
738 418
738 343
738 920
187 23
187 1090
187 832
187 784
187 1044
187 763
376 1082
376 980
376 61
376 30
376 500
376 560
376 832
376 668
376 638
376 1106
376 747
376 160
376 55
376 233
376 802
146 894
146 637
146 212
997 630
997 910
997 681
997 336
997 40
997 865
630 910
630 982
630 558
630 681
630 937
630 336
630 845
630 30
630 794
630 157
630 248
630 1008
630 40
630 47
630 885
910 982
910 558
910 681
910 937
910 336
910 830
910 975
910 40
910 47
910 222
910 1085
982 558
982 937
982 336
982 794
982 94
558 681
558 937
558 336
558 845
558 306
558 1000
558 825
558 830
558 40
558 934
558 4
558 885
558 232
558 482
681 937
681 336
681 845
681 611
681 40
681 47
681 232
937 336
937 794
937 1008
336 248
336 482
617 900
617 37
617 248
617 212
617 463
617 47
617 654
1082 900
1082 559
1082 30
1082 1
1082 678
1082 800
1082 157
1082 502
1082 701
1082 561
1082 611
1082 805
1082 1055
1082 85
1082 637
1082 94
1082 605
1082 950
1082 42
1082 421
1082 999
980 491
980 1020
980 389
980 355
980 358
980 371
61 238
61 95
61 656
61 989
61 592
61 941
61 298
380 1105
380 247
380 858
380 280
380 839
845 787
845 649
845 794
845 1008
845 885
845 152
845 1045
845 785
845 620
845 865
845 662
845 297
845 734
835 1106
835 989
835 233
835 295
835 247
835 523
900 559
900 624
900 678
900 403
900 794
900 800
900 157
900 502
900 561
900 988
900 1103
900 196
900 919
900 1055
900 47
900 885
900 215
900 915
900 654
900 567
900 557
272 548
272 790
272 345
465 1055
465 970
465 654
465 865
1060 91
1060 127
1060 941
1060 991
70 269
70 938
911 468
911 18
911 1020
911 969
911 990
911 1031
911 371
911 748
251 678
251 656
251 136
251 922
251 451
520 345
520 386
520 830
520 768
520 472
37 678
37 1125
37 211
37 1057
770 23
393 306
393 507
393 641
306 507
306 559
306 275
306 157
306 1008
306 1124
306 881
306 344
507 1000
507 1102
507 389
507 641
507 1124
507 359
507 877
1000 559
1000 275
1000 1
1000 678
1000 248
1000 174
1000 611
1000 805
1000 463
1000 885
559 30
559 1
559 678
559 800
559 825
559 611
559 85
559 885
559 719
559 954
275 1034
275 157
275 36
624 30
624 157
624 610
624 561
624 611
624 988
624 1103
624 215
30 157
30 610
30 561
30 94
30 734
526 678
526 313
712 264
712 783
712 902
712 1105
712 947
712 203
712 493
712 747
712 174
712 870
712 149
565 1125
565 246
985 790
985 459
985 55
985 889
238 673
238 981
238 724
238 843
238 979
238 795
721 197
721 289
721 501
721 948
721 340
721 737
348 825
348 269
348 1124
548 423
602 229
602 494
602 948
602 689
602 201
602 81
774 1016
774 258
958 1119
958 894
958 957
958 941
958 415
307 660
307 974
307 783
307 804
307 6
307 1126
307 148
307 877
307 665
307 46
307 591
23 500
23 197
23 1011
23 825
23 283
23 494
23 490
23 1124
23 957
23 94
23 711
23 518
23 1087
23 849
1119 346
1119 402
1119 471
1119 974
1119 285
1 1055
1 885
1 359
614 409
614 1132
614 378
614 370
614 551
614 618
614 1036
614 115
324 825
324 199
324 371
324 237
678 345
678 794
678 1034
678 800
678 157
678 502
678 812
678 199
678 561
678 611
678 805
678 919
678 1055
678 85
678 94
678 605
678 950
678 42
678 421
678 954
1066 1002
863 787
509 498
509 157
509 389
509 805
787 1113
787 1030
930 745
930 1019
18 628
18 1020
18 969
18 990
18 554
18 784
649 745
649 794
649 462
649 313
649 1124
649 637
649 132
1090 198
1090 984
1090 622
1090 203
1090 871
1090 668
491 345
491 1042
491 117
491 190
491 564
229 961
229 263
229 576
229 673
229 948
229 479
229 689
229 81
229 996
442 44
696 362
696 641
984 974
984 783
984 1105
984 746
984 791
984 1094
984 511
264 83
264 44
264 690
264 668
264 493
264 446
264 354
264 656
264 747
264 142
264 93
264 149
264 349
264 1015
264 683
287 673
287 948
287 199
500 760
500 830
500 365
500 135
500 294
500 727
500 214
500 751
500 373
500 682
500 584
500 447
500 972
500 648
500 798
500 492
83 690
83 668
83 446
83 1016
44 49
44 957
44 349
790 345
790 82
95 65
95 135
95 490
95 431
95 941
95 1087
95 552
95 1039
362 104
362 127
362 941
362 726
362 839
362 942
362 110
362 1081
197 101
197 263
197 673
197 289
197 653
197 501
197 666
197 494
197 948
197 546
197 737
197 1109
197 795
197 849
197 1010
197 323
197 1047
197 891
197 582
197 796
197 259
622 490
429 847
429 1057
429 349
429 799
760 135
760 373
760 682
760 840
760 26
760 972
760 798
760 464
685 386
685 634
403 981
403 947
403 368
403 250
403 1017
403 861
403 926
560 345
560 921
560 947
560 668
560 446
560 1016
560 209
560 35
560 595
560 872
560 1015
345 379
345 157
345 34
345 1125
345 245
345 791
345 933
345 551
345 859
345 466
345 240
921 974
921 498
921 177
921 575
921 791
101 501
101 386
101 546
101 340
101 737
101 169
450 1110
961 918
961 494
961 992
961 996
961 1010
961 580
660 1092
660 346
660 804
660 546
660 331
263 918
263 289
263 917
263 795
263 81
263 1010
263 179
118 948
120 1092
120 281
120 494
120 948
120 992
120 201
120 946
1092 918
1092 716
1092 484
1092 384
1092 201
1092 81
1092 946
281 653
281 494
281 948
281 142
281 1002
281 48
281 588
281 537
281 899
281 400
576 992
576 795
918 673
918 289
918 653
918 532
918 402
918 471
918 801
918 948
918 223
918 588
918 616
918 795
918 511
918 323
918 580
918 375
918 703
918 1022
918 210
673 289
673 947
673 948
673 588
673 331
673 837
673 795
673 891
346 804
346 285
346 724
289 501
289 951
289 546
289 737
289 1109
289 795
289 1010
289 1047
289 179
653 948
653 546
653 796
653 24
653 141
379 477
379 716
379 314
379 684
379 636
379 615
379 869
320 532
532 402
532 628
532 801
532 223
532 490
532 703
477 192
477 314
477 684
477 554
477 636
477 384
477 615
477 57
271 298
402 223
402 703
1073 471
1073 104
1073 674
1073 298
1073 1067
471 127
471 1087
471 761
974 539
974 783
974 804
974 74
974 462
974 21
974 223
974 1008
498 947
498 368
498 819
498 1016
498 847
498 972
578 579
578 1125
578 1012
794 947
794 157
794 561
794 611
794 1008
794 212
794 885
794 152
794 785
794 620
794 662
794 327
579 1125
579 967
579 143
539 6
539 486
783 6
783 628
783 1034
783 21
783 223
783 47
783 970
783 46
804 6
804 1089
804 223
804 133
804 843
6 177
6 217
6 327
338 969
338 1124
338 637
338 212
338 132
338 119
338 232
338 359
338 877
338 344
338 293
501 948
501 546
501 340
501 737
501 169
426 807
690 432
597 414
597 924
597 1042
597 437
597 45
597 1021
597 791
177 875
177 830
177 250
177 1017
177 1039
801 223
981 286
981 283
981 123
981 1017
981 1132
981 284
604 830
218 875
218 34
218 858
218 933
218 943
286 947
286 1017
286 1132
875 34
875 842
75 1094
1107 836
414 446
414 1080
414 199
414 174
414 172
414 940
666 459
666 546
902 372
1105 1094
1105 51
704 947
704 349
800 157
800 389
800 611
800 805
800 1055
800 212
800 950
800 421
825 34
825 938
825 433
825 199
825 588
825 691
825 169
386 938
386 117
386 588
386 691
283 64
283 284
283 897
947 439
947 948
947 203
947 1016
947 1017
947 479
947 172
947 427
439 1017
157 502
157 610
157 389
157 611
157 805
157 1008
157 1055
157 85
157 94
157 605
157 950
157 42
157 421
449 203
449 142
449 268
449 175
449 441
494 948
494 951
494 588
494 689
494 992
494 148
494 616
494 853
494 996
494 7
767 199
767 1124
767 212
767 132
767 378
767 349
767 817
105 1125
905 1125
905 241
905 691
34 858
34 842
34 933
34 943
296 143
793 714
998 378
998 858
998 933
998 943
998 106
998 256
21 203
21 830
21 668
21 446
21 1016
21 211
21 209
948 830
948 1016
948 588
948 340
948 689
948 737
948 992
948 148
948 616
948 201
948 795
948 81
948 796
951 479
951 689
951 899
257 318
257 784
203 365
203 354
203 1016
203 88
203 441
64 274
502 80
502 611
502 1055
502 85
502 605
502 950
502 42
502 421
91 459
91 894
91 991
91 839
1125 1123
1125 246
830 135
830 294
830 514
830 354
830 894
830 818
830 15
830 484
830 480
830 4
830 1108
830 752
830 855
830 445
830 739
1014 305
938 1095
987 546
1020 990
1020 577
1020 554
832 142
832 211
832 1002
832 104
832 48
832 734
871 368
871 570
755 926
755 925
668 446
668 873
668 354
668 1016
668 199
668 209
668 35
668 746
668 595
668 58
668 872
668 280
668 88
668 121
11 747
610 248
610 561
610 1008
610 988
610 180
610 196
610 919
610 1055
610 244
610 908
610 488
610 1048
248 561
248 389
248 611
248 988
248 180
248 326
248 908
924 1042
924 80
924 1113
924 389
924 785
924 404
975 190
975 1103
975 651
975 77
1042 437
1042 45
1042 1021
1042 638
1042 190
80 389
407 43
407 358
676 365
365 135
365 727
365 751
365 446
365 447
365 15
365 143
365 743
365 280
365 466
365 7
365 262
437 1021
437 577
437 358
45 389
45 43
45 859
1021 869
634 214
634 751
135 727
135 769
135 143
135 282
294 727
185 889
223 703
1054 159
1054 530
1054 567
423 889
409 459
409 1132
409 84
409 69
409 831
514 1118
514 1087
459 82
459 472
459 567
459 516
459 815
459 153
459 252
459 308
191 1081
1118 104
1118 321
433 86
727 410
214 751
214 798
373 972
682 211
775 812
698 1019
698 600
769 889
701 1008
701 463
159 889
159 530
159 418
159 567
159 69
812 410
812 492
368 211
117 226
117 819
117 635
117 1102
226 819
819 635
862 642
862 358
862 419
638 190
638 993
245 1016
245 36
245 642
1113 1110
1113 969
1113 1124
1012 699
756 268
446 354
446 209
446 35
446 746
354 209
354 280
656 1106
656 989
656 887
656 247
656 298
608 452
608 748
608 895
608 571
608 535
894 268
1016 944
1016 211
1016 209
1016 746
1016 99
1016 175
1106 584
1106 989
1106 960
1106 523
1106 308
747 15
142 1002
142 48
142 851
944 512
242 1057
192 684
192 60
818 208
818 791
818 935
716 684
716 384
716 57
1080 966
199 677
199 969
199 710
199 584
199 1087
199 996
199 1108
93 94
314 684
1002 48
1002 268
1002 688
677 94
470 699
684 162
190 1110
190 358
768 1124
768 1001
969 1001
969 1051
969 1121
990 554
990 759
990 748
990 720
104 941
127 941
127 347
710 642
584 1124
174 81
174 687
48 843
48 537
48 979
48 400
48 210
48 416
431 887
431 268
431 88
431 1015
588 479
588 992
588 580
588 899
588 416
1123 691
1123 741
1123 777
1123 246
250 563
250 758
250 327
217 529
300 922
300 487
15 1094
133 52
890 877
663 410
561 180
561 326
561 196
561 244
561 189
561 908
561 488
561 654
561 557
561 598
389 611
389 805
389 1008
389 419
389 1031
611 805
611 1055
611 85
611 605
611 950
611 42
611 421
611 999
72 641
72 865
72 344
72 609
805 463
1008 1055
1008 908
1008 662
1008 297
1008 734
641 802
641 344
641 609
1006 972
967 719
742 230
43 859
988 326
988 919
988 915
988 908
180 1103
180 326
180 919
180 642
180 908
1103 326
1103 919
1103 244
1103 908
326 919
326 908
919 244
919 651
55 889
233 960
960 52
1055 1124
1055 85
1055 605
1055 950
1055 42
1055 421
546 340
546 737
546 582
546 796
546 259
546 141
546 1040
49 111
49 452
674 1067
1017 529
1017 1132
1017 284
1017 631
434 26
820 928
209 35
209 280
35 595
35 688
35 121
432 280
432 776
746 595
36 865
26 232
1124 637
1124 212
1124 132
1124 94
577 358
642 358
40 605
40 47
40 4
40 785
40 222
85 605
85 950
85 42
85 421
230 115
230 1108
230 855
230 69
230 956
1074 637
529 842
612 1023
371 764
722 824
340 737
340 1047
340 169
340 687
637 212
637 132
484 201
484 946
52 247
288 887
479 896
479 537
479 992
847 1057
595 872
595 280
595 897
909 268
1132 284
689 148
689 331
689 179
689 333
1032 7
172 865
212 132
212 877
132 17
791 463
791 1015
791 1049
791 249
791 173
650 519
650 60
941 839
537 580
537 400
537 210
537 416
737 169
737 141
737 416
992 580
992 946
992 210
992 416
321 616
282 148
282 616
282 837
282 82
282 1111
463 168
378 370
378 618
378 115
563 922
563 451
563 327
171 865
171 168
148 616
148 331
148 1111
616 1111
331 837
331 580
331 899
331 647
636 309
615 720
94 912
605 950
605 42
605 421
950 42
950 421
42 421
119 4
119 232
119 222
47 999
47 659
4 232
4 370
1045 785
1045 620
1045 865
1045 662
1045 297
1045 734
1045 683
785 620
785 865
785 662
785 734
232 530
232 222
711 528
959 758
758 897
858 256
359 877
359 293
370 361
370 1036
370 115
370 1108
370 855
877 344
877 609
955 115
955 1108
955 855
955 69
955 956
933 943
933 106
933 256
518 888
620 662
620 734
841 851
1109 849
82 1047
530 567
853 7
111 816
311 683
311 730
551 618
551 115
452 748
452 895
244 189
244 488
189 970
970 654
1094 872
88 99
201 795
201 81
201 946
654 557
654 817
654 598
991 235
472 516
472 308
865 662
865 734
298 79
839 752
662 734
662 693
748 895
922 327
451 327
1057 349
344 609
795 81
795 796
795 210
795 1111
258 79
665 1098
1087 761
1087 68
1036 115
1036 1108
1036 855
1036 956
115 1108
115 855
115 445
115 956
349 495
942 1081
942 752
1081 752
1047 596
891 687
796 141
466 855
466 69
580 899
580 400
580 210
580 416
400 210
210 416
141 1111
284 112
256 956
1108 855
1108 445
1108 69
1108 956
855 445
855 69
855 956
445 956
121 497
69 831
516 308
516 356
895 860
571 535
347 273
416 1111
273 273
