291 526
291 73
291 316
291 739
291 746
291 138
291 951
291 638
291 394
291 50
291 373
291 251
291 310
291 342
291 528
291 130
291 168
291 1081
291 906
291 1112
291 413
291 345
291 110
291 843
291 359
291 61
291 789
291 280
291 593
291 946
526 73
526 316
526 746
526 138
526 951
526 638
526 394
526 50
526 251
526 528
526 168
526 1081
526 906
526 413
526 110
526 438
526 378
526 120
526 625
526 300
526 983
73 316
73 746
73 138
73 951
73 638
73 50
73 373
73 251
73 528
73 168
73 1081
73 906
73 1112
73 413
73 61
73 789
73 120
73 811
73 614
73 503
73 250
73 1057
73 525
73 1050
73 437
73 962
73 227
73 187
73 826
73 1029
73 216
73 510
73 1005
73 661
316 50
316 413
316 437
316 59
316 669
316 1130
316 410
316 670
316 412
316 136
316 559
316 919
316 537
316 296
316 1127
316 343
316 584
316 1087
316 665
739 746
739 366
739 705
739 1094
739 917
739 722
739 780
739 267
746 138
746 951
746 251
746 528
746 168
746 413
746 61
746 789
746 120
746 423
746 1
746 546
746 462
746 781
746 393
746 274
746 353
138 638
138 394
138 251
138 342
138 528
138 1081
138 413
138 789
138 917
138 477
138 618
138 1109
138 601
138 336
138 484
138 1046
138 249
138 631
138 1085
138 439
138 890
138 551
951 413
951 789
951 324
951 944
638 394
638 251
638 528
638 1112
638 413
638 110
638 593
638 503
638 1069
638 1102
638 591
638 847
638 1117
394 528
394 110
394 593
394 120
394 584
394 984
394 651
394 717
394 877
394 195
394 553
394 863
394 416
394 952
394 828
394 886
394 955
394 1013
394 332
394 823
394 335
394 114
394 1038
394 22
394 968
394 590
394 756
394 645
50 168
50 1081
50 906
50 843
50 61
50 1050
50 366
50 189
50 768
50 960
50 767
50 8
50 700
50 235
50 358
373 781
373 258
373 569
373 913
373 330
373 802
373 1101
373 573
373 974
373 868
373 498
373 629
373 989
373 987
373 276
373 278
251 310
251 528
251 168
251 413
251 110
251 789
251 1050
251 343
251 917
251 847
251 278
251 949
251 1106
251 1030
251 855
251 175
251 880
251 541
310 342
310 528
310 110
310 378
310 120
310 423
310 1117
310 717
310 195
310 335
310 114
310 700
310 386
310 167
310 915
310 751
310 1023
310 194
310 603
310 1039
310 895
310 548
310 596
310 304
310 260
310 234
310 451
310 851
310 926
310 1064
310 99
310 1080
310 308
310 953
342 345
342 378
342 120
342 917
342 484
342 114
342 1039
342 1083
342 643
342 256
342 566
342 842
342 44
342 729
342 72
342 58
528 110
528 593
528 378
528 120
528 661
528 722
528 591
528 984
528 335
528 968
528 756
528 954
528 994
528 876
528 1122
528 644
528 683
528 1017
528 277
528 712
528 571
528 372
528 588
528 20
528 346
528 196
528 43
528 375
528 678
528 924
528 450
528 892
528 241
528 879
528 583
528 1124
528 502
528 640
528 97
528 148
528 424
130 110
130 120
130 416
130 1093
130 544
130 491
168 1081
168 413
168 345
168 843
168 359
168 983
168 811
168 658
168 696
168 814
1081 906
1081 61
1081 983
1081 503
1081 584
1081 546
1081 274
1081 1013
1081 235
1081 566
1081 350
1081 723
1081 201
1081 362
1081 929
1081 339
1081 824
1081 1078
1081 524
1081 1058
1081 737
1081 77
906 413
906 503
906 1057
906 826
906 1
906 847
906 814
906 929
906 941
906 980
906 452
1112 345
1112 843
1112 811
1112 614
1112 503
1112 437
1112 962
1112 826
1112 510
1112 1005
1112 1130
1112 601
1112 1069
1112 1102
1112 591
1112 1117
1112 855
1112 346
1112 678
1112 241
1112 737
1112 476
1112 186
1112 283
1112 309
1112 783
1112 726
1112 552
1112 257
1112 689
1112 773
1112 347
1112 993
1112 606
1112 565
1112 1059
1112 490
1112 400
413 61
413 438
413 983
345 843
345 983
345 811
345 250
345 1057
345 525
345 1050
345 437
345 826
345 510
345 423
345 1085
345 767
345 8
345 802
345 953
345 1122
345 372
345 696
345 723
345 77
345 186
345 347
345 693
345 908
345 314
345 772
345 681
345 970
345 506
345 1086
345 1113
345 1084
345 106
345 810
345 532
345 322
345 376
345 1026
345 485
345 497
345 928
345 432
345 401
345 660
345 992
110 593
110 378
110 120
110 669
110 584
110 984
110 651
110 717
110 195
110 416
110 952
110 955
110 1013
110 332
110 114
110 603
110 234
110 851
110 953
110 908
110 141
110 93
110 969
110 653
110 1110
110 328
110 897
110 1092
110 397
110 111
110 874
110 1099
843 359
843 811
843 410
843 412
843 22
843 696
843 1058
843 494
843 965
843 85
843 427
843 220
843 390
843 754
61 983
61 584
61 274
61 249
61 723
61 362
61 824
61 1058
61 322
61 190
61 664
61 193
61 377
789 120
789 953
789 929
789 928
789 724
789 535
280 868
280 454
280 299
280 830
280 155
280 63
280 979
280 860
593 120
593 187
593 1064
593 994
593 1122
593 277
593 712
593 924
593 502
593 838
593 487
593 985
593 55
593 7
593 782
593 749
593 185
593 392
593 331
593 232
593 774
946 1050
946 510
946 1102
946 855
946 571
946 941
946 476
946 552
946 1059
946 398
946 430
946 916
946 364
946 817
946 1131
946 53
946 470
946 160
946 725
946 492
946 379
438 24
378 120
378 1013
378 895
120 1005
120 584
120 984
120 953
120 724
120 481
120 845
983 1029
983 201
983 929
983 524
983 941
983 773
983 1113
983 322
983 430
983 82
983 735
983 1041
983 804
983 577
983 1105
983 533
983 11
983 433
983 750
811 503
811 250
811 1057
811 1050
811 437
811 826
811 905
811 591
811 1117
811 696
811 77
811 476
811 186
811 726
811 772
811 155
811 63
811 364
811 279
811 642
811 1123
811 715
614 250
614 437
614 962
614 187
614 510
614 1005
614 661
614 669
614 591
614 855
614 372
614 506
614 1092
614 470
614 279
614 642
614 326
614 282
614 918
614 18
614 646
614 975
614 4
614 692
614 83
503 437
503 962
503 227
503 826
503 1029
503 510
503 412
503 353
503 1046
503 1069
503 847
503 767
503 8
503 58
503 994
503 678
503 824
503 1058
503 476
503 186
503 283
503 726
503 490
503 693
503 1113
503 364
503 1131
503 750
503 279
503 642
503 715
503 419
503 833
503 822
503 74
503 351
503 1049
503 616
503 466
503 26
503 866
503 225
503 192
250 525
250 1050
250 826
250 781
250 1102
250 591
250 767
250 855
250 476
250 1084
250 754
250 63
250 364
250 817
250 53
250 160
250 725
250 279
250 642
250 560
250 351
250 225
250 858
250 255
250 791
250 445
250 608
250 621
250 676
250 126
250 1007
250 695
250 798
250 760
250 13
250 1096
250 527
250 702
250 28
250 580
250 516
250 870
250 403
250 80
250 930
250 69
250 626
1057 437
1057 723
1057 77
1057 1086
1057 401
1057 878
525 905
525 8
525 364
525 24
525 445
525 676
525 1052
525 292
525 706
525 716
525 385
525 334
525 634
525 34
525 369
1050 826
1050 510
1050 366
1050 960
1050 58
1050 696
1050 552
1050 1059
1050 817
1050 1105
1050 642
1050 18
1050 870
1050 1120
1050 233
1050 387
1050 978
1050 1037
1050 607
1050 935
1050 395
1050 489
1050 991
1050 273
437 227
437 905
437 59
437 669
437 1130
437 412
437 559
437 537
437 1127
437 343
437 1087
437 665
437 1
437 941
437 186
437 401
437 279
437 1049
437 870
437 369
437 697
437 323
437 45
437 166
437 1055
437 1031
437 585
962 1102
962 160
962 971
227 874
227 364
227 83
227 421
187 510
187 661
187 917
187 267
187 336
187 591
187 952
187 590
187 256
187 712
187 571
187 346
187 892
187 941
187 1086
187 532
187 1092
187 754
187 838
187 7
187 782
187 392
187 774
187 82
187 918
187 646
187 798
187 655
187 504
187 103
187 146
187 1103
187 272
187 956
187 312
826 905
826 1
826 58
826 814
826 941
826 476
826 1059
826 1084
826 63
826 185
826 817
826 725
826 279
826 83
826 419
826 626
826 561
826 921
1029 510
1029 661
1029 591
1029 606
1029 1086
1029 485
1029 725
1029 379
1029 750
1029 279
1029 692
1029 419
1029 907
1029 615
1029 620
1029 931
1029 867
1029 637
905 1
905 590
905 960
905 8
905 974
905 855
905 953
905 814
905 941
905 309
905 773
905 1086
905 494
905 860
905 817
905 53
905 379
905 11
905 18
905 4
905 83
905 930
905 34
905 142
905 523
905 650
905 721
905 469
905 884
905 1028
905 911
905 122
905 370
216 665
510 917
510 353
510 114
510 1083
510 256
510 842
510 729
510 58
510 506
510 860
510 398
510 916
510 817
510 1041
510 279
510 225
510 650
510 293
510 203
510 118
510 508
510 71
510 785
1005 661
1005 591
1005 590
1005 712
1005 1059
1005 838
1005 185
1005 282
1005 602
1005 821
661 722
661 591
661 590
661 960
661 994
661 1122
661 712
661 196
661 678
661 450
661 892
661 241
661 552
661 653
661 1092
661 232
661 364
661 53
661 282
661 975
661 798
661 13
661 103
661 117
661 500
661 594
661 382
661 903
59 669
59 1130
59 412
59 559
59 919
59 537
59 343
59 665
59 201
59 401
59 1049
59 607
59 697
59 266
59 1097
59 66
59 123
59 575
59 539
59 243
59 668
59 733
59 137
59 157
59 1070
59 794
669 1130
669 412
669 559
669 537
669 296
669 343
669 665
669 1117
669 195
669 114
669 346
669 347
669 401
669 93
669 11
669 1049
669 1096
669 697
669 1103
669 254
669 761
669 54
669 33
669 15
669 674
669 1095
669 755
1130 412
1130 559
1130 537
1130 343
1130 1087
1130 665
1130 993
1130 401
1130 697
1130 1055
1130 1107
1130 853
1130 1076
1130 923
410 157
670 559
670 1127
670 768
670 531
670 117
670 157
670 3
670 815
670 806
412 136
412 559
412 537
412 296
412 1087
412 665
412 569
412 573
412 989
412 256
412 372
412 970
412 24
412 74
412 1049
412 1097
412 341
412 517
412 284
136 1087
136 989
136 323
136 1097
136 899
136 14
136 84
136 680
559 919
559 1127
559 343
559 665
559 1109
559 401
559 733
559 157
559 899
559 294
919 1127
919 1109
919 401
919 1055
919 266
919 1097
919 66
919 243
919 733
919 157
919 294
919 133
919 977
919 467
919 156
537 343
537 1087
537 665
537 401
537 860
537 419
537 697
537 1051
296 1058
296 401
296 93
296 1055
296 157
296 54
296 33
296 218
296 792
296 957
296 70
1127 343
1127 1109
1127 401
1127 1049
1127 1055
1127 117
1127 157
1127 3
1127 294
1127 133
1127 35
343 665
343 1109
343 640
343 1105
343 18
343 697
343 585
343 921
343 71
343 3
343 899
343 680
343 396
343 2
343 587
343 471
343 809
343 742
343 158
343 966
343 1012
584 546
584 984
584 828
584 895
584 548
584 953
584 929
584 737
584 928
584 430
584 642
584 921
584 15
584 755
584 259
584 391
584 1027
1087 767
1087 929
1087 323
1087 166
1087 84
1087 133
1087 990
665 569
665 506
665 401
665 141
665 11
665 750
665 1049
665 28
665 489
665 697
665 721
665 3
665 14
665 294
665 133
665 406
665 1082
665 961
665 286
665 891
665 38
665 1053
665 317
665 211
366 618
366 960
366 490
366 1113
366 26
366 225
366 34
366 607
366 395
366 620
366 785
366 966
366 333
366 108
366 578
366 48
366 109
366 1042
705 324
705 590
705 767
705 566
705 994
705 1122
705 346
705 929
705 773
705 494
705 71
705 517
705 284
705 818
705 5
705 856
705 271
705 46
705 1132
705 507
1094 498
1094 276
1094 970
1094 279
1094 602
1094 685
1094 365
1094 352
1094 777
1094 641
1094 354
917 423
917 781
917 591
917 828
917 955
917 114
917 868
917 989
917 1083
917 256
917 566
917 842
917 729
917 72
917 929
917 970
917 1086
917 860
917 24
917 433
917 28
917 293
917 71
917 785
917 46
917 738
917 800
917 455
917 25
917 619
917 429
917 530
917 547
917 538
917 161
917 1036
917 431
722 868
722 1122
722 749
722 607
722 448
780 553
780 1013
780 332
780 386
780 167
780 851
780 308
780 1083
780 644
780 817
780 542
267 591
267 590
267 960
267 700
267 782
267 470
267 403
267 311
267 940
423 393
423 591
423 952
423 1013
423 968
423 386
423 851
423 643
423 994
423 1086
423 532
423 918
423 403
423 80
423 940
423 405
423 687
423 757
423 180
423 827
423 844
423 662
1 1046
1 767
1 1106
1 588
1 814
1 941
1 452
1 490
1 724
1 817
1 878
1 142
1 650
1 1132
1 1025
1 344
1 1115
1 360
546 553
546 851
546 1080
546 953
546 712
546 929
546 339
546 524
546 1086
546 322
546 1026
546 220
546 193
546 255
546 878
546 122
546 35
546 360
546 164
462 802
462 737
462 452
462 1007
462 1126
781 569
781 913
781 802
781 974
781 989
781 276
781 278
781 364
781 279
781 431
781 865
393 590
393 645
393 954
393 683
393 20
393 450
393 879
393 640
393 424
393 328
393 232
393 774
393 516
393 80
393 957
393 173
393 628
393 1021
393 268
393 183
274 1046
274 249
274 929
274 225
274 166
274 650
274 49
274 149
353 767
353 1083
353 429
477 336
477 954
477 683
477 588
477 640
477 1059
477 957
477 1021
477 52
477 579
477 545
618 484
618 650
618 118
618 459
618 997
618 849
1109 401
1109 141
1109 28
1109 697
1109 323
1109 1055
1109 157
1109 14
1109 294
1109 997
1109 849
1109 896
1109 883
1109 684
1109 290
1109 159
601 929
601 993
601 1086
601 833
601 921
601 327
601 51
601 1048
601 834
601 869
336 855
336 712
336 1059
336 992
336 448
336 408
336 784
336 513
336 1077
336 261
484 886
484 729
484 58
484 650
484 508
484 459
484 997
484 574
484 1114
484 238
484 176
484 441
484 775
484 803
484 776
484 592
1046 890
1046 189
1046 235
1046 201
1046 929
1046 524
1046 941
1046 681
1046 11
1046 26
1046 884
1046 530
1046 49
1046 149
1046 883
1046 207
1046 701
1046 182
1046 520
249 650
249 182
631 551
631 26
631 884
631 174
631 51
631 1100
439 149
439 803
439 443
439 752
890 8
890 729
890 459
551 149
324 590
324 768
324 1122
324 772
324 1084
324 626
324 602
324 1132
324 827
324 912
324 521
944 492
944 822
1069 186
1069 834
1069 829
1102 591
1102 590
1102 8
1102 949
1102 712
1102 502
1102 232
1102 817
1102 626
1102 815
1102 147
591 952
591 590
591 756
591 1083
591 1122
591 683
591 277
591 712
591 571
591 372
591 588
591 20
591 346
591 678
591 892
591 241
591 583
591 1124
591 502
591 696
591 1078
591 552
591 1059
591 532
591 328
591 7
591 916
591 817
591 53
591 918
591 225
591 798
591 403
591 369
591 607
591 103
591 1103
591 615
591 602
591 594
591 341
591 578
591 405
591 183
591 1062
591 1075
591 639
591 747
591 153
591 819
591 659
591 288
591 162
591 748
847 767
847 235
847 506
847 492
847 715
847 760
847 1120
847 273
847 142
847 1028
847 785
847 891
847 360
847 200
847 710
847 305
847 610
847 813
847 496
847 217
847 563
847 788
847 998
847 447
847 862
847 453
1117 590
1117 953
1117 1122
1117 277
1117 346
1117 1124
1117 257
1117 908
1117 720
1117 1116
1117 81
984 1013
984 874
717 828
717 955
717 114
717 953
717 1027
717 547
717 1091
195 863
195 1013
195 915
195 1023
195 603
195 1039
195 548
195 99
195 308
195 1084
195 928
195 817
195 642
195 482
195 1065
553 114
553 767
553 167
553 915
553 1039
553 851
553 308
553 1027
553 709
863 828
863 99
863 547
863 1091
416 544
416 491
416 494
416 83
416 650
416 81
416 212
416 199
416 88
952 968
952 590
952 994
952 683
952 712
952 588
952 20
952 346
952 678
952 892
952 241
952 879
952 1086
952 532
952 653
952 664
952 377
952 82
952 798
952 655
952 1103
952 615
952 602
952 117
952 628
952 1075
952 659
952 741
952 298
952 1071
952 1063
952 736
952 178
828 955
828 1013
828 114
828 960
828 8
828 386
828 603
828 256
828 1027
828 547
828 367
886 20
886 956
886 821
886 792
886 592
886 543
886 728
955 114
955 895
955 547
955 1091
1013 386
1013 915
1013 1023
1013 194
1013 1039
1013 895
1013 548
1013 304
1013 234
1013 851
1013 99
1013 308
1013 953
1013 929
1013 1099
1013 364
1013 1027
1013 800
1013 547
1013 1091
1013 673
332 915
332 1023
332 194
332 1039
332 895
332 304
332 234
332 1064
332 800
823 257
823 494
823 1110
823 398
823 916
823 642
823 166
823 333
823 578
823 210
823 568
823 909
823 694
114 851
114 1083
114 507
114 547
114 963
114 805
1038 235
1038 953
1038 347
1038 494
1038 398
1038 83
1038 166
1038 835
1038 90
1038 1129
22 728
968 1017
968 43
968 640
968 532
968 615
968 1021
968 313
968 659
968 288
968 499
968 1009
590 235
590 953
590 994
590 1122
590 712
590 346
590 196
590 1124
590 201
590 452
590 532
590 653
590 1092
590 754
590 664
590 7
590 185
590 392
590 166
590 655
590 1103
590 736
590 719
756 277
756 838
756 1062
756 639
645 994
645 20
645 232
645 103
645 602
645 709
645 630
645 690
189 767
189 8
189 235
189 1106
189 339
189 1099
189 430
189 122
189 243
189 961
189 1025
189 327
189 834
189 298
189 995
189 319
189 796
189 1018
189 647
768 531
768 1059
768 155
768 916
768 117
768 815
768 109
768 784
768 521
960 767
960 892
960 339
960 401
960 615
960 266
960 25
767 8
767 569
767 1106
767 696
767 77
767 773
767 63
767 725
767 11
767 419
767 351
767 866
767 978
767 907
767 931
767 243
767 794
767 1025
767 344
767 684
767 447
767 805
767 422
767 1073
767 688
767 172
767 691
8 498
8 1106
8 643
8 1122
8 696
8 299
8 364
8 379
8 83
8 126
8 527
8 580
8 1031
8 884
8 785
8 539
8 517
8 471
8 578
8 530
8 344
8 149
8 883
8 90
8 91
8 888
8 436
8 107
8 428
700 892
700 390
700 155
700 990
700 25
700 311
700 51
700 367
700 289
700 666
700 231
235 358
235 953
235 241
235 723
235 929
235 1058
235 737
235 452
235 1086
235 7
235 364
235 18
235 26
235 34
235 607
235 561
235 142
235 650
235 911
235 35
235 1132
235 1025
235 360
235 998
235 888
358 723
358 77
258 974
258 868
569 330
569 802
569 573
569 974
569 868
569 498
569 629
569 989
569 276
569 970
569 85
569 427
569 830
569 155
569 63
569 398
569 364
569 817
569 1105
569 279
569 28
569 517
569 284
569 431
569 288
569 198
569 964
569 943
913 330
913 974
913 276
913 279
913 198
913 624
330 802
330 974
330 868
330 498
330 989
330 276
330 155
330 364
330 279
330 642
330 626
330 561
330 517
330 405
330 865
330 288
330 624
330 236
802 974
802 868
802 737
802 376
802 85
802 364
802 255
802 28
802 385
802 334
802 34
802 517
802 1126
802 865
802 520
802 624
802 604
802 511
802 102
802 581
802 64
802 239
802 900
1101 975
1101 126
1101 685
1101 777
1101 165
1101 458
1101 223
573 974
573 989
573 256
573 524
573 941
573 970
573 916
573 279
573 74
573 351
573 233
573 431
573 686
573 171
974 868
974 498
974 629
974 989
974 276
974 256
974 350
974 737
974 860
974 364
974 279
974 18
974 74
974 45
974 284
974 431
974 228
868 989
868 276
868 1083
868 737
868 63
868 279
868 28
868 14
868 431
868 140
868 904
868 9
498 276
498 346
498 975
498 225
498 431
498 198
629 989
629 276
629 256
629 970
629 74
629 284
629 431
629 835
629 964
629 228
989 276
989 1083
989 941
989 452
989 279
989 626
989 1053
989 431
989 405
987 941
276 256
276 452
276 970
276 427
276 74
276 365
276 777
276 431
276 624
276 686
276 228
276 9
276 933
276 611
276 793
278 560
278 28
278 634
278 1126
278 865
278 270
278 652
278 1125
278 1043
278 501
949 502
1106 524
1106 82
1106 1041
1106 18
1106 466
1106 866
1106 225
1106 1120
1106 978
1106 907
1106 1025
1106 344
1106 298
1030 506
1030 1086
1030 998
1030 568
1030 796
855 186
855 364
855 817
855 53
855 611
855 901
175 1083
175 760
175 702
175 288
175 788
175 942
175 1044
175 861
175 124
175 163
175 475
880 421
880 357
541 112
541 852
541 609
386 1083
386 256
386 72
386 662
167 851
167 1122
167 644
167 683
167 1099
167 232
167 80
167 662
167 690
915 782
915 11
915 761
915 520
915 778
751 1023
751 603
751 1039
751 260
751 1084
1023 194
1023 603
1023 1039
1023 304
1023 234
1023 737
1023 1099
1023 800
194 1039
194 1064
194 953
194 918
194 15
603 524
603 1027
1039 524
1039 782
1039 1027
1039 800
1039 805
548 54
596 815
596 662
304 1099
304 800
851 308
851 953
851 1122
851 644
851 683
851 97
851 232
851 798
851 662
851 264
926 953
926 662
1064 531
99 928
99 1091
308 644
308 63
308 82
308 818
953 201
953 339
953 524
953 941
953 1026
953 494
953 897
953 874
953 1027
953 800
953 1098
953 105
1083 256
1083 842
1083 729
1083 72
1083 58
1083 24
1083 326
1083 83
1083 255
1083 608
1083 1096
1083 856
1083 619
1083 429
1083 459
1083 849
1083 441
1083 995
1083 771
1083 236
1083 511
1083 1001
1083 509
1083 839
643 256
643 729
643 58
643 346
643 1086
643 1036
643 687
256 72
256 970
256 427
256 398
256 916
256 279
256 975
256 74
256 695
256 233
256 777
256 547
256 431
256 171
256 793
256 252
566 369
566 166
566 818
566 757
566 997
566 521
566 829
566 888
566 1000
842 28
842 71
842 429
842 164
842 839
44 721
44 785
44 738
44 405
44 360
44 305
44 563
44 447
44 832
44 649
44 633
44 945
729 58
729 118
729 405
729 459
729 1114
729 238
729 875
729 134
72 619
72 429
72 431
58 860
58 650
58 118
58 1114
586 346
586 544
586 309
586 969
586 749
586 341
586 630
586 1016
586 576
954 1122
954 588
954 450
954 879
954 640
954 424
954 774
954 918
954 646
954 80
954 615
954 957
954 173
954 1021
954 52
954 579
954 545
954 1016
994 1122
994 588
994 678
994 908
994 1092
994 838
994 392
994 918
994 798
994 403
994 1103
994 422
994 244
876 347
876 761
876 1065
876 88
876 1129
876 87
1122 644
1122 712
1122 588
1122 196
1122 678
1122 450
1122 241
1122 502
1122 97
1122 524
1122 908
1122 1086
1122 532
1122 653
1122 838
1122 232
1122 817
1122 918
1122 975
1122 798
1122 1103
1122 615
1122 594
1122 382
1122 52
1122 1071
1122 805
1122 499
1122 244
1122 449
1122 732
1122 463
644 588
644 450
644 97
644 653
644 232
644 798
644 732
644 29
683 588
683 20
683 346
683 196
683 450
683 879
683 640
683 424
683 232
683 80
683 956
683 977
683 662
683 1021
683 592
683 1075
683 313
683 499
683 630
683 1016
683 732
683 636
1017 879
1017 583
1017 502
1017 148
1017 93
1017 653
1017 646
1017 288
1017 568
1017 604
1017 732
1017 381
1017 446
1017 1090
277 20
277 640
277 1059
277 1084
277 992
277 817
277 117
277 578
277 183
277 784
277 1062
277 1075
277 639
277 153
277 819
277 313
277 835
277 154
277 672
712 571
712 346
712 502
712 929
712 565
712 532
712 328
712 1092
712 392
712 53
712 470
712 918
712 146
712 903
712 162
571 241
571 552
571 565
571 7
571 53
571 577
571 870
571 903
571 344
372 346
372 908
372 328
372 749
372 364
372 74
372 233
372 341
372 431
372 558
588 20
588 196
588 375
588 678
588 924
588 892
588 241
588 583
588 1124
588 502
588 929
588 552
588 908
588 106
588 532
588 328
588 1092
588 774
588 53
588 918
588 225
588 798
588 146
588 615
588 594
588 341
588 1021
588 570
588 529
20 196
20 43
20 678
20 924
20 450
20 879
20 583
20 1124
20 640
20 424
20 532
20 653
20 328
20 470
20 798
20 80
20 615
20 1021
20 659
20 630
20 636
20 418
346 678
346 892
346 241
346 879
346 424
346 908
346 782
346 232
346 918
346 403
346 1103
346 615
346 499
196 892
196 583
196 232
196 975
196 798
196 382
196 592
196 630
43 450
43 640
43 532
43 845
43 615
43 602
43 183
43 659
43 418
375 879
375 502
375 626
375 183
678 241
678 929
678 532
678 782
678 918
678 403
678 626
678 273
678 1103
678 615
678 1075
678 709
678 741
678 630
924 450
924 879
924 640
924 653
924 80
924 405
924 736
924 630
924 463
924 418
450 892
450 879
450 583
450 640
450 424
450 232
450 774
450 80
450 956
450 594
450 641
450 630
450 418
450 707
450 434
450 202
892 992
892 93
892 377
892 975
892 692
892 103
892 594
892 903
892 298
892 707
892 435
892 837
241 452
241 908
241 532
241 1092
241 918
241 166
241 146
241 341
241 162
241 909
241 835
879 583
879 502
879 640
879 148
879 424
879 653
879 80
879 957
879 173
879 1021
879 1075
879 630
879 732
879 1090
583 502
583 640
583 148
583 653
583 798
583 1103
583 52
583 1075
583 1009
583 732
583 1090
583 679
1124 148
1124 452
1124 1092
1124 815
1124 578
1124 1016
1124 434
502 532
502 53
502 646
502 1103
502 1027
502 405
502 52
502 592
502 147
502 732
502 374
640 424
640 653
640 80
640 594
640 173
640 268
640 162
640 835
640 499
640 1009
640 630
640 604
640 570
640 418
640 340
640 807
97 798
97 442
148 653
148 646
148 507
148 52
148 313
148 732
148 1090
424 173
424 536
1093 755
1093 818
1093 1071
1093 464
544 642
544 755
544 199
544 88
544 958
491 958
658 966
696 185
696 419
696 225
696 385
696 957
696 1027
696 405
696 1072
814 941
814 1084
814 63
814 379
814 870
814 626
814 825
350 650
723 929
723 737
723 77
723 965
723 561
723 1048
723 1016
723 605
201 77
201 452
201 773
201 1131
201 1041
201 873
929 824
929 1058
929 737
929 77
929 452
929 773
929 347
929 401
929 664
929 193
929 225
929 1103
929 921
929 406
929 1025
929 1126
929 684
929 520
929 563
929 835
929 888
929 731
929 60
929 17
929 483
929 75
929 150
339 26
339 240
824 606
824 664
824 1120
824 142
824 469
824 1028
824 317
824 530
824 998
824 582
524 1086
524 664
524 860
524 379
524 642
524 921
524 118
524 341
524 1027
524 1025
524 176
524 701
524 520
524 796
524 422
524 688
524 0
524 920
524 514
524 355
1058 45
1058 620
1058 523
1058 122
1058 794
1058 467
1058 455
1058 691
1058 770
1058 934
737 452
737 193
737 430
737 421
737 517
737 1126
737 865
737 60
737 17
737 714
77 309
77 193
77 878
77 272
77 561
77 921
77 576
77 881
941 452
941 1086
941 860
941 379
941 83
941 13
941 1120
941 142
941 469
941 71
941 266
941 137
941 1025
941 360
941 763
980 978
980 405
980 982
452 754
452 364
452 1049
452 28
452 1031
452 142
452 517
452 360
452 865
452 520
452 881
452 1066
452 92
452 57
531 225
531 117
531 815
531 36
476 186
476 309
476 726
476 53
476 279
186 726
186 18
186 870
186 1025
309 916
309 192
309 13
309 561
309 977
309 507
309 1016
309 605
309 635
309 37
783 193
726 257
726 992
726 83
726 166
726 568
726 796
552 565
552 916
552 817
552 53
552 607
552 103
552 675
257 193
257 7
257 971
257 888
773 1059
773 1086
773 1131
773 725
773 1041
773 1025
773 298
773 873
347 1026
347 494
347 817
347 642
347 83
347 761
347 1129
347 488
347 230
347 836
347 179
993 1086
993 923
993 1036
993 51
993 834
993 217
993 289
993 832
993 887
993 303
993 762
606 860
606 279
606 833
606 489
606 1028
606 530
606 563
606 457
606 67
565 577
1059 1092
1059 664
1059 817
1059 607
1059 594
1059 720
1059 709
490 978
490 1028
490 231
490 475
490 478
490 1089
693 419
693 866
908 969
908 1103
908 615
908 341
314 620
314 455
314 599
314 116
314 356
772 106
772 992
772 377
772 348
681 26
681 149
970 427
970 24
970 341
970 685
970 365
970 431
970 91
970 198
970 927
970 1121
506 860
506 379
506 279
506 715
506 18
506 4
506 419
506 833
506 702
506 1120
506 273
506 530
506 519
506 217
506 447
506 252
506 127
1086 360
1086 834
1086 319
1086 796
1086 888
1086 404
1086 41
1113 11
1113 225
1113 870
1113 1025
1113 261
1113 182
1113 75
1113 150
1113 1066
1113 224
1113 753
1113 795
1084 63
1084 817
1084 642
1084 560
1084 351
1084 13
1084 516
1084 626
1084 421
1084 942
1084 973
1084 115
1084 914
810 642
810 815
810 694
810 265
532 232
532 791
532 798
532 103
532 1103
532 615
532 117
532 628
532 1021
532 499
532 902
322 497
322 750
322 225
322 1120
322 637
322 1028
322 119
376 85
376 817
376 1007
376 1096
376 34
376 369
376 1028
376 865
376 357
376 973
376 1047
376 307
1026 749
1026 1129
1026 131
485 1132
485 455
485 934
485 599
485 116
485 505
485 1040
485 62
485 758
497 351
497 1120
497 387
497 637
497 530
497 149
497 305
497 1032
928 351
928 13
928 1027
928 1065
928 1129
401 697
401 323
401 1055
401 921
401 157
401 294
660 642
660 755
992 398
992 1096
992 607
992 166
992 421
992 211
992 333
992 865
992 210
992 604
992 64
141 157
141 3
141 899
141 84
141 1053
93 653
494 111
494 1041
494 83
494 761
494 25
494 179
494 859
494 797
494 388
494 1024
494 371
494 47
494 779
653 80
653 662
653 732
653 463
653 1090
1110 642
1110 755
1110 81
1110 1065
1110 90
1110 1129
1110 836
1110 816
328 782
328 470
328 615
328 109
328 173
328 604
1092 369
1092 636
111 755
111 388
874 724
874 128
1099 956
1099 662
1099 690
1099 371
1099 79
965 166
965 561
965 1126
965 10
965 68
85 860
85 364
85 817
85 676
85 695
85 1096
85 28
85 516
85 716
85 385
85 166
85 1031
85 421
85 517
85 211
85 271
85 161
85 1126
85 604
85 511
85 64
85 239
85 357
85 672
85 68
85 657
85 285
85 882
85 229
427 74
427 13
427 369
427 578
427 431
427 909
220 916
220 599
220 356
390 731
754 782
754 24
754 858
754 255
754 791
754 445
754 608
754 621
754 676
754 126
754 1096
754 1103
754 602
754 349
754 922
754 557
754 214
754 1119
754 1074
754 598
754 999
190 398
190 549
664 377
664 724
664 430
664 1096
664 146
664 35
664 741
664 64
193 299
193 568
193 901
193 151
193 1035
193 486
377 655
377 146
377 100
724 492
724 715
724 225
724 273
724 142
724 469
724 1028
724 406
724 317
724 856
724 496
724 264
724 240
724 67
535 34
535 575
454 299
454 830
454 808
454 564
299 830
299 63
299 398
299 1035
830 398
830 507
830 115
830 206
830 1015
830 787
830 1111
155 979
155 533
155 225
155 580
155 626
155 884
155 888
155 436
155 231
155 509
155 202
155 246
155 383
155 1022
63 146
63 1028
63 71
63 587
63 158
63 352
63 808
63 104
979 577
979 28
979 884
979 602
979 327
979 436
979 202
860 492
860 1105
860 279
860 715
860 419
860 225
860 716
860 1120
860 755
860 1051
860 1027
860 738
860 998
860 688
860 763
860 129
860 402
838 7
838 782
838 52
838 732
985 677
55 7
55 749
55 331
55 792
55 719
7 782
7 749
7 185
7 392
7 646
7 166
7 655
7 312
7 835
7 719
7 627
782 470
782 798
782 403
782 146
782 1103
782 312
782 615
782 530
782 677
782 269
749 331
749 147
749 719
185 392
185 351
185 720
392 774
392 646
331 592
331 178
331 143
232 798
232 80
232 405
232 662
232 173
232 268
232 592
232 732
774 646
398 916
398 364
398 817
398 53
398 642
398 608
398 1120
398 607
398 971
398 211
398 333
398 180
398 212
430 466
430 225
430 1025
430 888
430 128
430 1045
916 817
916 492
916 607
916 489
916 971
916 333
916 455
916 1016
916 763
364 255
364 445
364 676
364 695
364 1096
364 28
364 292
364 634
364 1031
364 421
364 517
364 333
364 865
364 236
364 239
364 1119
364 598
364 1015
364 622
817 53
817 470
817 160
817 975
817 351
817 255
817 608
817 798
817 385
817 607
817 421
817 884
817 71
817 117
817 761
817 467
817 1027
817 333
817 578
817 352
817 455
817 448
817 1062
817 496
817 270
817 914
817 62
817 654
817 718
1131 279
1131 419
1131 26
1131 884
1131 290
1131 51
1131 1100
1131 873
1131 864
1131 744
1131 39
53 607
53 1027
53 333
53 162
53 361
470 821
470 261
470 1111
160 560
160 445
160 716
160 971
160 602
160 341
160 87
160 329
725 279
725 166
725 1115
725 997
725 521
725 788
492 379
492 82
492 279
492 419
492 137
492 578
492 1132
492 25
492 311
492 264
492 595
492 113
492 846
492 420
492 132
379 279
379 18
379 4
379 496
379 264
379 1089
379 1010
379 89
24 1123
24 975
24 74
24 858
24 791
24 608
24 621
24 695
24 1096
24 34
24 233
24 161
24 431
24 405
24 171
24 68
24 922
24 557
24 214
24 999
24 1111
24 145
24 540
24 1056
481 128
845 403
845 615
845 630
82 1120
82 71
82 761
82 317
82 818
82 455
82 530
82 563
82 298
82 1002
735 533
1041 419
1041 466
1041 870
1041 978
1041 856
804 560
804 1126
804 270
804 1043
804 204
804 1118
804 857
804 493
804 27
804 1034
804 281
804 440
577 907
577 1025
577 327
1105 18
1105 587
1105 850
533 692
533 888
533 1014
533 98
11 419
11 1132
11 182
11 568
11 422
11 102
11 1066
11 67
11 62
433 721
433 785
433 738
433 360
433 305
433 813
433 563
433 832
433 769
433 872
433 245
433 456
750 13
750 815
750 891
750 530
750 405
750 303
279 560
279 715
279 4
279 419
279 74
279 870
279 1120
279 284
279 431
279 140
279 252
279 973
279 846
279 743
642 560
642 1123
642 83
642 13
642 930
642 233
642 602
642 761
642 755
642 815
642 1027
642 720
642 81
642 1065
642 805
642 90
642 1129
642 836
642 797
642 567
642 1067
642 1011
642 515
560 695
560 13
560 870
560 292
560 385
560 369
560 602
560 117
560 333
560 271
560 344
560 1126
560 865
560 236
560 604
560 652
560 1125
560 501
560 942
560 1015
560 281
560 440
560 786
1123 445
1123 233
1123 349
1123 557
1123 999
715 833
715 225
715 273
715 142
715 1042
715 688
715 942
715 832
715 654
715 1006
326 396
326 888
326 509
282 918
282 594
918 403
918 504
918 435
18 585
18 71
18 587
18 108
18 727
646 956
646 1090
975 594
4 833
4 252
4 885
4 1006
83 602
83 117
83 761
83 755
83 1027
83 709
83 88
83 568
83 909
83 90
83 252
83 836
83 779
83 1088
83 518
83 925
419 833
419 351
419 13
419 1120
419 563
419 119
419 113
419 456
419 1006
833 142
833 687
833 885
822 702
822 387
822 159
822 1032
74 233
74 341
74 171
351 225
351 785
351 891
351 239
1049 166
1049 647
466 760
26 225
26 580
26 69
26 387
26 935
26 166
26 650
26 884
26 883
26 290
26 174
26 51
26 207
26 1100
26 223
26 1032
26 597
26 170
26 460
26 287
26 613
866 166
866 907
866 1025
866 79
866 42
866 682
225 695
225 798
225 760
225 34
225 650
225 785
225 1025
225 659
225 788
225 998
225 107
225 942
225 124
225 947
225 1019
192 217
192 605
192 635
858 255
858 791
858 621
858 126
858 381
858 976
255 791
255 445
255 608
255 621
255 676
255 126
255 1096
255 34
255 517
255 271
255 865
255 239
255 381
255 922
255 214
791 608
791 621
791 676
791 126
791 405
791 628
791 381
791 922
791 145
791 320
445 608
445 676
445 126
445 517
445 68
608 621
608 676
608 126
608 1096
608 292
608 716
608 333
608 405
608 381
608 435
608 557
608 214
608 999
608 1056
621 676
621 126
621 1096
621 511
621 381
621 922
621 999
676 126
676 517
676 239
126 865
126 1056
1007 28
1007 626
1007 865
1007 635
1007 973
1007 922
1007 1011
695 28
695 385
695 34
695 1031
695 421
695 211
695 271
695 161
695 520
695 236
695 511
695 64
695 357
695 672
695 605
695 68
695 657
695 285
695 882
695 229
695 247
798 615
798 662
798 604
798 463
798 1090
798 442
760 978
760 1028
760 519
760 861
760 675
760 887
760 708
13 891
13 1089
13 808
13 456
13 219
1096 1103
1096 561
1096 517
1096 239
1096 214
1096 1119
1096 1074
1096 598
1096 622
1096 976
1096 461
1096 96
1096 1003
702 788
702 861
702 124
702 252
702 1089
702 600
28 385
28 634
28 421
28 71
28 517
28 211
28 271
28 161
28 236
28 270
28 1125
28 501
28 204
28 357
28 922
28 214
28 27
28 1034
28 1011
28 474
28 766
580 935
580 884
580 602
516 357
516 493
516 1011
516 976
870 1036
870 319
870 887
870 786
403 448
403 180
80 504
80 956
80 662
80 630
80 690
80 679
80 442
80 589
930 421
930 519
930 1015
930 426
930 937
69 602
69 578
69 405
69 719
69 170
626 421
626 431
626 298
626 302
878 166
1052 292
1052 706
1052 900
292 706
292 385
292 334
292 271
292 239
292 1016
292 184
292 248
706 716
706 819
706 604
706 900
706 1016
706 206
706 1111
716 385
716 334
716 1031
716 421
716 865
716 422
716 511
716 64
716 973
716 214
385 334
385 34
385 1031
385 421
385 211
385 333
385 511
385 672
385 214
385 540
385 932
334 1053
334 271
334 875
634 34
634 271
634 1126
634 236
634 511
634 270
634 1125
634 27
34 271
34 1126
34 236
34 68
34 1003
369 421
369 901
1120 142
1120 14
1120 1082
1120 891
1120 818
1120 530
1120 200
1120 998
1120 422
1120 763
1120 402
233 431
233 927
387 884
387 51
387 942
387 1032
978 137
978 587
978 896
978 475
978 414
978 409
1037 122
1037 1070
1037 467
1037 455
1037 825
1037 116
607 333
607 448
607 1016
935 159
395 620
395 1132
395 455
395 934
395 1067
395 363
489 563
489 479
273 1055
273 217
273 240
273 887
273 113
323 1097
323 3
323 14
323 84
323 680
323 792
323 119
323 505
323 1111
323 209
323 801
323 78
166 650
166 122
166 35
166 333
166 48
166 1132
166 182
166 1016
166 240
166 68
166 151
166 1045
166 253
166 667
1055 157
1055 853
1055 923
1055 3
1055 294
1031 357
1031 214
1031 206
1031 415
585 174
585 355
585 115
585 787
585 32
585 727
585 221
585 996
971 333
971 568
971 442
971 329
421 602
421 517
421 1053
421 211
421 271
421 161
421 752
421 568
421 236
421 511
421 64
421 204
421 357
421 672
421 68
421 657
421 285
421 882
421 229
421 932
655 805
103 1103
146 815
146 271
146 604
146 64
1103 162
1103 612
272 921
272 147
956 792
956 662
956 630
956 690
956 958
956 79
561 921
561 517
561 38
561 901
561 1016
561 605
561 37
907 931
907 637
907 370
907 530
907 344
907 360
615 602
615 1021
615 1062
615 499
615 677
620 266
620 66
620 668
620 137
620 455
620 150
620 934
620 363
620 704
936 469
867 911
867 900
637 3
637 14
637 891
637 998
637 945
637 488
637 769
637 337
142 721
142 469
142 1051
142 360
142 200
142 305
142 813
142 519
142 998
142 447
142 909
142 402
142 215
142 425
142 522
523 137
523 455
523 568
650 118
650 405
650 149
650 997
650 849
650 574
650 1114
650 238
650 176
650 441
650 647
650 172
650 514
650 297
650 6
650 205
721 1051
721 360
721 305
721 563
469 264
469 240
469 215
884 602
884 864
1028 1042
1028 997
1028 182
1028 688
1028 887
1028 253
1028 889
1028 275
911 995
911 319
911 762
911 219
911 23
911 325
911 208
122 500
122 66
122 137
122 1070
122 794
122 467
122 990
122 1132
122 455
122 112
122 116
122 718
122 409
122 667
122 65
122 152
122 893
122 384
122 854
122 16
122 295
122 1060
370 182
293 582
293 302
293 215
293 318
118 997
118 176
118 441
118 775
118 134
118 514
118 6
118 21
508 578
508 459
71 587
71 818
71 521
71 888
71 509
71 1004
71 30
785 602
785 117
785 818
785 360
785 305
785 563
785 832
785 649
785 0
785 245
785 425
602 761
602 271
602 352
602 431
602 288
602 488
602 104
602 32
602 648
602 1108
117 3
117 815
117 396
117 873
117 488
500 467
500 578
500 112
500 116
500 177
594 1009
266 733
266 1132
266 691
266 356
266 704
266 65
266 950
1097 539
1097 157
1097 84
1097 112
1097 62
66 733
66 1070
66 132
66 409
66 363
66 65
66 799
123 455
575 539
575 243
575 1132
575 455
575 356
575 841
539 733
539 88
539 731
539 388
539 1067
539 363
539 841
243 794
243 1132
243 455
243 447
243 805
243 1073
243 691
243 599
243 101
243 40
668 356
668 505
668 409
733 137
733 1070
733 794
733 33
733 853
733 923
733 2
733 455
733 684
733 691
733 1040
733 409
733 337
733 893
733 950
733 550
733 820
733 972
733 734
137 1070
137 818
137 455
137 691
137 62
137 758
137 409
137 854
157 84
157 294
157 896
1070 467
1070 25
1070 112
1070 116
1070 718
1070 65
1070 384
1070 799
794 455
794 112
794 295
794 144
794 242
761 755
761 88
761 694
761 1129
761 797
761 47
761 1068
54 33
33 853
33 792
33 2
33 684
33 182
33 820
755 81
755 694
755 1129
755 958
755 797
755 388
755 848
1107 708
853 684
853 820
1076 923
1076 995
1076 1001
1076 708
1076 306
923 319
923 253
923 831
3 899
3 14
3 84
3 286
3 38
3 738
3 684
3 239
815 818
815 521
815 639
815 563
815 582
815 514
341 284
341 431
341 748
517 818
517 271
517 236
517 511
517 239
517 635
517 214
517 1119
517 598
517 622
517 461
517 321
284 431
284 171
284 611
899 680
899 809
14 680
14 792
14 1053
14 738
14 684
14 922
14 493
14 801
84 680
84 133
84 684
84 231
84 475
680 396
680 436
680 321
977 630
977 1016
977 605
977 635
977 37
977 349
977 206
977 1111
977 248
977 169
467 455
467 112
467 825
467 116
467 177
156 263
1051 633
957 1027
957 173
957 1021
957 52
957 579
957 545
957 488
396 1012
396 405
396 888
396 509
396 275
2 684
587 966
587 48
587 538
587 509
587 355
587 556
471 405
158 1012
158 352
158 808
158 104
158 711
966 818
966 509
966 355
1012 352
1012 564
259 769
391 128
1027 305
1027 736
1027 568
1027 422
1027 57
1027 759
990 51
990 112
1082 417
891 769
891 730
317 818
317 215
211 271
211 604
211 511
211 64
211 357
211 635
211 285
333 352
333 180
333 784
333 568
333 691
333 964
333 177
578 180
578 1062
578 964
48 547
48 556
48 671
818 856
818 455
818 530
818 563
818 509
818 150
818 57
856 509
271 161
271 1126
271 604
271 511
271 64
271 357
271 672
271 68
271 657
271 285
271 882
271 229
46 530
46 447
46 127
46 468
46 480
1132 455
1132 25
1132 691
1132 934
1132 356
1132 505
1132 1040
1132 595
1132 704
1132 12
507 173
507 568
507 1016
507 635
507 37
507 115
507 215
507 1020
685 431
365 431
365 140
365 964
352 808
352 564
352 104
352 711
777 611
641 94
354 115
354 808
354 104
354 711
354 125
354 86
738 530
738 405
738 360
738 305
738 563
738 298
738 832
455 405
455 563
455 691
455 1098
455 825
455 934
455 116
455 356
455 505
455 1040
455 1067
455 409
455 363
455 295
25 150
25 934
25 101
619 429
619 79
530 149
530 813
530 563
530 885
530 480
547 1091
161 268
161 511
161 357
161 672
161 657
161 285
161 882
161 229
1036 51
1036 217
1036 786
1036 219
431 91
431 927
405 997
405 849
405 327
405 813
405 217
405 1065
405 307
405 557
405 555
405 407
405 19
405 840
405 938
687 67
180 210
827 112
662 690
662 732
662 958
1025 447
1025 298
1025 805
1025 995
1025 1073
1025 1003
344 521
344 10
1115 30
1115 444
360 305
360 610
360 813
360 563
360 568
360 832
360 649
360 945
360 0
360 872
360 245
360 456
360 885
360 617
164 998
1126 865
1126 236
1126 239
1126 270
1126 652
1126 501
1126 204
1126 357
1126 1118
1126 281
1126 440
1126 135
865 236
865 604
865 511
865 270
865 652
865 1043
865 281
173 1021
173 268
173 162
173 604
173 598
173 1008
628 499
628 1125
628 623
628 534
1021 52
1021 579
1021 545
1021 659
1021 499
268 604
183 793
183 1090
49 149
149 997
149 574
149 238
149 305
149 172
149 771
149 611
149 39
149 456
149 648
149 12
149 765
52 545
52 732
52 1090
579 604
579 793
579 518
545 1068
459 1114
459 238
997 574
997 207
997 611
997 41
849 574
883 1032
684 820
290 1100
290 744
290 474
159 1032
174 51
174 355
174 597
174 226
174 1054
327 834
327 253
51 864
51 170
51 474
51 380
51 572
51 473
51 745
51 562
1048 208
834 995
834 404
784 740
574 228
1114 238
1114 6
176 514
441 298
803 752
592 147
592 543
207 1032
520 239
520 973
1100 1032
1100 744
1100 460
1100 474
1100 226
752 228
752 205
521 298
1062 1075
1062 639
1062 153
1075 639
639 153
313 636
313 1090
659 499
659 418
288 563
288 875
288 636
162 1009
162 630
162 1016
748 95
710 127
305 813
305 563
305 832
305 649
305 945
813 832
813 456
519 788
519 861
519 714
519 1089
519 708
496 89
496 589
496 554
496 812
496 1079
217 127
563 862
563 298
563 832
563 945
563 1006
563 468
788 647
788 861
788 163
788 600
788 562
998 771
447 805
447 1073
447 213
862 656
453 302
81 1129
81 816
1065 87
1065 488
1065 121
88 1129
88 388
88 848
736 1128
568 835
568 630
568 1018
568 647
568 253
568 704
568 555
909 68
694 1129
805 1073
805 127
805 1019
835 68
90 95
1129 368
499 1009
499 1090
719 1016
719 570
630 570
630 837
630 807
690 958
690 779
690 589
690 191
995 887
319 31
1018 636
647 1016
422 363
422 181
1073 475
1073 599
1073 414
1073 101
1073 40
1073 472
688 714
688 127
688 885
688 425
691 150
691 356
691 950
691 101
691 472
91 964
91 165
91 458
91 927
888 914
888 486
888 321
436 202
428 426
428 197
771 769
231 60
198 1111
624 228
236 652
236 501
236 857
236 440
236 1011
236 766
236 713
604 511
604 64
604 239
604 154
604 679
511 64
511 357
511 672
511 657
511 285
511 882
511 229
511 247
581 900
581 976
581 248
581 415
64 973
239 357
239 281
239 461
239 96
239 1003
900 947
900 248
900 415
223 514
171 540
904 707
793 518
270 1043
270 204
270 1034
270 281
652 1125
652 1043
652 204
652 636
652 281
1125 1043
1125 204
1125 1118
1125 281
1043 204
1043 281
204 1118
204 623
942 1032
124 163
163 60
357 1016
357 672
357 657
357 285
357 882
357 229
112 825
112 116
112 65
112 16
112 295
112 1060
112 242
112 764
264 846
264 89
1001 306
509 202
509 355
509 556
509 56
839 134
1000 703
832 649
832 456
649 0
649 1019
649 617
633 456
633 389
945 0
875 976
134 999
1016 605
1016 635
1016 37
1016 68
732 1090
636 1090
381 657
381 922
381 557
381 598
381 145
672 657
672 285
672 882
672 229
707 996
707 555
707 19
707 226
707 663
434 605
202 564
202 86
374 361
442 301
1072 348
825 116
825 177
825 181
605 635
605 37
731 1067
731 841
483 714
150 770
150 599
150 356
582 302
0 245
0 456
0 671
920 127
355 556
934 505
934 62
934 237
982 12
57 976
635 37
635 1111
37 411
488 973
488 425
488 262
488 699
488 939
230 836
230 816
887 219
599 950
599 40
599 734
599 472
116 177
116 242
116 472
356 950
356 841
356 734
356 472
404 1040
41 505
41 1040
41 758
41 864
41 948
973 338
115 787
115 727
115 996
914 426
914 937
914 321
1047 976
1047 338
505 1040
505 62
505 948
1040 948
62 758
62 950
62 101
62 986
797 188
47 191
68 790
657 285
657 882
657 229
285 882
285 229
882 229
349 557
349 999
349 145
922 247
557 999
557 787
1074 598
1074 622
1074 976
1074 461
1074 96
1074 1003
1074 522
598 622
598 976
598 461
598 1003
999 744
999 145
151 698
1035 486
486 671
808 104
808 86
206 1111
206 169
787 1022
787 221
787 996
787 555
787 19
1111 248
1111 415
383 996
383 555
383 19
383 226
383 663
104 711
104 125
104 86
1045 981
622 461
622 1003
654 213
864 384
744 474
595 12
846 512
420 522
420 465
32 727
32 996
89 589
89 554
1118 857
1118 440
857 493
493 1011
769 245
885 1006
1067 409
1067 363
1067 841
1011 766
1011 1020
1011 713
786 967
170 380
170 562
976 461
976 1003
708 632
219 407
461 1003
461 399
589 554
426 321
937 321
302 215
248 415
409 363
409 295
409 734
409 948
479 632
209 959
253 831
253 495
221 996
221 555
221 19
221 663
996 555
996 19
996 840
996 663
215 988
23 208
23 407
208 407
384 1061
854 181
295 242
648 19
648 226
950 101
950 40
950 734
950 472
40 734
40 472
734 472
242 948
86 663
555 19
555 840
555 226
555 663
19 840
19 226
19 663
840 663
617 910
226 1054
380 562
380 139
554 871
812 1079
31 76
472 948
76 76
