791 576
791 78
791 371
791 907
791 1026
791 51
791 817
791 1111
791 156
791 514
791 868
791 621
791 418
791 693
791 362
791 546
791 534
791 1002
791 734
791 899
791 490
791 722
791 332
791 1010
791 1007
791 945
791 1048
791 637
791 380
791 1032
576 78
576 371
576 1026
576 51
576 817
576 1111
576 156
576 514
576 621
576 362
576 534
576 1002
576 734
576 490
576 332
576 233
576 1131
576 407
576 686
576 728
576 289
576 727
78 371
78 1026
78 51
78 817
78 1111
78 514
78 868
78 621
78 362
78 534
78 1002
78 734
78 899
78 490
78 722
78 945
78 1048
78 407
78 43
78 333
78 235
78 578
78 753
78 437
78 941
78 176
78 836
78 16
78 1058
78 1081
78 955
78 535
78 310
78 106
78 967
78 544
371 514
371 490
371 176
371 527
371 473
371 162
371 664
371 386
371 177
371 951
371 549
371 632
371 743
371 491
371 1089
371 1114
371 74
371 901
371 666
907 1026
907 621
907 767
907 986
907 575
907 605
907 684
907 939
907 430
1026 51
1026 817
1026 621
1026 362
1026 534
1026 490
1026 945
1026 1048
1026 407
1026 499
1026 44
1026 307
1026 958
1026 465
1026 756
1026 352
1026 1031
51 1111
51 156
51 621
51 693
51 362
51 1002
51 490
51 1048
51 605
51 633
51 551
51 536
51 610
51 682
51 949
51 867
51 411
51 1078
51 542
51 31
51 879
51 99
817 490
817 1048
817 431
817 893
1111 156
1111 621
1111 362
1111 899
1111 490
1111 332
1111 380
1111 235
1111 1023
1111 864
1111 547
1111 118
1111 532
156 362
156 332
156 380
156 407
156 74
156 359
156 835
156 752
156 763
156 914
156 1009
156 195
156 869
156 823
156 563
156 990
156 713
156 1110
156 147
156 889
156 365
156 699
156 277
156 453
156 695
156 980
156 508
514 534
514 1002
514 734
514 490
514 1010
514 945
514 941
514 767
514 133
514 837
514 870
514 660
514 355
514 350
514 80
514 518
868 465
868 545
868 241
868 832
868 113
868 272
868 1043
868 735
868 1005
868 450
868 1056
868 340
868 692
868 598
868 326
868 260
621 418
621 362
621 534
621 490
621 332
621 1048
621 941
621 1114
621 605
621 118
621 260
621 392
621 1028
621 298
621 1092
621 114
621 474
621 739
418 693
418 362
418 332
418 1131
418 407
418 499
418 532
418 752
418 914
418 889
418 365
418 350
418 644
418 655
418 341
418 732
418 698
418 1035
418 290
418 606
418 136
418 852
418 496
418 416
418 582
418 1014
418 459
418 916
418 406
418 415
418 802
418 268
418 395
418 1037
693 722
693 1131
693 407
693 605
693 949
693 365
693 606
693 1038
693 842
693 938
693 760
693 1102
693 389
693 670
693 625
362 332
362 380
362 1131
362 407
362 544
362 684
362 547
362 359
362 889
362 453
362 980
362 391
362 196
362 751
362 710
362 781
362 105
362 866
362 370
362 928
362 306
362 84
362 925
362 495
362 648
362 190
362 1064
362 440
362 101
362 537
362 301
362 467
362 194
362 37
362 912
362 372
362 107
362 278
362 1100
362 296
362 942
362 500
546 332
546 407
546 195
546 151
546 337
546 166
534 1002
534 899
534 490
534 722
534 1010
534 1007
534 945
534 727
534 43
534 283
534 79
534 754
1002 734
1002 945
1002 727
1002 235
1002 74
1002 307
1002 352
1002 713
1002 80
1002 760
1002 831
1002 595
1002 1104
1002 23
1002 353
1002 711
1002 668
1002 520
1002 854
1002 34
1002 636
1002 678
734 490
734 235
734 753
734 1081
734 44
734 118
734 754
734 353
734 570
734 457
734 785
734 567
899 722
899 1010
899 43
899 333
899 235
899 176
899 836
899 1081
899 106
899 967
899 162
899 610
899 1023
899 864
899 547
899 532
899 1092
899 190
899 537
899 37
899 151
899 636
899 47
899 764
899 1068
899 626
899 157
899 26
899 707
899 723
899 932
899 96
899 909
899 442
899 49
899 12
899 50
899 4
899 583
490 945
490 233
490 727
722 1010
722 727
722 43
722 578
722 753
722 437
722 941
722 176
722 1081
722 106
722 499
722 542
722 660
722 355
722 272
722 1037
722 781
722 925
722 79
722 595
722 678
722 764
722 909
722 38
722 799
722 574
722 348
722 757
722 863
722 700
722 1042
722 137
722 608
722 820
722 421
722 643
722 937
722 833
722 968
722 782
722 475
722 126
722 197
722 635
722 447
722 20
332 380
332 1131
332 407
332 473
332 74
332 359
332 835
332 752
332 914
332 195
332 869
332 990
332 713
332 1110
332 365
332 290
332 606
332 1014
332 916
332 1037
332 799
332 940
332 873
332 120
332 631
332 363
332 1072
332 991
332 264
332 347
332 489
332 139
332 187
332 809
1010 1007
1010 43
1010 664
1010 177
1010 277
1010 79
1010 34
1010 348
1010 120
1010 343
1010 138
1010 906
1010 227
1010 672
1010 844
945 727
945 74
945 352
945 411
945 760
945 595
945 23
945 668
945 34
945 937
945 792
945 1108
945 379
945 267
1048 1037
1048 353
1048 126
1048 356
1048 882
637 450
637 182
637 733
637 1017
637 1120
637 1059
637 432
637 183
380 407
380 1058
380 415
380 751
380 781
380 928
380 306
380 301
380 278
380 1090
380 330
380 816
380 471
380 996
380 1065
380 169
380 152
380 808
380 634
380 904
380 851
1032 941
1032 106
1032 864
1032 1092
1032 84
1032 570
1032 47
1032 707
1032 50
1032 773
1032 27
1032 112
1032 702
1032 481
1032 665
1032 60
1032 502
1032 1101
1032 976
1032 425
1032 594
233 701
1131 407
1131 713
1131 136
407 967
407 74
407 359
407 1037
407 356
407 444
407 895
727 955
727 1104
727 353
727 854
727 570
727 96
727 137
727 937
727 27
727 965
727 1098
727 579
727 132
727 1049
727 950
727 964
727 696
727 115
43 235
43 578
43 753
43 941
43 176
43 1081
43 535
43 547
43 532
43 678
43 47
43 764
43 26
43 348
43 1120
43 1059
43 702
43 736
43 397
43 77
43 200
43 891
333 578
333 176
333 836
333 1058
333 106
333 967
333 544
333 473
333 547
333 1092
333 925
333 700
333 502
333 736
333 397
333 427
333 775
333 564
333 768
333 1119
333 19
333 725
333 797
333 488
235 176
235 836
235 16
235 1081
235 955
235 106
235 177
235 1031
235 867
235 1023
235 118
235 660
235 355
235 625
235 751
235 537
235 668
235 34
235 47
235 764
235 1068
235 26
235 4
235 38
235 137
235 702
235 665
235 115
235 736
235 397
235 891
235 203
235 144
235 117
235 1073
235 543
235 749
235 57
235 207
235 1123
235 892
235 615
235 468
578 437
578 941
578 1081
578 465
578 864
578 547
578 660
578 1092
578 47
578 608
578 844
578 1059
578 702
578 481
578 60
578 1101
578 976
578 736
578 397
578 77
578 543
578 615
578 1117
578 871
578 261
578 216
578 528
578 288
578 487
578 124
578 184
578 461
578 559
578 472
578 454
578 876
578 214
578 927
578 748
578 597
578 921
578 104
578 673
578 747
578 1095
578 398
578 185
753 176
753 595
753 678
753 1042
753 635
753 750
437 535
437 355
437 702
437 701
437 216
437 487
437 1122
437 961
437 1097
437 506
437 70
437 329
437 208
437 898
437 509
941 1081
941 106
941 767
941 870
941 625
941 79
941 707
941 50
941 481
941 387
941 397
941 768
941 104
941 445
941 276
941 814
941 861
941 1083
941 952
941 526
941 1129
941 164
941 839
941 1036
176 16
176 535
176 527
176 473
176 162
176 177
176 549
176 743
176 1089
176 1114
176 901
176 666
176 44
176 570
176 764
176 635
176 964
176 736
176 749
176 104
176 509
176 849
176 663
176 616
176 5
176 569
176 519
176 970
836 864
836 1101
836 149
16 187
16 702
16 488
16 724
1058 106
1058 967
1058 544
1058 605
1058 430
1058 682
1058 547
1058 869
1058 695
1058 938
1058 306
1058 84
1058 190
1058 194
1058 570
1058 1042
1058 643
1058 347
1058 844
1058 1090
1058 996
1058 1065
1058 808
1058 904
1058 851
1058 965
1058 564
1058 1119
1058 559
1058 920
1058 984
1058 620
1058 424
1058 409
1058 999
1058 652
1058 524
1081 535
1081 44
1081 625
1081 754
1081 570
1081 47
1081 50
1081 608
1081 1059
1081 152
1081 481
1081 976
1081 736
1081 488
1081 203
1081 185
1081 280
1081 373
955 106
955 544
955 547
955 49
955 1042
955 782
955 976
955 594
955 115
955 736
955 797
955 203
955 458
955 238
955 862
955 240
955 434
955 943
955 505
535 44
535 695
535 870
535 355
535 1005
535 1092
535 1037
535 754
535 570
535 626
535 96
535 1042
535 120
535 183
535 481
535 60
535 594
535 964
535 768
535 725
535 488
535 1095
535 898
535 671
535 596
535 170
535 217
535 617
535 110
535 922
535 662
535 815
310 666
106 605
106 1031
106 365
106 1038
106 938
106 317
106 389
106 625
106 700
106 183
106 773
106 112
106 481
106 579
106 736
106 615
106 170
106 585
106 946
106 896
106 119
106 856
106 741
967 544
967 547
967 695
967 306
967 50
967 1090
967 152
967 775
967 560
967 412
544 684
544 547
544 695
544 870
544 751
544 781
544 306
544 84
544 1064
544 537
544 467
544 194
544 37
544 707
544 363
544 347
544 904
544 702
544 60
544 775
544 19
544 559
544 454
544 620
544 614
544 737
544 228
544 883
544 250
527 473
527 162
527 177
527 549
527 632
527 743
527 1114
527 666
527 1104
527 635
527 749
527 952
527 849
527 765
527 622
527 1020
527 729
527 804
527 645
527 1006
527 374
527 612
527 600
527 680
527 246
527 141
473 162
473 177
473 549
473 743
473 491
473 1114
473 666
473 532
473 914
473 365
473 391
473 190
473 909
473 635
473 873
473 964
473 749
473 876
473 849
473 409
473 14
473 503
473 224
473 293
473 403
473 150
473 1015
473 515
162 177
162 549
162 743
162 1114
162 901
162 666
162 442
162 635
162 849
162 569
162 399
162 1082
162 983
162 628
664 680
386 549
386 1089
386 837
386 567
386 614
386 680
386 64
386 8
386 284
177 951
177 549
177 743
177 491
177 901
177 666
177 241
177 735
177 692
177 938
177 925
177 863
177 701
177 1073
177 749
177 622
177 1018
177 484
951 901
951 692
951 663
951 622
951 639
951 318
951 378
951 42
549 632
549 1089
549 1114
549 666
549 536
549 635
549 612
549 680
549 639
549 642
632 1089
632 536
632 635
632 569
632 765
632 622
632 1020
632 1006
632 612
632 680
632 642
632 175
632 755
632 163
632 212
743 1114
743 901
743 666
743 635
743 183
743 203
743 849
743 143
491 34
491 635
491 873
491 569
491 680
491 224
491 293
491 709
491 476
491 39
1089 1114
1089 536
1089 635
1089 749
1089 569
1089 614
1089 680
1089 64
1089 642
1089 175
1089 46
1114 666
1114 536
1114 1100
1114 387
1114 768
1114 849
1114 970
1114 373
1114 856
1114 64
1114 639
1114 42
1114 601
1114 934
1114 1054
1114 641
1114 974
1114 523
1114 477
1114 498
1114 656
74 307
74 359
74 823
74 136
74 852
74 1037
74 353
74 636
74 126
74 27
74 397
74 373
74 403
74 515
74 63
74 103
74 590
901 660
901 353
901 663
901 5
901 378
901 175
901 1039
666 241
666 700
666 635
666 940
666 425
666 964
666 115
666 77
666 144
666 749
666 748
666 164
666 849
666 217
666 64
666 642
666 175
666 1047
666 349
666 452
666 131
666 963
666 142
666 1096
666 865
666 2
767 551
767 870
767 4
767 137
767 1123
767 615
767 898
767 952
767 1129
767 862
767 741
767 498
767 504
767 779
767 581
767 510
767 603
767 56
986 431
986 695
986 660
986 760
986 751
986 781
986 190
986 353
986 96
986 120
986 856
986 1018
986 484
986 358
986 908
986 1053
986 944
986 369
986 758
575 1056
575 326
575 863
575 736
575 560
575 59
575 824
575 189
575 262
575 717
575 611
605 499
605 465
605 547
605 823
605 990
605 365
605 450
605 692
605 938
605 760
605 317
605 389
605 670
605 353
605 863
605 1042
605 183
605 701
605 696
605 748
605 585
605 856
605 741
605 369
605 676
605 806
605 226
605 327
605 533
605 7
605 402
605 385
605 522
605 834
605 530
605 324
684 450
684 781
684 169
684 952
684 58
939 850
939 713
939 1110
939 644
939 655
939 916
939 395
939 1038
939 105
939 481
939 1044
430 547
430 695
430 870
430 350
430 306
430 1065
430 502
430 673
430 740
430 1067
499 756
499 547
499 869
499 713
499 453
499 644
499 916
499 842
499 751
499 1042
499 643
499 564
499 673
499 747
499 1067
499 688
499 770
499 479
499 694
499 209
499 689
499 202
44 867
44 660
44 1028
44 495
44 754
44 570
44 785
44 4
44 356
44 481
44 750
44 671
44 170
44 662
44 223
44 230
44 651
44 286
44 161
307 867
307 850
307 916
307 268
307 1037
307 306
307 353
307 711
307 854
307 1042
307 937
307 968
307 227
307 379
307 871
307 750
307 662
307 46
307 161
307 302
958 272
958 636
958 785
958 184
958 562
465 241
465 832
465 272
465 1005
465 692
465 326
465 260
465 702
465 736
465 324
756 695
756 508
756 196
756 866
756 648
756 467
756 912
756 1100
756 500
756 991
756 904
756 851
756 921
756 747
756 847
756 443
756 393
756 271
756 357
756 705
352 867
352 411
352 353
352 615
352 5
352 170
352 354
352 204
1031 660
1031 1038
1031 7
633 682
633 196
633 866
633 495
633 50
633 847
633 271
633 41
633 420
633 273
551 949
551 170
551 896
551 1012
551 168
551 1030
536 635
536 940
536 748
536 849
536 663
536 569
536 680
536 318
536 642
536 168
536 1030
536 239
536 462
536 769
536 654
536 319
536 568
610 353
610 442
610 1042
610 144
610 373
610 838
610 1011
610 827
610 884
610 878
682 1092
682 306
682 50
682 20
682 58
682 826
682 517
682 1105
682 259
682 677
949 563
949 389
949 625
949 170
949 119
949 1012
949 168
949 71
949 345
949 766
949 793
949 550
949 494
949 245
949 140
949 90
867 879
867 133
867 80
867 1104
867 353
867 854
867 570
867 757
867 964
867 1123
867 110
867 402
867 354
867 204
867 462
867 1103
867 127
867 794
867 708
411 170
411 794
1078 99
1078 1123
1078 110
1078 568
1078 1011
1078 860
31 204
31 245
31 539
31 229
879 355
879 389
879 1012
99 204
431 695
431 837
431 781
431 348
431 608
431 185
431 560
431 223
431 209
431 316
431 222
893 425
893 117
1023 764
1023 884
1023 73
864 547
864 695
864 355
864 392
864 306
864 278
864 904
864 481
864 185
864 8
864 719
547 869
547 695
547 980
547 1038
547 781
547 866
547 928
547 306
547 84
547 925
547 495
547 648
547 190
547 537
547 194
547 37
547 372
547 107
547 278
547 79
547 520
547 707
547 50
547 643
547 20
547 991
547 267
547 996
547 112
547 481
547 60
547 564
547 615
547 559
547 673
547 509
547 952
547 620
547 409
547 238
547 560
547 228
547 659
547 581
547 688
547 705
547 584
547 716
547 919
547 404
547 135
547 969
547 973
547 818
547 22
547 274
547 282
118 660
118 80
118 700
118 425
118 891
118 472
118 445
118 1036
118 671
118 922
118 741
118 963
118 161
118 697
118 292
118 1051
118 211
118 745
118 593
118 558
118 1060
118 602
118 1113
118 1125
118 36
118 417
118 516
532 695
532 1037
532 781
532 928
532 190
532 107
532 723
532 799
532 1001
532 910
532 1080
359 713
359 187
752 823
752 990
752 365
752 1037
752 590
752 385
752 220
914 1009
914 713
914 341
914 698
914 290
914 606
914 852
914 802
914 395
914 608
914 126
914 481
914 397
914 186
914 501
850 713
850 365
850 660
850 655
850 341
850 606
850 916
850 395
850 590
850 291
1009 823
1009 802
1009 385
1009 220
195 337
195 166
195 909
195 120
195 488
195 170
195 1080
195 321
195 390
195 627
869 453
869 695
869 751
869 866
869 306
869 495
869 648
869 190
869 537
869 194
869 37
869 912
869 1042
869 643
869 363
869 1108
869 267
869 965
869 920
869 409
869 238
869 560
869 614
869 393
869 716
869 818
869 726
869 83
869 483
869 322
869 801
869 368
823 990
823 713
823 365
823 870
823 355
823 644
823 290
823 938
823 590
823 385
823 145
563 648
563 652
563 412
563 476
563 90
563 790
563 989
990 365
990 136
990 385
990 220
713 644
713 341
713 698
713 1035
713 606
713 136
713 852
713 416
713 1014
713 916
713 415
713 802
713 395
713 1037
713 353
713 809
713 702
713 590
713 806
713 385
713 761
1110 341
1110 698
1110 1035
1110 606
1110 136
1110 416
1110 1014
1110 415
1110 806
147 723
147 120
147 1072
147 773
147 112
147 397
147 5
147 504
147 581
147 703
147 24
147 619
147 1099
365 916
365 1038
365 758
365 385
365 69
365 885
699 80
699 1037
699 909
699 120
699 773
699 488
699 5
699 589
699 388
699 400
277 989
453 370
453 440
453 1100
453 643
453 238
453 271
453 973
453 818
453 22
453 429
453 821
695 80
695 1037
695 751
695 781
695 306
695 190
695 1064
695 107
695 1104
695 785
695 643
695 363
695 347
695 844
695 1108
695 996
695 152
695 808
695 5
695 409
695 801
695 93
980 928
980 1090
980 584
980 919
508 751
508 648
508 904
508 747
508 620
508 560
508 291
508 366
508 810
133 660
133 355
133 80
133 1028
133 711
133 809
133 27
133 662
133 1006
133 452
133 230
133 838
133 884
133 83
133 959
133 221
133 629
133 887
133 1084
837 567
837 50
837 1120
837 112
837 614
837 8
837 603
837 517
837 222
870 660
870 194
870 711
870 635
870 238
870 765
870 327
660 355
660 241
660 1028
660 79
660 678
660 96
660 1059
660 976
660 964
660 203
660 543
660 861
660 458
660 240
660 1006
660 141
660 230
660 651
660 769
660 36
660 885
660 1
660 918
660 25
660 384
660 469
355 1056
355 1028
355 842
355 781
355 79
355 702
355 594
355 488
355 124
355 214
355 597
355 519
355 110
355 741
355 645
355 1018
355 641
355 581
355 402
355 651
355 204
355 462
355 388
355 414
355 798
355 121
355 478
355 86
355 561
350 194
350 672
350 1120
350 1039
350 327
350 740
350 1011
350 145
350 846
350 962
350 100
80 518
80 1037
80 37
80 595
80 353
80 34
80 636
80 785
80 1042
80 996
80 702
80 768
80 1123
80 898
80 952
80 280
80 671
80 170
80 1045
80 46
80 223
80 230
80 161
80 1125
80 798
518 595
518 678
545 1005
545 450
241 113
241 272
241 735
241 1005
241 450
241 1056
241 340
241 692
241 326
241 863
241 138
241 906
241 1017
241 1120
241 1059
241 773
241 702
241 481
241 387
241 736
241 748
241 1018
241 484
241 324
241 22
241 45
241 586
241 997
241 410
832 113
832 1005
832 326
832 736
832 45
832 776
113 272
113 1005
113 450
113 1056
113 692
113 326
113 1120
113 702
113 736
113 397
113 185
113 280
113 1018
113 688
113 720
113 22
113 776
113 618
272 1005
272 450
272 636
272 833
272 138
272 702
272 871
272 748
272 70
272 329
272 898
272 1018
272 562
272 720
272 708
272 776
272 691
272 364
272 455
272 926
272 805
272 1063
272 433
1043 19
1043 124
1043 59
1043 262
1043 314
1043 408
1043 592
735 1005
735 692
735 326
735 938
735 854
735 570
735 863
735 112
735 736
735 1073
735 543
735 276
735 324
735 75
735 1040
1005 450
1005 1056
1005 340
1005 692
1005 326
1005 938
1005 831
1005 636
1005 183
1005 702
1005 736
1005 768
1005 1073
1005 616
1005 484
1005 324
1005 888
450 692
450 326
450 1038
450 636
450 1059
450 736
450 748
450 318
450 324
450 586
450 1057
450 249
1056 326
1056 190
1056 19
1056 615
1056 324
1056 45
340 692
340 326
340 938
340 863
340 1073
340 484
340 324
340 589
340 997
340 888
692 326
692 1038
692 570
692 785
692 736
692 185
692 1096
692 324
692 688
598 570
326 938
326 785
326 863
326 906
326 1073
326 824
326 262
326 324
326 776
326 75
326 888
326 249
326 811
326 55
326 613
260 77
260 748
260 208
260 562
260 720
260 971
260 258
260 449
260 577
260 1074
260 219
392 278
1028 854
1028 965
1028 579
1028 768
1028 207
1028 892
1028 445
1028 861
1028 458
1028 230
1028 651
1028 83
298 700
298 1042
298 1125
298 24
298 629
1092 764
1092 702
1092 481
1092 60
1092 55
1092 1033
114 1038
114 472
114 927
114 22
114 1113
114 67
114 1087
114 396
114 905
114 553
114 604
474 724
474 464
739 287
739 338
739 1132
644 1038
644 938
644 670
644 202
655 916
655 781
655 105
655 866
655 809
655 904
655 747
655 202
655 810
341 1065
341 964
341 503
341 708
341 803
732 698
732 290
732 606
732 582
732 608
732 1065
698 1035
698 290
698 606
698 416
698 1014
698 636
698 809
698 806
1035 606
1035 415
1035 1037
1035 564
1035 403
290 854
290 590
606 854
606 1065
606 590
606 806
606 885
852 224
496 8
496 202
416 809
416 806
916 395
916 1037
916 781
916 105
916 866
916 296
916 904
916 559
916 202
916 251
406 1037
406 202
415 567
802 126
802 220
395 105
395 1059
395 965
395 358
1037 1104
1037 711
1037 854
1037 570
1037 968
1037 120
1037 264
1037 187
1037 590
1037 806
1037 640
1037 903
1038 938
1038 317
1038 389
1038 670
1038 625
1038 701
1038 427
1038 488
1038 871
1038 528
1038 876
1038 1053
1038 533
1038 7
1038 1012
1038 1030
1038 550
1038 959
1038 561
1038 618
1038 364
1038 935
1038 423
1038 231
842 938
842 389
842 625
842 190
842 1042
842 530
842 770
938 670
938 863
938 906
938 773
938 112
938 19
938 1073
938 461
938 276
938 262
938 385
938 324
938 688
938 1040
938 613
938 772
760 509
760 5
760 358
760 479
760 168
760 222
760 73
760 798
760 762
317 748
317 856
317 7
317 302
317 231
1102 217
1102 741
1102 676
1102 688
1102 161
1102 1051
1102 602
1102 36
1102 843
1102 281
1102 81
389 625
389 170
389 896
389 688
389 1012
389 345
389 766
389 599
389 3
670 533
670 7
670 324
625 183
625 170
625 896
625 345
391 190
391 337
391 626
391 631
391 169
391 238
391 659
391 366
391 160
391 913
196 781
196 495
196 467
196 912
196 1100
196 500
196 851
196 564
196 1119
196 747
196 238
196 847
196 443
196 271
196 41
196 420
196 273
196 160
751 781
751 495
751 537
751 799
751 347
751 1090
751 808
751 564
751 559
751 673
751 409
751 22
751 1
751 690
710 909
710 503
710 501
710 627
710 400
710 1121
781 105
781 306
781 495
781 1064
781 537
781 467
781 37
781 278
781 296
781 854
781 799
781 1042
781 643
781 363
781 1090
781 904
781 481
781 564
781 19
781 559
781 409
781 238
781 228
781 883
781 41
781 483
781 885
781 429
781 690
781 1107
781 334
781 210
105 495
105 467
105 296
105 363
105 904
105 559
105 334
105 744
866 495
866 648
866 190
866 1064
866 467
866 912
866 1100
866 500
866 904
866 747
866 652
866 755
866 202
866 271
866 90
866 716
866 973
866 429
866 366
866 160
866 334
866 9
370 912
370 372
370 278
370 942
370 873
370 363
370 1119
370 22
370 24
370 691
370 334
370 540
370 248
370 960
928 648
928 1100
928 50
928 608
928 20
928 481
928 614
928 581
928 705
928 517
928 584
928 716
928 919
928 135
928 969
928 973
928 589
928 931
306 84
306 190
306 278
306 353
306 12
306 643
306 991
306 347
306 808
306 60
306 502
306 564
306 424
306 250
306 274
84 37
84 707
84 12
84 996
84 60
84 1049
84 104
84 250
84 651
925 190
925 799
925 991
925 169
925 702
925 1073
925 276
925 659
925 324
925 880
495 648
495 1064
495 101
495 537
495 301
495 194
495 37
495 372
495 107
495 278
495 353
495 707
495 799
495 820
495 643
495 991
495 347
495 851
495 60
495 564
495 615
495 559
495 424
495 238
495 228
495 659
495 271
495 787
495 257
648 440
648 537
648 301
648 467
648 912
648 372
648 107
648 1100
648 500
648 643
648 363
648 991
648 502
648 559
648 747
648 238
648 271
648 818
648 366
648 9
648 441
190 537
190 194
190 37
190 912
190 500
190 799
190 1065
190 904
190 564
190 409
190 238
190 429
1064 467
1064 194
1064 372
1064 904
1064 19
1064 559
1064 883
1064 90
1064 366
440 467
440 1100
440 643
440 895
440 238
440 560
440 705
440 818
440 441
101 912
101 278
101 185
101 705
537 37
537 353
537 643
537 1065
537 564
537 673
537 185
537 1036
537 409
537 238
537 716
537 291
537 726
537 366
301 467
301 912
301 1100
301 363
301 747
301 688
301 801
301 366
301 210
301 441
467 194
467 912
467 372
467 500
467 904
467 851
467 747
467 228
467 717
467 366
467 441
467 521
467 82
467 270
194 20
194 873
194 267
194 19
194 797
194 620
194 228
194 250
194 83
194 521
194 1041
194 557
37 785
37 799
37 643
37 347
37 564
37 5
37 424
37 659
37 274
37 619
37 589
912 372
912 278
912 1100
912 942
912 500
912 363
912 1119
912 747
912 847
912 443
912 271
912 716
912 366
912 334
912 960
372 278
372 1100
372 942
372 363
372 559
372 409
372 41
372 716
372 821
372 334
372 960
372 439
107 942
107 785
107 347
107 8
107 581
107 82
278 643
278 60
278 1119
278 409
278 590
278 688
278 41
278 90
278 719
278 334
278 529
1100 500
1100 363
1100 747
1100 228
1100 443
1100 357
1100 274
1100 589
1100 429
1100 821
1100 366
1100 691
1100 787
1100 441
1100 894
1100 807
296 559
296 897
942 363
942 1119
942 758
942 41
942 973
942 334
942 960
500 443
500 271
500 613
500 718
500 1004
151 515
151 358
151 483
151 237
337 397
337 515
337 627
337 657
166 657
283 498
79 152
79 203
79 615
79 70
79 847
79 590
79 688
79 1016
754 570
754 608
754 1059
754 104
754 185
754 18
831 170
595 353
595 636
595 678
595 343
595 280
595 827
595 160
595 812
1104 678
1104 785
1104 96
1104 665
1104 579
1104 53
353 668
353 34
353 636
353 678
353 785
353 96
353 909
353 635
353 1108
353 379
353 615
353 409
353 373
353 1047
353 230
353 562
353 769
353 708
353 602
353 589
353 798
353 13
353 661
353 573
353 480
353 712
353 788
711 1123
711 988
668 49
668 1108
668 445
668 671
668 617
668 922
668 865
668 402
668 1125
668 15
854 1042
854 1108
854 183
854 594
854 397
854 373
854 896
854 659
854 590
854 230
854 793
854 127
854 708
854 629
854 1
854 25
854 746
854 881
854 351
854 394
34 616
34 862
34 596
34 141
34 163
34 226
34 469
34 890
34 35
636 785
636 379
636 27
636 724
636 1018
636 562
636 720
636 661
636 573
636 254
678 626
678 379
678 750
678 999
678 280
678 373
678 913
678 588
570 785
570 1042
570 183
570 594
570 488
570 454
570 445
570 671
570 617
570 856
570 765
570 600
570 230
570 161
570 541
457 861
457 688
457 1046
785 844
785 702
785 749
785 748
785 519
785 671
785 1018
785 161
785 720
785 708
785 588
785 795
785 674
785 552
567 615
567 614
567 8
567 376
47 764
47 626
47 26
47 60
47 736
764 26
764 768
764 104
764 230
626 112
626 468
626 454
626 280
626 755
626 758
626 160
626 812
626 65
626 256
157 379
26 723
26 20
26 488
26 5
26 24
26 629
707 12
707 112
707 481
707 60
707 952
707 620
707 1013
723 379
723 996
723 149
723 798
96 50
96 1042
96 665
96 976
96 579
96 230
96 83
96 53
909 968
909 120
909 481
909 397
909 488
909 503
909 400
909 936
909 987
909 1024
909 285
442 1042
442 628
442 530
442 1011
442 884
442 1060
442 846
442 218
442 646
442 1034
442 1112
49 183
49 736
49 144
49 164
49 922
49 402
49 602
49 721
49 485
12 1049
50 347
50 1108
50 481
50 952
50 228
50 1001
50 291
4 861
4 922
4 100
4 604
4 667
4 759
38 203
38 892
799 631
799 409
799 238
799 659
574 862
574 226
574 146
574 89
574 325
348 820
348 20
348 267
348 830
757 1123
757 204
863 906
863 701
863 659
863 59
863 824
863 324
863 414
863 45
863 199
863 623
700 183
700 594
700 736
700 891
700 768
700 725
700 203
700 144
700 927
700 445
700 1036
700 671
700 402
700 593
700 1060
700 36
700 772
700 783
1042 161
1042 884
1042 221
1042 629
1042 798
1042 308
1042 206
137 964
137 615
137 104
137 230
137 677
137 794
137 712
137 788
137 795
137 714
137 294
137 446
608 1059
608 481
608 397
608 77
608 543
608 454
608 921
608 185
608 724
608 67
608 936
608 346
608 165
608 179
421 397
421 8
421 1099
421 153
643 904
643 261
643 559
643 620
643 409
643 238
643 614
643 393
643 271
643 429
643 998
937 475
937 115
937 615
937 445
937 505
937 922
937 1091
833 138
833 481
833 184
833 876
833 898
833 509
833 922
833 720
833 464
833 346
833 933
833 68
968 169
968 400
968 853
782 223
782 226
782 35
782 146
782 89
782 486
782 243
782 774
782 382
475 543
475 445
475 814
475 505
475 402
475 204
475 1051
475 192
126 543
126 454
126 590
126 501
126 400
197 425
635 849
635 663
635 569
635 373
635 680
635 642
447 515
20 773
20 876
20 952
20 5
20 724
20 2
20 504
20 720
20 703
20 691
20 805
940 680
940 64
940 639
940 378
940 1096
873 363
120 139
120 579
120 488
120 503
120 327
120 285
120 275
120 191
120 193
120 706
120 109
120 555
120 704
363 904
363 747
363 202
363 334
363 210
363 960
1072 397
1072 515
1072 1080
1072 501
1072 388
1072 400
1072 987
1072 1024
1072 435
991 1065
991 502
991 238
991 603
991 443
991 691
347 509
347 9
139 515
139 193
187 356
187 957
809 652
809 202
809 810
809 109
809 1075
343 5
343 280
343 562
343 513
343 198
138 183
138 702
138 481
138 487
138 461
138 876
138 748
138 506
138 70
138 5
138 519
138 724
138 1018
138 2
138 944
138 834
138 562
138 691
138 364
138 805
138 1063
138 464
138 323
138 198
138 1116
138 1071
138 953
138 1076
906 1073
906 454
906 509
906 581
906 324
906 619
227 112
227 374
227 146
227 325
672 13
844 1065
844 701
844 1117
844 871
844 261
844 216
844 528
844 288
844 487
844 124
844 876
844 409
844 560
844 649
844 819
844 94
844 1061
844 566
844 225
844 1106
844 172
792 773
792 309
1108 267
1108 356
1108 27
1108 876
1108 424
1108 46
1108 726
1108 805
379 733
379 24
379 1109
379 877
379 571
267 920
267 424
267 419
356 425
356 891
356 615
356 1036
356 671
356 617
356 922
356 1047
356 865
356 1053
356 558
356 251
356 988
356 485
356 957
882 898
882 804
182 733
182 1017
182 493
182 1130
733 1017
733 1059
733 773
733 877
1017 773
1017 758
1017 165
1017 981
1017 232
1017 653
1017 738
1017 1025
1120 432
1120 950
1120 615
1120 597
1120 185
1120 110
1120 798
1120 121
1120 100
1120 423
1120 270
1120 954
1120 841
1120 731
1059 424
1059 922
1059 856
1059 1054
1059 477
1059 189
1059 493
1059 247
432 1049
432 748
432 110
432 560
432 838
432 121
432 270
183 425
183 387
183 736
183 891
183 203
183 615
183 506
183 445
183 515
183 143
183 590
183 676
183 1125
183 25
183 541
183 30
183 1062
1090 996
1090 1065
1090 41
816 428
471 996
471 169
471 634
471 476
471 93
996 1065
996 169
996 152
996 808
996 1119
996 5
996 920
996 524
996 589
996 93
996 304
1065 808
1065 502
1065 559
1065 673
1065 424
1065 409
1065 524
1065 238
1065 402
1065 428
1065 311
169 634
169 719
169 93
152 808
152 543
152 1001
808 851
808 1119
634 90
634 368
634 1127
904 559
904 747
904 688
904 202
904 443
904 357
904 90
904 334
851 1119
773 112
773 702
773 481
773 60
773 397
773 528
773 445
773 952
773 149
773 2
773 504
773 694
773 321
27 207
27 615
27 230
27 798
27 957
27 800
112 481
112 502
112 425
112 528
112 952
112 164
112 149
112 504
112 226
112 160
112 541
702 871
702 216
702 487
702 461
702 876
702 748
702 961
702 208
702 519
702 724
702 1018
702 720
702 618
702 1063
702 566
702 1106
702 232
702 730
481 60
481 502
481 1101
481 19
481 543
481 871
481 528
481 559
481 952
481 724
481 110
481 856
481 614
481 503
481 163
481 590
481 504
481 581
481 189
481 226
481 58
481 584
481 558
481 971
481 179
481 774
481 554
481 234
665 736
665 203
665 1123
665 110
665 654
665 1011
665 860
665 53
665 158
665 6
665 1079
60 952
60 590
60 504
60 274
60 130
502 412
502 677
502 1025
1101 77
1101 216
1101 506
1101 149
1101 560
1101 659
1101 1121
1101 108
976 736
976 5
976 286
976 168
976 222
976 1113
425 594
425 965
425 736
425 203
425 600
425 581
425 223
425 327
425 740
425 251
425 900
425 263
425 201
425 29
425 994
425 977
594 736
594 768
594 725
594 558
594 251
594 759
594 915
594 1008
701 200
701 19
701 1073
701 1117
701 261
701 528
701 288
701 461
701 876
701 898
701 276
701 755
701 834
701 324
701 688
701 1040
701 198
701 649
701 819
701 94
701 1061
701 172
701 1025
701 1094
701 205
701 829
444 957
895 673
895 238
895 366
965 445
965 856
965 503
965 865
965 358
965 226
965 402
965 602
965 83
965 62
1098 950
579 203
579 207
579 104
579 861
579 1053
132 77
132 562
132 971
132 577
132 219
132 1086
132 171
132 556
132 10
132 336
132 825
132 859
1049 458
1049 230
1049 838
387 768
387 1054
387 777
950 797
950 798
950 413
950 630
964 203
964 223
964 794
964 24
964 1
964 455
964 795
964 485
964 774
696 217
696 741
696 676
696 161
696 1051
696 745
696 602
696 218
696 845
696 683
696 685
115 454
115 8
115 963
115 402
115 688
115 1034
115 1128
736 77
736 891
736 725
736 203
736 1073
736 104
736 445
736 484
736 324
736 586
736 772
736 346
736 201
736 91
397 77
397 200
397 488
397 454
397 1095
397 276
397 560
397 503
397 515
397 8
397 590
397 1001
397 1080
397 501
397 885
397 388
397 400
397 1024
397 191
397 215
397 1000
397 180
397 17
77 461
77 454
77 104
77 961
77 70
77 509
77 560
77 614
77 504
77 944
77 651
77 562
77 720
77 691
77 258
77 449
77 1074
77 67
77 232
77 825
77 859
77 924
77 993
200 216
200 276
200 649
200 94
200 172
891 144
891 615
891 1036
891 671
891 143
891 56
891 25
891 67
891 218
891 554
891 85
427 601
427 798
427 423
775 564
775 228
564 673
564 984
564 1041
768 970
768 856
768 1054
768 779
768 320
1119 652
1119 960
19 228
725 144
725 772
725 1128
725 85
488 560
488 614
488 503
488 515
488 590
488 291
488 627
488 24
488 619
488 388
488 772
488 1024
488 704
488 492
488 66
488 1021
203 144
203 543
203 454
203 445
203 602
203 1091
203 263
203 181
203 85
144 671
144 770
144 1128
117 927
117 814
117 319
117 192
1073 276
1073 659
1073 1040
543 615
543 741
543 963
543 1063
749 5
749 1084
207 472
1123 615
1123 597
1123 398
1123 814
1123 526
1123 5
1123 170
1123 110
1123 462
1123 654
1123 568
1123 1011
1123 1103
1123 860
1123 592
1123 192
1123 591
1123 122
1123 331
1123 188
1123 1118
892 5
892 458
892 230
892 1075
892 40
892 538
615 461
615 559
615 472
615 898
615 170
615 741
615 230
615 161
615 818
615 1113
615 1125
615 478
615 67
615 905
615 295
615 72
468 1060
468 812
468 65
1117 871
1117 261
1117 288
1117 124
1117 540
1117 784
871 261
871 216
871 528
871 288
871 487
871 124
871 876
871 898
871 1018
871 944
871 720
871 540
871 819
871 1061
261 216
261 528
261 288
261 487
261 124
261 688
261 393
261 540
261 819
261 1094
261 297
216 528
216 487
216 124
216 1018
216 198
528 288
528 487
528 124
528 876
528 961
528 506
528 504
528 688
528 540
528 1041
528 94
528 1061
528 172
528 829
288 487
288 124
288 876
288 364
288 540
288 819
288 172
487 124
487 1018
487 1063
124 720
124 829
184 748
184 185
184 720
184 65
184 346
184 819
184 180
461 748
461 70
461 898
461 519
461 724
461 2
461 944
461 834
461 708
461 618
461 364
461 805
461 464
461 323
461 812
461 198
461 1116
461 1071
461 953
461 1076
461 61
559 238
559 202
559 691
559 210
559 897
472 861
472 922
472 593
472 396
472 1013
472 646
472 21
454 963
454 759
454 493
454 181
454 638
876 409
876 280
876 1018
876 1063
876 1061
876 566
876 225
876 1106
876 730
876 784
876 855
876 624
927 1113
927 396
927 905
927 772
927 759
927 956
748 70
748 208
748 724
748 856
748 1018
748 2
748 944
748 834
748 618
748 971
748 449
748 1074
748 219
748 464
748 819
748 1061
748 336
748 180
748 52
748 572
597 526
597 110
597 560
921 464
921 556
921 180
921 784
104 530
104 221
104 646
104 924
673 58
673 694
747 984
747 652
747 202
747 366
747 810
747 439
747 897
747 88
1095 724
1095 593
1095 232
1095 1066
1095 253
398 560
398 581
398 688
398 93
398 122
185 724
185 324
185 83
185 300
750 5
1122 961
1122 1097
1122 433
961 1097
961 70
961 329
961 944
961 1063
961 160
961 840
961 679
1097 506
1097 969
1097 691
1097 433
1097 160
1097 981
1097 1025
506 70
506 329
506 519
506 724
506 720
506 1
506 364
506 805
506 346
506 1061
70 329
70 898
70 519
70 724
70 2
70 504
70 364
70 323
70 1061
70 205
70 1027
329 1096
329 944
329 599
208 898
208 944
208 562
208 618
208 364
208 971
208 449
208 10
898 944
898 562
898 618
898 198
898 917
509 724
509 1033
445 671
445 318
445 349
445 963
445 358
445 402
445 697
445 1125
445 1
445 541
445 1062
276 324
276 199
814 110
814 1011
814 67
814 192
861 600
861 1054
861 239
861 604
861 426
861 470
1083 662
1083 246
1083 163
1083 226
1083 18
1083 89
952 504
952 58
952 160
526 319
1129 862
1129 223
1129 226
1129 35
1129 1000
1129 173
164 602
164 305
1036 569
1036 1060
1036 988
1036 646
1036 263
663 622
663 64
663 318
663 378
663 42
663 476
663 1091
663 486
663 1025
663 252
663 875
663 796
5 170
5 662
5 46
5 504
5 510
5 223
5 794
5 160
5 988
5 198
5 1109
5 800
5 92
5 48
569 680
569 1082
569 628
569 64
569 642
519 464
519 1061
519 981
519 335
970 568
970 394
970 165
970 738
970 994
970 320
970 972
970 236
149 504
149 24
149 897
149 108
724 560
724 1018
724 1096
724 944
724 834
724 229
724 24
724 618
724 364
724 805
724 219
724 464
724 323
724 198
724 1116
724 1071
724 953
724 1076
724 1027
920 885
620 409
424 8
424 944
424 691
424 805
409 274
409 948
999 373
999 719
652 476
652 202
652 366
652 810
652 657
652 1075
280 373
280 1018
280 142
280 1033
280 160
280 812
280 256
458 240
458 505
458 815
458 402
458 651
458 161
238 560
238 271
238 584
238 429
238 428
862 765
862 1020
862 374
862 600
862 226
862 788
862 35
862 173
862 269
434 617
943 1045
943 433
505 64
505 318
505 963
505 1125
505 81
505 936
505 845
505 54
671 217
671 617
671 143
671 697
671 1051
671 593
671 1125
671 36
671 619
671 1062
671 497
671 548
671 265
596 600
596 226
596 24
170 896
170 688
170 204
170 168
170 1030
170 71
170 345
170 766
170 793
170 550
170 1084
170 384
170 351
170 401
170 511
170 466
217 143
217 161
217 1051
217 602
617 251
617 988
617 497
110 560
110 158
922 56
922 168
922 794
922 25
922 646
922 92
922 154
922 299
1045 959
1045 221
1045 646
1045 1112
1045 638
1045 507
1045 448
1045 512
662 737
662 1020
662 600
662 246
662 141
662 163
662 1039
662 223
662 226
662 287
662 89
662 234
662 470
662 48
662 982
662 303
662 872
662 1085
662 1093
662 911
662 242
662 565
815 794
585 15
585 300
585 497
585 32
896 168
896 793
896 550
896 494
896 3
896 351
896 511
896 902
119 581
119 1012
856 1054
856 358
856 222
856 798
856 423
856 715
856 1050
741 560
741 614
741 358
741 161
741 1051
741 602
741 218
741 843
741 746
741 685
741 548
560 503
560 944
560 189
560 324
560 22
560 936
560 247
560 994
560 66
560 650
560 525
614 64
614 8
614 601
614 53
614 936
737 163
737 581
737 287
737 18
737 89
737 1052
228 821
765 612
765 223
765 469
765 325
765 269
765 982
765 102
622 645
622 680
622 378
622 287
622 774
1020 612
1020 246
1020 977
1020 470
1020 173
1020 982
1020 375
729 226
804 645
804 1006
804 223
804 226
804 325
804 1000
804 975
645 612
645 627
645 13
645 193
645 1000
645 173
645 975
1006 141
1006 223
1006 226
1006 36
1006 885
1006 918
1006 469
1006 146
1006 436
1006 312
374 325
374 486
374 470
612 600
612 246
612 141
612 293
612 1082
612 628
612 934
612 226
612 769
612 469
612 243
612 470
612 54
612 872
612 102
612 148
612 28
612 1126
612 742
600 246
600 358
600 226
600 469
600 774
600 382
600 470
600 1093
680 378
680 642
680 239
246 163
246 327
246 287
246 89
246 234
246 470
246 982
246 1085
246 375
141 226
141 287
141 242
141 174
141 344
503 515
503 627
503 1099
503 400
503 191
503 555
503 155
224 293
293 1082
293 476
293 934
293 769
293 794
293 28
515 1080
515 1099
515 400
515 657
515 191
515 193
515 555
515 858
399 21
1082 769
1082 28
983 628
983 959
983 935
983 21
983 451
628 221
628 92
628 789
64 639
64 318
64 378
64 131
64 142
64 676
64 769
64 1063
8 358
8 222
8 919
8 602
8 15
8 351
659 484
659 324
659 282
1018 358
1018 944
1018 618
1018 364
1018 1063
1018 65
1018 1061
1018 566
1018 1106
1018 730
1018 855
1018 279
484 324
484 1040
484 55
639 42
639 974
318 42
318 476
318 1096
318 676
318 769
318 819
318 556
318 875
378 42
378 175
378 769
378 100
378 604
42 601
42 121
42 279
755 366
755 160
755 812
755 65
755 256
755 649
755 172
755 981
755 1025
755 679
755 1022
163 226
163 287
163 18
163 89
163 1052
212 587
143 281
847 590
847 443
847 271
847 41
847 420
847 273
847 936
601 656
601 798
601 423
601 299
934 769
1054 498
1054 510
1054 522
1054 423
1054 394
1054 675
641 688
477 656
477 189
477 493
477 247
477 531
498 358
498 423
498 394
656 189
656 1130
63 845
103 957
590 1051
590 801
590 24
590 552
1039 1011
1039 287
349 995
963 845
963 315
865 358
865 497
2 944
2 691
2 364
2 805
2 464
2 65
2 1071
2 1076
504 189
504 694
504 517
504 24
504 469
504 997
504 1052
581 694
581 584
581 469
581 997
510 385
510 675
510 97
358 1053
358 226
358 402
358 602
358 788
358 552
358 405
1053 423
944 834
944 562
944 691
944 364
944 805
944 1063
944 464
944 323
944 198
944 1116
944 1071
944 953
944 1076
369 402
369 36
369 783
369 1055
369 482
223 226
223 327
223 469
223 35
223 325
223 486
223 243
223 900
223 269
223 813
758 443
758 24
758 160
758 65
758 256
758 165
758 497
758 1003
59 324
824 324
824 586
824 997
189 493
189 1130
189 247
189 531
262 55
717 463
611 493
611 247
611 531
611 1029
611 339
676 402
676 688
676 161
676 1051
676 602
676 83
676 218
226 688
226 602
226 469
226 640
226 18
226 35
226 89
226 325
226 486
226 243
226 1000
226 470
226 173
226 242
327 788
327 35
327 436
533 7
533 1075
402 204
402 745
402 602
402 1128
402 482
385 220
834 357
834 364
834 464
834 323
834 1116
834 1071
834 953
834 1076
530 1011
530 1060
530 924
530 638
324 414
324 199
688 168
688 1030
688 838
688 745
688 1060
688 501
688 561
688 13
688 68
688 94
688 342
688 167
688 1070
688 874
688 125
770 485
694 703
209 287
202 810
202 334
202 657
230 36
230 83
230 885
230 959
230 918
230 917
651 222
651 513
286 1050
286 381
161 1051
161 211
161 602
161 24
161 218
161 843
161 81
161 746
161 683
161 685
161 181
161 1128
161 857
302 1125
562 720
562 618
562 1063
562 971
562 258
562 1074
562 219
562 464
562 1086
562 825
562 859
562 993
720 618
720 691
720 364
720 971
720 258
720 577
720 825
443 271
443 357
443 274
443 691
443 1106
443 361
393 429
393 449
393 76
393 687
271 41
271 420
271 273
271 818
271 429
357 691
705 613
705 960
354 204
204 168
204 71
204 766
204 1051
204 384
204 561
204 55
204 1079
204 181
204 650
204 813
204 1019
41 273
41 334
41 960
420 691
420 613
420 66
273 155
1012 345
1012 766
168 71
168 1103
168 55
168 206
1030 71
462 192
769 28
654 860
654 6
654 52
319 192
568 1011
568 394
568 591
568 822
838 884
838 92
1011 158
1011 122
1011 52
1011 111
1011 438
1011 1069
1011 244
1011 98
827 512
884 959
884 308
517 1077
71 888
345 766
345 511
793 351
550 83
245 229
90 719
90 790
1103 192
708 1063
708 346
860 192
860 6
860 331
860 52
860 0
229 888
229 466
222 83
584 716
584 919
584 135
584 969
716 919
919 135
973 9
973 960
973 931
818 429
22 602
22 599
22 9
274 821
274 366
274 160
282 669
292 783
1051 745
1051 602
1051 218
1051 843
1051 81
745 218
745 181
593 1113
593 396
593 254
593 759
593 21
558 1008
558 88
558 255
558 377
558 992
1060 783
602 417
602 83
602 218
602 81
602 85
602 1055
1113 1084
1113 396
1113 553
1113 956
1113 98
1125 561
36 918
36 134
417 123
516 300
1080 400
1080 435
501 1121
501 936
501 95
627 400
627 193
627 858
801 978
24 589
24 366
24 887
24 1084
24 92
24 269
24 342
619 198
1099 400
885 918
885 783
885 72
589 198
388 669
400 609
429 821
93 160
93 787
366 787
366 557
366 807
810 657
810 704
810 88
810 681
959 646
221 646
221 778
887 9
1084 160
1 173
1 159
918 604
918 146
918 426
918 436
918 312
918 742
918 886
25 254
25 783
25 1128
25 548
469 788
469 325
469 102
469 436
469 886
414 997
414 314
414 408
414 199
798 179
798 571
798 279
121 270
86 1066
86 979
561 845
100 661
45 1025
776 888
618 258
618 577
618 1074
618 1086
618 171
618 825
618 859
618 180
618 572
618 780
691 364
691 805
691 1063
691 931
691 439
364 805
364 464
364 323
364 1116
364 1071
364 953
364 1076
364 61
926 433
926 784
926 679
926 335
805 346
1063 464
1063 825
1063 855
1063 624
1063 917
433 295
433 679
433 335
592 351
1040 205
1057 521
613 66
971 577
971 219
971 336
971 825
258 449
258 577
258 219
258 9
258 825
449 577
449 219
449 1086
449 825
577 219
577 825
219 1086
219 76
67 192
905 553
553 661
464 160
464 323
464 1116
464 1071
464 953
464 1076
287 18
287 89
287 982
287 911
287 242
287 565
287 344
287 313
251 201
251 1008
935 451
423 270
423 394
423 675
423 947
231 3
762 1088
218 843
218 181
843 746
843 72
843 857
281 181
281 33
81 746
599 784
3 172
160 812
160 65
160 256
160 198
334 960
9 960
540 1116
540 819
540 94
540 1106
540 1094
323 1116
323 1071
323 953
323 1076
521 236
521 342
521 1070
521 0
521 367
82 812
270 1130
270 339
529 130
897 11
1016 830
18 89
18 1085
18 1052
18 159
812 65
812 256
13 1000
13 975
661 759
480 254
788 890
788 146
788 325
15 300
746 685
746 181
746 97
881 783
394 675
35 486
35 774
35 375
35 580
1046 813
552 784
65 256
65 1025
256 607
936 346
936 548
936 1115
936 422
936 128
987 1024
987 435
646 638
146 102
146 312
146 742
146 886
89 1052
89 344
89 886
325 102
325 975
325 742
325 886
783 263
308 243
206 486
206 243
206 382
206 158
206 1124
346 923
165 738
165 320
165 236
179 1066
179 253
179 279
933 784
933 923
486 243
486 774
486 1124
243 1124
774 382
774 102
774 436
774 985
191 87
555 681
198 460
1116 1071
1116 953
1116 1076
1071 953
1071 1076
953 1076
649 94
649 172
649 1094
819 61
819 266
94 172
94 738
225 1106
225 730
225 784
225 855
225 624
225 917
225 265
1106 730
1106 784
1106 855
1106 917
172 6
172 1094
1109 930
877 571
571 97
493 247
493 339
981 1025
981 1022
738 731
738 236
738 342
738 1070
1025 679
1025 335
841 236
841 342
841 1070
841 0
841 367
247 531
247 1029
247 339
800 786
730 855
730 917
554 134
234 48
158 1085
6 52
900 813
201 658
29 265
29 929
994 320
994 236
1008 88
1008 255
1086 171
1086 859
171 556
556 180
845 685
1128 85
1000 470
1000 173
1000 975
180 572
180 1003
180 780
924 456
122 111
122 98
784 855
784 917
21 178
638 167
855 917
855 966
88 255
1066 279
253 279
300 497
679 335
470 173
470 242
470 742
470 1124
305 178
252 328
92 789
92 383
972 342
972 1070
972 367
236 342
236 1070
236 874
236 367
497 116
507 512
507 167
512 167
1085 129
1093 159
242 344
650 1070
650 0
102 436
102 312
102 742
102 886
312 742
312 886
742 886
344 1124
675 360
339 367
342 1070
342 874
342 0
342 367
1070 874
1070 0
1070 367
874 367
857 647
0 822
111 98
111 848
255 771
377 992
778 828
886 1124
828 828
