0 558
1 317
2 348
3 129
4 369
5 803
6 1
7 66
8 971
9 1038
10 426
11 465
12 165
13 523
14 1077
15 888
16 924
17 272
18 343
19 487
20 41
21 1040
22 361
23 699
24 161
25 894
26 480
27 707
28 157
29 402
30 1023
31 953
32 153
33 293
34 467
35 1088
36 944
37 914
38 935
39 758
40 195
41 16
42 607
43 110
44 533
45 372
46 7
47 368
48 28
49 131
50 640
51 1082
52 1081
53 150
54 957
55 243
56 287
57 934
58 768
59 267
60 652
61 400
62 118
63 263
64 364
65 949
66 821
67 670
68 769
69 226
70 406
71 1028
72 211
73 770
74 560
75 512
76 514
77 124
78 446
79 853
80 516
81 35
82 969
83 244
84 391
85 469
86 836
87 13
88 936
89 447
90 802
91 230
92 1012
93 422
94 111
95 1033
96 482
97 942
98 941
99 248
100 872
101 584
102 413
103 103
104 1020
105 92
106 460
107 1042
108 824
109 903
110 59
111 277
112 577
113 255
114 456
115 786
116 30
117 169
118 618
119 945
120 692
121 568
122 1037
123 82
124 109
125 75
126 176
127 839
128 586
129 856
130 60
131 423
132 1131
133 691
134 897
135 863
136 251
137 97
138 574
139 237
140 1090
141 581
142 5
143 1001
144 1055
145 1058
146 345
147 338
148 1056
149 178
150 405
151 601
152 682
153 592
154 450
155 1024
156 1015
157 477
158 412
159 589
160 765
161 344
162 726
163 983
164 526
165 212
166 972
167 286
168 778
169 1007
170 44
171 634
172 51
173 438
174 444
175 160
176 503
177 669
178 1107
179 475
180 347
181 862
182 1016
183 298
184 812
185 394
186 490
187 1085
188 1121
189 1013
190 979
191 197
192 74
193 1125
194 1079
195 997
196 1009
197 826
198 476
199 144
200 822
201 252
202 496
203 229
204 621
205 524
206 253
207 984
208 955
209 730
210 29
211 799
212 930
213 647
214 346
215 851
216 513
217 710
218 355
219 311
220 254
221 300
222 743
223 628
224 751
225 733
226 632
227 385
228 79
229 1014
230 158
231 1132
232 639
233 940
234 191
235 401
236 329
237 1043
238 57
239 904
240 357
241 590
242 312
243 965
244 767
245 194
246 238
247 17
248 1089
249 149
250 292
251 859
252 213
253 37
254 196
255 431
256 14
257 641
258 713
259 77
260 1070
261 1109
262 362
263 1126
264 938
265 654
266 314
267 322
268 858
269 428
270 947
271 661
272 121
273 303
274 724
275 202
276 951
277 375
278 797
279 648
280 663
281 133
282 927
283 525
284 557
285 651
286 275
287 43
288 485
289 442
290 33
291 71
292 1045
293 85
294 954
295 67
296 833
297 22
298 956
299 1069
300 1041
301 21
302 1004
303 1066
304 479
305 491
306 297
307 885
308 819
309 742
310 517
311 689
312 975
313 168
314 279
315 988
316 278
317 813
318 776
319 874
320 877
321 845
322 727
323 667
324 452
325 432
326 15
327 795
328 408
329 284
330 159
331 101
332 1105
333 1083
334 729
335 931
336 976
337 373
338 433
339 227
340 459
341 308
342 443
343 107
344 151
345 873
346 1000
347 672
348 119
349 946
350 575
351 741
352 261
353 919
354 69
355 418
356 706
357 1115
358 662
359 933
360 775
361 135
362 644
363 562
364 498
365 190
366 899
367 1002
368 739
369 333
370 611
371 860
372 283
373 507
374 349
375 635
376 95
377 334
378 174
379 384
380 614
381 241
382 398
383 319
384 848
385 1049
386 583
387 698
388 966
389 337
390 875
391 377
392 9
393 937
394 867
395 1065
396 495
397 201
398 94
399 70
400 828
401 54
402 420
403 493
404 63
405 1068
406 887
407 579
408 410
409 673
410 840
411 597
412 1106
413 1098
414 809
415 626
416 1060
417 136
418 1097
419 948
420 167
421 440
422 967
423 463
424 952
425 1044
426 801
427 642
428 869
429 340
430 1127
431 220
432 1073
433 631
434 548
435 1064
436 461
437 740
438 285
439 1103
440 784
441 871
442 1094
443 318
444 257
445 764
446 981
447 4
448 506
449 789
450 416
451 549
452 588
453 1032
454 198
455 609
456 748
457 65
458 542
459 206
460 328
461 462
462 140
463 53
464 421
465 299
466 543
467 823
468 766
469 1080
470 725
471 865
472 268
473 236
474 704
475 445
476 407
477 961
478 573
479 963
480 709
481 179
482 896
483 926
484 1029
485 62
486 850
487 683
488 974
489 1076
490 532
491 757
492 694
493 24
494 280
495 1052
496 831
497 684
498 986
499 624
500 992
501 378
502 225
503 1034
504 643
505 686
506 399
507 204
508 960
509 570
510 810
511 792
512 182
513 980
514 326
515 629
516 676
517 449
518 999
519 788
520 687
521 1051
522 472
523 46
524 539
525 649
526 922
527 780
528 806
529 889
530 690
531 842
532 910
533 722
534 48
535 1008
536 700
537 42
538 99
539 231
540 943
541 750
542 569
543 200
544 1063
545 387
546 36
547 404
548 18
549 501
550 717
551 104
552 808
553 424
554 352
555 830
556 439
557 427
558 351
559 921
560 73
561 928
562 500
563 102
564 925
565 86
566 105
567 973
568 1035
569 723
570 599
571 807
572 250
573 580
574 415
575 486
576 857
577 1030
578 711
579 617
580 1011
581 721
582 309
583 576
584 453
585 633
586 680
587 383
588 11
589 282
590 323
591 886
592 233
593 301
594 117
595 749
596 1071
597 203
598 728
599 962
600 1108
601 249
602 547
603 527
604 156
605 659
606 818
607 994
608 327
609 290
610 381
611 19
612 545
613 982
614 827
615 509
616 316
617 915
618 630
619 734
620 811
621 521
622 677
623 602
624 868
625 606
626 1050
627 791
628 455
629 260
630 1062
631 20
632 81
633 336
634 1005
635 247
636 604
637 116
638 814
639 183
640 756
641 1003
642 429
643 1128
644 505
645 846
646 753
647 668
648 27
649 876
650 396
651 100
652 370
653 901
654 207
655 529
656 122
657 359
658 893
659 350
660 718
661 1018
662 870
663 1117
664 492
665 1101
666 302
667 538
668 866
669 1021
670 246
671 363
672 536
673 760
674 1031
675 8
676 913
677 598
678 902
679 908
680 50
681 464
682 878
683 181
684 655
685 781
686 696
687 306
688 591
689 664
690 1046
691 166
692 291
693 162
694 259
695 64
696 990
697 114
698 289
699 419
700 540
701 304
702 671
703 882
704 1048
705 790
706 563
707 1111
708 714
709 40
710 96
711 155
712 26
713 520
714 143
715 1122
716 269
717 905
718 627
719 679
720 1129
721 855
722 883
723 193
724 805
725 993
726 145
727 1078
728 409
729 1017
730 553
731 205
732 841
733 552
734 217
735 80
736 738
737 115
738 388
739 34
740 1074
741 796
742 761
743 880
744 392
745 307
746 87
747 678
748 732
749 1095
750 436
751 774
752 658
753 1091
754 985
755 701
756 1100
757 638
758 715
759 273
760 186
761 950
762 843
763 353
764 561
765 619
766 175
767 296
768 61
769 499
770 451
771 1110
772 844
773 341
774 478
775 235
776 804
777 137
778 837
779 434
780 623
781 637
782 89
783 1119
784 295
785 389
786 457
787 920
788 88
789 332
790 232
791 585
792 537
793 484
794 358
795 716
796 1010
797 912
798 849
799 386
800 593
801 356
802 1102
803 1006
804 123
805 1093
806 47
807 854
808 1087
809 185
810 265
811 987
812 184
813 58
814 939
815 1054
816 800
817 470
818 216
819 266
820 508
821 1116
822 138
823 657
824 564
825 708
826 78
827 342
828 1096
829 763
830 172
831 84
832 494
833 610
834 1047
835 829
836 239
837 595
838 218
839 554
840 736
841 1026
842 892
843 616
844 511
845 605
846 127
847 188
848 276
849 270
850 262
851 488
852 917
853 330
854 148
855 224
856 91
857 245
858 772
859 0
860 380
861 56
862 23
863 147
864 93
865 747
866 596
867 1027
868 817
869 471
870 1039
871 660
872 125
873 209
874 171
875 612
876 932
877 551
878 665
879 52
880 164
881 324
882 12
883 534
884 587
885 321
886 113
887 2
888 1104
889 39
890 397
891 735
892 1120
893 572
894 1072
895 154
896 653
897 835
898 126
899 825
900 832
901 898
902 1099
903 376
904 900
905 550
906 374
907 656
908 705
909 10
910 242
911 923
912 771
913 815
914 163
915 393
916 132
917 31
918 6
919 458
920 414
921 139
922 448
923 615
924 68
925 354
926 473
927 834
928 608
929 379
930 782
931 258
932 719
933 613
934 909
935 712
936 697
937 600
938 173
939 720
940 187
941 646
942 793
943 474
944 879
945 365
946 977
947 746
948 208
949 288
950 45
951 777
952 622
953 1022
954 1057
955 519
956 515
957 310
958 128
959 367
960 911
961 998
962 72
963 567
964 785
965 582
966 112
967 120
968 703
969 541
970 754
971 864
972 645
973 759
974 907
975 535
976 1124
977 798
978 1067
979 331
980 1025
981 838
982 688
983 481
984 779
985 731
986 3
987 964
988 466
989 130
990 437
991 256
992 566
993 234
994 325
995 1086
996 403
997 544
998 991
999 83
1000 783
1001 339
1002 884
1003 98
1004 636
1005 995
1006 968
1007 32
1008 970
1009 1114
1010 578
1011 959
1012 49
1013 518
1014 417
1015 752
1016 281
1017 25
1018 847
1019 214
1020 620
1021 989
1022 773
1023 1036
1024 794
1025 441
1026 228
1027 222
1028 294
1029 1061
1030 199
1031 382
1032 313
1033 192
1034 1092
1035 108
1036 106
1037 1075
1038 315
1039 1123
1040 530
1041 531
1042 565
1043 594
1044 180
1045 702
1046 221
1047 497
1048 546
1049 223
1050 371
1051 755
1052 674
1053 787
1054 271
1055 745
1056 240
1057 559
1058 666
1059 454
1060 996
1061 603
1062 55
1063 625
1064 929
1065 489
1066 435
1067 264
1068 146
1069 468
1070 425
1071 76
1072 142
1073 38
1074 571
1075 170
1076 522
1077 274
1078 335
1079 430
1080 816
1081 141
1082 891
1083 305
1084 411
1085 1019
1086 916
1087 744
1088 134
1089 555
1090 1118
1091 504
1092 675
1093 1084
1094 895
1095 390
1096 483
1097 978
1098 1113
1099 189
1100 90
1101 219
1102 906
1103 918
1104 693
1105 685
1106 958
1107 881
1108 1130
1109 852
1110 1053
1111 556
1112 890
1113 820
1114 861
1115 395
1116 502
1117 528
1118 762
1119 177
1120 650
1121 210
1122 681
1123 737
1124 366
1125 360
1126 1059
1127 695
1128 152
1129 320
1130 215
1131 1112
1132 510
