0 1052
1 115
2 505
3 614
4 767
5 174
6 1043
7 737
8 242
9 952
10 799
11 410
12 292
13 158
14 986
15 464
16 1111
17 525
18 978
19 264
20 73
21 196
22 931
23 584
24 832
25 101
26 1023
27 451
28 1029
29 1131
30 453
31 263
32 123
33 508
34 1048
35 1039
36 551
37 1085
38 836
39 660
40 285
41 764
42 479
43 15
44 211
45 840
46 927
47 83
48 863
49 209
50 402
51 691
52 267
53 461
54 776
55 577
56 499
57 471
58 532
59 885
60 354
61 1074
62 303
63 200
64 588
65 1072
66 1010
67 689
68 1082
69 156
70 1065
71 1112
72 1104
73 958
74 997
75 465
76 97
77 157
78 489
79 195
80 325
81 148
82 450
83 310
84 641
85 398
86 605
87 54
88 474
89 522
90 924
91 723
92 732
93 71
94 293
95 52
96 516
97 87
98 671
99 548
100 1114
101 90
102 920
103 475
104 287
105 968
106 652
107 874
108 403
109 357
110 467
111 648
112 212
113 677
114 923
115 276
116 377
117 151
118 62
119 655
120 114
121 336
122 996
123 438
124 984
125 615
126 153
127 549
128 32
129 340
130 556
131 896
132 553
133 929
134 1008
135 991
136 213
137 976
138 512
139 906
140 17
141 146
142 425
143 226
144 956
145 601
146 515
147 994
148 898
149 526
150 892
151 669
152 838
153 220
154 434
155 333
156 78
157 750
158 45
159 770
160 184
161 111
162 1068
163 751
164 592
165 441
166 809
167 1016
168 578
169 706
170 409
171 469
172 419
173 698
174 807
175 636
176 372
177 400
178 273
179 401
180 504
181 437
182 567
183 738
184 644
185 965
186 298
187 500
188 481
189 1032
190 559
191 1109
192 1069
193 702
194 272
195 811
196 181
197 23
198 1084
199 1092
200 495
201 332
202 140
203 784
204 1121
205 168
206 712
207 966
208 861
209 631
210 857
211 1083
212 610
213 1059
214 13
215 791
216 80
217 638
218 299
219 1037
220 119
221 1025
222 889
223 29
224 166
225 1004
226 754
227 362
228 907
229 820
230 926
231 801
232 749
233 725
234 65
235 1033
236 824
237 1011
238 564
239 905
240 501
241 215
242 600
243 1076
244 382
245 155
246 649
247 629
248 341
249 617
250 1093
251 431
252 544
253 974
254 1045
255 443
256 856
257 457
258 314
259 1046
260 635
261 883
262 771
263 233
264 814
265 429
266 84
267 909
268 188
269 79
270 514
271 589
272 594
273 1089
274 676
275 270
276 319
277 55
278 76
279 301
280 865
281 506
282 1118
283 684
284 609
285 369
286 1
287 1017
288 61
289 183
290 826
291 815
292 252
293 321
294 779
295 284
296 804
297 1034
298 803
299 950
300 143
301 1024
302 141
303 281
304 1079
305 177
306 50
307 1061
308 378
309 122
310 825
311 396
312 734
313 180
314 201
315 595
316 704
317 979
318 165
319 1022
320 760
321 944
322 137
323 47
324 707
325 1108
326 1014
327 1030
328 507
329 1107
330 85
331 164
332 773
333 795
334 1000
335 1078
336 570
337 1087
338 390
339 901
340 415
341 38
342 488
343 235
344 718
345 92
346 1054
347 583
348 890
349 1071
350 552
351 262
352 739
353 477
354 189
355 458
356 334
357 897
358 794
359 286
360 911
361 524
362 1001
363 72
364 152
365 969
366 345
367 70
368 260
369 238
370 778
371 375
372 255
373 998
374 245
375 35
376 925
377 395
378 557
379 722
380 466
381 133
382 967
383 414
384 679
385 106
386 1122
387 602
388 176
389 598
390 311
391 358
392 612
393 1053
394 748
395 816
396 855
397 134
398 900
399 1057
400 39
401 790
402 756
403 813
404 1044
405 418
406 449
407 1100
408 470
409 75
410 858
411 483
412 990
413 817
414 1055
415 315
416 404
417 964
418 797
419 161
420 731
421 169
422 274
423 69
424 386
425 634
426 763
427 82
428 921
429 710
430 329
431 240
432 25
433 668
434 591
435 879
436 1028
437 194
438 670
439 992
440 223
441 187
442 352
443 560
444 579
445 782
446 543
447 1086
448 593
449 703
450 983
451 394
452 835
453 546
454 480
455 107
456 574
457 918
458 528
459 864
460 537
461 1080
462 980
463 852
464 841
465 688
466 854
467 5
468 1041
469 957
470 1042
471 899
472 109
473 190
474 53
475 254
476 740
477 8
478 175
479 399
480 720
481 692
482 884
483 131
484 792
485 405
486 118
487 700
488 932
489 912
490 895
491 985
492 780
493 627
494 206
495 463
496 938
497 828
498 705
499 853
500 423
501 218
502 672
503 494
504 42
505 192
506 1038
507 888
508 312
509 886
510 810
511 100
512 848
513 637
514 28
515 147
516 1007
517 919
518 232
519 324
520 625
521 154
522 383
523 910
524 972
525 736
526 518
527 349
528 282
529 741
530 785
531 421
532 1064
533 160
534 447
535 674
536 654
537 517
538 869
539 946
540 616
541 424
542 1117
543 562
544 22
545 171
546 224
547 686
548 149
549 193
550 207
551 368
552 380
553 542
554 417
555 608
556 1026
557 44
558 995
559 37
560 342
561 473
562 717
563 330
564 1097
565 51
566 16
567 346
568 730
569 93
570 77
571 30
572 830
573 752
574 831
575 611
576 755
577 56
578 955
579 839
580 339
581 361
582 199
583 721
584 701
585 503
586 639
587 806
588 646
589 842
590 805
591 468
592 356
593 582
594 68
595 1031
596 120
597 941
598 20
599 821
600 859
601 316
602 130
603 850
604 1088
605 304
606 1124
607 259
608 198
609 783
610 125
611 650
612 662
613 236
614 96
615 502
616 882
617 633
618 484
619 88
620 812
621 908
622 989
623 1102
624 496
625 388
626 843
627 485
628 246
629 743
630 963
631 603
632 1099
633 509
634 1060
635 675
636 621
637 338
638 497
639 521
640 26
641 1013
642 19
643 1063
644 961
645 135
646 1105
647 7
648 1096
649 228
650 455
651 60
652 587
653 63
654 43
655 1035
656 142
657 837
658 775
659 870
660 144
661 937
662 1062
663 347
664 613
665 103
666 486
667 432
668 657
669 745
670 191
671 818
672 607
673 416
674 713
675 129
676 787
677 132
678 389
679 393
680 363
681 716
682 308
683 513
684 571
685 917
686 1094
687 1132
688 406
689 653
690 563
691 877
692 873
693 862
694 370
695 202
696 781
697 121
698 21
699 558
700 568
701 244
702 1123
703 452
704 57
705 459
706 185
707 328
708 435
709 735
710 91
711 667
712 930
713 954
714 547
715 280
716 719
717 353
718 289
719 626
720 540
721 913
722 1119
723 683
724 387
725 365
726 894
727 975
728 374
729 1012
730 694
731 296
732 1027
733 27
734 1075
735 472
736 951
737 829
738 197
739 300
740 1051
741 939
742 604
743 586
744 742
745 221
746 41
747 844
748 268
749 597
750 606
751 36
752 49
753 576
754 645
755 275
756 355
757 239
758 1021
759 945
760 632
761 163
762 412
763 46
764 110
765 726
766 182
767 541
768 1113
769 687
770 834
771 498
772 772
773 624
774 845
775 40
776 1120
777 1130
778 1056
779 487
780 428
781 1081
782 973
783 12
784 1110
785 112
786 230
787 326
788 493
789 408
790 214
791 173
792 454
793 519
794 793
795 933
796 555
797 554
798 381
799 127
800 317
801 256
802 893
803 1006
804 295
805 1009
806 2
807 476
808 715
809 350
810 351
811 113
812 682
813 531
814 891
815 618
816 178
817 993
818 798
819 868
820 108
821 527
822 999
823 620
824 728
825 145
826 887
827 988
828 714
829 1090
830 1067
831 1116
832 1129
833 225
834 663
835 580
836 99
837 159
838 337
839 659
840 566
841 695
842 1058
843 222
844 940
845 1128
846 58
847 699
848 569
849 823
850 366
851 217
852 253
853 872
854 234
855 808
856 758
857 977
858 678
859 875
860 948
861 538
862 878
863 229
864 117
865 105
866 746
867 64
868 947
869 247
870 277
871 491
872 534
873 708
874 665
875 385
876 789
877 172
878 116
879 1115
880 89
881 523
882 590
883 585
884 258
885 167
886 581
887 241
888 250
889 690
890 288
891 59
892 343
893 922
894 1070
895 949
896 309
897 128
898 33
899 482
900 66
901 1019
902 335
903 265
904 867
905 511
906 768
907 31
908 24
909 833
910 651
911 422
912 827
913 0
914 661
915 243
916 1003
917 822
918 14
919 227
920 697
921 744
922 210
923 1050
924 709
925 1047
926 914
927 753
928 323
929 490
930 219
931 98
932 871
933 3
934 1125
935 307
936 936
937 599
938 430
939 124
940 943
941 208
942 619
943 462
944 942
945 440
946 1018
947 456
948 18
949 136
950 460
951 344
952 572
953 1049
954 982
955 1005
956 727
957 711
958 529
959 766
960 876
961 379
962 539
963 203
964 297
965 305
966 565
967 444
968 769
969 788
970 257
971 371
972 313
973 664
974 533
975 6
976 630
977 681
978 904
979 439
980 291
981 1036
982 640
983 331
984 622
985 179
986 306
987 294
988 364
989 283
990 445
991 647
992 4
993 762
994 74
995 953
996 290
997 407
998 777
999 1101
1000 765
1001 95
1002 1066
1003 139
1004 102
1005 903
1006 573
1007 1098
1008 216
1009 902
1010 318
1011 248
1012 81
1013 279
1014 623
1015 1095
1016 186
1017 271
1018 1103
1019 411
1020 880
1021 269
1022 348
1023 866
1024 1106
1025 747
1026 278
1027 367
1028 391
1029 420
1030 970
1031 320
1032 322
1033 642
1034 656
1035 535
1036 536
1037 446
1038 1040
1039 1077
1040 981
1041 658
1042 261
1043 761
1044 846
1045 1002
1046 987
1047 67
1048 327
1049 1020
1050 426
1051 881
1052 48
1053 10
1054 433
1055 819
1056 204
1057 962
1058 237
1059 34
1060 384
1061 757
1062 520
1063 11
1064 693
1065 1015
1066 448
1067 959
1068 916
1069 150
1070 249
1071 359
1072 205
1073 530
1074 680
1075 935
1076 643
1077 733
1078 9
1079 729
1080 860
1081 802
1082 1091
1083 800
1084 685
1085 478
1086 427
1087 302
1088 360
1089 86
1090 266
1091 1126
1092 397
1093 971
1094 392
1095 696
1096 1127
1097 786
1098 510
1099 934
1100 251
1101 673
1102 774
1103 628
1104 851
1105 492
1106 1073
1107 436
1108 376
1109 138
1110 162
1111 847
1112 759
1113 561
1114 231
1115 373
1116 575
1117 928
1118 849
1119 724
1120 666
1121 545
1122 413
1123 915
1124 442
1125 960
1126 596
1127 796
1128 104
1129 94
1130 126
1131 550
1132 170
