0 230
1 816
2 1049
3 1056
4 1062
5 1008
6 851
7 1030
8 643
9 380
10 646
11 966
12 677
13 1131
14 986
15 5
16 487
17 377
18 453
19 865
20 1097
21 747
22 367
23 777
24 728
25 1051
26 397
27 1077
28 14
29 62
30 1081
31 267
32 309
33 317
34 374
35 362
36 484
37 75
38 631
39 131
40 94
41 361
42 558
43 892
44 812
45 891
46 490
47 780
48 758
49 1042
50 724
51 167
52 1023
53 44
54 485
55 429
56 478
57 27
58 610
59 447
60 1044
61 406
62 998
63 925
64 635
65 331
66 813
67 514
68 42
69 710
70 451
71 566
72 171
73 144
74 293
75 680
76 796
77 947
78 477
79 382
80 43
81 66
82 859
83 400
84 847
85 126
86 373
87 398
88 634
89 300
90 562
91 992
92 104
93 414
94 463
95 955
96 896
97 280
98 379
99 270
100 438
101 1130
102 313
103 515
104 253
105 1066
106 9
107 888
108 413
109 823
110 277
111 606
112 273
113 198
114 1119
115 1105
116 613
117 285
118 311
119 64
120 545
121 357
122 1021
123 257
124 456
125 45
126 663
127 1032
128 522
129 596
130 620
131 559
132 1053
133 614
134 115
135 159
136 975
137 727
138 135
139 22
140 1038
141 551
142 1046
143 560
144 79
145 612
146 396
147 109
148 60
149 1028
150 664
151 881
152 882
153 305
154 480
155 322
156 822
157 208
158 58
159 585
160 790
161 756
162 759
163 502
164 699
165 757
166 583
167 510
168 917
169 256
170 870
171 239
172 190
173 195
174 1012
175 540
176 1001
177 712
178 86
179 602
180 609
181 1080
182 831
183 63
184 1024
185 949
186 534
187 148
188 1061
189 304
190 671
191 987
192 582
193 281
194 295
195 729
196 939
197 430
198 415
199 366
200 457
201 977
202 978
203 568
204 755
205 1083
206 176
207 957
208 161
209 844
210 706
211 412
212 488
213 187
214 85
215 143
216 592
217 548
218 905
219 688
220 133
221 809
222 170
223 715
224 97
225 147
226 321
227 730
228 231
229 1093
230 651
231 878
232 1118
233 873
234 968
235 200
236 1092
237 850
238 645
239 455
240 348
241 660
242 31
243 773
244 1088
245 47
246 51
247 124
248 76
249 468
250 426
251 347
252 539
253 1005
254 88
255 988
256 318
257 163
258 1110
259 376
260 934
261 1010
262 516
263 153
264 889
265 106
266 738
267 808
268 454
269 276
270 572
271 290
272 252
273 536
274 96
275 1068
276 860
277 107
278 650
279 521
280 1123
281 112
282 929
283 227
284 493
285 806
286 213
287 1037
288 402
289 18
290 467
291 997
292 89
293 969
294 424
295 1082
296 77
297 550
298 826
299 1109
300 1090
301 1091
302 13
303 740
304 911
305 360
306 912
307 473
308 117
309 817
310 291
311 864
312 462
313 372
314 34
315 586
316 552
317 1052
318 327
319 810
320 581
321 422
322 542
323 1085
324 694
325 87
326 695
327 901
328 753
329 815
330 1114
331 718
332 696
333 1055
334 469
335 799
336 907
337 564
338 320
339 1009
340 794
341 509
342 1040
343 701
344 29
345 121
346 985
347 36
348 450
349 994
350 8
351 656
352 363
353 202
354 146
355 472
356 250
357 1007
358 659
359 512
360 259
361 530
362 1132
363 289
364 1101
365 489
366 251
367 1128
368 682
369 636
370 792
371 961
372 1002
373 1106
374 399
375 538
376 238
377 232
378 95
379 818
380 885
381 325
382 449
383 1070
384 224
385 421
386 1115
387 269
388 723
389 38
390 113
391 622
392 102
393 763
394 138
395 1094
396 54
397 1064
398 984
399 862
400 140
401 495
402 932
403 499
404 982
405 286
406 127
407 1126
408 909
409 811
410 470
411 458
412 1103
413 292
414 983
415 1060
416 623
417 123
418 354
419 1086
420 329
421 248
422 673
423 513
424 342
425 1025
426 272
427 92
428 1043
429 425
430 23
431 326
432 221
433 779
434 116
435 186
436 183
437 598
438 1111
439 630
440 913
441 188
442 837
443 443
444 474
445 820
446 358
447 1
448 525
449 201
450 795
451 437
452 833
453 669
454 857
455 99
456 954
457 835
458 344
459 241
460 772
461 6
462 546
463 381
464 733
465 638
466 508
467 93
468 297
469 999
470 242
471 879
472 122
473 601
474 315
475 615
476 708
477 980
478 770
479 737
480 1117
481 298
482 979
483 1065
484 114
485 158
486 918
487 781
488 529
489 874
490 428
491 346
492 191
493 628
494 633
495 657
496 284
497 210
498 900
499 16
500 685
501 797
502 448
503 951
504 830
505 392
506 255
507 703
508 410
509 785
510 705
511 136
512 173
513 647
514 1124
515 386
516 861
517 1011
518 974
519 554
520 411
521 403
522 956
523 229
524 991
525 764
526 1034
527 26
528 571
529 943
530 507
531 683
532 395
533 91
534 953
535 288
536 303
537 995
538 580
539 471
540 644
541 294
542 1072
543 199
544 184
545 1076
546 919
547 594
548 1122
549 37
550 786
551 1096
552 498
553 234
554 351
555 641
556 419
557 504
558 258
559 236
560 700
561 578
562 439
563 1016
564 1089
565 1014
566 41
567 717
568 503
569 266
570 408
571 132
572 639
573 838
574 904
575 791
576 349
577 563
578 575
579 579
580 353
581 282
582 206
583 283
584 920
585 625
586 674
587 798
588 621
589 624
590 702
591 807
592 246
593 383
594 845
595 593
596 1018
597 341
598 262
599 906
600 853
601 549
602 24
603 196
604 855
605 1116
606 661
607 152
608 1020
609 577
610 177
611 541
612 839
613 332
614 1059
615 355
616 141
617 324
618 662
619 1129
620 169
621 264
622 1022
623 840
624 390
625 765
626 168
627 801
628 1063
629 952
630 500
631 735
632 1036
633 1102
634 769
635 254
636 129
637 486
638 459
639 245
640 409
641 767
642 197
643 72
644 497
645 632
646 890
647 70
648 2
649 10
650 352
651 532
652 944
653 611
654 897
655 893
656 524
657 903
658 587
659 858
660 946
661 464
662 1048
663 225
664 517
665 80
666 856
667 908
668 800
669 57
670 970
671 218
672 81
673 814
674 268
675 679
676 1100
677 600
678 842
679 686
680 748
681 824
682 720
683 496
684 215
685 883
686 526
687 494
688 1039
689 678
690 668
691 931
692 1031
693 491
694 910
695 278
696 314
697 567
698 926
699 181
700 752
701 211
702 263
703 1095
704 118
705 584
706 1058
707 523
708 441
709 843
710 479
711 963
712 1071
713 19
714 1125
715 244
716 591
717 627
718 165
719 223
720 339
721 17
722 128
723 948
724 725
725 726
726 935
727 166
728 442
729 921
730 537
731 193
732 570
733 981
734 964
735 732
736 1098
737 629
738 520
739 616
740 553
741 20
742 1073
743 461
744 565
745 556
746 819
747 884
748 32
749 476
750 803
751 378
752 432
753 749
754 880
755 337
756 154
757 356
758 434
759 687
760 1035
761 805
762 369
763 389
764 156
765 760
766 388
767 157
768 130
769 714
770 923
771 590
772 84
773 125
774 11
775 784
776 405
777 928
778 692
779 693
780 431
781 1050
782 275
783 440
784 945
785 783
786 852
787 941
788 338
789 482
790 915
791 340
792 1019
793 460
794 4
795 741
796 937
797 895
798 776
799 1029
800 212
801 902
802 423
803 149
804 1074
805 670
806 604
807 962
808 746
809 475
810 762
811 973
812 854
813 446
814 653
815 848
816 658
817 179
818 142
819 1003
820 445
821 709
822 249
823 433
824 40
825 617
826 417
827 368
828 296
829 110
830 976
831 731
832 599
833 465
834 1104
835 466
836 832
837 1107
838 182
839 1047
840 401
841 967
842 385
843 667
844 299
845 849
846 312
847 69
848 608
849 384
850 83
851 899
852 73
853 894
854 319
855 407
856 787
857 328
858 528
859 15
860 711
861 691
862 958
863 649
864 33
865 626
866 1087
867 576
868 569
869 1099
870 916
871 151
872 804
873 1006
874 71
875 226
876 690
877 481
878 527
879 1027
880 789
881 681
882 35
883 872
884 1079
885 1041
886 492
887 589
888 55
889 370
890 228
891 996
892 330
893 1033
894 420
895 271
896 359
897 557
898 825
899 707
900 665
901 603
902 46
903 82
904 25
905 364
906 222
907 204
908 802
909 989
910 1045
911 959
912 302
913 108
914 335
915 1004
916 247
917 588
918 828
919 652
920 942
921 555
922 105
923 345
924 307
925 990
926 137
927 1084
928 829
929 505
930 50
931 993
932 867
933 56
934 782
935 936
936 1017
937 761
938 120
939 742
940 139
941 876
942 391
943 203
944 233
945 739
946 59
947 12
948 547
949 162
950 698
951 922
952 279
953 654
954 704
955 573
956 260
957 365
958 689
959 924
960 1000
961 21
962 719
963 574
964 189
965 30
966 950
967 1015
968 1078
969 1121
970 778
971 185
972 877
973 49
974 145
975 886
976 750
977 1127
978 39
979 175
980 287
981 274
982 214
983 67
984 375
985 501
986 754
987 306
988 436
989 666
990 716
991 119
992 531
993 323
994 914
995 640
996 207
997 101
998 68
999 834
1000 721
1001 960
1002 404
1003 205
1004 766
1005 3
1006 506
1007 930
1008 1120
1009 511
1010 722
1011 310
1012 219
1013 0
1014 52
1015 771
1016 216
1017 1026
1018 871
1019 965
1020 308
1021 672
1022 869
1023 543
1024 1075
1025 544
1026 336
1027 637
1028 518
1029 971
1030 483
1031 1054
1032 1112
1033 394
1034 863
1035 618
1036 713
1037 793
1038 927
1039 938
1040 734
1041 868
1042 53
1043 533
1044 301
1045 261
1046 160
1047 1113
1048 65
1049 164
1050 887
1051 655
1052 111
1053 519
1054 61
1055 675
1056 100
1057 836
1058 180
1059 745
1060 940
1061 619
1062 74
1063 744
1064 194
1065 697
1066 418
1067 28
1068 350
1069 316
1070 220
1071 150
1072 535
1073 343
1074 595
1075 775
1076 134
1077 972
1078 1108
1079 933
1080 178
1081 416
1082 265
1083 90
1084 821
1085 827
1086 875
1087 78
1088 235
1089 605
1090 240
1091 607
1092 743
1093 435
1094 898
1095 192
1096 237
1097 736
1098 684
1099 1067
1100 155
1101 642
1102 48
1103 103
1104 452
1105 333
1106 174
1107 243
1108 846
1109 676
1110 751
1111 98
1112 788
1113 774
1114 7
1115 387
1116 371
1117 841
1118 597
1119 427
1120 768
1121 648
1122 561
1123 393
1124 334
1125 172
1126 1069
1127 209
1128 217
1129 444
1130 866
1131 1013
1132 1057
