0.975 0.976
0.003 0.003
0.003 0.003
0.975 0.976
0.950 0.946 0.941 0.959
   ma    mb  gmab
    0   230   230
    1   202   202
    2   907   907
    3   553   553
    4   187   187
    5   308   308
    6    68    68
    7   467   467
    8   983   983
    9   217   217
   10    45    45
   11   364   364
   12   418   418
   13   511   511
   14   852   852
   15   552   552
   16  1062  1062
   17   399   399
   18   630   630
   19   119   119
   20   111   111
   21   903   903
   22   886   886
   23   482   482
   24    37    37
   25   739   739
   26  1046  1046
   27   160   160
   28   657   657
   29   823   823
   30   314   314
   31   921   921
   32   459   459
   33    98    98
   34   388   388
   35   565  1050
   36  1050   565
   37    47    47
   38   368   368
   39   377   377
   40   666   666
   41   232   232
   42   879   879
   43  1114  1114
   44   295   295
   45   457   457
   46   697   697
   47   934   934
   48   563   563
   49   499   499
   50   805   805
   51    51    51
   52   968   968
   53   557   557
   54   447   447
   55   693   693
   56   607   607
   57   878   878
   58   517   517
   59   238   238
   60   130   130
   61  1059  1059
   62   974   974
   63   670   670
   64   213   213
   65   734   734
   66   750   750
   67   899   899
   68   617   617
   69   706   706
   70   489   489
   71   349   349
   72   321   321
   73   108   108
   74   107   107
   75   173   173
   76   562   562
   77   760   760
   78    28    28
   79   579   579
   80   411   411
   81   338   338
   82   926   926
   83   302   302
   84   106   106
   85    18    18
   86   906   906
   87   919   919
   88   283   283
   89  1069  1069
   90   861   861
   91  1084  1084
   92   809   809
   93   877   877
   94   880   880
   95    39    39
   96  1004  1004
   97   804   804
   98   205   205
   99   461   461
  100   594   594
  101   972   972
  102   528   528
  103   128   128
  104   188   188
  105   822   822
  106   510   510
  107  1081  1081
  108   298   298
  109  1007  1007
  110   736   736
  111   523   523
  112   122   122
  113    31    31
  114   206   206
  115   731   731
  116  1041  1041
  117  1077  1077
  118   681   681
  119   753   753
  120   406   406
  121   154   154
  122   591   591
  123   392   392
  124   586   586
  125   223   223
  126   259   259
  127   673   673
  128   426   426
  129   628   628
  130   830   830
  131   133   133
  132   476   476
  133     9     9
  134   976   976
  135  1060  1060
  136   261   261
  137   494   494
  138   462   462
  139   870   870
  140   938   938
  141   800   800
  142   980   980
  143   910   910
  144   820   820
  145   254   254
  146   395   395
  147    10    10
  148   381   381
  149   794   794
  150   931   931
  151   863   863
  152   460   460
  153   836   836
  154   574   574
  155   744   744
  156   495   495
  157   121   121
  158   996   996
  159  1037  1037
  160   446   446
  161   193   193
  162   587   587
  163  1047  1047
  164  1086  1086
  165   514   514
  166   195   195
  167   222   222
  168   904   904
  169  1020  1020
  170  1017  1017
  171  1085  1085
  172   250   250
  173   513   513
  174  1038  1038
  175   475   475
  176   445   445
  177   672   672
  178   189   189
  179  1053  1053
  180   277   277
  181   328   328
  182   807   807
  183   175   175
  184   783   783
  185   334   334
  186   204   204
  187   593   593
  188   708   708
  189  1013  1013
  190   865   865
  191   832   832
  192   994   994
  193   162   162
  194   180   180
  195  1125  1125
  196    60    60
  197    58    58
  198   366   366
  199   506   506
  200   923   923
  201   789   789
  202   604   604
  203   871   871
  204   263   263
  205   479   479
  206   144   144
  207   884   884
  208   712   712
  209   330   330
  210   741   741
  211   813   813
  212   999   999
  213   937   937
  214   840   840
  215   120   120
  216    80    80
  217   272   272
  218   396   396
  219   621   621
  220    96    96
  221   950   950
  222   811   811
  223   569   569
  224   776   776
  225   372   372
  226   535   535
  227   306   306
  228   668   668
  229   669   669
  230   456   456
  231   784   784
  232   819   819
  233   158   158
  234  1014  1014
  235   341   341
  236   882   882
  237   573   573
  238    32    32
  239   624   624
  240   806   806
  241  1028  1028
  242   603   603
  243   954   954
  244   988   988
  245  1054  1054
  246   572   572
  247   773   773
  248   151   151
  249   951   951
  250   407   407
  251   183   183
  252    29    29
  253  1075  1075
  254   478   478
  255    15    15
  256  1061  1061
  257   862   862
  258   436   436
  259   425   425
  260   902   902
  261   147   147
  262   642   642
  263   408   408
  264   207   207
  265   817   817
  266   433   433
  267   533   533
  268   678   678
  269   288   288
  270   371   371
  271  1106  1106
  272   742   742
  273   132   132
  274   829   829
  275   671   671
  276   913   913
  277    77    77
  278  1000  1000
  279  1128  1128
  280   386   386
  281   171   171
  282   233   233
  283   182   182
  284   674   674
  285   530   530
  286   214   214
  287   237   237
  288   887   887
  289    72    72
  290   721   721
  291   253   253
  292   316   316
  293   645   645
  294   139   139
  295    40    40
  296  1083  1083
  297   228   228
  298   454   454
  299   389   389
  300   589   589
  301   580   580
  302   855   855
  303  1097  1097
  304    12    12
  305   390   390
  306   165   165
  307   649   649
  308   113   113
  309   278   278
  310   203   203
  311   520   520
  312   398   398
  313   793   793
  314  1057  1057
  315   680   680
  316   638   638
  317   491   491
  318   958   958
  319  1063  1063
  320   129   129
  321   911   911
  322   244   244
  323   335   335
  324    61    61
  325   322   322
  326   515   515
  327   369   369
  328   922   922
  329   847   847
  330   531   531
  331   703   703
  332  1127  1127
  333   265   265
  334   124   124
  335   576   576
  336   717   717
  337   943   943
  338   729   729
  339   963   963
  340  1034  1034
  341   301   301
  342   143   143
  343   997   997
  344   726   726
  345   268   268
  346   155   155
  347   682   682
  348   493   493
  349   606   606
  350  1012  1012
  351   659   659
  352   404   404
  353   766   766
  354   449   449
  355   379   379
  356   325   325
  357  1066  1066
  358  1016  1016
  359   895   895
  360   229   229
  361    30    30
  362   393   393
  363    55    55
  364   853   853
  365   646   646
  366   967   967
  367   566   566
  368  1040  1040
  369   614   614
  370   812   812
  371   383   383
  372  1100  1100
  373   400   400
  374   440   440
  375     2     2
  376   912   912
  377   149   149
  378   993   993
  379   112   112
  380   747   747
  381  1052  1052
  382   720   720
  383   881   881
  384   991   991
  385   161   161
  386   274   274
  387   258   258
  388   929   929
  389   339   339
  390   995   995
  391   267   267
  392   551   551
  393   501   501
  394   245   245
  395   774   774
  396   210   210
  397   315   315
  398    17    17
  399   763   763
  400   269   269
  401   599   599
  402   275   275
  403   484   484
  404   730   730
  405   503   503
  406   605   605
  407   850   850
  408   421   421
  409    79    79
  410   194   194
  411  1071  1071
  412   893   893
  413   691   691
  414    16    16
  415   455   455
  416   782   782
  417   654   654
  418   394   394
  419   930   930
  420  1043  1043
  421   340   340
  422   616   616
  423   104   104
  424   539   539
  425   496   496
  426   184   184
  427  1132  1132
  428   169   169
  429  1096  1096
  430   118   118
  431    64    64
  432   802   802
  433   647   647
  434   526   526
  435   854   854
  436   174   174
  437   350   350
  438   355   355
  439   686   686
  440   872   872
  441   138   138
  442    73    73
  443   940   940
  444   481   481
  445   608   608
  446   286   286
  447   172   172
  448   518   518
  449   768   768
  450   289   289
  451   698   698
  452    48    48
  453   778   778
  454   662   662
  455   300   300
  456   825   825
  457   435   435
  458   725   725
  459  1087  1087
  460   219   219
  461   439   439
  462   891   891
  463   280   280
  464   220   220
  465   365   365
  466   713   713
  467   745   745
  468    88    88
  469   771   771
  470   312   312
  471    93    93
  472   307   307
  473   126   126
  474   898   898
  475   798   798
  476   827   827
  477   952   952
  478   699   699
  479   239   239
  480   779   779
  481   613   613
  482   690   690
  483   497   497
  484   577   577
  485    54    54
  486  1009  1009
  487   224   224
  488   136   136
  489   900   900
  490    56    56
  491  1068  1068
  492   376   687
  493   687   376
  494   438   438
  495   590   590
  496  1101  1101
  497    46    46
  498   374   374
  499   684   684
  500    89    89
  501   264   264
  502   329   329
  503   168   168
  504   733   733
  505   428   428
  506    49    49
  507  1078  1078
  508   959   959
  509   468   468
  510  1032  1032
  511  1126  1126
  512   354   354
  513   615   615
  514   117   117
  515  1082  1082
  516   453   453
  517   331   331
  518  1094  1094
  519   536   536
  520   568   568
  521    82    82
  522    23    23
  523   592   592
  524    75    75
  525  1118  1118
  526   676   676
  527    22    22
  528   225   225
  529   131   131
  530   422   422
  531   465   465
  532   159   159
  533   755   755
  534   925   925
  535   385   385
  536    38    38
  537   843   843
  538   973   973
  539   257   257
  540    33    33
  541   243   243
  542    44    44
  543   170   170
  544   650   650
  545   653   653
  546   942   942
  547   252   252
  548   602   602
  549   705   705
  550   363   363
  551   808   808
  552   358   358
  553    41    41
  554   391   391
  555   846   846
  556  1011  1011
  557  1056  1056
  558  1029  1029
  559   578   578
  560   780   780
  561   818   818
  562  1098  1098
  563   348   348
  564   313   313
  565   541   541
  566   235   235
  567   327   327
  568  1018  1018
  569   795   795
  570    94    94
  571   583   583
  572   667   667
  573    65    65
  574   652   652
  575   727   727
  576   759   759
  577   208   208
  578   960   960
  579   815   815
  580   524   524
  581   361   361
  582   309   309
  583   437   437
  584   984   984
  585    35    35
  586    57    57
  587   293   293
  588   304   304
  589   658   658
  590   256   256
  591   490   490
  592   914   914
  593   625   625
  594  1124  1124
  595   600   600
  596  1026  1026
  597  1123  1123
  598   970   970
  599   596   596
  600    97    97
  601  1103  1103
  602   889   889
  603   101   101
  604   941   941
  605   740   740
  606   498   498
  607   303   303
  608   757   757
  609  1003  1003
  610   953   953
  611  1027  1027
  612   644   644
  613   317   317
  614   401   401
  615    84   148
  616   347   347
  617   148    84
  618   987   987
  619   888   888
  620   305   305
  621   575   575
  622  1055  1055
  623   105   105
  624   146   146
  625   471   471
  626   319   319
  627   584   584
  628   570   570
  629   218   218
  630   466   466
  631   141   141
  632   842   842
  633   387   387
  634   285   285
  635   417   417
  636   975   975
  637   357   357
  638   707   707
  639   164   164
  640   835   835
  641   751   751
  642   824   824
  643   336   336
  644   156   156
  645   311   311
  646   981   981
  647   196   196
  648   452   452
  649   458   458
  650   792   792
  651   540   540
  652   683   683
  653   894   894
  654  1115  1115
  655   505   505
  656     7     7
  657   897   897
  658   814   814
  659   297   297
  660  1036  1036
  661   420   420
  662   291   291
  663   246   246
  664   226   226
  665   430   430
  666   901   901
  667   560   560
  668   191   191
  669   409   409
  670    86    86
  671   710   710
  672   320   320
  673   266   266
  674   637   637
  675    85    85
  676  1079  1079
  677   947   947
  678   485   485
  679    19    19
  680  1006  1006
  681   516   516
  682   752   752
  683    42    42
  684  1093  1093
  685   737   737
  686    34    34
  687   543   543
  688   179   179
  689   529   529
  690   464   464
  691   833   833
  692   359   359
  693  1021  1021
  694  1049  1049
  695   502   502
  696   867   867
  697   397   397
  698     5     5
  699   356   356
  700  1067  1067
  701   965   965
  702  1072  1072
  703   201   201
  704   933   933
  705  1031  1031
  706   885   885
  707   109   109
  708   414   414
  709   276   276
  710  1102  1102
  711   110   110
  712   788   788
  713   419   419
  714   537   537
  715   859   859
  716   486   486
  717   724   724
  718   242   242
  719   868   868
  720   620   620
  721   623   623
  722   200   200
  723   758   758
  724   964   964
  725     8     8
  726   917   917
  727   271   271
  728  1019  1019
  729   185   185
  730   145   145
  731   284   761
  732   761   284
  733   772   772
  734   545   545
  735   507   507
  736   532   532
  737  1088  1088
  738   986   986
  739   849   849
  740  1110  1110
  741   567   567
  742   939   939
  743   641   641
  744   448   448
  745   166   166
  746   547   547
  747   548   548
  748  1107  1107
  749   444   444
  750     3     3
  751   429   429
  752   696   696
  753  1104  1104
  754   785   785
  755   443   443
  756   944   944
  757    67   664
  758   664    67
  759   640   640
  760   839   839
  761   332   332
  762    13    13
  763   504   504
  764   962   962
  765   675   675
  766   890   890
  767   992   992
  768    14    14
  769  1095  1095
  770   663   663
  771  1129  1129
  772    20    20
  773  1005  1005
  774   743   743
  775   375   375
  776   801   801
  777    95    95
  778   799   799
  779    76    76
  780   787   787
  781   626   626
  782   916   916
  783   631   631
  784   770   770
  785    53    53
  786   738   738
  787   345   345
  788   790   790
  789    36    36
  790   451   451
  791  1023  1023
  792   125   125
  793   450   450
  794   876   876
  795   116   116
  796   700   700
  797  1131  1131
  798   290   290
  799   190   190
  800   966   966
  801   344   344
  802   685   685
  803  1048  1048
  804   342   342
  805   765   765
  806   424   424
  807   618   618
  808   231   231
  809   762   762
  810   826   826
  811   343   343
  812   656   656
  813  1022  1022
  814  1080  1080
  815   692   692
  816  1120  1120
  817    71    71
  818   561   561
  819   948   948
  820   550   550
  821   287   287
  822   324   324
  823    43    43
  824  1030  1030
  825   123   123
  826   714   714
  827   403   403
  828  1111  1111
  829   137   137
  830   918   918
  831   442   442
  832   281   281
  833   598   598
  834   508   508
  835   633   633
  836   559   559
  837   558   558
  838   488   488
  839   192   192
  840  1076  1076
  841   474   474
  842   197   197
  843   249   249
  844   512   512
  845   875   875
  846   610   610
  847   695   695
  848   601   601
  849   655   655
  850   777   777
  851   270   270
  852   935   935
  853   767   767
  854   860   860
  855   487   487
  856   538   212
  857   212   538
  858   211   211
  859   701   701
  860   928   928
  861   612   612
  862   337   337
  863   754   754
  864   803   803
  865   989   989
  866   775   775
  867   585   585
  868  1105  1105
  869   367   367
  870   582   582
  871   100   100
  872   957   957
  873   769   769
  874    11    11
  875   639   639
  876   746   746
  877   413   413
  878    91    91
  879  1001  1001
  880   845   845
  881   402   402
  882   140   140
  883   353   353
  884   176   176
  885   982   127
  886   370   370
  887   127   982
  888   927   927
  889   209   209
  890   326   326
  891   643   643
  892  1010  1010
  893   115   115
  894   500   500
  895  1033  1033
  896   694   694
  897   998   998
  898   410   410
  899   473   473
  900   622   622
  901   556   556
  902   648   648
  903   522   522
  904   262   262
  905   103   103
  906   892   892
  907  1074  1074
  908   748   748
  909  1024  1024
  910   432   432
  911   756   756
  912   627   627
  913    92    92
  914  1130  1130
  915   470   470
  916  1015  1015
  917   273   273
  918   679   679
  919   380   380
  920   549   549
  921   619   619
  922   651   651
  923   920   920
  924   412   412
  925   360   360
  926   609   609
  927   346   346
  928   181   181
  929   728   728
  930   864   864
  931   472   472
  932   150   150
  933   883   883
  934   856   856
  935   873   873
  936   134   134
  937  1065  1065
  938   908   908
  939   282   282
  940   702   702
  941   247   247
  943   310   310
  944   279   279
  945  1121  1121
  946   796   796
  947    59   581
  948   581    59
  949  1108  1108
  950   905   905
  951    25    25
  952    87    87
  953    50    50
  954   427   427
  955   661   869
  956   199   199
  957   186   186
  958   869   661
  959   990   990
  960    62    62
  961   216   216
  962   469   469
  963   152  1089
  964   260   260
  965  1089   152
  966   985   985
  967   546   546
  968   909   909
  969   979   979
  970   483   483
  971   791   791
  972  1070  1070
  973    66    66
  974   718   718
  975   956   956
  976  1099  1099
  977   198   198
  978   781   781
  979    69    69
  980   415   415
  981   936   936
  982   492   492
  983   564   564
  984   688   688
  985    27    27
  986    78    78
  987   786   786
  988  1090  1090
  989   660   660
  990   841   841
  991   969   969
  992   915   915
  993    74    74
  994   719   719
  995   142   142
  996   946   946
  997   352   352
  998   677   677
  999   896   896
 1000   837   837
 1001   635   635
 1002   299   299
 1003   851   851
 1004   704   704
 1005   749   749
 1006   477   477
 1007   857   857
 1008   955   955
 1009   595   595
 1010     0     0
 1011   227   227
 1012   711   711
 1013   323   323
 1014   611   611
 1015   816   816
 1016   709   709
 1017   874   874
 1018  1039  1039
 1019  1073  1073
 1020   236   236
 1021   544   544
 1022   810   810
 1023   636   636
 1024   858   858
 1025   722   722
 1026   431   431
 1027   296   296
 1028  1042  1042
 1029   153   153
 1030   509   509
 1031  1044  1044
 1032   977   977
 1033   866   866
 1034  1002  1002
 1035    52    52
 1036   844   844
 1037   480   480
 1038   240   240
 1039     4     4
 1040   848   848
 1041  1092  1092
 1042    83    83
 1043    99    99
 1044   629   629
 1045   932   932
 1046  1116  1116
 1047   234   234
 1048  1025  1025
 1049   362   362
 1050   294   294
 1051   838   838
 1052   525   525
 1053   723   723
 1054   177   177
 1055   764   764
 1056  1112  1112
 1057   689   689
 1058   978   978
 1059    90    90
 1060   434   434
 1061     6     6
 1062   945   945
 1063   735   735
 1064  1109  1109
 1065   534   534
 1066   949   949
 1067   716   716
 1068   135   135
 1069    26    26
 1070   554   554
 1071   114   114
 1072   831   831
 1073   555   555
 1074   715   715
 1075   588   588
 1076   463   463
 1077  1058  1058
 1078   163   163
 1079   251   251
 1080  1045  1119
 1081  1119   102
 1082   102  1045
 1083  1051  1051
 1084    24    24
 1085  1122  1122
 1086  1117  1117
 1087    81   924
 1088   924    81
 1089   632   632
 1090   797   797
 1091   665   665
 1092   416   416
 1093   634   634
 1094    21    21
 1095   821   821
 1096   542   542
 1097   441   441
 1098   167   167
 1099   423   423
 1100   255   255
 1101   221   221
 1102   527   527
 1103   828   828
 1104   519   519
 1105   351   351
 1106  1064  1064
 1107   157   157
 1108     1   521
 1109    70    70
 1110   521     1
 1111   382   382
 1112   373   373
 1113   961   961
 1114   378   378
 1115   215   215
 1116   292   292
 1117  1091  1091
 1118   732   732
 1119  1008  1008
 1120   241   241
 1121   971   971
 1122   333   333
 1123    63    63
 1124   571   571
 1125   405   405
 1126  1113  1113
 1127   248   248
 1128   834   834
 1129   178   178
 1130   384   384
 1131  1035  1035
 1132   318   318
