0 987
1 649
2 125
3 329
4 801
5 1017
6 1046
7 681
8 1031
9 655
10 1068
11 539
12 589
13 946
14 931
15 187
16 850
17 1110
18 256
19 719
20 545
21 371
22 5
23 183
24 218
25 497
26 721
27 1078
28 15
29 85
30 566
31 428
32 294
33 743
34 46
35 311
36 662
37 1132
38 889
39 181
40 958
41 215
42 877
43 416
44 926
45 888
46 79
47 167
48 153
49 270
50 1076
51 823
52 314
53 753
54 676
55 456
56 532
57 364
58 318
59 820
60 922
61 436
62 735
63 452
64 869
65 188
66 206
67 856
68 766
69 205
70 894
71 797
72 624
73 108
74 491
75 123
76 64
77 769
78 916
79 683
80 285
81 99
82 526
83 283
84 770
85 207
86 229
87 474
88 741
89 1130
90 119
91 372
92 875
93 540
94 23
95 282
96 84
97 738
98 166
99 817
100 1014
101 25
102 496
103 529
104 794
105 351
106 221
107 190
108 793
109 930
110 1126
111 411
112 1023
113 822
114 300
115 333
116 45
117 621
118 361
119 390
120 480
121 1009
122 857
123 982
124 1016
125 998
126 135
127 1051
128 140
129 271
130 685
131 717
132 586
133 513
134 562
135 170
136 18
137 522
138 992
139 623
140 51
141 403
142 29
143 1067
144 590
145 72
146 818
147 618
148 763
149 548
150 236
151 195
152 882
153 941
154 1083
155 611
156 406
157 378
158 502
159 75
160 95
161 749
162 1072
163 778
164 427
165 861
166 337
167 417
168 210
169 447
170 500
171 233
172 194
173 771
174 968
175 457
176 1043
177 365
178 1008
179 806
180 557
181 802
182 77
183 978
184 692
185 966
186 244
187 909
188 789
189 878
190 530
191 945
192 397
193 34
194 1122
195 81
196 399
197 536
198 366
199 634
200 908
201 254
202 234
203 65
204 103
205 727
206 829
207 932
208 750
209 648
210 479
211 760
212 724
213 603
214 595
215 602
216 672
217 1041
218 293
219 1047
220 1086
221 868
222 990
223 879
224 531
225 835
226 339
227 779
228 575
229 343
230 252
231 409
232 494
233 509
234 477
235 1025
236 963
237 6
238 344
239 913
240 579
241 292
242 761
243 322
244 1015
245 359
246 950
247 709
248 89
249 940
250 111
251 942
252 434
253 61
254 1044
255 350
256 574
257 832
258 609
259 439
260 1061
261 70
262 475
263 1024
264 939
265 295
266 629
267 792
268 341
269 465
270 174
271 150
272 44
273 696
274 1042
275 2
276 369
277 955
278 4
279 269
280 904
281 537
282 445
283 472
284 512
285 0
286 149
287 918
288 1081
289 118
290 1050
291 599
292 185
293 952
294 688
295 199
296 846
297 977
298 690
299 549
300 864
301 711
302 765
303 266
304 306
305 762
306 231
307 59
308 131
309 849
310 454
311 222
312 392
313 208
314 455
315 819
316 606
317 880
318 980
319 788
320 652
321 732
322 151
323 573
324 276
325 105
326 682
327 173
328 673
329 1011
330 43
331 1027
332 100
333 783
334 1108
335 334
336 1035
337 710
338 180
339 957
340 1125
341 352
342 143
343 67
344 827
345 39
346 758
347 145
348 596
349 160
350 1107
351 1028
352 555
353 658
354 702
355 514
356 615
357 518
358 493
359 267
360 1058
361 219
362 659
363 645
364 353
365 953
366 466
367 278
368 836
369 1038
370 698
371 572
372 398
373 230
374 485
375 192
376 321
377 538
378 933
379 1111
380 313
381 424
382 936
383 569
384 921
385 495
386 556
387 335
388 795
389 287
390 824
391 637
392 1063
393 808
394 484
395 158
396 56
397 772
398 917
399 1112
400 1079
401 336
402 1048
403 412
404 360
405 3
406 870
407 561
408 900
409 781
410 923
411 664
412 776
413 1119
414 30
415 669
416 798
417 901
418 739
419 137
420 246
421 501
422 110
423 425
424 76
425 1077
426 408
427 410
428 991
429 26
430 442
431 699
432 748
433 157
434 883
435 296
436 704
437 972
438 1071
439 332
440 1097
441 112
442 414
443 400
444 915
445 833
446 124
447 248
448 261
449 837
450 842
451 1007
452 1098
453 257
454 52
455 305
456 358
457 1116
458 273
459 281
460 1053
461 613
462 238
463 592
464 239
465 697
466 1089
467 316
468 525
469 1087
470 286
471 419
472 775
473 876
474 200
475 657
476 828
477 133
478 469
479 1005
480 979
481 175
482 805
483 617
484 35
485 262
486 568
487 258
488 1066
489 1127
490 728
491 1115
492 591
493 582
494 71
495 989
496 533
497 331
498 666
499 730
500 626
501 660
502 1052
503 186
504 679
505 546
506 844
507 129
508 245
509 911
510 892
511 855
512 346
513 159
514 381
515 974
516 487
517 68
518 241
519 440
520 168
521 578
522 887
523 319
524 289
525 896
526 954
527 430
528 796
529 263
530 12
531 152
532 1055
533 7
534 302
535 42
536 1113
537 11
538 82
539 57
540 567
541 640
542 944
543 943
544 1074
545 1019
546 790
547 714
548 499
549 275
550 636
551 598
552 121
553 355
554 646
555 224
556 1010
557 299
558 394
559 620
560 264
561 146
562 1056
563 970
564 814
565 906
566 458
567 36
568 438
569 202
570 742
571 552
572 380
573 845
574 997
575 751
576 757
577 370
578 799
579 1073
580 1120
581 402
582 895
583 348
584 1049
585 638
586 862
587 315
588 171
589 201
590 723
591 601
592 759
593 703
594 905
595 631
596 134
597 1117
598 227
599 691
600 473
601 680
602 553
603 102
604 1100
605 834
606 179
607 755
608 782
609 1004
610 821
611 50
612 1095
613 642
614 627
615 16
616 1034
617 847
618 597
619 951
620 40
621 1000
622 928
623 422
624 689
625 130
626 460
627 967
628 528
629 962
630 38
631 722
632 747
633 1088
634 104
635 161
636 890
637 279
638 1121
639 701
640 357
641 902
642 865
643 223
644 706
645 1092
646 377
647 938
648 914
649 1094
650 651
651 558
652 144
653 734
654 929
655 459
656 813
657 712
658 511
659 1131
660 718
661 803
662 516
663 576
664 86
665 288
666 421
667 725
668 423
669 383
670 320
671 328
672 838
673 886
674 449
675 563
676 28
677 1124
678 193
679 830
680 667
681 519
682 641
683 349
684 1106
685 310
686 1069
687 881
688 330
689 14
690 809
691 633
692 374
693 420
694 506
695 284
696 162
697 393
698 446
699 639
700 463
701 1062
702 687
703 1114
704 1039
705 242
706 217
707 41
708 212
709 784
710 994
711 756
712 581
713 653
714 523
715 935
716 547
717 55
718 858
719 995
720 1018
721 873
722 382
723 169
724 128
725 1003
726 69
727 903
728 437
729 811
730 274
731 503
732 301
733 232
734 708
735 993
736 90
737 716
738 674
739 1080
740 614
741 677
742 17
743 746
744 550
745 265
746 964
747 155
748 1091
749 461
750 693
751 60
752 791
753 78
754 464
755 138
756 644
757 508
758 48
759 1026
760 73
761 925
762 375
763 19
764 94
765 426
766 1037
767 670
768 961
769 707
770 21
771 317
772 163
773 1104
774 588
775 476
776 1105
777 490
778 1082
779 859
780 1123
781 468
782 9
783 1036
784 774
785 754
786 665
787 326
788 630
789 785
790 764
791 197
792 605
793 478
794 843
795 435
796 10
797 650
798 389
799 610
800 298
801 867
802 120
803 960
804 363
805 800
806 204
807 444
808 260
809 874
810 213
811 198
812 308
813 1001
814 866
815 1045
816 625
817 255
818 356
819 726
820 488
821 116
822 291
823 172
824 277
825 362
826 92
827 505
828 136
829 1033
830 1057
831 752
832 31
833 243
834 678
835 720
836 1075
837 647
838 543
839 404
840 1118
841 91
842 654
843 853
844 965
845 1030
846 661
847 384
848 521
849 564
850 643
851 235
852 737
853 534
854 959
855 132
856 126
857 431
858 297
859 451
860 1040
861 1
862 520
863 312
864 1070
865 919
866 196
867 24
868 62
869 733
870 376
871 848
872 1103
873 544
874 541
875 304
876 441
877 628
878 949
879 1012
880 87
881 1021
882 307
883 607
884 80
885 22
886 325
887 268
888 885
889 8
890 988
891 142
892 385
893 510
894 1054
895 507
896 985
897 840
898 272
899 947
900 303
901 115
902 178
903 871
904 280
905 220
906 139
907 93
908 551
909 290
910 535
911 973
912 396
913 675
914 327
915 63
916 983
917 656
918 1085
919 612
920 49
921 27
922 969
923 986
924 1065
925 247
926 250
927 88
928 852
929 898
930 1032
931 228
932 600
933 405
934 237
935 780
936 948
937 984
938 632
939 937
940 841
941 736
942 554
943 148
944 443
945 767
946 899
947 462
948 897
949 342
950 182
951 216
952 415
953 395
954 920
955 203
956 663
957 127
958 407
959 492
960 482
961 98
962 619
963 165
964 373
965 907
966 700
967 323
968 453
969 113
970 1129
971 401
972 53
973 1060
974 580
975 338
976 97
977 83
978 608
979 863
980 225
981 768
982 587
983 1109
984 1029
985 176
986 807
987 622
988 515
989 1101
990 340
991 924
992 209
993 471
994 1002
995 391
996 1128
997 96
998 489
999 486
1000 1096
1001 912
1002 976
1003 467
1004 141
1005 20
1006 668
1007 164
1008 715
1009 253
1010 570
1011 154
1012 54
1013 432
1014 812
1015 981
1016 1084
1017 744
1018 251
1019 1022
1020 786
1021 517
1022 156
1023 388
1024 731
1025 324
1026 1064
1027 147
1028 740
1029 559
1030 32
1031 368
1032 585
1033 354
1034 891
1035 815
1036 413
1037 347
1038 249
1039 109
1040 177
1041 418
1042 684
1043 1013
1044 107
1045 483
1046 450
1047 872
1048 604
1049 37
1050 117
1051 429
1052 975
1053 826
1054 191
1055 593
1056 13
1057 33
1058 214
1059 893
1060 106
1061 927
1062 122
1063 839
1064 47
1065 956
1066 671
1067 184
1068 433
1069 226
1070 379
1071 729
1072 635
1073 1093
1074 114
1075 745
1076 713
1077 810
1078 594
1079 686
1080 1102
1081 1099
1082 910
1083 694
1084 481
1085 560
1086 66
1087 996
1088 773
1089 695
1090 101
1091 616
1092 577
1093 470
1094 565
1095 777
1096 542
1097 367
1098 971
1099 1090
1100 583
1101 524
1102 189
1103 854
1104 831
1105 1006
1106 1020
1107 211
1108 504
1109 884
1110 825
1111 851
1112 498
1113 999
1114 1059
1115 74
1116 934
1117 309
1118 386
1119 804
1120 448
1121 387
1122 345
1123 705
1124 860
1125 259
1126 240
1127 527
1128 571
1129 584
1130 787
1131 58
1132 816
