0 316
1 745
2 506
3 790
4 1064
5 597
6 403
7 807
8 965
9 591
10 653
11 900
12 352
13 1098
14 847
15 249
16 40
17 1066
18 219
19 843
20 1073
21 898
22 313
23 575
24 184
25 905
26 266
27 964
28 924
29 10
30 142
31 547
32 497
33 862
34 223
35 358
36 426
37 925
38 594
39 1092
40 806
41 1067
42 723
43 105
44 222
45 451
46 858
47 212
48 262
49 259
50 610
51 228
52 300
53 353
54 7
55 927
56 877
57 941
58 104
59 467
60 584
61 644
62 897
63 986
64 474
65 216
66 439
67 961
68 428
69 620
70 211
71 801
72 164
73 437
74 175
75 532
76 52
77 614
78 484
79 753
80 867
81 419
82 515
83 526
84 920
85 763
86 530
87 225
88 450
89 344
90 774
91 650
92 856
93 323
94 1058
95 236
96 967
97 4
98 555
99 297
100 645
101 325
102 604
103 772
104 1041
105 503
106 21
107 109
108 327
109 214
110 953
111 543
112 155
113 1048
114 922
115 221
116 31
117 725
118 99
119 799
120 752
121 290
122 255
123 469
124 1129
125 229
126 1053
127 803
128 523
129 447
130 666
131 49
132 68
133 746
134 34
135 866
136 718
137 129
138 708
139 504
140 479
141 304
142 366
143 1033
144 749
145 923
146 1000
147 850
148 19
149 483
150 36
151 991
152 865
153 549
154 561
155 712
156 247
157 86
158 220
159 234
160 734
161 887
162 1102
163 1083
164 421
165 436
166 727
167 1099
168 778
169 828
170 254
171 200
172 756
173 783
174 169
175 821
176 558
177 204
178 548
179 496
180 560
181 1069
182 854
183 972
184 1047
185 550
186 310
187 296
188 138
189 1103
190 889
191 65
192 733
193 295
194 815
195 18
196 58
197 1093
198 589
199 844
200 64
201 705
202 514
203 773
204 775
205 494
206 780
207 805
208 398
209 274
210 77
211 111
212 729
213 347
214 287
215 661
216 502
217 671
218 784
219 265
220 915
221 741
222 454
223 695
224 1021
225 808
226 369
227 495
228 711
229 125
230 135
231 1109
232 819
233 458
234 554
235 160
236 196
237 677
238 735
239 3
240 357
241 686
242 400
243 45
244 793
245 456
246 683
247 360
248 348
249 673
250 62
251 978
252 1005
253 336
254 595
255 294
256 440
257 133
258 315
259 192
260 615
261 429
262 1082
263 721
264 912
265 802
266 997
267 67
268 779
269 372
270 351
271 227
272 546
273 578
274 411
275 1061
276 980
277 947
278 651
279 1039
280 431
281 395
282 632
283 303
284 863
285 462
286 415
287 510
288 41
289 174
290 461
291 649
292 163
293 1115
294 1017
295 855
296 284
297 1074
298 1004
299 127
300 842
301 491
302 149
303 51
304 156
305 511
306 350
307 404
308 871
309 82
310 330
311 210
312 1025
313 851
314 993
315 473
316 1076
317 1110
318 617
319 747
320 393
321 982
322 881
323 275
324 909
325 860
326 585
327 257
328 1097
329 811
330 183
331 345
332 472
333 697
334 1077
335 985
336 167
337 694
338 252
339 931
340 438
341 837
342 1023
343 60
344 154
345 66
346 699
347 846
348 168
349 397
350 500
351 383
352 1027
353 886
354 388
355 1086
356 872
357 1096
358 668
359 906
360 258
361 281
362 968
363 662
364 692
365 1071
366 136
367 27
368 758
369 54
370 638
371 568
372 9
373 308
374 425
375 189
376 624
377 283
378 355
379 91
380 908
381 1122
382 152
383 208
384 459
385 405
386 499
387 882
388 172
389 1065
390 1089
391 825
392 162
393 717
394 572
395 131
396 742
397 380
398 902
399 786
400 949
401 441
402 659
403 674
404 726
405 771
406 25
407 979
408 392
409 848
410 929
411 590
412 600
413 299
414 1057
415 312
416 963
417 1125
418 1031
419 193
420 239
421 108
422 601
423 332
424 240
425 710
426 879
427 629
428 640
429 540
430 180
431 373
432 835
433 576
434 639
435 930
436 126
437 687
438 755
439 716
440 107
441 1055
442 789
443 667
444 935
445 859
446 796
447 157
448 243
449 69
450 936
451 370
452 277
453 197
454 414
455 623
456 94
457 839
458 1117
459 97
460 880
461 260
462 612
463 701
464 541
465 1056
466 919
467 326
468 341
469 389
470 379
471 973
472 587
473 781
474 1008
475 907
476 39
477 1028
478 1059
479 101
480 1095
481 1090
482 720
483 218
484 1036
485 891
486 486
487 43
488 665
489 952
490 950
491 628
492 1063
493 130
494 498
495 205
496 209
497 764
498 76
499 700
500 100
501 824
502 656
503 166
504 1130
505 698
506 2
507 1044
508 87
509 359
510 569
511 1087
512 622
513 766
514 1123
515 707
516 217
517 539
518 706
519 508
520 328
521 55
522 291
523 23
524 50
525 1002
526 194
527 57
528 14
529 713
530 975
531 382
532 0
533 501
534 743
535 44
536 1080
537 30
538 423
539 1068
540 577
541 338
542 482
543 114
544 81
545 537
546 362
547 531
548 416
549 93
550 1070
551 521
552 72
553 910
554 761
555 63
556 88
557 681
558 641
559 119
560 654
561 822
562 829
563 873
564 103
565 974
566 562
567 732
568 412
569 586
570 1113
571 598
572 361
573 626
574 329
575 680
576 17
577 621
578 722
579 574
580 374
581 492
582 792
583 946
584 630
585 518
586 1131
587 759
588 195
589 226
590 934
591 1100
592 913
593 988
594 730
595 1119
596 402
597 512
598 202
599 1009
600 679
601 797
602 151
603 670
604 293
605 836
606 199
607 464
608 181
609 78
610 59
611 35
612 84
613 134
614 322
615 932
616 999
617 788
618 95
619 1019
620 505
621 812
622 657
623 592
624 1006
625 460
626 161
627 798
628 270
629 112
630 813
631 646
632 128
633 888
634 675
635 933
636 143
637 139
638 596
639 33
640 709
641 1
642 736
643 1015
644 176
645 921
646 616
647 556
648 833
649 292
650 959
651 830
652 89
653 609
654 233
655 545
656 1001
657 1088
658 611
659 533
660 261
661 633
662 682
663 224
664 528
665 489
666 689
667 178
668 289
669 916
670 470
671 903
672 465
673 493
674 1022
675 685
676 144
677 146
678 110
679 852
680 120
681 838
682 606
683 1121
684 678
685 117
686 893
687 198
688 391
689 333
690 1026
691 278
692 235
693 724
694 1012
695 1050
696 954
697 1062
698 302
699 190
700 401
701 1112
702 579
703 337
704 75
705 449
706 593
707 669
708 660
709 13
710 894
711 520
712 11
713 535
714 324
715 613
716 684
717 536
718 12
719 1118
720 179
721 399
722 140
723 1024
724 1105
725 309
726 446
727 652
728 647
729 943
730 944
731 875
732 522
733 481
734 246
735 1045
736 386
737 407
738 658
739 457
740 273
741 1038
742 714
743 132
744 285
745 899
746 96
747 74
748 280
749 945
750 1104
751 1101
752 73
753 452
754 187
755 581
756 79
757 98
758 71
759 264
760 834
761 455
762 519
763 1010
764 976
765 885
766 113
767 16
768 371
769 769
770 715
771 15
772 895
773 553
774 250
775 475
776 516
777 583
778 42
779 883
780 206
781 636
782 177
783 857
784 816
785 513
786 48
787 1018
788 1016
789 364
790 693
791 642
792 981
793 948
794 977
795 123
796 207
797 387
798 173
799 696
800 381
801 1079
802 776
803 1084
804 490
805 242
806 691
807 354
808 298
809 118
810 320
811 165
812 390
813 1035
814 334
815 818
816 24
817 648
818 765
819 331
820 317
821 363
822 384
823 1078
824 750
825 814
826 618
827 864
828 478
829 702
830 1040
831 342
832 608
833 762
834 1037
835 410
836 619
837 286
838 634
839 602
840 992
841 845
842 343
843 116
844 124
845 1030
846 751
847 911
848 853
849 637
850 340
851 1127
852 884
853 153
854 672
855 26
856 760
857 538
858 635
859 85
860 731
861 150
862 468
863 827
864 599
865 994
866 785
867 544
868 704
869 820
870 956
871 1007
872 237
873 215
874 244
875 937
876 507
877 413
878 476
879 643
880 794
881 443
882 573
883 570
884 1107
885 448
886 276
887 488
888 1081
889 940
890 349
891 28
892 826
893 245
894 676
895 728
896 148
897 1114
898 567
899 122
900 147
901 1108
902 480
903 453
904 188
905 115
906 471
907 525
908 231
909 770
910 92
911 509
912 1126
913 960
914 272
915 61
916 1111
917 365
918 588
919 378
920 809
921 137
922 230
923 1014
924 418
925 145
926 445
927 186
928 201
929 984
930 269
931 37
932 406
933 565
934 663
935 955
936 102
937 631
938 896
939 477
940 817
941 409
942 890
943 1085
944 232
945 571
946 744
947 795
948 47
949 607
950 80
951 767
952 90
953 987
954 106
955 376
956 754
957 1060
958 432
959 485
960 6
961 1124
962 367
963 841
964 740
965 703
966 1075
967 1043
968 800
969 251
970 83
971 368
972 314
973 517
974 688
975 1132
976 256
977 185
978 524
979 442
980 1034
981 748
982 876
983 70
984 394
985 305
986 904
987 466
988 5
989 869
990 263
991 346
992 928
993 1029
994 396
995 542
996 840
997 1054
998 375
999 892
1000 664
1001 1091
1002 158
1003 1032
1004 1072
1005 32
1006 810
1007 319
1008 791
1009 171
1010 787
1011 580
1012 38
1013 321
1014 625
1015 356
1016 962
1017 22
1018 377
1019 417
1020 551
1021 971
1022 487
1023 832
1024 8
1025 121
1026 56
1027 995
1028 444
1029 966
1030 917
1031 582
1032 141
1033 1046
1034 1120
1035 339
1036 307
1037 552
1038 435
1039 970
1040 335
1041 529
1042 777
1043 1013
1044 279
1045 957
1046 983
1047 191
1048 238
1049 849
1050 1051
1051 998
1052 267
1053 868
1054 430
1055 253
1056 559
1057 878
1058 288
1059 268
1060 1011
1061 719
1062 989
1063 563
1064 804
1065 1020
1066 737
1067 951
1068 248
1069 823
1070 938
1071 311
1072 434
1073 739
1074 408
1075 213
1076 926
1077 996
1078 939
1079 433
1080 463
1081 159
1082 420
1083 627
1084 301
1085 534
1086 566
1087 424
1088 1049
1089 1094
1090 1052
1091 918
1092 782
1093 831
1094 768
1095 318
1096 861
1097 564
1098 385
1099 958
1100 1116
1101 990
1102 874
1103 20
1104 1128
1105 46
1106 1106
1107 738
1108 203
1109 306
1110 605
1111 1003
1112 282
1113 170
1114 527
1115 603
1116 870
1117 29
1118 690
1119 757
1120 241
1121 655
1122 271
1123 942
1124 557
1125 901
1126 422
1127 1042
1128 969
1129 914
1130 427
1131 53
1132 182
