1023 1025
1023 1017
1023 938
1023 444
1023 960
1023 768
1023 691
1023 719
1023 625
1023 468
1023 753
1023 329
1023 893
1023 963
1023 748
1023 224
1023 231
1023 855
1023 518
1023 218
1023 1095
1023 20
1023 812
1023 1002
1023 354
1023 306
1023 525
1023 780
1023 903
1025 1017
1025 938
1025 960
1025 768
1025 691
1025 719
1025 625
1025 468
1025 329
1025 748
1025 1125
1025 231
1025 855
1025 218
1025 20
1025 545
1025 80
1025 522
1025 1059
1025 628
1025 766
1025 817
1017 938
1017 960
1017 768
1017 691
1017 719
1017 468
1017 753
1017 329
1017 748
1017 1125
1017 231
1017 855
1017 518
1017 218
1017 1095
1017 354
1017 306
1017 522
1017 34
1017 239
1017 844
1017 77
1017 736
1017 177
1017 262
1017 67
1017 615
1017 220
1017 918
1017 168
1017 1056
1017 567
1017 658
1017 424
1017 232
938 468
938 218
938 262
938 750
938 839
938 57
938 760
938 675
938 738
938 422
938 984
938 942
938 643
938 1021
938 648
938 392
938 744
938 599
938 161
444 960
444 329
444 876
444 951
444 205
444 1029
444 957
444 930
444 432
960 768
960 691
960 329
960 748
960 1125
960 218
960 354
960 306
960 522
960 364
960 946
960 115
960 210
960 450
960 531
960 651
960 794
768 719
768 625
768 329
768 963
768 748
768 231
768 218
768 306
768 1029
768 173
768 541
768 277
768 440
768 302
768 742
768 1031
768 47
768 117
768 802
768 864
768 549
691 218
691 306
691 108
691 296
719 625
719 329
719 748
719 518
719 218
719 20
719 780
719 844
719 462
719 700
719 576
719 274
719 380
625 748
625 20
625 780
625 522
625 744
625 1085
625 109
625 479
625 570
625 582
625 369
625 1009
625 496
625 443
625 704
625 551
625 313
625 848
625 947
625 1038
625 1080
625 430
625 1041
625 711
625 818
625 769
625 304
468 1125
468 231
468 855
468 218
468 812
468 354
468 177
468 876
468 546
468 497
468 1047
468 298
468 571
468 640
468 1096
468 188
753 450
753 81
753 771
753 488
753 213
753 114
753 116
753 803
753 1018
753 860
753 745
753 617
753 741
753 1097
753 544
753 186
329 893
329 748
329 1125
329 218
329 20
329 306
329 177
329 1029
329 274
329 186
329 1064
329 127
329 150
329 1115
329 602
329 436
329 386
893 963
893 748
893 20
893 80
893 522
893 364
893 380
893 479
893 582
893 420
893 1080
893 640
893 641
893 568
893 287
893 1102
893 151
893 743
893 128
893 404
893 193
893 10
893 881
893 251
893 1042
893 95
893 1061
893 889
893 121
893 180
893 805
893 688
893 1110
963 1095
963 80
963 522
963 1029
963 1080
963 404
963 819
963 470
963 412
963 861
963 837
963 348
963 99
963 825
963 16
748 20
748 780
748 80
748 522
748 232
748 957
748 576
748 1085
748 420
748 711
748 769
748 378
748 398
748 322
748 501
748 157
748 79
748 1008
748 500
748 365
748 1028
748 123
748 396
748 637
748 70
748 307
748 237
748 656
748 578
748 685
748 597
748 179
748 910
748 823
748 270
748 167
748 899
748 1117
748 325
748 371
748 312
748 584
224 20
224 522
224 496
224 327
224 937
224 971
1125 231
1125 518
1125 218
1125 1095
1125 812
1125 1002
1125 354
1125 817
1125 34
1125 184
1125 353
1125 678
231 855
231 354
231 817
231 844
231 744
231 115
231 651
231 848
231 1096
231 861
231 372
231 646
231 1098
231 759
231 219
231 892
231 509
231 11
231 887
231 897
231 454
231 1015
855 218
855 844
855 77
855 918
855 946
855 274
855 678
855 219
855 163
855 172
855 964
855 235
518 1095
518 812
518 34
518 239
518 844
518 262
518 67
518 918
518 658
518 424
518 57
518 277
518 462
518 700
518 576
518 380
518 1115
518 307
518 685
518 823
518 327
518 454
518 1048
518 435
518 619
518 265
518 385
518 977
518 341
518 107
518 1006
518 921
518 820
518 835
518 346
518 366
518 119
518 950
518 363
218 354
218 545
218 817
1095 812
1095 817
1095 34
1095 429
1095 77
1095 736
1095 177
1095 262
1095 918
1095 658
1095 364
1095 117
1095 298
1095 571
1095 114
1095 1110
1095 157
1095 396
1095 353
1095 646
1095 1015
1095 435
1095 820
1095 920
1095 873
1095 1033
1095 357
1095 21
1095 724
1095 187
1095 416
1095 51
1095 12
1095 1078
1095 1089
1095 236
1095 183
1095 301
1095 879
1095 7
1095 857
1095 931
1095 242
1095 638
1095 912
1095 635
20 780
20 80
20 522
20 839
20 744
20 1085
20 109
20 479
20 582
20 496
20 443
20 313
20 848
20 947
20 1080
20 128
20 404
20 95
20 889
20 1110
20 873
20 649
20 4
20 60
20 294
20 603
20 998
20 1050
20 999
20 705
20 336
20 223
20 459
20 550
812 1002
812 34
812 760
812 738
812 1041
812 353
812 897
812 357
812 60
812 604
812 990
812 2
812 279
812 934
812 796
354 817
354 744
354 651
354 1031
354 861
354 646
354 759
354 509
354 897
354 183
354 922
354 126
354 446
354 373
306 522
306 1110
306 219
306 931
306 504
306 852
525 860
525 1087
525 64
525 554
525 662
525 98
525 19
525 1045
780 522
780 220
780 180
780 322
780 157
780 365
780 1028
780 597
780 1117
780 269
780 1127
780 361
780 209
780 102
780 89
780 1001
780 586
780 469
780 204
780 207
780 945
903 177
903 658
903 700
903 1115
903 123
903 163
903 1048
903 341
903 119
903 145
903 62
903 165
903 305
903 1060
903 194
903 290
903 1108
903 523
903 1065
903 717
903 894
545 985
80 522
80 848
80 193
522 424
522 744
522 1085
522 1110
522 504
522 103
817 168
817 1098
817 219
817 887
817 163
817 921
817 51
817 183
817 62
817 240
817 69
817 423
817 693
817 234
817 198
817 609
817 854
817 647
34 844
34 77
34 177
34 262
34 918
34 1056
34 576
34 380
34 353
34 1015
34 1048
34 435
34 977
34 357
34 662
34 98
34 305
34 246
34 608
34 132
34 247
34 969
239 429
239 262
239 67
239 220
239 658
239 424
239 232
239 839
239 576
239 1115
239 396
239 187
239 705
239 1108
239 246
239 608
239 1037
239 524
239 1027
239 320
239 659
239 1044
239 52
239 403
239 332
844 262
844 67
844 615
844 918
844 168
844 658
844 738
844 794
844 742
844 462
844 274
844 298
844 571
844 16
844 322
844 685
844 509
844 897
844 1048
844 435
844 619
844 977
844 950
844 920
844 51
844 305
844 194
844 647
844 246
844 608
844 969
844 853
844 846
844 687
844 1063
844 961
844 221
844 856
844 323
844 482
844 309
844 1106
844 1109
429 736
429 177
429 918
429 450
429 700
429 576
429 298
429 1115
429 1048
429 12
429 796
429 98
429 305
429 1060
429 290
429 523
429 1065
429 246
429 608
429 132
429 961
429 1106
429 1107
429 506
429 84
429 562
429 1067
429 708
429 866
429 50
429 264
429 338
429 324
429 681
429 943
429 572
429 721
429 870
429 1046
429 1118
429 594
429 516
429 75
429 732
429 1076
429 143
429 877
77 262
77 646
77 1015
77 416
77 638
77 537
736 1056
736 305
736 985
736 562
736 866
736 573
736 734
736 1
736 278
736 587
736 733
736 667
736 995
177 918
177 658
177 1047
177 16
177 353
177 341
177 119
177 1060
177 234
177 608
177 320
177 516
177 349
177 276
177 1123
177 175
177 292
177 1003
177 345
177 494
177 118
177 273
262 615
262 1056
262 750
262 839
262 57
262 738
262 984
262 643
262 648
262 392
262 599
262 161
262 946
262 163
262 435
262 638
262 609
262 246
262 221
262 516
262 995
262 158
262 391
262 367
262 838
262 437
262 874
262 593
67 700
67 523
67 875
615 459
615 305
615 332
615 174
220 658
220 424
220 232
220 1029
220 432
220 440
220 576
220 443
220 818
220 412
220 1028
220 123
220 307
220 910
220 163
220 416
220 705
220 796
220 269
220 102
220 89
220 469
220 207
220 945
220 240
220 1027
220 659
220 324
220 46
220 915
220 788
220 703
220 299
220 765
220 654
220 847
918 1056
918 946
918 16
918 678
918 163
918 1048
918 119
918 12
918 98
918 586
918 1060
918 1065
918 246
918 332
918 853
918 877
918 94
918 891
168 658
168 232
168 576
168 346
168 416
168 7
168 1065
168 894
168 647
168 246
168 403
168 853
168 956
168 154
168 1062
168 1113
168 816
168 821
168 779
1056 946
1056 818
1056 1047
1056 571
1056 1018
1056 1115
1056 1110
1056 678
1056 163
1056 265
1056 921
1056 416
1056 60
1056 1045
1056 1060
1056 290
1056 894
1056 609
1056 320
1056 52
1056 332
1056 1076
1056 667
1056 982
1056 339
1056 553
1056 216
1056 1130
1056 39
1056 1079
1056 710
1056 1092
1056 763
567 161
658 1029
658 794
658 1080
658 819
658 412
658 837
658 99
658 16
658 187
658 1045
658 145
658 165
658 1060
658 627
658 246
658 1106
658 553
658 686
658 815
658 676
658 752
658 1099
658 253
424 232
424 576
424 818
424 1028
424 119
424 269
424 586
424 524
424 986
424 499
232 957
232 576
232 818
232 1047
232 322
232 157
232 1028
232 123
232 237
232 685
232 179
232 910
232 823
232 341
232 603
232 705
232 207
232 305
232 290
232 524
232 1044
232 324
232 943
232 788
232 631
232 330
232 133
232 539
232 728
750 839
750 57
750 738
750 984
750 942
750 643
750 392
750 161
750 1098
750 638
750 221
750 292
750 158
750 197
750 377
750 285
750 374
750 29
750 394
750 598
750 548
750 153
750 634
750 1057
750 944
750 824
839 57
839 738
839 984
839 643
839 1021
839 392
839 161
839 380
839 582
839 1080
839 378
839 307
839 820
839 638
839 4
839 609
839 221
839 572
839 158
839 299
839 966
839 474
839 978
839 965
839 495
839 690
839 1066
839 93
57 738
57 984
57 643
57 392
57 599
57 161
57 835
57 638
57 158
57 379
57 902
57 466
57 718
760 1057
675 984
675 648
675 497
675 235
675 631
675 1057
675 1094
675 38
675 826
738 422
738 984
738 643
738 1021
738 599
738 161
738 771
738 803
738 741
738 412
738 396
738 724
738 985
738 1063
738 221
738 377
738 790
738 1040
738 97
422 599
422 741
422 391
422 377
422 1082
422 498
422 190
422 561
984 942
984 648
984 392
984 161
984 541
984 638
984 153
984 1057
984 1082
984 343
942 648
942 541
942 638
942 437
942 197
942 377
942 285
942 598
942 153
942 1057
942 343
942 1120
942 414
942 241
942 442
643 392
643 599
643 161
643 638
643 1045
643 853
643 158
643 78
1021 897
1021 638
1021 4
1021 437
1021 1057
1021 978
1021 965
1021 26
1021 419
1021 1101
1021 48
648 392
648 541
648 638
648 221
648 437
648 631
648 1057
648 1094
648 343
648 1120
648 927
392 161
392 541
392 325
392 234
392 320
392 158
392 593
392 891
392 1099
392 1094
392 1082
392 561
392 129
392 254
392 639
392 773
392 397
392 28
392 413
392 1058
392 189
744 115
744 1085
744 704
744 193
744 10
744 1110
744 219
744 454
744 931
744 62
744 608
744 891
744 495
744 93
744 787
744 726
744 406
599 298
599 219
599 391
599 838
599 190
599 1120
599 33
161 771
161 187
161 638
161 649
161 717
161 609
161 647
161 132
161 846
161 221
161 1046
161 494
161 158
161 216
161 1094
161 498
161 343
161 1120
161 917
161 706
161 326
161 607
161 44
161 502
161 778
161 401
161 238
876 1032
876 1047
876 950
876 51
876 482
876 1106
876 667
876 292
876 345
876 1062
876 253
876 1058
876 976
876 831
876 811
876 1100
876 284
951 108
951 818
951 298
951 861
951 322
951 157
951 307
951 219
951 921
951 60
951 1099
951 1040
951 97
951 268
951 1088
951 152
951 1069
951 789
951 841
951 684
205 745
205 544
205 724
205 246
205 986
205 8
205 776
205 849
205 1093
205 959
205 642
1029 364
1029 450
1029 576
1029 704
1029 313
1029 1080
1029 860
1029 741
1029 819
1029 412
1029 861
1029 837
1029 99
1029 825
1029 219
1029 724
1029 416
1029 1045
1029 985
1029 854
1029 1046
1029 686
1029 1099
1029 253
1029 789
1029 31
1029 997
1029 713
1029 41
1029 601
1029 566
1029 683
1029 1016
1029 552
1029 758
1029 1086
1029 989
957 860
957 157
957 292
957 340
930 369
930 848
930 947
930 641
930 568
930 889
930 941
930 819
930 79
930 1060
930 564
432 576
432 818
432 1047
432 640
432 1028
432 89
432 1108
432 75
432 110
432 865
364 531
364 576
364 443
364 848
364 711
364 641
364 889
364 470
364 322
364 416
364 236
364 1027
364 75
364 732
364 865
364 843
364 761
364 954
364 88
364 610
364 14
364 140
946 298
946 127
946 637
946 678
946 163
946 964
946 950
946 504
946 1060
946 537
946 982
946 553
946 1092
946 841
946 729
946 5
946 620
946 559
115 742
115 369
115 889
115 688
115 1110
115 1028
115 219
115 892
115 887
115 416
115 183
115 879
115 279
115 446
115 506
115 537
115 1092
115 927
115 559
115 222
210 114
210 454
210 964
210 264
210 589
450 771
450 488
450 114
450 1018
450 741
450 544
450 186
450 305
450 246
450 989
450 136
531 818
531 304
531 398
531 1008
531 70
531 179
531 270
531 325
531 584
531 1050
531 207
531 945
531 594
531 732
531 1101
531 793
531 973
531 137
531 181
531 439
651 742
651 1031
651 219
651 1106
651 838
651 553
651 520
651 814
794 298
794 819
794 566
173 440
173 398
173 1008
173 637
173 325
173 119
173 1101
173 137
173 135
173 885
173 782
1032 302
1032 553
1032 676
1032 851
1032 159
541 638
541 649
541 1046
541 158
541 391
541 437
541 1057
541 498
541 343
541 451
541 159
541 569
541 42
541 74
541 411
541 125
541 1051
277 219
277 835
277 416
277 846
277 891
277 487
277 32
277 148
277 1068
277 1091
440 1115
440 1028
440 119
440 635
440 340
440 35
440 317
440 543
440 786
440 955
302 551
302 99
302 16
302 553
302 752
302 851
302 451
302 975
302 517
302 798
302 149
302 344
302 611
302 663
302 660
302 804
742 864
742 546
742 1096
742 1098
742 219
742 887
742 163
742 21
742 609
742 39
742 683
742 520
742 814
742 42
742 472
742 211
742 3
742 112
1031 553
1031 3
47 549
47 482
47 39
47 1051
47 32
47 76
802 814
802 663
802 526
802 427
864 571
864 99
864 851
549 814
108 818
108 497
108 157
108 357
108 12
108 877
108 986
108 841
108 610
108 471
108 993
296 717
296 687
462 435
462 1068
462 666
700 576
700 818
700 571
700 1064
700 1028
700 1117
700 1060
700 877
700 38
700 542
576 443
576 818
576 769
576 819
576 157
576 1008
576 365
576 1028
576 123
576 396
576 637
576 70
576 307
576 685
576 910
576 823
576 167
576 899
576 1117
576 353
576 11
576 341
576 119
576 236
576 635
576 1050
576 373
576 102
576 165
576 1060
576 290
576 1027
576 1106
576 324
576 75
576 995
576 292
576 788
576 299
576 154
576 986
576 133
576 831
576 843
576 439
576 1013
576 275
576 1020
576 632
576 883
576 334
576 888
576 1072
576 271
576 6
274 298
274 1096
274 187
274 717
274 969
274 681
274 349
274 982
274 1079
274 253
274 44
274 559
274 59
274 227
274 767
274 1114
274 621
274 1026
274 196
274 730
274 928
274 757
274 376
274 456
274 486
274 967
380 818
380 1110
380 157
380 365
380 307
380 899
380 107
380 873
380 996
380 626
380 418
1085 848
1085 459
479 704
479 313
479 1080
479 1110
479 406
479 1016
479 762
582 1009
582 848
582 287
582 151
582 128
582 404
582 10
582 805
582 941
582 12
582 931
582 1060
582 608
582 359
582 24
369 848
369 1080
369 298
369 568
369 404
369 889
369 941
369 406
369 63
1009 704
1009 805
1009 1016
1009 762
496 937
496 971
496 820
496 60
496 332
496 553
496 418
496 441
496 859
496 800
443 711
443 818
443 322
443 1008
443 1028
443 637
443 70
443 307
443 685
443 910
443 823
443 270
443 416
443 236
443 603
443 126
443 240
443 324
443 46
443 299
443 154
443 986
443 631
443 973
443 275
443 888
443 460
443 433
443 244
443 478
443 208
443 565
704 313
704 848
704 1080
704 1047
704 571
704 641
704 128
704 412
704 406
704 1016
704 61
551 70
551 654
551 499
551 419
551 804
551 697
551 37
313 1080
313 193
313 1016
313 762
848 641
848 287
848 151
848 743
848 404
848 193
848 10
848 251
848 95
848 889
848 180
848 805
848 941
848 1110
848 219
848 550
848 305
848 406
848 997
848 1016
848 762
848 652
947 287
947 151
947 743
947 404
947 193
947 251
947 95
947 180
947 997
1038 107
1038 60
1038 998
1038 145
1038 165
1038 608
1038 838
1038 672
1038 831
1038 453
1038 43
1038 1034
1038 0
1080 889
1080 819
1080 684
1080 1016
1080 1043
1080 120
430 1096
430 1110
430 820
430 60
430 145
430 332
430 838
430 1128
430 953
430 395
1041 37
711 500
711 656
711 325
711 236
711 154
711 137
711 334
711 888
711 1072
711 783
711 622
818 1096
818 1110
818 322
818 157
818 1028
818 307
818 237
818 899
818 1098
818 964
818 236
818 603
818 705
818 796
818 126
818 102
818 586
818 469
818 838
818 46
818 299
818 208
818 389
769 365
769 269
769 1013
769 1020
304 322
304 70
304 207
304 732
304 788
304 986
304 63
304 756
304 266
546 298
546 571
546 1096
546 127
546 892
546 550
546 62
546 1092
546 598
546 326
546 729
546 487
546 1068
546 433
546 827
546 1083
546 267
546 695
546 164
497 119
497 662
497 631
497 38
497 1100
497 317
497 993
1047 298
1047 910
1047 892
1047 638
1047 154
1047 197
1047 41
298 571
298 771
298 127
298 353
298 1015
298 921
298 98
298 1065
298 609
298 853
298 961
298 309
298 1123
298 956
298 1113
298 598
298 824
298 729
298 5
298 74
298 456
298 120
298 122
298 113
298 49
298 813
298 13
571 745
571 127
571 470
571 157
571 353
571 64
571 305
571 894
571 332
571 50
571 721
571 1118
571 874
571 39
571 253
571 394
571 1040
571 773
571 831
571 683
571 5
571 814
571 42
571 953
571 381
571 1007
571 970
571 402
571 878
640 910
640 934
640 662
640 33
640 41
640 110
640 32
640 61
640 948
640 503
640 425
1096 188
1096 1110
1096 823
1096 646
1096 219
1096 897
1096 454
1096 964
1096 416
1096 102
1096 305
1096 320
1096 482
1096 667
1096 292
1096 94
1096 982
1096 553
1096 710
1096 927
1096 841
1096 729
1096 559
1096 376
1096 1007
188 646
188 1015
81 1018
81 860
771 213
771 114
771 803
771 1018
771 860
771 745
771 617
771 741
771 544
771 724
771 990
771 2
771 554
771 662
771 145
771 305
771 1060
771 234
771 246
771 1046
771 1040
771 97
771 989
771 1072
771 926
771 87
771 513
771 972
488 213
488 1018
488 544
488 246
488 926
488 923
213 114
213 1018
213 860
213 745
213 741
213 544
213 662
213 305
213 246
213 608
213 877
213 94
213 1040
213 843
213 136
213 1072
213 923
213 480
114 1018
114 860
114 454
114 301
114 990
114 506
114 1046
114 465
114 587
114 667
114 1040
114 589
114 112
114 923
114 653
114 9
114 822
114 901
114 980
114 191
114 226
116 1044
116 50
116 8
116 1093
116 408
116 321
116 886
803 1018
803 741
803 544
803 412
803 887
803 163
803 724
803 165
803 246
803 1063
803 961
803 276
803 989
803 808
803 92
1018 860
1018 745
1018 617
1018 741
1018 544
1018 412
1018 372
1018 454
1018 1045
1018 305
1018 246
1018 320
1018 1063
1018 367
1018 97
1018 989
1018 630
860 741
860 544
860 819
860 454
860 98
860 246
860 1046
860 498
860 989
860 87
860 214
860 83
745 544
745 307
745 1044
745 1106
745 989
745 926
617 741
617 544
617 412
617 724
617 1063
617 97
617 989
617 1128
617 513
617 630
741 544
741 819
741 163
741 964
741 246
741 877
741 778
741 989
741 843
1097 163
544 412
544 964
544 724
544 2
544 1063
544 776
544 1093
544 989
544 923
544 808
544 630
544 83
544 606
544 490
544 746
186 132
186 1046
186 733
186 589
186 136
186 689
186 669
186 510
186 393
186 297
186 1010
1064 1117
127 887
127 240
127 627
127 320
127 323
127 309
127 1106
127 349
127 1123
127 956
127 729
127 5
127 433
150 187
150 416
150 376
150 43
150 267
1115 435
1115 305
1115 1060
1115 290
1115 490
1115 111
602 819
602 681
602 870
602 1072
602 757
602 1036
602 447
602 316
602 694
602 53
436 174
436 314
386 833
386 382
386 146
641 819
641 412
641 825
641 140
568 889
568 157
568 79
568 1008
568 550
568 207
568 732
568 140
568 266
287 89
287 609
287 474
287 112
287 464
1102 151
1102 128
1102 404
1102 1042
1102 12
1102 89
151 743
151 128
151 404
151 251
151 95
151 454
151 550
151 997
743 404
743 180
743 1110
743 1027
743 495
128 887
128 406
404 887
404 89
404 406
404 997
404 120
10 978
881 38
881 140
251 550
251 997
889 941
889 1110
889 157
889 79
889 1008
889 371
889 207
889 324
889 140
889 310
121 1110
121 140
180 235
805 931
805 762
941 79
941 98
941 240
941 268
1110 1098
1110 892
1110 887
1110 163
1110 879
1110 60
1110 999
1110 459
1110 406
1110 997
1110 138
1110 40
819 412
819 837
819 825
819 16
819 985
819 1037
819 332
819 506
819 1067
819 572
819 152
819 601
819 566
819 851
819 159
819 344
819 827
819 878
819 480
819 9
819 85
819 445
470 412
470 99
470 16
470 307
470 416
470 1086
470 761
412 825
412 724
412 2
412 145
412 165
412 246
412 1044
412 1063
412 338
412 276
412 1093
412 1016
412 989
412 843
412 92
412 746
412 477
861 995
861 838
861 268
861 954
861 451
861 993
861 666
861 1007
861 130
837 1046
837 1099
837 566
837 222
837 445
348 216
348 253
348 31
348 843
348 559
348 767
348 928
348 456
348 1077
348 144
348 300
348 225
99 16
99 553
99 676
99 843
99 851
99 517
99 798
99 785
99 716
825 601
825 566
825 989
16 1045
16 553
16 676
16 517
378 307
378 937
378 265
378 294
378 1001
378 154
378 790
378 756
378 245
378 740
398 157
398 637
398 270
398 584
398 945
398 1027
398 659
398 732
398 154
398 1101
398 793
398 137
398 135
398 885
398 782
398 245
322 157
322 637
322 685
322 873
322 705
322 469
322 1027
322 324
322 75
322 299
322 1072
322 122
322 260
501 820
501 474
501 24
501 800
501 395
157 79
157 1028
157 637
157 237
157 685
157 179
157 823
157 1117
157 371
157 887
157 873
157 416
157 603
157 269
157 207
157 1060
157 1027
157 1044
157 324
157 299
157 154
157 133
157 539
157 135
157 244
157 120
157 783
157 260
157 521
157 342
157 529
79 637
79 179
79 371
79 603
79 207
79 324
79 342
79 840
1008 637
1008 70
1008 307
1008 237
1008 179
1008 270
1008 325
1008 584
1008 207
1008 732
1008 654
1008 414
1008 140
1008 137
1008 804
1008 334
1008 783
1008 756
1008 245
1008 342
1008 256
500 270
500 167
500 1117
500 312
500 4
500 603
500 659
500 1072
500 43
500 653
500 605
500 908
500 134
365 70
365 325
365 119
365 12
365 635
365 1060
365 631
365 831
365 439
365 317
365 1013
365 275
365 1020
365 632
365 883
365 334
365 1128
365 355
365 692
1028 123
1028 307
1028 1117
1028 219
1028 366
1028 236
1028 1050
1028 705
1028 469
1028 290
1028 1108
1028 1027
1028 703
1028 728
1028 271
123 823
123 341
123 366
123 102
123 290
123 693
123 516
123 728
123 5
396 307
396 873
396 1050
396 1001
396 305
396 1063
396 276
396 790
396 989
396 356
637 70
637 237
637 578
637 685
637 597
637 910
637 823
637 167
637 899
637 1117
637 219
637 341
637 873
637 1078
637 236
637 1050
637 705
637 945
637 290
637 1027
637 1106
637 324
637 703
637 154
637 133
637 790
637 137
637 199
637 36
70 237
70 656
70 685
70 597
70 270
70 167
70 899
70 325
70 584
70 236
70 603
70 1050
70 1108
70 324
70 732
70 154
70 137
70 888
70 756
70 256
70 581
307 685
307 910
307 823
307 270
307 584
307 873
307 89
307 207
307 1027
307 75
307 299
307 154
307 783
237 179
237 910
237 167
237 207
237 1044
237 324
237 539
237 804
237 756
656 179
656 325
656 236
656 103
656 154
656 986
656 439
656 888
656 581
578 270
578 1117
578 877
578 439
685 823
685 219
685 236
685 89
685 1027
685 75
685 877
685 273
685 299
685 154
685 275
685 63
685 460
685 756
597 179
597 270
597 325
597 603
597 732
597 843
597 208
597 756
597 529
597 581
179 910
179 270
179 167
179 325
179 584
179 207
179 945
179 732
179 654
179 133
179 959
179 756
179 581
179 682
179 868
179 781
910 635
910 4
910 373
910 1044
910 403
910 788
910 133
910 728
910 433
910 682
910 836
910 155
823 964
823 873
823 236
823 705
823 1027
823 838
823 703
823 790
823 271
823 1034
823 1128
270 167
270 1117
270 325
270 312
270 584
270 603
270 659
270 732
270 1101
270 793
270 137
270 275
270 756
270 342
270 134
167 1117
167 325
167 312
167 603
167 324
167 299
167 135
167 275
167 622
167 342
167 134
167 534
899 312
899 705
899 38
899 831
899 245
899 868
1117 236
1117 290
1117 659
1117 299
1117 406
1117 843
1117 804
1117 542
1117 342
1117 399
325 584
325 603
325 732
325 133
325 793
325 181
325 271
325 1128
325 783
325 622
325 756
325 653
325 199
325 581
325 375
325 535
371 324
371 259
312 603
312 659
312 684
312 135
312 334
312 342
312 134
584 793
584 137
584 746
584 629
584 979
327 93
327 268
327 244
327 55
937 608
937 93
937 859
937 800
937 255
971 255
184 1058
353 586
353 853
353 1106
353 465
353 1101
353 406
353 843
353 547
678 163
678 12
678 98
678 894
678 516
678 877
678 850
372 553
646 219
646 454
646 1015
646 604
646 94
646 148
646 245
646 935
1098 1015
1098 964
1098 921
1098 194
1098 627
1098 680
219 509
219 897
219 454
219 1015
219 964
219 921
219 820
219 638
219 126
219 446
219 1106
219 299
219 891
219 917
219 729
219 589
219 74
219 112
219 928
219 1128
219 1007
219 727
219 1070
219 352
219 907
219 315
219 426
892 482
892 665
509 346
509 126
509 349
509 982
509 1130
509 1079
509 401
509 683
509 376
509 431
887 416
887 126
887 1045
887 894
887 608
887 891
887 676
887 790
887 406
887 729
887 149
887 211
887 112
887 267
887 122
887 49
887 583
887 303
887 106
887 530
897 367
897 1062
897 339
897 1092
897 824
897 241
897 713
897 13
897 156
897 754
454 964
454 446
454 62
454 174
454 1040
454 589
454 136
454 1070
454 352
454 1122
1015 265
1015 446
1015 537
1015 765
1015 94
1015 891
1015 740
1015 1024
163 964
163 416
163 1045
163 894
163 332
163 943
163 349
163 982
163 1130
163 1099
163 197
163 634
163 729
163 559
163 797
172 1123
172 843
172 505
964 796
964 305
964 221
964 1046
964 874
964 982
964 1040
964 559
964 136
964 112
964 1024
964 735
964 747
964 308
235 1106
235 631
235 38
235 834
1048 435
1048 265
1048 977
1048 290
1048 246
435 977
435 320
435 516
435 729
265 165
265 1109
265 943
265 94
265 414
265 684
265 245
265 935
265 671
265 1000
385 446
977 107
977 635
977 332
977 838
977 43
977 267
341 366
341 165
341 1060
341 290
341 292
341 788
341 491
107 446
107 102
107 875
107 1007
921 119
921 416
921 194
921 1065
921 627
921 729
921 433
921 680
820 879
820 60
820 1060
820 608
820 332
820 474
820 395
820 792
820 1116
820 492
820 845
835 416
835 718
835 1086
835 32
835 1068
835 730
835 948
835 1077
835 830
835 527
835 784
346 1045
346 246
346 846
346 494
346 1079
346 683
346 928
346 185
346 698
366 693
119 705
119 126
119 1060
119 292
119 133
119 996
119 63
950 1123
950 1079
950 425
950 53
950 1005
950 810
920 853
920 309
873 294
873 299
873 154
873 790
1033 1062
1033 713
1033 913
1033 696
1033 280
357 1078
357 635
357 373
357 475
21 482
21 814
724 2
724 790
724 8
724 776
724 989
724 381
724 926
724 731
724 467
187 1045
187 894
187 246
187 969
187 320
187 52
187 853
187 846
187 870
187 349
187 273
187 982
187 683
187 1026
187 730
187 456
187 477
187 715
416 559
416 1068
416 1083
416 267
416 1007
416 677
51 609
51 1106
51 516
51 729
51 955
51 3
51 315
51 426
51 735
51 749
51 882
51 1121
12 98
12 1060
12 608
12 132
12 961
12 943
12 594
12 877
12 1036
12 792
12 1054
12 169
12 600
1089 608
1089 38
1089 0
1089 674
236 207
236 84
236 324
236 788
236 299
236 154
236 631
236 973
236 137
236 783
236 791
183 857
183 647
183 1106
183 349
183 779
183 1079
183 170
301 1060
301 264
301 572
301 667
301 995
301 1079
301 136
301 314
301 1054
301 650
301 939
879 1001
879 395
7 841
7 713
7 913
7 696
7 493
7 590
7 1030
7 904
857 961
857 349
857 350
857 779
857 814
857 767
857 233
931 961
931 943
931 406
931 24
931 395
242 717
638 158
638 391
638 437
638 891
638 1057
638 343
912 608
912 93
635 145
635 572
635 292
635 838
635 174
635 238
635 672
635 136
635 453
635 653
635 980
649 1057
649 1094
649 1082
649 190
649 778
4 603
60 223
60 627
60 332
60 474
60 41
60 845
60 229
60 483
60 538
60 936
60 591
60 1111
60 511
603 207
603 732
603 140
603 342
603 529
603 134
998 608
998 93
998 418
998 24
998 953
998 395
998 1116
998 1049
1050 89
1050 1108
1050 154
1050 1100
1050 793
1050 653
705 995
705 256
223 93
223 538
459 504
459 124
550 654
550 140
550 266
550 591
550 869
604 838
604 94
604 589
604 1053
604 328
990 1045
990 305
990 1060
990 866
990 338
990 572
990 1046
990 278
990 465
990 838
990 874
990 174
990 1040
990 238
990 1069
990 758
990 589
990 653
990 9
990 980
990 191
990 314
990 692
990 328
990 575
990 96
990 368
990 896
2 1063
2 943
2 995
2 831
2 989
2 1034
279 165
279 548
279 913
279 280
934 727
796 89
796 985
796 1107
796 506
796 84
796 562
796 1067
796 708
796 866
796 50
796 572
796 299
796 986
796 739
796 916
796 104
796 25
796 333
796 994
796 613
796 862
922 145
922 351
126 373
126 504
126 62
126 572
126 703
126 927
126 460
126 980
446 64
446 43
446 111
446 991
446 455
446 1012
373 46
373 1132
504 717
504 969
504 1106
504 273
504 982
504 1130
504 1079
504 917
504 401
504 152
504 196
504 310
504 665
504 698
504 124
852 667
852 29
1087 64
1087 554
1087 438
1087 533
64 554
64 98
64 145
64 455
554 145
554 684
554 169
554 801
554 775
554 842
554 618
554 27
662 19
662 198
662 1106
662 1118
662 877
662 39
662 1007
662 1104
662 425
662 85
662 781
662 162
662 415
662 540
98 703
98 1079
98 1099
98 639
98 413
98 849
98 438
19 693
19 1046
19 39
19 986
19 487
19 1104
19 781
1045 717
1045 234
1045 246
1045 969
1045 853
1045 1106
1045 278
1045 349
1045 93
1045 78
1045 406
1045 31
1045 49
1045 797
1045 644
1045 755
269 102
269 89
269 135
269 342
361 142
209 102
209 1001
209 204
209 419
209 389
102 89
102 1001
102 586
102 469
102 659
102 838
102 46
102 847
102 1128
102 389
102 1014
89 469
89 1108
89 324
89 75
89 703
89 299
89 847
89 154
89 683
89 142
89 702
1001 542
1001 389
586 469
586 961
586 996
469 945
469 659
204 804
204 565
204 58
207 324
207 732
207 843
207 140
207 793
207 181
207 804
207 342
945 659
145 165
145 305
145 1060
145 290
145 608
145 1067
145 349
145 292
145 875
145 238
145 672
145 88
145 441
62 323
62 1106
62 729
62 1007
62 71
165 1060
165 1108
165 717
165 1067
165 292
165 494
165 875
165 672
165 713
165 245
165 797
305 506
305 562
305 866
305 338
305 572
305 1046
305 734
305 733
305 874
305 174
305 1040
305 672
305 136
305 480
305 191
305 333
305 613
305 775
305 272
1060 290
1060 1108
1060 523
1060 1044
1060 961
1060 506
1060 1067
1060 324
1060 292
1060 39
1060 1099
1060 631
1060 474
1060 241
1060 406
1060 672
1060 831
1060 849
1060 713
1060 340
1060 1013
1060 196
1060 689
1060 600
1060 1030
1060 15
1060 974
194 246
194 853
194 482
194 39
194 411
194 32
194 76
194 680
194 585
194 981
194 623
290 292
290 406
290 672
290 271
290 661
1108 499
1108 955
1108 27
523 132
523 562
523 278
523 875
523 986
523 790
523 655
523 131
1065 246
1065 838
1065 620
1065 451
1065 993
1065 757
717 894
717 240
717 246
717 853
717 634
717 831
717 841
717 41
717 110
717 310
717 65
717 777
717 832
717 774
717 182
717 228
894 246
894 320
894 52
894 196
894 310
894 810
894 201
894 288
985 247
985 1044
985 1063
985 1107
985 84
985 1067
985 708
985 338
985 572
985 667
985 276
985 414
985 758
985 989
985 843
985 92
985 328
985 739
985 916
985 104
985 25
985 862
985 27
985 1084
985 929
985 1055
807 124
103 75
103 154
103 756
240 349
240 1099
240 474
240 401
240 268
240 713
240 683
240 928
240 433
69 198
627 853
627 323
627 516
627 1123
627 152
423 132
423 589
423 689
423 393
423 1010
423 1011
423 463
423 737
423 932
423 283
423 949
423 764
693 956
693 729
693 487
234 320
234 639
234 983
198 403
198 1007
198 519
198 528
609 853
609 841
609 3
609 43
609 122
609 822
609 735
609 698
609 1030
854 216
854 253
854 31
854 559
854 767
854 621
854 928
854 1077
854 473
854 909
854 335
854 91
647 943
647 38
647 44
647 683
647 843
647 527
647 1103
246 132
246 969
246 52
246 853
246 1063
246 516
246 349
246 97
246 87
246 477
246 1054
246 347
608 132
608 247
608 332
608 943
608 1076
608 276
608 986
608 474
608 93
608 38
608 406
608 996
608 418
608 24
608 120
608 953
608 395
608 492
608 483
608 828
608 924
608 558
608 54
132 338
132 943
132 516
132 734
132 465
132 995
132 986
132 1069
132 5
132 589
132 136
132 480
132 653
132 669
132 510
132 297
132 1036
132 775
132 949
132 764
132 723
132 195
247 562
247 276
247 739
247 104
247 862
969 846
969 1106
969 273
969 982
969 78
969 284
969 49
969 1036
969 1077
969 15
969 722
1037 129
1037 1007
1037 85
524 1027
524 133
1027 75
1027 836
320 593
320 1099
320 639
320 976
320 624
659 654
659 134
1044 133
52 846
52 477
52 1103
52 722
332 986
332 631
332 474
332 93
332 406
332 63
332 800
332 43
332 1034
332 953
332 477
332 492
332 511
332 360
332 166
853 846
853 961
853 943
853 349
853 928
853 170
853 777
853 91
853 722
846 982
846 761
846 1103
687 870
687 350
687 125
687 233
1063 276
1063 790
1063 92
961 1106
961 253
961 44
961 191
221 838
221 164
323 681
482 1106
482 1118
482 143
482 350
482 1003
482 838
482 553
482 39
482 42
482 411
482 1051
482 32
482 472
482 76
482 886
482 233
482 809
482 160
482 1035
482 410
482 476
309 838
309 956
309 729
309 869
309 712
309 919
1106 338
1106 324
1106 681
1106 667
1106 553
1106 253
1106 729
1106 559
1106 888
1106 757
1106 376
1106 970
1106 1036
1106 694
1106 536
1109 730
1109 935
1109 671
1107 506
1107 84
1107 708
1107 50
1107 605
1107 636
506 84
506 562
506 1067
506 708
506 866
506 50
506 572
506 667
506 1040
506 1069
506 136
506 191
506 605
506 916
506 25
84 562
84 1067
84 708
84 866
84 50
84 843
84 973
84 605
84 916
84 1084
84 481
562 1067
562 866
562 50
562 1040
562 328
1067 708
1067 866
1067 50
1067 572
1067 734
1067 278
1067 672
1067 843
1067 605
1067 836
1067 104
1067 25
1067 862
1067 1055
708 866
708 50
708 572
708 9
708 605
708 916
708 862
866 50
866 1040
866 191
50 136
50 1055
264 1046
264 877
264 136
264 671
264 1054
264 558
338 1046
338 465
338 667
338 874
338 174
338 238
338 1069
338 758
338 480
338 9
338 980
338 314
338 692
338 935
338 328
338 575
338 96
338 368
338 896
338 337
324 154
324 140
324 653
324 529
324 134
324 259
681 1123
681 1079
681 1026
681 316
681 491
681 830
681 962
943 44
943 810
943 438
943 91
943 657
572 299
572 94
572 1040
572 191
572 25
572 333
572 994
572 613
572 272
572 636
572 293
572 82
572 249
870 757
870 316
870 694
870 477
870 871
1046 465
1046 733
1046 174
1046 1099
1046 1040
1046 238
1046 1069
1046 758
1046 689
1046 510
1046 297
1046 1010
1046 314
1046 916
1046 25
1046 932
1046 283
1046 558
1046 1129
1046 806
1118 1003
1118 39
1118 986
594 314
594 737
594 558
594 636
516 1086
516 1083
516 830
516 723
75 340
75 88
732 915
732 654
732 140
732 756
732 266
732 534
732 259
732 664
1076 174
1076 1026
1076 775
1076 563
1076 673
143 986
143 843
143 389
143 160
877 174
877 989
877 433
877 709
537 838
573 734
573 1
573 226
734 1
734 465
734 587
734 1069
734 191
734 245
734 890
734 461
1 278
1 883
1 653
1 226
1 245
1 801
1 27
278 465
278 587
278 874
278 174
278 136
278 122
278 9
278 980
278 1054
278 25
465 587
465 667
465 874
465 174
465 238
465 672
465 9
465 692
465 25
465 929
465 484
587 778
587 1069
587 785
733 667
733 1069
733 589
733 480
733 9
733 689
733 510
733 932
667 1069
667 589
667 480
667 328
667 249
995 174
995 111
349 982
349 498
349 706
349 44
349 268
349 683
349 59
349 376
349 122
349 797
349 755
276 989
276 731
350 39
350 32
350 1036
350 233
1123 634
1123 639
1123 569
1123 53
1123 45
175 1092
175 241
175 713
175 850
175 696
292 672
292 340
292 245
1003 125
345 1062
345 841
345 713
345 754
345 924
345 880
494 928
494 362
273 437
273 730
273 665
273 830
273 777
391 377
391 1094
391 498
391 190
391 419
391 170
391 493
391 27
391 507
391 858
391 560
838 553
838 1092
838 927
838 672
838 811
838 841
838 3
838 245
838 665
838 328
838 991
838 71
838 56
838 714
437 1057
437 902
437 718
437 1094
437 343
874 314
874 25
874 801
874 428
593 1051
593 530
593 169
593 618
593 182
593 624
593 701
593 400
875 672
875 43
875 259
875 131
174 986
174 1040
174 778
174 238
174 1069
174 758
174 427
174 43
174 480
174 9
174 980
174 1010
174 314
174 692
174 328
174 575
174 96
174 368
174 896
174 484
46 120
788 299
703 38
703 1069
703 653
703 980
299 271
299 215
765 891
765 542
654 419
654 140
654 756
654 266
654 255
654 869
94 891
94 1040
94 502
94 111
94 245
94 935
94 1000
956 1113
956 779
956 763
956 683
956 5
956 559
154 986
154 137
154 1013
154 783
154 142
1062 197
1062 285
1062 548
1062 634
1062 713
1062 426
1062 754
1062 880
1062 596
816 1130
821 710
821 226
779 1094
779 498
779 44
779 376
779 225
779 792
779 473
982 216
982 1130
982 78
982 559
982 59
982 767
982 621
982 1026
982 376
982 456
982 1034
982 755
982 72
982 906
982 407
339 634
339 713
339 43
553 676
553 843
553 814
553 451
553 159
553 975
553 517
553 798
553 149
553 344
553 164
553 813
553 106
553 289
553 319
553 489
216 78
216 559
216 767
216 928
1130 310
1130 665
1130 72
39 986
39 585
1079 451
1079 3
1079 49
1079 830
1079 56
1079 73
1079 192
710 827
710 1083
710 830
710 784
710 657
710 248
710 1131
710 311
1092 330
1092 285
1092 634
1092 944
1092 824
1092 241
1092 33
1092 841
1092 713
1092 833
1092 696
1092 974
1092 383
1092 714
1092 1124
1092 286
1092 281
1092 452
1092 141
1092 434
1092 829
1092 147
763 3
686 431
686 709
686 72
686 707
676 451
676 149
676 344
676 611
676 716
676 106
676 319
676 555
752 831
752 851
1099 639
1099 268
1099 993
1099 1007
1099 85
1099 699
1099 387
253 986
253 631
253 268
253 559
253 767
253 928
253 1077
253 144
253 583
253 335
253 906
986 474
986 1069
986 849
986 989
986 1072
986 792
986 105
986 182
986 360
986 1119
986 458
631 1094
631 38
631 129
631 680
631 792
330 241
330 831
330 833
330 850
330 696
330 370
133 622
197 153
197 841
197 13
197 596
197 1124
197 1074
377 394
377 1057
377 190
377 833
377 1030
285 153
285 944
285 228
285 383
285 880
285 1124
285 863
374 713
29 394
29 598
29 841
29 280
29 924
29 1022
394 153
394 800
394 727
394 538
394 924
394 880
394 1022
598 824
598 841
598 713
598 456
598 120
598 113
598 13
598 913
598 987
598 512
548 280
548 493
548 383
153 634
153 944
153 824
153 965
153 902
153 718
153 254
153 713
153 74
153 13
153 590
153 383
153 295
153 281
153 1074
153 898
153 1126
153 68
153 679
634 944
634 268
634 713
634 13
634 1030
634 904
634 383
1057 190
1057 343
1057 569
944 241
944 41
944 833
944 696
944 974
944 383
944 452
944 863
824 713
824 833
824 829
824 318
824 772
474 93
474 0
474 395
474 483
474 200
978 965
965 902
965 419
965 254
965 74
965 3
965 1126
93 418
93 0
93 255
93 483
93 538
93 1111
93 390
379 962
902 74
902 1126
466 718
466 827
466 580
466 962
466 933
718 1083
718 56
718 1112
1094 1082
1094 498
1094 190
1094 607
1094 502
1094 31
1094 74
1094 191
38 268
38 993
38 1020
38 928
38 431
38 106
790 97
790 989
790 6
1040 268
1040 1069
1040 480
1040 9
1040 191
1040 671
1040 25
1040 333
1040 613
1040 272
1040 293
1040 770
97 989
97 92
97 490
1082 561
1082 397
498 561
498 419
498 778
498 31
498 74
498 916
498 858
190 561
190 1120
190 425
190 53
561 129
561 1104
561 770
414 756
414 245
414 935
414 671
414 1000
414 739
414 862
414 801
414 27
414 461
414 725
241 713
241 833
241 850
241 696
442 595
78 300
1101 406
1101 793
1101 137
1101 135
1101 885
1101 782
1101 792
129 189
129 843
129 1007
129 85
129 192
254 74
639 1058
639 811
639 552
639 85
639 530
639 261
773 843
413 189
413 849
413 438
413 105
413 895
1058 268
1058 85
1058 530
189 533
787 473
726 124
406 767
406 208
406 43
406 122
406 308
406 331
33 32
33 833
706 905
44 473
44 557
401 268
401 72
238 1069
238 653
238 9
238 980
238 314
238 671
238 96
238 896
672 849
672 88
672 317
672 43
672 13
672 513
672 370
831 88
831 1013
831 13
831 513
811 1016
811 261
811 668
268 152
268 713
268 683
268 928
268 85
268 426
268 308
268 799
152 85
1069 758
1069 589
1069 653
1069 9
1069 980
1069 191
1069 314
1069 692
1069 328
1069 575
1069 96
1069 368
1069 896
789 683
789 456
789 715
789 616
789 291
841 713
841 41
841 13
841 754
841 280
841 493
841 590
841 65
841 596
841 515
684 793
684 43
684 245
684 671
684 1000
684 169
684 72
684 358
8 989
776 989
776 87
776 513
849 438
849 533
849 105
849 895
1093 490
959 574
642 169
642 438
642 105
642 895
642 230
642 409
31 683
31 843
31 559
31 767
31 928
31 433
31 1077
713 843
713 928
713 13
713 138
713 850
713 754
713 696
713 280
713 493
713 590
713 924
713 383
713 880
713 829
41 426
41 754
41 987
601 566
601 869
683 814
683 621
683 928
683 1103
683 291
1016 762
758 181
758 9
758 314
758 692
758 575
758 96
758 368
758 896
1086 32
1086 730
1086 723
1086 657
989 381
989 731
843 451
843 159
843 487
843 621
843 730
843 24
843 878
843 727
843 939
843 104
843 206
843 958
843 579
843 66
843 556
761 698
88 453
610 833
140 266
140 342
140 255
729 456
729 433
729 120
729 827
729 113
729 249
5 993
5 1053
620 387
620 1004
559 767
559 1114
559 621
559 928
559 43
559 1077
559 144
559 225
559 583
559 909
559 335
559 91
559 1103
559 884
222 376
589 136
589 480
589 191
589 689
589 669
589 297
589 1010
589 314
589 1011
589 949
589 764
589 195
136 480
136 653
136 9
136 689
136 669
136 393
136 949
793 137
793 181
793 271
793 653
793 613
793 872
973 783
973 510
973 457
973 532
137 135
137 885
137 782
137 888
137 783
181 653
439 746
439 134
520 814
814 451
814 975
814 798
814 767
814 813
814 878
814 490
814 623
814 91
814 1119
814 515
814 282
135 782
135 342
135 134
885 653
885 746
885 360
782 200
851 798
451 975
451 472
451 490
451 263
159 975
42 233
74 1126
411 76
411 981
411 1129
125 233
1051 32
1051 530
1051 809
1051 90
1051 1071
487 1068
487 56
32 585
32 160
32 1129
32 968
32 1073
32 258
32 612
32 203
148 311
1068 827
1068 677
317 588
975 630
517 798
517 319
149 106
344 433
663 427
804 542
804 697
472 233
112 191
112 1054
76 233
76 981
76 1035
76 1129
76 90
427 630
427 489
993 433
1013 275
1013 1020
1013 632
1013 883
275 1020
1020 632
334 256
334 134
334 355
888 783
888 581
1072 928
1072 785
1072 256
271 622
271 756
271 245
6 1019
227 715
767 621
767 928
767 1077
767 144
767 225
621 1077
621 91
1026 757
1026 316
1026 1122
1026 810
1026 962
196 288
196 664
196 449
196 421
196 992
730 715
928 486
928 433
928 1077
928 225
928 722
928 616
757 164
757 316
757 252
757 871
757 203
376 878
456 120
456 113
456 139
486 101
967 709
418 395
418 1049
24 655
24 792
24 900
800 395
800 538
800 390
208 1039
43 1128
43 695
43 164
43 56
43 596
43 206
1034 328
0 395
120 113
120 715
120 388
1128 328
953 1019
395 384
783 622
783 134
389 245
389 199
756 199
756 155
756 535
266 255
266 511
266 664
266 1105
827 830
1083 830
1083 645
695 256
164 245
122 880
122 614
113 53
113 913
113 45
113 987
113 512
113 679
113 202
49 1122
49 715
49 1103
49 906
13 426
13 280
13 1074
13 987
13 202
381 513
381 408
381 321
381 731
1007 600
1007 1012
1007 770
1104 781
402 563
402 577
878 473
425 1070
926 27
923 630
480 669
480 393
480 297
480 1011
480 463
480 949
480 764
480 558
480 806
480 867
653 9
653 980
653 191
653 355
653 534
9 980
9 314
9 692
9 575
9 96
9 368
9 896
9 337
901 226
901 636
901 461
901 428
980 1054
191 314
191 949
191 293
191 82
191 249
226 536
226 461
226 428
886 106
92 929
214 682
746 360
689 393
689 1010
689 283
669 510
669 393
669 1010
669 256
669 949
510 393
510 1010
510 1011
510 949
393 1010
393 949
1010 1011
1010 457
1036 233
694 252
252 1070
314 245
314 692
314 575
314 96
314 368
314 896
833 850
833 696
833 1124
833 434
833 829
833 147
833 772
833 720
310 832
310 288
580 933
85 781
85 530
85 261
445 716
130 100
1077 144
144 583
144 388
144 884
300 91
300 514
225 583
785 636
716 862
245 935
245 671
245 1000
245 328
342 134
256 134
605 575
605 916
605 104
605 613
605 1084
692 575
692 96
692 368
692 896
682 400
682 206
682 579
682 90
682 22
868 935
781 533
781 409
399 661
259 243
547 475
850 696
850 452
850 370
850 614
935 671
935 1000
727 924
727 1022
1070 810
907 1122
426 156
426 913
426 280
431 709
583 335
583 91
583 668
303 715
530 261
754 493
754 1030
754 863
754 178
505 515
671 1000
671 27
1000 914
792 1054
792 906
792 257
792 176
792 670
1116 492
1116 1049
830 657
913 1074
913 512
913 679
913 202
696 370
696 772
696 202
280 1074
280 1022
280 679
280 202
715 777
677 590
263 493
263 590
263 904
263 585
263 911
1054 925
169 618
169 624
169 400
600 563
600 673
600 770
650 636
650 925
493 590
493 1030
493 911
590 911
1030 904
1030 1074
1030 987
1030 250
483 485
1111 1105
328 405
575 96
575 368
575 896
96 368
96 896
368 896
739 104
739 862
739 1084
916 337
916 508
104 862
104 618
994 613
994 272
994 636
994 293
994 82
994 249
994 407
613 272
613 636
613 293
613 249
862 981
862 1084
991 448
455 1012
1012 668
438 105
438 409
801 27
801 725
618 540
618 701
618 400
618 206
618 579
27 461
27 428
415 400
415 206
415 579
415 90
415 22
105 895
105 230
105 409
71 217
272 293
272 249
15 139
974 714
981 1129
65 515
832 30
774 407
774 17
182 624
182 400
288 664
288 449
1011 463
1011 764
463 737
737 558
473 335
1103 722
924 383
924 880
924 1022
558 806
558 358
558 867
723 18
160 968
160 203
636 293
636 249
962 86
293 249
293 212
664 449
563 770
673 770
461 428
383 880
383 829
383 679
383 911
362 86
507 795
56 1112
56 633
701 400
701 206
701 579
701 22
400 206
400 579
400 66
400 22
72 751
248 311
248 958
311 958
452 1052
141 614
829 772
1119 579
1119 90
1074 987
1074 512
1074 679
1074 202
512 679
512 202
679 202
772 911
261 988
409 22
206 579
206 66
579 66
579 90
579 22
66 22
884 417
90 1071
968 203
968 952
449 23
421 992
645 1090
202 911
1090 1090
