0 1003
1 101
2 329
3 876
4 1014
5 339
6 572
7 109
8 464
9 396
10 391
11 647
12 935
13 666
14 859
15 224
16 1083
17 874
18 1070
19 63
20 934
21 508
22 220
23 967
24 323
25 236
26 861
27 881
28 936
29 355
30 1005
31 627
32 1017
33 39
34 623
35 144
36 933
37 190
38 35
39 22
40 943
41 579
42 724
43 634
44 820
45 90
46 817
47 315
48 1041
49 29
50 85
51 971
52 978
53 1076
54 698
55 255
56 33
57 1107
58 207
59 793
60 359
61 11
62 778
63 864
64 897
65 351
66 680
67 792
68 1118
69 294
70 271
71 547
72 135
73 590
74 930
75 782
76 605
77 230
78 614
79 319
80 684
81 608
82 233
83 1119
84 84
85 595
86 282
87 531
88 686
89 223
90 159
91 581
92 884
93 587
94 446
95 474
96 81
97 1018
98 1089
99 814
100 245
101 378
102 955
103 829
104 406
105 188
106 291
107 196
108 18
109 577
110 1009
111 168
112 239
113 1060
114 118
115 836
116 925
117 777
118 328
119 637
120 49
121 26
122 616
123 100
124 800
125 405
126 195
127 946
128 50
129 1124
130 426
131 832
132 722
133 178
134 336
135 40
136 612
137 879
138 469
139 134
140 32
141 852
142 873
143 1093
144 822
145 979
146 428
147 985
148 983
149 883
150 980
151 870
152 516
153 974
154 734
155 668
156 1115
157 679
158 478
159 632
160 738
161 493
162 305
163 1026
164 321
165 787
166 152
167 370
168 1045
169 437
170 274
171 165
172 375
173 790
174 923
175 628
176 283
177 1129
178 341
179 25
180 736
181 2
182 74
183 607
184 890
185 142
186 496
187 827
188 760
189 1054
190 59
191 619
192 988
193 1064
194 95
195 707
196 781
197 1031
198 349
199 111
200 472
201 45
202 1038
203 1103
204 119
205 649
206 815
207 243
208 803
209 867
210 201
211 750
212 369
213 767
214 344
215 681
216 269
217 272
218 771
219 1002
220 645
221 416
222 28
223 105
224 1028
225 46
226 482
227 473
228 324
229 162
230 147
231 334
232 1058
233 432
234 785
235 519
236 954
237 67
238 418
239 1063
240 638
241 1099
242 718
243 552
244 984
245 229
246 585
247 288
248 66
249 721
250 409
251 805
252 413
253 130
254 710
255 31
256 906
257 411
258 842
259 120
260 503
261 241
262 515
263 384
264 1027
265 754
266 706
267 374
268 529
269 583
270 153
271 646
272 501
273 332
274 16
275 596
276 733
277 176
278 1035
279 1065
280 1106
281 312
282 150
283 659
284 1121
285 352
286 549
287 479
288 872
289 568
290 1042
291 808
292 1131
293 60
294 691
295 427
296 598
297 457
298 740
299 1112
300 412
301 1075
302 611
303 594
304 136
305 115
306 828
307 281
308 395
309 145
310 705
311 175
312 157
313 297
314 604
315 345
316 1032
317 254
318 905
319 1108
320 376
321 909
322 41
323 700
324 1111
325 537
326 602
327 122
328 780
329 523
330 89
331 290
332 518
333 244
334 863
335 480
336 380
337 821
338 448
339 83
340 542
341 953
342 712
343 633
344 916
345 663
346 373
347 559
348 776
349 673
350 1132
351 525
352 494
353 260
354 91
355 200
356 337
357 900
358 79
359 252
360 37
361 166
362 400
363 818
364 110
365 486
366 131
367 171
368 189
369 331
370 550
371 561
372 342
373 1120
374 618
375 1055
376 459
377 648
378 788
379 557
380 53
381 277
382 885
383 702
384 30
385 899
386 263
387 603
388 756
389 160
390 560
391 498
392 389
393 961
394 620
395 844
396 1091
397 958
398 1000
399 995
400 80
401 723
402 24
403 569
404 306
405 289
406 997
407 784
408 227
409 214
410 21
411 292
412 304
413 491
414 1123
415 755
416 758
417 511
418 823
419 12
420 1061
421 512
422 455
423 731
424 140
425 358
426 504
427 783
428 261
429 436
430 330
431 541
432 338
433 387
434 128
435 1
436 982
437 912
438 682
439 653
440 307
441 149
442 809
443 630
444 441
445 789
446 259
447 764
448 183
449 868
450 830
451 444
452 644
453 103
454 219
455 394
456 488
457 513
458 532
459 892
460 584
461 672
462 249
463 921
464 425
465 609
466 5
467 856
468 1008
469 650
470 1044
471 949
472 499
473 186
474 348
475 481
476 20
477 606
478 625
479 231
480 13
481 553
482 38
483 626
484 1096
485 597
486 652
487 688
488 225
489 996
490 791
491 1022
492 1074
493 242
494 565
495 154
496 763
497 806
498 530
499 742
500 148
501 807
502 855
503 51
504 489
505 676
506 1087
507 179
508 43
509 708
510 922
511 1098
512 947
513 161
514 1101
515 539
516 795
517 973
518 92
519 677
520 586
521 704
522 661
523 544
524 385
525 1048
526 300
527 976
528 968
529 775
530 106
531 610
532 674
533 477
534 408
535 343
536 669
537 945
538 431
539 403
540 524
541 869
542 964
543 919
544 746
545 703
546 670
547 240
548 1006
549 578
550 267
551 966
552 713
553 34
554 772
555 71
556 316
557 137
558 526
559 169
560 1059
561 929
562 802
563 313
564 880
565 849
566 509
567 839
568 1015
569 799
570 556
571 256
572 318
573 1062
574 965
575 1021
576 1012
577 88
578 735
579 10
580 48
581 56
582 575
583 346
584 490
585 1127
586 801
587 931
588 576
589 952
590 340
591 14
592 969
593 1007
594 766
595 928
596 1029
597 102
598 487
599 862
600 927
601 27
602 366
603 506
604 824
605 206
606 527
607 765
608 739
609 1037
610 476
611 483
612 326
613 285
614 941
615 235
616 451
617 857
618 689
619 977
620 177
621 117
622 4
623 749
624 87
625 651
626 642
627 500
628 752
629 1094
630 454
631 280
632 167
633 210
634 963
635 846
636 191
637 470
638 858
639 302
640 44
641 593
642 124
643 430
644 52
645 203
646 877
647 709
648 847
649 1050
650 262
651 55
652 64
653 108
654 112
655 571
656 36
657 641
658 624
659 901
660 743
661 57
662 357
663 1030
664 886
665 1016
666 98
667 1092
668 192
669 287
670 99
671 414
672 714
673 819
674 956
675 908
676 181
677 654
678 456
679 845
680 555
681 837
682 917
683 356
684 896
685 1057
686 1051
687 266
688 333
689 907
690 533
691 466
692 664
693 295
694 902
695 990
696 562
697 932
698 889
699 461
700 744
701 613
702 58
703 944
704 507
705 132
706 170
707 205
708 937
709 172
710 1109
711 991
712 383
713 1104
714 599
715 981
716 1071
717 467
718 248
719 720
720 1114
721 127
722 838
723 298
724 1125
725 392
726 948
727 834
728 398
729 1043
730 697
731 15
732 443
733 187
734 1077
735 1066
736 910
737 372
738 1078
739 629
740 202
741 311
742 78
743 543
744 924
745 938
746 975
747 769
748 390
749 898
750 685
751 393
752 840
753 986
754 580
755 209
756 987
757 213
758 1069
759 164
760 843
761 841
762 904
763 730
764 126
765 1079
766 554
767 198
768 994
769 505
770 429
771 151
772 678
773 246
774 215
775 404
776 1052
777 1019
778 915
779 193
780 185
781 671
782 468
783 146
784 993
785 65
786 667
787 567
788 73
789 939
790 232
791 1001
792 439
793 17
794 0
795 327
796 564
797 972
798 125
799 1088
800 621
801 97
802 786
803 450
804 133
805 751
806 656
807 701
808 826
809 360
810 449
811 381
812 442
813 367
814 204
815 278
816 850
817 589
818 303
819 1011
820 1116
821 779
822 770
823 42
824 913
825 1085
826 683
827 208
828 471
829 695
830 296
831 748
832 716
833 155
834 1097
835 911
836 592
837 116
838 1067
839 368
840 82
841 774
842 141
843 528
844 286
845 96
846 871
847 759
848 8
849 258
850 1126
851 174
852 717
853 222
854 322
855 492
856 728
857 1024
858 1036
859 212
860 107
861 268
862 401
863 54
864 265
865 417
866 950
867 113
868 421
869 727
870 19
871 1056
872 1082
873 1073
874 1020
875 521
876 1068
877 729
878 563
879 364
880 1013
881 402
882 194
883 1084
884 1046
885 123
886 308
887 410
888 878
889 279
890 545
891 851
892 926
893 662
894 121
895 1080
896 1025
897 199
898 182
899 960
900 70
901 762
902 940
903 9
904 484
905 570
906 848
907 1040
908 639
909 514
910 989
911 424
912 798
913 284
914 250
915 388
916 573
917 438
918 942
919 3
920 423
921 377
922 615
923 534
924 184
925 888
926 86
927 363
928 696
929 299
930 407
931 415
932 558
933 582
934 354
935 796
936 918
937 94
938 1117
939 180
940 635
941 434
942 264
943 433
944 251
945 999
946 894
947 1053
948 636
949 536
950 510
951 675
952 1090
953 601
954 600
955 920
956 566
957 962
958 853
959 397
960 538
961 309
962 1081
963 540
964 270
965 732
966 998
967 811
968 1100
969 301
970 1113
971 699
972 445
973 362
974 320
975 335
976 361
977 1095
978 747
979 812
980 520
981 156
982 453
983 825
984 761
985 957
986 875
987 517
988 218
989 237
990 1004
991 365
992 273
993 1128
994 228
995 458
996 440
997 435
998 221
999 72
1000 93
1001 475
1002 643
1003 158
1004 640
1005 854
1006 833
1007 386
1008 719
1009 865
1010 371
1011 247
1012 797
1013 794
1014 77
1015 75
1016 692
1017 1122
1018 497
1019 655
1020 69
1021 502
1022 715
1023 687
1024 138
1025 422
1026 68
1027 379
1028 860
1029 757
1030 6
1031 114
1032 61
1033 711
1034 804
1035 959
1036 725
1037 129
1038 914
1039 1102
1040 658
1041 574
1042 893
1043 522
1044 1049
1045 257
1046 47
1047 226
1048 1033
1049 773
1050 694
1051 726
1052 768
1053 1072
1054 810
1055 314
1056 347
1057 660
1058 1039
1059 420
1060 173
1061 903
1062 622
1063 399
1064 535
1065 665
1066 816
1067 293
1068 1034
1069 452
1070 866
1071 591
1072 887
1073 741
1074 353
1075 891
1076 548
1077 275
1078 197
1079 753
1080 163
1081 835
1082 951
1083 882
1084 485
1085 234
1086 325
1087 143
1088 238
1089 1130
1090 992
1091 690
1092 895
1093 253
1094 745
1095 970
1096 447
1097 211
1098 382
1099 463
1100 276
1101 7
1102 104
1103 1047
1104 139
1105 813
1106 495
1107 1010
1108 1023
1109 1105
1110 465
1111 1110
1112 831
1113 350
1114 546
1115 419
1116 631
1117 310
1118 617
1119 317
1120 588
1121 23
1122 737
1123 462
1124 657
1125 217
1126 551
1127 460
1128 693
1129 62
1130 76
1131 1086
1132 216
