975 40
975 571
975 1002
975 1113
975 192
975 583
975 148
975 924
975 477
975 37
975 1070
975 992
975 1091
975 1086
975 414
975 478
975 735
975 954
975 573
975 377
975 586
975 928
975 983
975 283
975 913
975 651
975 770
975 969
975 102
40 571
40 1002
40 1113
40 192
40 148
40 924
40 477
40 1070
40 1086
40 478
40 735
40 954
40 377
40 928
40 339
40 890
40 257
40 768
40 617
40 273
40 744
571 1002
571 1113
571 192
571 583
571 148
571 477
571 37
571 1070
571 1086
571 478
571 735
571 954
571 573
571 377
571 586
571 913
571 651
571 257
571 467
571 67
571 527
571 749
571 356
571 600
571 925
571 653
571 329
571 319
571 12
571 696
571 544
571 638
571 805
571 330
571 709
1002 477
1002 653
1002 222
1002 848
1002 62
1002 674
1002 110
1002 783
1002 1106
1002 847
1002 739
1002 843
1002 266
1002 569
1002 385
1002 84
1002 816
1002 1088
462 1113
462 1070
462 18
462 370
462 504
462 354
462 568
462 910
462 920
1113 192
1113 583
1113 1070
1113 1086
1113 478
1113 377
1113 913
1113 651
1113 257
1113 371
1113 381
1113 294
1113 438
1113 340
1113 958
1113 14
1113 1009
192 148
192 924
192 1070
192 1091
192 1086
192 735
192 377
192 651
192 354
192 799
192 464
192 537
192 1059
192 868
192 188
192 324
192 44
192 347
192 526
192 836
192 790
192 561
583 377
583 651
583 712
583 54
148 924
148 1070
148 1086
148 573
148 377
148 969
148 527
148 116
148 366
148 355
148 407
148 229
924 1086
924 928
924 969
924 257
924 84
924 187
924 1105
924 723
924 1121
924 115
924 140
924 78
924 1008
924 175
924 108
924 68
924 96
924 72
924 129
924 179
924 869
924 321
924 684
924 281
924 918
924 602
924 153
477 478
477 735
477 954
477 377
477 983
477 913
477 925
477 18
477 810
477 815
477 1098
477 132
477 670
477 469
477 584
477 49
37 340
37 351
37 756
37 1056
37 703
37 1079
37 716
37 911
37 1022
37 180
37 632
37 87
37 1029
37 528
37 964
37 373
1070 992
1070 1086
1070 478
1070 377
1070 928
1070 651
1070 925
1070 385
1070 354
1070 407
1070 373
1070 251
1070 92
1070 11
1070 409
1070 323
1070 1117
1070 289
992 1091
992 1086
992 928
992 890
992 257
992 371
992 229
992 723
992 115
992 179
992 869
992 469
992 119
992 290
992 1057
992 335
992 689
992 956
992 114
992 748
992 232
992 490
992 258
992 163
992 298
992 682
992 644
992 121
992 761
992 728
992 1047
992 858
992 581
992 966
1091 586
1091 890
1091 257
1091 354
1091 188
1091 869
1091 748
1091 1104
1091 982
1091 574
1091 585
1091 884
1091 943
1091 990
1091 150
1091 158
1086 928
1086 969
1086 890
1086 257
1086 709
1086 568
1086 355
1086 187
1086 179
1086 281
1086 602
1086 725
1086 729
1086 985
1086 977
1086 888
1086 798
1086 360
1086 706
1086 47
1086 51
1086 1034
1086 794
1086 626
1086 88
1086 767
1086 198
1086 782
1086 830
1086 239
1086 806
1086 424
1086 908
1086 1128
1086 243
1086 572
1086 656
1086 217
1086 169
1086 136
1086 846
1086 636
414 928
414 257
414 78
414 710
414 1053
414 563
478 735
478 573
478 377
478 586
478 283
478 913
478 744
478 467
478 411
478 57
478 120
735 954
735 913
735 744
735 527
735 84
735 294
735 14
735 96
735 584
735 585
735 252
735 664
735 155
735 671
735 623
735 680
735 993
735 575
735 316
735 228
735 194
735 997
954 377
954 527
954 356
954 696
954 381
954 120
954 623
954 1025
954 606
954 827
954 368
573 586
573 983
573 467
573 67
573 527
573 653
573 329
573 696
573 805
573 330
573 62
573 1059
573 116
573 366
573 355
573 229
573 409
573 239
573 1128
573 710
573 194
573 1095
573 839
573 399
573 1103
573 130
573 676
573 965
573 1114
573 352
573 261
573 826
573 685
573 34
573 45
573 1068
573 1019
377 913
377 339
377 744
586 983
586 744
586 467
586 749
586 356
586 600
586 925
586 653
586 696
586 805
586 371
586 526
586 132
586 670
586 1079
586 966
586 888
586 794
586 57
586 664
586 997
586 839
586 261
586 376
586 142
586 722
586 55
586 698
586 267
586 780
586 388
586 777
586 853
586 433
586 731
586 582
586 1037
586 274
586 82
586 779
586 940
586 833
586 268
586 1044
586 726
586 265
928 969
928 890
928 257
928 848
928 84
928 187
928 1105
928 723
928 115
928 78
928 1008
928 68
928 96
928 72
928 869
928 114
928 748
928 682
928 121
928 966
928 142
928 972
928 814
928 493
928 681
928 1001
928 439
928 986
928 1049
928 812
928 238
928 556
928 408
928 612
983 283
983 467
983 674
983 783
983 57
983 228
983 55
983 493
983 686
983 83
983 104
983 579
983 741
913 744
913 84
913 14
913 44
913 585
913 664
913 671
913 993
913 228
913 1037
913 441
913 608
913 938
913 71
651 257
651 966
651 623
651 833
651 39
651 525
770 180
770 365
770 202
770 379
770 564
770 654
770 687
969 257
969 12
969 728
969 985
969 888
969 47
969 51
969 806
969 217
969 513
969 447
969 1065
969 48
969 603
969 828
969 870
969 182
969 1011
969 919
969 831
969 578
102 925
102 805
102 366
102 409
102 1034
102 1025
102 1095
102 965
102 45
102 95
102 503
102 246
102 1108
102 630
102 242
102 788
102 311
102 1077
102 1021
102 605
339 742
890 257
890 96
890 232
257 330
257 84
257 187
257 966
257 39
257 876
257 418
744 802
744 155
744 623
744 316
744 1025
744 352
744 777
744 1037
744 95
744 646
744 552
744 372
744 984
744 33
744 322
744 236
744 392
744 959
744 100
467 527
467 749
467 356
467 925
467 653
467 696
467 544
467 355
467 229
467 57
467 997
467 1095
467 839
467 676
467 55
467 564
467 654
467 246
467 529
467 144
467 949
467 803
467 80
67 749
67 653
67 329
67 12
67 805
67 330
67 709
67 848
67 355
67 409
67 794
67 812
67 788
67 529
67 144
67 1042
67 204
67 1097
67 879
67 470
67 702
67 107
67 545
67 484
527 653
527 329
527 319
527 696
527 802
527 805
527 783
527 1009
527 324
527 116
527 407
527 132
527 670
527 158
527 985
527 993
527 228
527 1095
527 839
527 399
527 676
527 1068
527 376
527 777
527 246
527 630
527 100
527 529
527 144
527 80
527 850
527 437
527 1058
527 28
527 1124
527 74
527 1084
527 717
527 271
527 382
527 1033
527 905
749 600
749 925
749 696
749 340
749 366
749 355
749 132
749 409
749 1095
749 853
749 741
749 654
749 246
749 1108
749 242
749 311
749 1077
749 529
749 144
749 949
749 1124
749 1033
749 73
749 279
749 159
749 786
749 699
749 944
749 535
749 894
749 421
749 468
749 284
749 808
749 1027
749 270
749 895
749 618
749 5
749 634
749 991
749 497
749 350
749 824
749 177
749 247
356 653
356 664
356 997
356 388
356 1044
356 692
600 544
600 670
600 246
600 742
600 159
600 944
600 946
600 875
600 249
600 508
600 672
600 215
600 760
600 616
600 635
925 696
925 805
925 18
925 1098
925 158
925 57
925 965
925 45
925 1108
925 322
925 144
925 879
925 991
925 276
925 934
925 795
925 609
925 694
925 899
925 937
925 1101
925 683
925 1016
653 319
653 544
653 222
653 848
653 62
653 783
653 847
653 843
653 569
653 385
653 816
653 1088
653 381
653 1025
653 839
653 1044
653 392
653 529
653 74
653 991
653 635
653 41
653 419
653 532
653 81
653 380
653 287
653 406
329 366
329 311
329 450
319 408
319 246
319 484
319 17
12 805
12 330
12 709
12 354
12 920
12 868
12 355
12 1008
12 918
12 574
12 51
12 1034
12 767
12 908
12 1025
12 582
12 812
12 741
12 513
12 603
12 828
12 1011
12 831
12 578
12 646
12 1097
12 470
12 468
12 923
12 1130
12 349
12 463
12 43
12 445
12 472
12 20
696 544
696 381
696 158
696 120
696 1025
696 1095
696 45
696 853
696 654
696 182
696 1108
696 1077
696 529
696 484
696 850
696 247
696 64
696 1120
802 805
802 709
802 355
802 685
802 388
802 779
802 1077
802 605
802 100
802 529
802 545
802 850
802 660
802 256
802 473
802 345
802 774
802 562
802 189
544 381
544 918
544 1098
544 670
544 1022
544 409
544 966
544 120
544 1025
544 1103
544 352
544 388
544 493
544 1108
544 242
544 605
544 392
544 879
544 107
544 484
544 824
544 616
544 394
544 309
544 1071
544 570
544 395
544 643
544 157
544 1112
544 521
544 348
638 1088
805 354
805 1009
805 869
805 1104
805 574
805 884
805 990
805 158
805 780
805 687
805 732
805 503
805 1108
805 372
805 529
805 1033
805 1071
805 186
805 587
805 206
805 922
805 825
330 709
330 355
330 918
330 51
330 513
330 182
330 204
330 841
330 762
709 568
709 355
709 1098
709 985
709 888
709 51
709 1034
709 198
709 239
709 424
709 908
709 1128
709 965
709 1001
709 812
709 831
709 246
709 242
709 204
709 702
709 468
709 808
709 349
709 594
709 205
709 627
709 855
709 577
222 848
222 62
222 783
222 847
222 739
222 843
222 385
222 1088
222 155
222 1044
222 74
222 899
222 41
222 883
222 849
222 960
222 737
222 413
222 882
222 1014
222 200
222 771
222 374
222 460
222 75
222 331
848 62
848 783
848 847
848 843
848 266
848 385
848 1088
848 229
848 115
848 869
848 725
848 767
848 261
848 1044
848 814
848 392
848 74
848 1027
848 41
848 43
848 15
848 631
848 1073
848 791
848 461
848 123
848 393
848 1030
62 783
62 847
62 843
62 385
62 816
62 1088
62 826
62 1044
62 41
62 380
62 588
62 455
674 460
110 847
110 569
110 815
110 368
110 594
110 460
110 885
110 79
110 914
783 1106
783 847
783 843
783 266
783 816
783 1088
783 756
783 911
783 1029
783 574
783 794
783 267
783 742
783 28
783 74
783 849
783 146
783 167
783 951
1106 816
1106 1029
1106 419
1106 849
1106 781
1106 2
1106 970
1106 275
847 739
847 569
847 385
847 537
847 1044
847 771
847 460
847 781
847 558
739 569
739 537
739 1044
739 380
739 883
739 849
739 960
739 1014
739 771
739 460
739 558
739 211
739 1010
739 845
739 645
843 385
843 816
843 1088
843 1044
843 687
843 850
843 41
843 784
266 228
266 1044
266 814
266 380
266 460
266 1073
266 791
266 904
266 995
266 747
569 385
569 537
569 74
569 380
569 594
569 460
569 885
569 558
569 211
569 1063
385 1088
385 537
385 169
385 322
385 879
385 41
385 406
385 1120
385 922
385 885
385 781
385 275
385 1102
385 727
385 877
385 1028
385 191
385 308
385 565
385 139
385 476
84 294
84 187
84 175
84 232
84 490
84 966
84 623
84 194
84 833
84 95
84 144
84 1120
84 461
84 1030
84 533
84 999
84 416
816 132
816 623
816 419
816 81
816 970
816 211
816 793
1088 756
1088 780
1088 1044
1088 972
1088 1021
1088 392
1088 100
1088 949
1088 437
1088 74
1088 618
1088 976
1088 41
1088 570
1088 885
1088 2
1088 558
1088 211
1088 85
1088 952
1088 234
1088 523
1088 896
1088 1072
1088 492
1088 338
1088 576
18 464
18 1098
18 1068
18 777
18 271
18 1033
18 616
18 899
18 1101
18 473
18 825
18 139
18 1004
18 387
18 210
18 620
18 1083
18 221
370 712
370 918
370 132
370 585
370 985
370 888
370 767
370 623
370 352
370 493
370 922
370 167
370 951
370 53
370 835
370 512
370 31
370 19
370 811
504 632
504 267
504 529
504 841
504 650
504 892
504 260
504 933
504 122
504 666
354 371
354 340
354 355
354 175
354 68
354 180
354 1029
354 1104
354 574
354 585
354 884
354 990
354 150
354 623
354 267
354 388
354 687
354 742
354 959
354 618
354 415
354 922
354 825
354 31
354 942
354 1075
354 105
354 113
354 697
354 893
354 886
354 743
354 495
354 968
354 456
568 180
568 888
568 870
568 899
568 325
910 140
910 96
910 72
910 119
910 290
910 121
910 581
910 1104
910 798
910 1108
910 502
920 355
920 918
920 1098
920 469
920 51
920 828
920 788
920 497
920 98
920 496
371 958
371 355
371 1008
371 96
371 281
371 119
371 121
371 982
371 985
371 388
371 582
371 1097
371 497
371 350
371 496
371 109
371 131
371 1052
371 1026
371 559
371 173
371 566
381 324
381 132
381 92
381 626
381 120
381 1025
381 827
381 1068
381 39
381 1108
381 692
381 394
381 1071
381 521
381 19
381 637
381 1043
381 668
381 909
294 324
294 140
294 121
294 858
294 966
294 51
294 623
294 680
294 316
294 388
294 1037
294 82
294 104
294 938
294 279
294 692
294 521
294 1063
294 909
294 361
438 1079
438 194
438 827
438 894
438 1089
340 756
340 1056
340 1022
340 1029
340 964
340 373
340 246
340 529
340 456
958 918
958 153
958 729
958 360
958 88
958 424
958 243
958 169
958 636
958 986
958 831
958 578
958 634
958 350
958 995
958 539
958 402
958 821
958 713
958 1132
14 324
14 44
14 623
14 1033
14 81
14 1071
14 313
14 719
1009 132
1009 1104
1009 697
799 868
799 729
799 360
799 626
799 169
799 45
799 995
799 821
799 1074
799 423
799 488
464 188
464 1071
464 1024
464 832
464 693
537 1044
537 972
537 618
537 41
537 419
537 380
537 460
537 2
537 558
537 832
537 693
537 69
537 622
537 333
537 625
537 730
537 705
1059 623
1059 826
1059 388
1059 437
1059 1120
1059 134
1059 921
1059 754
1059 915
868 409
868 51
868 45
868 265
868 325
868 466
868 907
868 485
868 296
868 955
188 108
188 990
188 158
188 1071
188 206
188 1024
188 832
188 746
188 978
188 22
188 479
188 224
188 516
188 178
188 196
324 790
324 810
324 584
324 155
324 623
324 316
324 1025
324 698
324 392
324 271
324 643
324 893
324 313
324 719
324 622
324 320
324 63
324 106
324 318
44 1071
44 106
347 561
347 271
347 643
347 705
347 921
347 519
836 719
836 516
836 1078
836 1007
790 670
790 990
790 1024
561 719
712 918
712 815
712 888
712 55
712 853
712 247
712 841
712 19
712 559
712 1060
712 679
54 1021
54 1058
116 839
116 754
116 817
366 355
366 918
366 670
366 251
366 51
366 217
366 831
366 1108
366 247
366 79
366 871
355 1008
355 918
355 602
355 1104
355 888
355 360
355 47
355 51
355 1034
355 794
355 626
355 88
355 767
355 239
355 908
355 1128
355 572
355 656
355 217
355 57
355 575
355 965
355 45
355 582
355 265
355 986
355 603
355 503
355 1108
355 242
355 1097
355 1033
355 468
355 497
355 635
355 899
355 349
355 43
355 256
355 841
355 627
355 146
355 210
355 109
355 1132
355 1125
355 648
355 404
355 1039
355 465
355 262
355 1100
355 254
355 391
355 601
355 117
407 132
407 584
407 780
407 1021
407 284
407 276
407 1016
407 394
407 157
407 825
407 896
407 909
407 1076
407 541
407 397
407 549
407 813
407 998
407 214
407 285
407 168
407 253
407 216
407 700
407 1064
229 918
229 966
229 888
229 47
229 767
229 656
229 1114
229 142
229 804
229 661
229 219
187 96
187 408
723 175
723 68
723 869
723 966
723 416
723 886
723 1082
115 874
115 96
115 1057
115 689
115 114
115 748
115 490
115 1047
115 581
115 853
115 833
115 1108
115 144
115 553
115 878
140 96
140 869
140 132
140 290
140 1057
140 748
140 121
140 581
140 416
140 128
874 175
874 1047
874 886
874 1082
78 1053
78 563
78 261
78 493
78 484
78 1071
78 219
78 854
78 77
78 844
1008 918
1008 985
1008 360
1008 51
1008 626
1008 88
1008 767
1008 239
1008 908
1008 1128
1008 243
1008 388
1008 582
1008 1001
1008 608
1008 71
1008 646
1008 468
1008 923
1008 43
1008 256
1008 841
1008 594
1008 402
1008 648
1008 254
1008 190
1008 264
1008 856
1008 897
1008 21
175 68
175 96
175 869
175 1098
175 670
175 114
175 574
175 416
175 886
175 342
108 88
108 472
108 762
108 1131
108 196
108 208
108 851
68 869
68 232
68 886
68 1082
96 119
96 1057
96 689
96 956
96 748
96 232
96 490
96 163
96 682
96 121
96 728
96 1047
96 581
96 966
96 623
96 612
96 246
96 416
96 1075
96 886
96 1082
96 678
72 1057
72 689
72 956
72 232
72 163
72 682
72 728
72 1075
129 1114
129 493
129 439
129 732
129 503
129 144
129 81
129 1004
129 210
129 386
129 474
129 647
129 629
869 121
869 1104
869 811
869 886
869 595
869 430
321 584
321 966
321 261
321 493
321 732
321 484
321 81
321 554
321 227
321 375
684 851
281 706
281 169
281 582
281 256
281 821
281 1100
281 254
281 391
281 917
281 125
918 584
918 966
918 985
918 888
918 51
918 767
918 198
918 656
918 155
918 827
918 582
918 1001
918 741
918 608
918 603
918 182
918 1011
918 81
918 923
918 43
918 451
918 118
602 47
602 513
602 1125
602 404
153 985
153 88
153 831
153 350
153 349
153 841
153 128
153 56
153 165
810 132
810 670
810 584
810 92
810 680
810 612
810 521
810 1014
810 234
810 637
810 134
810 754
810 264
810 772
810 1069
810 436
810 763
810 70
815 368
815 45
815 503
815 594
815 79
815 1083
815 907
815 679
1098 132
1098 908
1098 680
1098 1044
1098 256
1098 883
1098 105
132 670
132 756
132 92
132 57
132 997
132 352
132 654
132 1077
132 392
132 850
132 1124
132 382
132 609
132 660
132 345
132 1014
132 331
132 637
132 1043
132 333
132 216
132 430
132 560
132 880
132 597
132 610
132 973
670 632
670 92
670 982
670 888
670 57
670 202
670 246
670 605
670 484
670 535
670 270
670 5
670 287
670 643
670 882
670 167
670 1028
670 210
670 893
670 1043
670 719
670 622
670 227
670 987
670 203
670 980
670 383
670 974
670 1045
469 908
469 579
469 564
469 793
469 105
469 98
469 921
469 342
469 312
469 1023
584 49
584 966
584 1128
584 664
584 623
584 228
584 194
584 827
584 388
584 603
584 246
584 879
584 271
584 616
584 899
584 64
584 394
584 1071
584 1112
584 1063
584 19
584 637
584 909
584 253
584 203
49 664
351 1022
351 180
756 703
756 1079
756 911
756 1022
756 180
756 632
756 87
756 1029
756 964
756 267
756 686
756 83
756 379
756 564
756 654
756 732
756 246
756 1108
756 322
756 529
756 618
756 167
756 951
756 456
756 391
756 903
756 207
756 505
756 277
1056 703
1056 1022
1056 964
1056 529
1056 903
1056 500
703 1079
703 1022
703 180
703 632
703 1029
703 964
703 564
703 246
703 529
703 144
703 247
703 64
703 167
703 109
703 384
703 391
703 500
1079 1022
1079 180
1079 194
1079 274
1079 686
1079 246
1079 279
1079 618
1079 672
1079 215
1079 616
1079 167
1079 1089
1079 384
1079 318
1079 500
1079 861
1079 61
1079 628
1079 738
1079 759
1079 369
1079 792
716 702
716 535
716 650
716 933
716 42
716 614
716 226
911 1022
911 1029
911 964
911 574
911 316
911 1025
911 267
911 503
911 529
911 28
911 1124
911 934
911 456
911 235
911 59
1022 180
1022 632
1022 87
1022 1029
1022 964
1022 574
1022 252
1022 194
1022 687
1022 246
1022 529
1022 879
1022 28
1022 532
1022 951
1022 456
1022 486
180 1029
180 964
180 1104
180 194
180 654
180 529
180 618
180 2
180 456
180 207
180 154
180 90
632 964
632 767
632 702
632 1033
632 456
632 903
87 1029
87 964
87 574
87 267
87 28
87 951
87 456
87 554
87 505
87 486
1029 964
1029 1104
1029 1025
1029 827
1029 529
1029 247
1029 492
1029 456
528 1025
964 574
964 827
964 267
964 83
964 28
964 892
964 933
964 456
964 500
964 235
964 486
964 90
964 1031
964 315
964 1046
373 949
373 618
373 760
373 1089
373 384
373 1119
373 300
373 649
373 842
373 655
251 217
92 316
92 646
92 372
92 879
92 717
92 382
92 1033
92 276
92 609
92 660
92 637
92 1043
92 264
11 780
11 253
11 474
11 436
409 839
409 246
409 1108
409 242
409 315
409 834
323 1104
323 284
323 895
323 391
323 168
323 881
323 641
323 864
323 1109
323 499
323 1051
1117 17
1117 357
289 444
289 898
289 185
119 1104
119 574
119 150
119 566
290 121
290 888
290 798
290 360
290 612
290 831
290 350
290 566
290 165
1057 828
1057 392
1057 631
1057 318
1057 156
335 689
335 114
335 748
335 298
335 853
335 828
689 956
689 114
689 748
689 163
689 682
689 194
689 612
689 1075
956 748
956 728
956 966
956 1097
956 461
114 316
114 416
748 316
748 828
748 416
748 1075
748 430
490 1073
258 79
258 566
163 612
121 581
121 966
121 888
121 798
121 360
121 136
121 831
121 468
121 566
121 989
761 966
761 566
728 368
1047 833
1047 1082
581 798
581 654
581 646
581 53
966 155
966 680
966 316
966 1025
966 82
966 493
966 1049
966 408
966 416
966 1075
966 659
966 425
1104 574
1104 884
1104 990
1104 150
1104 158
1104 742
1104 1042
1104 484
1104 279
1104 786
1104 1027
1104 512
1104 113
1104 697
1104 1024
1104 693
1104 224
1104 772
1104 1045
1104 801
1104 61
1104 292
1104 591
982 574
982 990
982 158
982 767
982 388
982 968
982 131
574 150
574 267
574 83
574 732
574 503
574 529
574 702
574 28
574 421
574 934
574 933
574 886
574 456
574 109
574 59
574 1046
574 1092
585 635
585 81
585 53
585 1052
585 832
585 679
585 817
585 203
585 859
884 618
884 922
884 697
884 361
884 591
943 570
943 825
943 942
943 109
943 909
943 541
943 285
943 216
943 233
943 967
943 947
943 1111
990 158
990 1071
990 587
990 109
990 1024
990 978
990 22
990 398
990 930
150 113
150 697
150 456
158 687
158 1071
158 587
158 978
725 1053
725 1103
725 681
725 870
725 256
725 146
725 56
725 787
725 701
729 888
729 626
729 424
729 243
729 169
729 636
729 578
729 1097
729 470
729 350
729 256
729 995
729 539
729 821
729 1074
729 423
729 488
729 787
985 888
985 626
985 239
985 142
985 812
985 513
985 1011
985 1097
985 468
985 497
985 43
985 391
985 560
985 1115
977 261
977 631
977 878
977 844
977 375
977 278
888 798
888 51
888 626
888 198
888 239
888 424
888 1128
888 217
888 136
888 316
888 142
888 388
888 582
888 1001
888 513
888 831
888 1108
888 1097
888 702
888 468
888 43
888 256
888 627
888 855
888 1074
888 856
888 430
888 917
888 1115
888 818
888 367
888 1036
798 626
798 424
798 136
798 1001
798 831
798 468
798 367
798 448
360 626
360 88
360 767
360 198
360 424
360 243
360 169
360 636
360 831
360 350
360 472
360 1010
360 566
360 821
360 196
360 648
360 1100
360 917
360 56
360 787
360 367
360 1094
706 243
706 572
706 217
706 846
706 814
706 1001
706 470
706 391
706 474
706 861
706 367
706 775
706 481
706 511
47 88
47 169
47 45
47 853
47 265
47 1108
47 594
47 210
47 1132
47 907
47 1125
47 648
47 404
47 465
47 262
47 1100
47 1
47 531
51 1034
51 767
51 217
51 623
51 34
51 582
51 986
51 812
51 1011
51 242
51 788
51 1097
51 463
51 577
51 601
1034 1128
1034 965
1034 34
1034 603
1034 242
1034 33
1034 991
1034 577
1034 1043
794 767
794 142
794 986
794 870
794 246
794 28
794 934
794 146
794 456
794 1129
626 88
626 198
626 830
626 239
626 806
626 908
626 1128
626 572
626 656
626 217
626 623
626 965
626 142
626 433
626 582
626 986
626 812
626 578
626 242
626 1097
626 1033
626 468
626 463
626 256
626 627
626 146
626 821
626 715
626 475
88 198
88 782
88 239
88 806
88 424
88 243
88 572
88 656
88 169
88 636
88 582
88 1001
88 986
88 788
88 468
88 350
88 821
88 254
88 56
88 1094
88 23
767 239
767 908
767 1128
767 243
767 636
767 142
767 828
767 831
767 1097
767 497
767 43
767 256
767 917
198 424
198 908
198 572
198 831
198 702
198 468
198 855
198 196
198 56
782 424
782 169
782 582
782 418
782 256
782 841
782 1132
782 254
782 23
830 243
830 217
830 247
830 1132
239 1128
239 623
239 582
239 828
239 1097
239 497
239 247
239 1016
239 43
239 256
239 648
239 128
239 190
239 56
806 424
806 243
806 169
806 1001
806 350
806 109
806 451
806 56
806 1036
806 23
424 908
424 243
424 572
424 169
424 636
424 831
424 578
424 350
424 472
424 627
424 122
424 56
424 23
424 662
424 435
424 567
908 265
908 814
908 71
908 702
908 545
908 349
908 627
908 577
908 264
908 662
908 1096
908 363
1128 827
1128 142
1128 582
1128 812
1128 1097
1128 81
1128 463
1128 146
1128 601
1128 647
1128 554
243 572
243 217
243 169
243 846
243 636
243 1001
243 470
243 350
243 995
243 539
243 821
243 648
243 56
243 367
243 511
572 217
572 169
572 846
572 1001
572 468
572 43
572 1074
572 648
572 367
572 511
572 1110
656 846
656 827
656 812
656 79
656 210
656 787
656 435
217 582
217 242
217 470
217 43
217 416
217 109
217 1074
217 196
217 871
217 367
217 740
169 636
169 1001
169 350
169 627
169 539
169 713
169 601
169 554
169 917
169 125
169 56
169 861
169 715
169 23
169 758
169 230
136 468
136 776
846 1001
846 470
846 811
846 1074
846 1100
846 367
846 511
636 539
636 821
636 1046
636 665
636 589
710 1030
710 53
710 856
710 193
1053 144
1053 1030
1053 77
1053 457
563 457
411 139
57 182
57 850
57 1033
57 672
57 995
57 416
57 109
57 449
120 1025
120 853
120 654
120 605
120 991
120 247
120 133
252 1071
664 623
664 194
664 997
664 446
664 64
664 245
664 787
664 963
155 997
155 827
155 352
155 630
155 372
155 751
623 228
623 194
623 997
623 827
623 352
623 261
623 1044
623 608
623 938
623 1033
623 43
623 1120
623 85
623 637
623 1089
623 333
623 318
623 285
623 554
623 203
623 711
623 147
623 518
623 76
623 30
623 291
680 271
680 543
993 685
993 608
993 276
993 394
993 395
993 157
993 893
993 253
993 453
316 388
316 608
316 687
316 605
316 144
316 1120
316 587
316 146
316 416
316 637
316 479
316 63
316 318
316 436
316 560
316 597
316 809
316 891
316 220
316 26
228 532
228 473
228 309
228 521
228 331
228 845
228 149
228 973
228 1035
228 359
194 827
194 938
194 95
194 17
194 167
194 1089
194 384
194 147
194 518
194 718
997 1103
997 938
997 692
997 445
997 64
997 1120
997 701
997 111
1025 827
1025 388
1025 687
1025 605
1025 484
1025 808
1025 276
1025 394
1025 395
1025 922
1025 883
1025 374
1025 637
1025 909
1025 994
606 609
606 109
606 218
827 741
827 246
827 74
827 618
827 287
827 394
827 167
827 909
827 384
827 318
827 111
827 1018
827 422
827 46
368 1033
368 594
368 79
368 1040
1095 839
1095 1103
1095 676
1095 242
1095 529
839 676
839 879
839 991
839 637
1103 503
1103 905
1103 808
1103 64
1103 1010
1103 811
1103 787
1103 963
1103 962
1103 442
130 938
676 1114
676 265
676 484
676 81
676 474
676 436
965 34
965 503
965 1108
965 242
965 899
965 349
965 428
1114 938
1114 603
1114 450
1114 203
352 45
352 388
352 630
352 1077
352 372
352 637
352 264
352 751
261 82
261 493
261 1108
261 144
261 484
261 631
261 375
261 820
261 172
261 306
261 255
826 388
826 455
826 968
826 921
826 754
826 214
826 312
826 233
826 8
826 522
826 389
685 687
685 529
685 437
685 976
685 157
685 893
685 285
685 137
685 263
34 33
45 812
45 608
45 1108
45 899
45 627
45 804
45 128
1068 609
1068 157
1068 1023
1068 1051
1068 6
1068 862
376 850
376 382
142 681
142 43
142 256
142 146
722 473
722 149
722 988
722 1080
55 433
55 265
55 71
55 580
698 271
698 719
267 83
267 742
267 146
267 650
267 892
267 456
267 987
267 903
267 326
267 872
780 687
780 605
780 529
780 80
780 879
780 107
780 850
780 895
780 276
780 1016
780 394
780 893
780 813
780 214
780 216
780 1092
780 52
388 909
388 754
388 1069
388 436
388 203
388 184
388 112
777 392
777 1033
777 991
777 637
777 955
777 106
777 30
777 291
777 1018
777 143
777 736
777 534
853 654
853 1108
853 144
853 949
853 1124
853 808
853 634
853 247
853 17
853 881
853 820
853 979
853 548
853 599
731 144
731 79
731 629
731 171
582 831
582 223
582 349
582 43
582 256
582 594
582 402
582 821
582 917
582 412
1037 940
1037 100
1037 1033
1037 189
1037 157
1037 16
274 686
274 1108
274 894
274 1027
274 616
274 635
274 157
274 384
274 357
274 979
274 443
274 935
82 870
82 375
82 60
779 19
779 149
779 359
779 988
779 957
779 161
779 4
779 695
779 1107
940 1124
940 276
940 795
940 189
940 893
940 719
940 541
940 961
833 1124
833 808
833 416
833 878
833 375
268 1021
1044 41
1044 419
1044 380
1044 1120
1044 460
1044 558
726 144
726 1030
265 732
265 1027
265 899
265 81
265 17
265 576
265 1004
265 384
265 386
265 861
265 759
972 460
972 885
972 781
972 970
972 492
814 1001
493 556
493 372
493 484
493 631
493 105
493 255
493 555
493 1000
493 690
493 89
493 13
493 280
493 344
1001 831
1001 350
1001 566
1001 367
1001 1036
1001 511
439 144
439 1030
439 219
439 878
439 227
439 375
439 172
439 306
439 431
986 828
986 788
986 256
986 1083
986 539
986 861
812 635
812 1094
556 690
408 39
408 332
612 472
612 566
612 165
612 13
612 7
446 81
446 64
446 1089
446 164
446 550
686 687
686 246
686 1108
686 944
686 421
686 1027
686 618
686 634
686 508
686 672
686 81
686 287
686 17
686 167
686 576
686 1093
686 495
686 1089
686 861
686 61
686 759
686 369
686 357
686 531
686 550
686 199
686 432
686 902
686 241
83 28
83 635
83 456
83 647
104 503
104 200
104 988
104 1080
579 711
741 828
741 742
741 73
741 279
741 223
741 159
741 786
741 699
741 944
741 535
741 1027
741 43
741 841
741 24
741 507
741 400
741 866
741 901
741 773
741 1013
741 420
441 732
441 675
608 71
608 39
608 95
608 463
608 1063
608 190
608 759
938 202
938 474
938 834
938 152
938 714
938 337
71 923
71 463
71 459
39 1021
39 80
39 1033
39 394
39 395
39 157
39 85
39 338
39 512
39 998
39 989
39 543
39 263
39 332
525 616
525 413
365 202
365 379
365 657
365 530
202 379
202 654
202 732
202 714
379 732
379 811
379 548
379 390
379 138
379 183
379 704
379 378
564 1099
564 236
564 1033
564 5
564 247
564 643
564 203
564 980
564 1023
564 292
564 567
564 971
564 557
564 426
654 463
654 157
654 922
654 877
654 565
654 260
654 657
654 358
1099 33
1099 618
1099 643
1099 841
1099 134
1099 980
1099 567
687 1021
687 322
687 529
687 80
687 850
687 1033
687 508
687 276
687 1030
687 784
687 416
687 253
687 597
687 994
687 32
687 29
513 603
513 828
513 1074
513 367
1065 127
48 603
48 870
48 919
48 1131
48 118
603 828
603 870
603 1011
603 470
603 81
603 923
603 20
603 554
603 118
603 906
828 1011
828 788
828 468
828 497
828 463
828 20
828 256
828 893
828 127
828 213
870 919
870 871
870 118
182 1011
182 1124
182 804
1011 578
1011 470
919 196
919 21
919 454
831 468
831 350
831 109
831 566
831 539
831 713
831 196
831 367
578 470
732 503
732 246
732 1108
732 242
732 144
732 786
732 276
732 899
732 576
732 1004
732 1026
732 854
95 717
95 1033
95 637
95 203
95 332
95 936
503 1108
503 788
503 1021
503 786
503 899
503 976
503 450
503 1004
503 149
503 787
503 994
246 279
246 159
246 944
246 421
246 1027
246 618
246 875
246 760
246 287
246 17
246 167
246 1004
246 384
246 801
246 369
246 901
246 1013
246 305
1108 242
1108 788
1108 311
1108 702
1108 1124
1108 279
1108 786
1108 468
1108 672
1108 899
1108 17
1108 643
1108 922
1108 594
1108 631
1108 845
1108 416
1108 1004
1108 210
1108 260
1108 149
1108 325
1108 1125
1108 998
1108 1119
1108 599
1108 695
1108 721
1108 948
630 529
630 850
630 271
630 643
630 625
630 921
630 519
630 751
630 1048
630 295
630 953
242 899
242 416
242 1004
242 601
242 540
788 762
788 955
788 378
311 949
311 159
311 508
311 450
311 841
311 146
311 278
311 517
1077 529
1077 81
1077 668
1077 832
1077 679
1077 168
1021 605
1021 646
1021 529
1021 850
1021 374
1021 210
1021 19
1021 105
1021 98
1021 989
1021 520
1021 945
1021 1038
1021 691
1021 688
1021 785
605 529
605 879
605 107
605 998
605 989
605 862
605 677
605 1041
742 803
742 702
742 28
742 73
742 223
742 786
742 699
742 421
742 1027
742 616
742 934
742 1010
742 495
742 456
742 109
742 59
742 550
742 24
742 507
742 400
742 866
742 420
742 378
742 3
742 103
742 480
876 332
418 497
418 256
418 56
646 276
646 922
646 631
646 338
646 53
646 149
646 893
646 285
646 264
646 765
552 236
372 850
372 717
372 991
372 609
372 512
984 949
984 1089
984 1119
984 649
984 655
984 166
984 753
984 58
984 734
984 174
984 314
33 660
33 637
33 134
322 879
322 877
322 327
236 545
236 203
236 301
236 596
392 850
392 19
392 106
392 474
392 560
392 628
392 263
392 695
959 570
959 825
959 942
959 909
959 541
959 549
959 285
959 233
959 621
959 396
959 181
959 797
100 808
100 79
100 896
100 893
100 109
100 522
100 838
529 949
529 80
529 107
529 850
529 28
529 991
529 276
529 951
529 456
529 207
529 1092
529 979
529 1038
529 259
144 949
144 803
144 484
144 808
144 824
144 934
144 841
144 631
144 1030
144 79
144 416
144 804
144 219
144 878
144 430
144 227
144 375
144 306
144 1000
144 592
144 176
144 1066
144 302
949 421
949 808
949 991
949 875
949 672
949 635
949 841
949 594
949 1004
949 1093
949 1043
949 1089
949 384
949 801
949 482
949 300
949 842
949 881
949 138
949 174
949 314
949 724
949 757
803 159
803 934
803 24
803 400
803 420
80 437
80 1033
80 1016
80 394
80 784
80 221
80 597
80 881
80 233
80 721
80 440
1042 1102
1042 203
1042 292
204 1097
204 627
1097 497
1097 1130
1097 1096
879 406
879 922
879 877
879 387
879 303
470 472
470 511
702 627
107 437
107 1092
107 838
107 440
484 841
484 594
484 631
484 1030
484 416
484 128
484 844
484 474
484 647
484 227
484 1092
484 306
484 344
484 769
484 501
484 506
850 437
850 1124
850 808
850 276
850 285
850 16
850 945
850 797
437 394
437 131
437 838
1058 895
1058 795
1058 730
1058 961
28 934
28 146
28 59
1124 1033
1124 825
1124 896
1124 369
74 81
74 70
717 284
271 1033
271 177
271 795
271 937
271 81
271 1071
271 643
271 622
271 625
271 705
271 921
271 320
271 519
271 226
271 961
271 299
271 304
271 341
271 1116
271 931
382 81
382 660
382 637
382 7
382 932
382 514
1033 421
1033 468
1033 284
1033 616
1033 1071
1033 825
1033 637
1033 909
1033 254
1033 168
1033 253
1033 881
1033 1109
1033 929
1033 1032
905 214
905 963
905 962
73 279
73 223
73 535
73 775
73 209
279 223
279 159
279 786
279 699
279 944
279 535
279 1027
279 616
279 167
279 1093
279 384
279 369
279 775
279 507
279 866
223 159
223 786
223 699
223 944
223 535
223 109
223 402
223 775
223 507
223 3
223 941
159 786
159 944
159 535
159 167
159 550
786 699
786 944
786 535
786 1027
786 875
786 508
786 1004
786 109
786 775
786 1096
786 400
786 866
786 420
786 480
699 944
699 535
699 1027
699 61
699 775
699 507
699 420
944 535
944 167
944 369
535 384
535 480
894 618
894 247
894 384
894 962
894 979
894 507
894 1066
421 618
421 672
421 616
421 287
421 17
421 576
421 1093
421 495
421 318
421 801
421 61
421 759
421 357
421 531
421 963
421 550
421 199
421 432
421 902
421 241
421 1067
468 256
468 566
468 861
468 1036
468 511
284 609
284 157
284 813
284 864
284 428
284 8
284 524
808 896
808 862
808 657
808 797
808 25
1027 43
1027 64
1027 167
1027 369
1027 866
1027 901
1027 773
1027 1013
1027 305
1027 209
1027 551
1027 9
1027 145
895 168
895 864
895 1109
895 1092
895 862
895 353
618 672
618 760
618 17
618 922
618 167
618 576
618 1093
618 495
618 801
618 1119
618 300
618 842
618 655
618 357
618 507
618 866
618 734
618 429
618 1066
618 27
618 860
5 937
5 643
5 841
634 357
634 58
634 1066
634 209
991 968
991 1069
991 8
991 724
497 325
497 1026
350 1130
350 472
350 566
350 56
350 165
350 1110
350 776
350 733
824 17
824 813
824 138
824 272
824 1123
177 841
177 210
177 109
177 118
177 304
247 17
247 456
247 264
247 857
692 81
946 875
946 249
946 792
875 249
875 672
875 215
875 1093
875 369
875 787
875 237
875 867
249 508
249 262
249 861
249 792
249 787
249 390
249 378
508 672
508 215
508 287
508 17
508 384
508 560
508 61
508 759
508 979
508 866
672 215
672 616
672 287
672 17
672 576
672 1004
672 61
672 531
672 866
672 103
672 590
215 492
215 1093
215 398
760 616
760 1093
760 1089
760 801
760 61
760 1119
760 300
760 734
616 1093
616 1089
616 801
616 550
616 145
635 17
635 834
276 394
276 2
276 952
276 896
276 53
276 893
276 613
276 253
276 560
276 994
276 29
934 456
934 326
795 643
795 921
795 881
795 961
609 374
609 877
609 69
609 1051
609 346
609 0
694 521
694 75
694 845
694 149
694 133
694 957
899 1004
899 325
899 787
937 730
1101 473
1101 19
1101 149
1101 359
1101 176
1101 865
976 285
976 487
1016 380
1016 214
1016 543
1016 8
1016 945
419 849
419 885
419 2
419 970
419 275
419 1131
419 16
419 161
419 378
419 1126
419 1087
419 778
81 1071
81 521
81 1063
81 1004
81 620
81 19
81 106
81 787
81 543
81 550
81 152
81 936
81 750
81 837
380 460
380 588
380 455
380 885
380 558
287 357
287 866
287 390
287 509
406 705
406 26
406 548
406 704
406 688
406 303
406 593
406 598
450 1004
450 474
450 776
450 517
17 841
17 167
17 492
17 576
17 1093
17 495
17 1007
17 474
17 801
17 61
17 759
17 655
17 357
17 531
17 550
17 199
17 432
17 902
17 241
17 590
923 430
349 43
463 79
463 1093
463 861
463 759
43 601
43 160
445 1120
445 871
472 1131
472 566
472 56
472 165
472 457
472 7
64 1120
64 167
64 1072
64 834
64 787
64 963
64 442
660 345
660 189
660 348
660 893
660 1043
660 909
256 841
256 821
256 1125
256 917
256 127
473 883
473 960
473 200
473 374
473 149
473 291
473 359
473 865
473 1085
774 395
562 1112
562 792
189 885
189 2
189 896
189 253
189 1111
189 820
189 621
189 720
394 570
394 395
394 784
394 909
394 613
394 541
394 549
394 813
394 253
394 216
394 647
394 29
394 310
394 889
309 374
309 149
309 474
1071 587
1071 109
1071 719
1071 832
1071 693
1071 746
1071 978
1071 22
1071 479
1071 224
1071 70
1071 610
1071 220
1071 536
1071 434
1071 244
570 784
570 909
570 541
570 285
395 989
395 543
395 310
643 841
643 1048
157 221
157 832
157 106
157 597
157 8
157 750
157 1127
157 417
1112 772
1112 1069
1112 8
1112 389
1112 25
1112 307
1112 604
1112 458
521 205
521 960
521 374
521 75
521 331
521 845
521 793
521 19
521 149
521 444
521 957
521 948
521 0
521 837
521 546
521 1122
521 471
521 101
521 996
521 343
521 401
521 93
348 106
415 453
415 857
415 310
415 823
587 832
587 479
587 224
587 317
587 930
587 220
587 434
587 822
206 210
206 1024
922 877
922 53
922 679
922 203
922 292
922 86
922 667
825 841
825 594
825 53
825 909
825 541
825 285
825 233
825 967
825 809
825 181
825 889
841 631
841 1093
841 260
841 456
841 391
841 358
841 688
841 501
841 10
841 494
594 885
594 79
594 1102
594 751
594 820
205 845
205 210
205 444
205 133
205 957
205 162
627 125
883 771
883 19
883 973
883 1080
883 1085
883 546
883 269
849 882
849 460
849 970
849 444
849 695
960 771
960 75
960 785
960 0
960 865
960 829
737 149
413 882
413 1014
413 19
413 149
413 1080
413 176
413 1006
882 771
882 844
882 711
882 176
882 865
1014 331
1014 19
1014 149
1014 216
1014 430
1014 880
1014 973
1014 988
1014 240
1014 403
200 1080
200 161
200 0
771 374
771 75
771 331
771 791
771 588
771 455
771 727
771 149
771 333
771 973
771 4
771 0
771 720
771 471
771 269
771 1118
771 151
771 639
374 75
374 53
374 149
374 973
374 695
374 1107
374 0
374 996
460 970
460 558
460 69
75 845
75 105
75 444
75 957
75 948
75 0
75 546
75 101
75 829
331 149
331 444
331 401
331 542
331 97
631 1030
631 844
631 629
631 375
631 1000
631 280
631 1015
1073 791
791 588
791 1131
791 727
791 333
791 106
791 1118
1030 219
1030 629
1030 375
1030 457
1030 1000
1030 690
1030 280
1030 926
1012 524
588 333
588 1118
362 455
362 772
362 248
362 524
362 669
455 1069
455 750
455 1054
885 781
885 2
885 970
885 523
885 1072
885 942
885 333
885 369
79 53
79 679
79 404
79 285
79 453
79 220
146 951
146 456
146 117
167 53
167 1093
167 801
167 61
167 369
167 866
167 901
167 1013
167 305
167 551
167 328
951 456
951 59
951 315
781 275
781 191
2 275
2 1131
2 492
2 942
2 333
2 507
2 58
2 1087
970 275
970 211
970 333
970 1023
970 1051
275 1102
275 980
275 328
1010 56
1010 787
1010 963
1010 962
1010 442
1010 24
1010 420
1010 390
1010 378
1010 867
1010 427
845 149
845 444
845 133
845 957
845 162
645 1005
784 947
995 416
995 539
995 821
995 1074
995 423
995 488
995 820
1102 476
1102 109
1102 203
1102 292
1102 417
727 333
877 139
877 620
877 743
877 292
877 26
877 195
1028 109
565 476
565 260
565 657
565 358
565 887
139 53
139 292
139 26
476 260
476 530
533 621
999 332
416 541
416 451
416 474
416 560
416 46
416 916
793 921
793 444
952 707
896 621
896 288
338 310
576 1093
576 861
576 61
576 759
576 357
576 962
576 432
576 241
1004 260
1004 1026
1004 907
1004 474
1004 973
1004 505
1004 162
210 1026
210 1125
210 973
210 505
620 886
620 195
620 510
53 512
53 149
53 893
53 285
53 292
53 291
53 46
53 873
512 292
1093 495
1093 1089
1093 861
1093 61
1093 759
1093 369
1093 357
1093 531
1093 550
1093 199
1093 432
1093 902
1093 241
31 893
31 216
31 52
31 126
31 286
19 149
19 105
19 973
19 359
19 1080
19 161
19 4
19 520
19 1085
811 539
811 474
811 787
811 962
811 442
811 548
811 310
811 619
650 456
892 456
892 207
892 505
260 657
260 530
260 358
260 887
933 315
122 796
666 548
666 657
666 358
666 887
666 91
666 50
942 893
942 109
942 909
942 541
942 285
942 264
149 109
149 285
149 973
149 659
149 133
149 359
149 957
149 1080
149 161
149 4
149 0
149 865
149 401
105 291
105 359
105 240
113 697
113 7
893 719
893 549
893 285
893 838
893 286
886 1082
495 713
495 61
495 357
495 531
495 199
495 432
495 902
495 241
968 921
968 214
968 724
456 987
456 326
109 832
109 693
109 134
109 549
109 214
109 878
109 1045
109 711
109 935
109 400
109 99
109 489
109 615
109 1050
109 1003
131 263
1026 386
559 444
566 165
566 367
566 457
637 216
637 264
637 430
637 772
637 880
637 145
1043 679
1043 164
668 667
668 410
909 541
909 397
909 549
909 285
909 474
909 233
909 967
909 1111
909 809
909 396
909 181
909 797
909 838
909 66
361 253
1089 384
1089 801
1089 369
1089 1119
1089 482
1089 842
1089 655
1089 357
1089 166
1089 174
1089 314
1089 757
384 801
384 861
384 61
384 1119
384 482
384 649
384 174
539 821
539 713
539 601
539 861
539 1013
539 212
402 917
402 300
402 663
402 708
821 1074
821 423
821 488
821 254
821 917
713 861
1132 1046
1132 511
313 719
719 832
719 746
719 22
719 541
719 610
719 1045
719 953
719 797
719 10
719 293
719 282
1074 488
1074 367
1074 511
423 861
423 1046
423 501
488 1015
1024 978
1024 22
832 746
832 320
832 315
832 112
693 746
622 961
333 1118
625 519
625 295
625 27
730 961
705 921
705 26
705 299
705 755
705 624
134 754
134 750
921 1048
921 304
921 27
921 405
921 766
921 1090
921 633
921 658
245 458
754 772
754 184
907 547
746 486
978 22
978 434
479 220
224 264
516 1007
196 871
196 208
320 961
318 979
519 961
519 295
519 341
519 27
519 755
1007 486
1007 244
679 264
1125 648
1125 404
1125 465
1125 262
648 404
404 465
1100 1094
1100 511
1100 1
254 917
254 23
391 285
391 398
391 1094
601 125
601 56
117 94
541 549
541 285
541 233
541 967
541 1111
549 233
813 168
813 864
813 718
813 862
813 524
998 1041
998 733
998 807
998 38
998 334
214 52
285 700
285 264
285 233
285 1111
285 440
285 126
168 70
168 864
168 499
168 353
168 658
253 1045
216 430
216 880
216 297
700 538
1064 857
219 375
219 431
878 278
878 820
878 364
844 375
844 690
844 926
451 800
474 554
474 56
474 763
474 70
474 750
474 1085
474 99
647 550
629 375
430 880
430 52
430 1032
554 550
227 94
375 1081
917 125
917 511
118 787
118 715
56 715
56 363
56 230
165 457
165 344
165 733
165 1062
772 8
1069 8
1069 640
763 1094
70 787
560 865
560 927
880 1051
880 988
880 346
880 240
880 403
880 639
880 981
597 718
597 52
597 838
597 889
973 291
973 1080
973 269
973 240
973 981
987 505
987 42
987 614
987 326
203 599
203 337
203 328
980 567
974 272
974 863
1045 621
1023 147
903 378
500 486
801 482
801 649
801 842
801 166
801 753
801 174
801 314
801 1066
801 860
801 611
861 759
861 1
861 1110
61 759
61 357
61 531
61 199
61 432
61 902
61 241
61 1067
738 792
738 209
738 867
738 509
759 979
369 357
369 174
369 551
369 9
369 145
792 929
792 867
792 509
226 220
59 103
154 662
1046 501
1119 649
1119 655
1119 429
1119 174
482 300
482 649
482 655
482 1094
482 174
300 649
300 655
300 166
300 174
649 655
649 174
655 166
655 663
881 961
1109 499
357 787
357 531
357 199
357 432
357 902
357 241
444 133
444 957
444 546
444 343
444 401
444 93
444 97
444 491
989 1038
989 1041
248 669
292 567
292 26
292 195
292 652
591 930
859 900
967 809
967 1032
967 66
947 797
947 170
1111 809
398 209
930 420
787 963
787 962
787 442
787 550
367 511
1094 511
775 199
775 507
775 400
775 1013
775 3
531 199
531 432
531 902
531 241
662 598
662 99
662 615
662 755
662 673
435 963
567 530
567 50
740 540
776 939
449 580
133 957
133 101
133 162
133 927
963 962
963 442
711 176
711 1006
147 862
76 718
291 1035
291 988
291 1080
453 857
809 181
809 797
809 510
891 52
26 195
359 161
359 695
359 829
359 1055
218 293
46 209
962 442
962 378
442 36
820 979
820 889
820 912
820 515
820 1017
172 306
172 431
8 25
988 269
988 403
988 639
988 981
957 162
957 97
957 981
1080 269
1080 1006
1080 639
1080 981
52 945
184 4
112 161
112 4
112 1107
112 1048
112 852
979 250
548 704
548 303
548 598
599 272
599 1123
599 328
443 209
443 250
161 4
161 695
161 852
4 852
695 1107
695 269
695 240
695 745
1000 124
280 1062
550 1061
199 432
199 902
199 241
432 241
902 241
24 400
24 420
24 3
507 1067
507 840
400 420
400 704
773 1013
773 305
773 209
773 551
773 9
773 145
773 141
1013 305
1013 209
1013 551
1013 145
420 295
420 3
152 201
337 510
657 358
657 50
390 378
390 427
704 426
704 593
704 598
704 99
704 615
378 867
378 509
557 598
557 99
557 615
557 755
557 673
358 887
358 91
358 50
936 498
305 551
305 145
721 297
948 837
1048 101
295 27
520 293
1038 819
691 141
691 607
688 303
688 598
1041 733
1041 807
166 753
166 314
753 58
58 1066
621 181
838 440
176 0
176 865
176 1006
1066 860
1066 619
1066 611
724 135
304 405
304 658
209 551
209 145
524 950
25 489
551 145
551 225
733 807
1123 328
857 310
867 509
0 865
0 401
0 639
0 852
487 950
1126 197
750 1054
750 452
593 598
593 99
593 615
593 673
598 99
598 615
598 1050
598 673
310 65
307 458
307 489
458 489
101 789
996 927
401 97
10 615
10 755
269 240
269 403
269 639
269 981
403 639
403 981
639 981
97 852
195 231
50 673
99 615
99 1050
99 755
99 673
615 1050
615 755
615 673
1050 673
66 483
755 624
405 658
405 764
807 752
38 334
640 1020
981 852
1020 1020
