0 622
1 1013
2 922
3 1076
4 489
5 983
6 204
7 250
8 749
9 684
10 87
11 1010
12 870
13 624
14 716
15 1066
16 9
17 74
18 745
19 676
20 328
21 297
22 891
23 84
24 669
25 502
26 42
27 203
28 804
29 1092
30 674
31 1125
32 512
33 174
34 139
35 168
36 1019
37 23
38 436
39 618
40 606
41 71
42 63
43 482
44 261
45 597
46 1096
47 960
48 763
49 649
50 210
51 833
52 325
53 600
54 902
55 1112
56 126
57 704
58 239
59 151
60 227
61 372
62 536
63 329
64 286
65 551
66 208
67 1084
68 752
69 485
70 919
71 1109
72 1091
73 1042
74 122
75 550
76 667
77 331
78 51
79 630
80 384
81 1025
82 851
83 358
84 723
85 454
86 1101
87 651
88 610
89 279
90 950
91 599
92 53
93 303
94 386
95 980
96 211
97 16
98 206
99 109
100 37
101 491
102 720
103 568
104 105
105 265
106 1051
107 1106
108 632
109 55
110 510
111 841
112 259
113 458
114 311
115 844
116 756
117 21
118 672
119 392
120 1071
121 494
122 309
123 283
124 10
125 904
126 507
127 390
128 776
129 1119
130 816
131 1105
132 292
133 533
134 797
135 565
136 501
137 414
138 123
139 79
140 956
141 462
142 639
143 737
144 170
145 406
146 446
147 992
148 874
149 31
150 162
151 777
152 334
153 380
154 656
155 613
156 62
157 1087
158 129
159 733
160 1065
161 981
162 987
163 379
164 860
165 338
166 554
167 840
168 268
169 558
170 1132
171 478
172 314
173 39
174 439
175 812
176 333
177 44
178 1122
179 506
180 779
181 156
182 705
183 1045
184 900
185 685
186 976
187 821
188 653
189 374
190 284
191 631
192 401
193 975
194 702
195 514
196 718
197 143
198 916
199 947
200 22
201 1003
202 708
203 130
204 555
205 86
206 310
207 878
208 872
209 543
210 607
211 435
212 689
213 503
214 221
215 1074
216 1130
217 1018
218 668
219 796
220 60
221 657
222 282
223 183
224 64
225 367
226 422
227 182
228 230
229 65
230 169
231 734
232 602
233 746
234 241
235 275
236 946
237 385
238 965
239 743
240 887
241 1009
242 1033
243 215
244 56
245 967
246 642
247 97
248 740
249 800
250 88
251 298
252 772
253 119
254 790
255 819
256 764
257 154
258 995
259 172
260 54
261 157
262 546
263 81
264 683
265 320
266 815
267 278
268 382
269 910
270 905
271 426
272 679
273 400
274 273
275 355
276 566
277 583
278 633
279 978
280 542
281 623
282 754
283 755
284 979
285 207
286 727
287 795
288 11
289 588
290 722
291 832
292 195
293 131
294 986
295 893
296 176
297 167
298 442
299 437
300 59
301 561
302 944
303 187
304 699
305 589
306 269
307 1117
308 1040
309 266
310 915
311 1029
312 1058
313 33
314 541
315 1052
316 530
317 1123
318 1085
319 440
320 643
321 124
322 91
323 376
324 726
325 663
326 500
327 272
328 854
329 573
330 1031
331 308
332 419
333 214
334 487
335 370
336 163
337 612
338 316
339 925
340 345
341 875
342 831
343 952
344 235
345 818
346 917
347 595
348 149
349 1050
350 254
351 301
352 634
353 463
354 444
355 1057
356 1060
357 966
358 257
359 861
360 670
361 730
362 381
363 760
364 805
365 99
366 155
367 988
368 276
369 1131
370 571
371 1128
372 864
373 252
374 729
375 627
376 375
377 118
378 955
379 654
380 264
381 693
382 522
383 867
384 181
385 451
386 535
387 465
388 537
389 200
390 7
391 326
392 889
393 1036
394 25
395 192
396 937
397 450
398 1072
399 972
400 335
401 180
402 185
403 996
404 212
405 177
406 823
407 1103
408 178
409 617
410 744
411 930
412 620
413 518
414 253
415 938
416 824
417 32
418 430
419 307
420 728
421 1011
422 793
423 1120
424 792
425 567
426 1064
427 1068
428 289
429 1026
430 911
431 354
432 680
433 921
434 323
435 1111
436 247
437 72
438 244
439 274
440 770
441 688
442 216
443 504
444 193
445 1044
446 786
447 364
448 188
449 714
450 1007
451 78
452 675
453 820
454 336
455 460
456 771
457 868
458 398
459 660
460 857
461 687
462 553
463 140
464 696
465 894
466 213
467 135
468 1107
469 361
470 791
471 626
472 408
473 958
474 548
475 830
476 997
477 29
478 650
479 464
480 715
481 117
482 114
483 324
484 1001
485 766
486 45
487 523
488 735
489 4
490 142
491 578
492 237
493 277
494 645
495 449
496 137
497 1004
498 892
499 120
500 85
501 306
502 8
503 625
504 24
505 1069
506 173
507 1034
508 962
509 1115
510 993
511 111
512 809
513 698
514 1014
515 521
516 1008
517 190
518 697
519 416
520 990
521 564
522 420
523 761
524 432
525 448
526 556
527 525
528 456
529 0
530 836
531 961
532 999
533 496
534 888
535 412
536 224
537 287
538 196
539 985
540 865
541 711
542 457
543 125
544 873
545 113
546 895
547 67
548 427
549 299
550 147
551 886
552 580
553 138
554 834
555 198
556 762
557 846
558 377
559 194
560 706
561 1049
562 598
563 1043
564 49
565 534
566 271
567 731
568 184
569 1020
570 94
571 342
572 470
573 847
574 677
575 1093
576 421
577 234
578 732
579 899
580 1030
581 527
582 19
583 926
584 89
585 229
586 948
587 150
588 713
589 293
590 1099
591 924
592 351
593 121
594 76
595 524
596 827
597 509
598 484
599 347
600 974
601 863
602 866
603 1038
604 661
605 391
606 388
607 166
608 912
609 1098
610 1089
611 403
612 493
613 368
614 5
615 136
616 348
617 312
618 963
619 73
620 982
621 418
622 171
623 581
624 838
625 12
626 725
627 811
628 492
629 882
630 332
631 849
632 907
633 707
634 1032
635 971
636 652
637 1062
638 640
639 694
640 1015
641 775
642 415
643 515
644 787
645 927
646 998
647 835
648 628
649 1006
650 159
651 1124
652 959
653 931
654 115
655 1095
656 467
657 353
658 2
659 396
660 885
661 68
662 205
663 466
664 526
665 970
666 591
667 199
668 127
669 1063
670 949
671 532
672 751
673 928
674 258
675 423
676 739
677 736
678 341
679 758
680 141
681 1113
682 104
683 165
684 540
685 46
686 77
687 13
688 673
689 248
690 1108
691 909
692 648
693 552
694 678
695 953
696 80
697 671
698 281
699 545
700 709
701 411
702 896
703 609
704 701
705 34
706 373
707 664
708 1067
709 843
710 810
711 1088
712 218
713 619
714 471
715 528
716 877
717 116
718 262
719 837
720 513
721 14
722 848
723 647
724 38
725 189
726 315
727 923
728 690
729 531
730 425
731 473
732 317
733 935
734 692
735 977
736 344
737 876
738 577
739 57
740 1024
741 428
742 1054
743 1053
744 659
745 1017
746 96
747 1022
748 741
749 794
750 939
751 1046
752 1002
753 1094
754 1048
755 393
756 1126
757 1059
758 290
759 160
760 1129
761 1012
762 1110
763 991
764 134
765 903
766 15
767 859
768 1021
769 768
770 785
771 557
772 803
773 52
774 782
775 801
776 366
777 883
778 469
779 856
780 839
781 767
782 497
783 855
784 1100
785 520
786 263
787 352
788 575
789 655
790 219
791 1039
792 357
793 404
794 879
795 929
796 441
797 133
798 304
799 717
800 644
801 236
802 829
803 95
804 529
805 148
806 781
807 788
808 453
809 48
810 50
811 394
812 945
813 547
814 989
815 682
816 862
817 179
818 636
819 616
820 968
821 98
822 191
823 481
824 238
825 270
826 242
827 83
828 920
829 748
830 560
831 337
832 296
833 721
834 413
835 822
836 1116
837 584
838 774
839 474
840 807
841 18
842 700
843 294
844 260
845 638
846 132
847 629
848 1016
849 1121
850 719
851 658
852 40
853 3
854 322
855 202
856 918
857 906
858 753
859 1075
860 175
861 483
862 511
863 100
864 267
865 1104
866 228
867 1035
868 43
869 455
870 92
871 666
872 538
873 590
874 750
875 783
876 339
877 402
878 611
879 233
880 407
881 825
882 957
883 973
884 582
885 585
886 434
887 574
888 152
889 30
890 559
891 964
892 343
893 954
894 1073
895 712
896 871
897 472
898 321
899 908
900 1082
901 596
902 360
903 319
904 438
905 387
906 490
907 340
908 969
909 933
910 773
911 153
912 417
913 499
914 371
915 615
916 6
917 101
918 399
919 681
920 291
921 662
922 593
923 665
924 798
925 305
926 20
927 220
928 1081
929 778
930 517
931 802
932 813
933 447
934 869
935 594
936 1
937 93
938 217
939 300
940 356
941 209
942 516
943 103
944 295
945 256
946 409
947 1055
948 563
949 452
950 579
951 128
952 826
953 742
954 757
955 90
956 249
957 814
958 36
959 17
960 313
961 327
962 765
963 475
964 164
965 145
966 35
967 433
968 1078
969 144
970 362
971 146
972 646
973 936
974 1005
975 549
976 784
977 897
978 710
979 424
980 69
981 691
982 842
983 161
984 914
985 365
986 614
987 1061
988 890
989 350
990 881
991 232
992 608
993 1023
994 1000
995 158
996 186
997 1127
998 280
999 940
1000 197
1001 901
1002 112
1003 58
1004 102
1005 1070
1006 288
1007 479
1008 349
1009 395
1010 108
1011 223
1012 780
1013 850
1014 621
1015 789
1016 443
1017 488
1018 397
1019 570
1020 468
1021 61
1022 799
1023 1079
1024 808
1025 405
1026 592
1027 984
1028 70
1029 641
1030 604
1031 505
1032 586
1033 82
1034 853
1035 1056
1036 1080
1037 107
1038 703
1039 41
1040 445
1041 378
1042 383
1043 934
1044 738
1045 1114
1046 852
1047 75
1048 459
1049 539
1050 27
1051 1102
1052 508
1053 255
1054 251
1055 410
1056 431
1057 318
1058 1077
1059 994
1060 302
1061 476
1062 110
1063 389
1064 246
1065 686
1066 587
1067 769
1068 1037
1069 1028
1070 941
1071 635
1072 544
1073 1086
1074 576
1075 601
1076 28
1077 1090
1078 1041
1079 1118
1080 359
1081 913
1082 346
1083 828
1084 858
1085 747
1086 1027
1087 363
1088 243
1089 845
1090 817
1091 486
1092 519
1093 1047
1094 369
1095 1097
1096 759
1097 495
1098 106
1099 637
1100 26
1101 562
1102 330
1103 480
1104 880
1105 222
1106 943
1107 285
1108 1083
1109 605
1110 806
1111 225
1112 201
1113 572
1114 245
1115 942
1116 724
1117 932
1118 884
1119 226
1120 898
1121 231
1122 429
1123 477
1124 47
1125 603
1126 240
1127 695
1128 951
1129 461
1130 498
1131 66
1132 569
