0 473
1 716
2 951
3 571
4 970
5 545
6 77
7 911
8 608
9 159
10 308
11 975
12 1125
13 781
14 214
15 1074
16 79
17 739
18 1036
19 401
20 871
21 261
22 385
23 953
24 697
25 855
26 490
27 542
28 123
29 170
30 699
31 1032
32 905
33 544
34 1016
35 937
36 221
37 62
38 931
39 101
40 604
41 463
42 413
43 23
44 1067
45 675
46 844
47 280
48 109
49 195
50 56
51 54
52 382
53 768
54 520
55 862
56 546
57 588
58 1038
59 302
60 851
61 943
62 796
63 1050
64 309
65 704
66 702
67 575
68 378
69 733
70 472
71 820
72 925
73 706
74 386
75 734
76 889
77 1042
78 205
79 683
80 220
81 1115
82 816
83 353
84 717
85 41
86 173
87 296
88 310
89 260
90 1034
91 132
92 532
93 533
94 6
95 669
96 411
97 5
98 487
99 254
100 831
101 8
102 558
103 680
104 952
105 508
106 281
107 219
108 993
109 275
110 1008
111 765
112 995
113 567
114 169
115 76
116 693
117 154
118 72
119 896
120 505
121 1043
122 81
123 337
124 1053
125 922
126 667
127 161
128 785
129 142
130 869
131 1007
132 163
133 856
134 836
135 167
136 399
137 709
138 843
139 198
140 566
141 99
142 442
143 1122
144 835
145 1022
146 578
147 960
148 746
149 815
150 391
151 529
152 458
153 303
154 1059
155 576
156 1089
157 1084
158 209
159 792
160 245
161 514
162 292
163 870
164 517
165 69
166 354
167 780
168 299
169 1033
170 795
171 271
172 1029
173 886
174 840
175 663
176 406
177 400
178 782
179 235
180 963
181 1130
182 1077
183 57
184 16
185 603
186 371
187 283
188 51
189 264
190 721
191 290
192 363
193 158
194 527
195 686
196 1051
197 884
198 478
199 416
200 307
201 485
202 929
203 892
204 86
205 919
206 1069
207 131
208 534
209 300
210 1020
211 37
212 596
213 321
214 368
215 574
216 652
217 246
218 145
219 537
220 1083
221 164
222 335
223 379
224 352
225 761
226 906
227 47
228 813
229 552
230 512
231 168
232 688
233 511
234 146
235 556
236 172
237 1041
238 188
239 115
240 621
241 981
242 522
243 1039
244 34
245 357
246 1068
247 727
248 800
249 618
250 572
251 791
252 725
253 615
254 745
255 116
256 226
257 482
258 180
259 67
260 1092
261 661
262 767
263 52
264 773
265 1054
266 257
267 441
268 671
269 456
270 984
271 102
272 666
273 536
274 1099
275 320
276 640
277 992
278 852
279 388
280 1103
281 272
282 744
283 1107
284 1117
285 644
286 393
287 253
288 799
289 1037
290 658
291 324
292 909
293 182
294 888
295 653
296 236
297 340
298 861
299 664
300 837
301 705
302 1116
303 2
304 395
305 885
306 818
307 234
308 121
309 941
310 450
311 105
312 610
313 569
314 316
315 1071
316 495
317 96
318 968
319 151
320 1110
321 921
322 427
323 110
324 776
325 17
326 967
327 845
328 496
329 33
330 808
331 924
332 436
333 676
334 311
335 348
336 779
337 133
338 344
339 206
340 438
341 203
342 484
343 769
344 972
345 64
346 964
347 793
348 897
349 531
350 265
351 1070
352 55
353 1112
354 199
355 179
356 1097
357 982
358 224
359 201
360 398
361 147
362 817
363 627
364 1010
365 192
366 797
367 351
368 444
369 908
370 749
371 53
372 232
373 402
374 1006
375 915
376 1061
377 920
378 887
379 825
380 242
381 755
382 346
383 333
384 954
385 858
386 729
387 677
388 407
389 766
390 499
391 92
392 509
393 460
394 620
395 1093
396 362
397 1018
398 708
399 387
400 830
401 899
402 295
403 722
404 903
405 445
406 278
407 707
408 377
409 200
410 586
411 976
412 949
413 515
414 654
415 1100
416 107
417 681
418 913
419 223
420 227
421 1086
422 590
423 492
424 961
425 451
426 251
427 358
428 448
429 904
430 789
431 390
432 424
433 934
434 672
435 415
436 659
437 607
438 788
439 268
440 994
441 249
442 561
443 998
444 1044
445 989
446 207
447 178
448 94
449 78
450 756
451 345
452 657
453 364
454 1060
455 876
456 589
457 775
458 883
459 189
460 1101
461 409
462 660
463 322
464 88
465 1079
466 276
467 426
468 25
469 114
470 771
471 814
472 1118
473 439
474 900
475 285
476 301
477 946
478 806
479 486
480 356
481 979
482 764
483 184
484 945
485 506
486 248
487 665
488 714
489 955
490 119
491 720
492 633
493 216
494 642
495 563
496 211
497 1017
498 518
499 355
500 950
501 70
502 452
503 628
504 334
505 914
506 726
507 443
508 997
509 186
510 429
511 827
512 634
513 477
514 748
515 106
516 293
517 662
518 878
519 713
520 692
521 541
522 46
523 701
524 731
525 966
526 332
527 408
528 507
529 44
530 48
531 762
532 277
533 50
534 834
535 291
536 559
537 758
538 1096
539 1005
540 208
541 643
542 270
543 222
544 790
545 551
546 155
547 902
548 971
549 488
550 847
551 36
552 317
553 936
554 35
555 787
556 328
557 526
558 11
559 959
560 453
561 807
562 641
563 491
564 323
565 380
566 947
567 10
568 31
569 440
570 196
571 524
572 712
573 956
574 422
575 59
576 375
577 1075
578 866
579 28
580 100
581 239
582 122
583 691
584 523
585 350
586 973
587 369
588 87
589 135
590 609
591 29
592 901
593 39
594 474
595 1055
596 359
597 591
598 3
599 842
600 1081
601 1111
602 384
603 435
604 850
605 18
606 735
607 1106
608 810
609 753
610 1124
611 217
612 370
613 500
614 930
615 630
616 1129
617 98
618 881
619 143
620 258
621 695
622 141
623 461
624 593
625 457
626 638
627 136
628 646
629 455
630 510
631 89
632 694
633 550
634 711
635 61
636 117
637 446
638 573
639 138
640 433
641 288
642 859
643 670
644 948
645 397
646 772
647 784
648 104
649 434
650 315
651 118
652 14
653 774
654 783
655 32
656 786
657 82
658 212
659 987
660 498
661 1094
662 873
663 718
664 157
665 389
666 651
667 218
668 417
669 935
670 241
671 287
672 339
673 809
674 1128
675 1066
676 1024
677 553
678 530
679 933
680 629
681 741
682 228
683 13
684 655
685 21
686 988
687 580
688 674
689 80
690 1031
691 801
692 326
693 144
694 689
695 160
696 525
697 912
698 803
699 1082
700 45
701 432
702 957
703 648
704 1057
705 927
706 419
707 890
708 853
709 181
710 867
711 1001
712 162
713 868
714 1073
715 777
716 1113
717 318
718 392
719 895
720 381
721 599
722 829
723 152
724 1114
725 19
726 489
727 833
728 129
729 410
730 26
731 1012
732 274
733 977
734 74
735 698
736 983
737 736
738 907
739 535
740 916
741 1045
742 85
743 75
744 137
745 225
746 312
747 414
748 366
749 1046
750 298
751 1098
752 917
753 619
754 403
755 38
756 1105
757 832
758 93
759 585
760 319
761 637
762 204
763 554
764 752
765 493
766 594
767 673
768 360
769 263
770 875
771 338
772 1049
773 210
774 555
775 30
776 690
777 985
778 1131
779 1035
780 617
781 1109
782 502
783 636
784 327
785 1064
786 1025
787 763
788 325
789 1013
790 58
791 470
792 134
793 1015
794 932
795 893
796 475
797 1019
798 60
799 177
800 471
801 1085
802 623
803 286
804 421
805 231
806 614
807 187
808 229
809 425
810 1052
811 724
812 373
813 597
814 481
815 877
816 1030
817 1087
818 149
819 891
820 124
821 978
822 503
823 256
824 600
825 516
826 190
827 805
828 759
829 1090
830 497
831 865
832 668
833 645
834 557
835 24
836 802
837 879
838 751
839 22
840 376
841 347
842 1102
843 1047
844 962
845 314
846 336
847 821
848 1065
849 606
850 804
851 213
852 539
853 624
854 127
855 1040
856 601
857 237
858 730
859 1011
860 737
861 112
862 65
863 150
864 549
865 849
866 1095
867 279
868 108
869 404
870 125
871 12
872 365
873 647
874 83
875 1119
876 910
877 412
878 991
879 113
880 719
881 939
882 1108
883 423
884 49
885 1028
886 650
887 1132
888 1023
889 1062
890 130
891 197
892 480
893 570
894 7
895 341
896 974
897 1126
898 166
899 605
900 267
901 519
902 230
903 828
904 247
905 464
906 839
907 1003
908 587
909 383
910 1000
911 243
912 894
913 476
914 1088
915 483
916 63
917 1
918 431
919 111
920 240
921 1026
922 577
923 194
924 140
925 367
926 639
927 42
928 528
929 723
930 864
931 579
932 27
933 872
934 812
935 284
936 616
937 980
938 304
939 882
940 595
941 940
942 682
943 468
944 710
945 1004
946 84
947 942
948 581
949 613
950 838
951 1002
952 1058
953 139
954 965
955 687
956 9
957 66
958 860
959 97
960 20
961 715
962 854
963 538
964 811
965 747
966 583
967 1009
968 684
969 582
970 732
971 958
972 266
973 622
974 631
975 626
976 703
977 269
978 996
979 428
980 944
981 822
982 625
983 1120
984 252
985 465
986 632
987 679
988 330
989 584
990 501
991 40
992 462
993 479
994 565
995 120
996 1121
997 918
998 420
999 459
1000 289
1001 696
1002 598
1003 857
1004 103
1005 394
1006 1076
1007 540
1008 874
1009 824
1010 1123
1011 1063
1012 90
1013 126
1014 560
1015 678
1016 494
1017 454
1018 990
1019 923
1020 760
1021 418
1022 986
1023 255
1024 466
1025 73
1026 437
1027 1021
1028 282
1029 68
1030 819
1031 548
1032 305
1033 202
1034 928
1035 754
1036 1027
1037 750
1038 176
1039 863
1040 183
1041 95
1042 826
1043 259
1044 794
1045 656
1046 174
1047 649
1048 469
1049 999
1050 880
1051 592
1052 848
1053 313
1054 611
1055 504
1056 342
1057 306
1058 1080
1059 742
1060 798
1061 700
1062 757
1063 547
1064 564
1065 1056
1066 728
1067 153
1068 233
1069 521
1070 238
1071 343
1072 372
1073 15
1074 4
1075 938
1076 740
1077 841
1078 513
1079 250
1080 778
1081 148
1082 156
1083 349
1084 467
1085 297
1086 128
1087 685
1088 396
1089 1048
1090 743
1091 191
1092 294
1093 273
1094 1078
1095 898
1096 823
1097 612
1098 193
1099 770
1100 846
1101 562
1102 361
1103 543
1104 449
1105 1091
1106 1014
1107 969
1108 43
1109 331
1110 1072
1111 635
1112 185
1113 329
1114 165
1115 262
1116 738
1117 1127
1118 602
1119 430
1120 244
1121 568
1122 91
1123 1104
1124 926
1125 374
1126 71
1127 0
1128 215
1129 175
1130 171
1131 405
1132 447
