1026 961
1026 122
1026 579
1026 116
1026 677
1026 28
1026 803
1026 191
1026 492
1026 693
1026 409
1026 571
1026 766
1026 147
1026 169
1026 476
1026 86
1026 411
1026 885
1026 310
1026 298
1026 957
1026 317
1026 842
1026 438
1026 659
1026 849
1026 112
1026 1091
1026 444
961 122
961 579
961 677
961 28
961 803
961 191
961 492
961 693
961 571
961 169
961 86
961 411
961 298
961 317
961 329
961 221
961 339
961 731
961 929
961 342
961 708
122 579
122 677
122 28
122 191
122 693
122 409
122 571
122 169
122 86
122 411
122 885
122 310
122 298
122 957
122 659
122 849
122 339
122 273
122 279
122 882
122 300
122 159
122 328
122 787
122 800
122 431
122 984
122 916
122 700
122 549
122 858
122 34
122 1043
122 635
579 693
579 298
579 1050
579 618
579 35
579 850
579 789
579 965
579 988
579 620
579 501
579 421
579 1000
579 11
579 1046
579 95
579 846
579 645
579 941
116 677
116 571
116 433
116 479
116 463
116 1112
116 1012
116 377
677 28
677 803
677 571
677 169
677 86
677 298
677 659
677 849
677 339
677 313
677 612
677 215
677 1010
677 861
677 530
677 511
677 956
28 191
28 492
28 571
28 147
28 411
28 298
28 849
28 366
28 668
28 912
28 506
28 636
28 704
28 103
28 451
28 55
28 88
28 401
28 153
28 578
803 298
803 849
803 413
191 492
191 571
191 169
191 310
191 298
191 317
191 1091
191 882
191 490
191 108
191 551
191 348
191 550
492 169
492 1091
492 339
492 846
492 23
492 289
492 503
492 748
492 297
492 887
492 46
492 1066
492 268
492 180
492 146
492 1034
492 1092
492 119
492 601
492 87
492 158
492 799
492 188
492 1006
492 212
492 1052
693 86
693 411
693 885
693 298
693 842
693 659
693 787
693 433
693 165
693 211
693 1032
693 830
693 1022
693 143
693 817
693 134
409 861
409 848
409 1073
409 400
409 998
409 617
409 815
409 619
409 525
409 822
409 717
409 818
409 1100
409 959
409 407
571 766
571 169
571 86
571 298
571 317
571 849
571 787
571 95
571 366
571 348
571 407
571 785
571 334
571 151
571 1110
571 353
571 363
571 238
766 147
766 169
766 317
766 221
766 339
766 313
766 550
766 503
766 297
766 601
766 87
766 143
766 44
766 621
766 658
766 772
766 874
766 837
766 213
766 455
766 330
766 613
766 1097
766 1106
766 694
766 1042
766 1041
766 230
766 364
766 357
766 1095
766 96
766 441
147 957
147 221
147 339
147 366
147 704
147 87
147 455
147 304
147 701
147 616
147 45
147 730
147 361
147 2
147 123
147 644
169 317
169 221
169 339
169 635
169 1112
169 551
169 23
169 601
169 188
169 212
169 869
169 383
169 897
169 538
169 583
169 482
169 471
169 978
169 735
169 6
169 137
169 403
169 434
169 97
169 372
169 760
169 1049
169 713
169 580
169 1060
169 384
169 843
169 420
169 223
169 650
169 740
169 167
169 870
169 1087
169 231
476 317
476 339
476 1066
476 950
476 615
476 768
86 411
86 310
86 298
86 957
86 842
86 438
86 659
86 708
86 273
86 689
86 960
86 1015
411 885
411 659
411 708
411 882
411 846
411 215
411 511
411 739
411 817
411 45
411 534
411 65
411 852
411 50
411 592
411 1044
411 195
411 294
411 572
411 554
411 70
411 824
885 298
885 882
885 159
885 916
885 612
885 348
885 1015
885 592
885 898
885 37
885 142
885 605
310 957
310 842
310 273
310 279
310 882
310 1050
310 800
310 916
310 34
310 1043
310 850
310 636
310 490
310 108
310 551
310 550
310 1110
310 97
310 713
310 843
310 950
310 70
310 825
310 933
310 834
310 513
310 520
310 1035
310 751
310 210
310 1056
310 260
310 955
310 205
310 478
310 676
310 1089
298 659
298 329
298 708
957 842
957 708
957 273
957 159
957 328
957 1050
957 916
957 34
957 313
957 88
957 830
957 1022
957 998
957 441
957 538
957 137
957 960
957 65
957 824
957 933
957 260
957 1114
957 125
957 26
957 224
957 873
957 174
957 611
957 192
957 1120
957 1061
957 868
957 559
957 710
957 456
957 723
957 548
957 675
957 359
957 322
957 5
957 685
957 816
957 672
317 1091
317 221
317 339
317 35
317 846
317 23
317 289
317 503
317 297
317 1066
317 268
317 1034
317 739
317 1092
317 87
317 213
317 455
317 1042
317 1059
317 441
317 125
317 845
317 67
317 90
317 936
317 21
317 526
317 345
317 977
317 423
317 162
317 161
317 596
317 502
842 438
842 273
842 789
842 988
842 799
842 960
842 554
842 224
842 90
842 806
842 528
842 779
842 445
842 152
842 649
659 708
659 846
659 451
659 45
659 65
659 50
659 195
659 554
659 456
659 705
659 245
659 1128
659 599
849 339
849 441
849 592
849 322
849 602
849 240
112 525
112 19
112 84
112 725
112 82
112 436
112 203
112 276
1091 339
1091 984
1091 364
1091 897
1091 538
1091 978
1091 735
1091 580
1091 740
1091 841
1091 778
1091 182
1091 831
1091 1082
1091 465
1091 627
1091 1045
1091 1
1091 641
1091 736
1091 303
444 787
444 34
444 108
444 1110
444 6
444 898
444 825
444 1035
444 1031
444 640
444 201
444 24
444 376
444 829
444 741
444 79
444 331
444 1003
444 225
444 642
329 18
221 339
221 739
221 330
339 1043
339 846
339 23
339 441
339 602
339 939
339 624
708 700
708 852
708 592
708 572
708 898
708 1056
708 1120
708 456
708 201
708 311
708 625
708 406
708 720
708 418
708 775
708 587
708 908
708 971
273 882
273 300
273 159
273 787
273 1050
273 916
273 549
273 551
273 550
273 960
273 824
273 825
273 933
273 520
273 224
273 82
273 376
273 1011
273 715
273 508
273 990
273 484
279 300
279 1050
279 800
279 984
279 34
279 1043
279 635
279 551
279 1110
279 137
279 611
279 423
279 331
279 1011
279 715
279 665
279 91
279 607
279 22
279 954
279 1119
279 544
279 879
279 93
882 1050
882 800
882 431
882 916
882 700
882 34
882 988
882 956
882 103
882 490
882 348
882 830
882 1022
882 644
882 897
882 713
882 195
882 554
882 825
882 933
882 648
882 520
882 676
882 1114
882 1120
882 376
882 741
882 326
882 1011
882 715
882 484
882 1103
882 393
882 609
882 25
882 952
882 532
882 233
882 163
882 124
882 38
882 285
882 560
300 328
300 787
300 916
300 861
300 108
300 551
300 830
300 1110
300 825
300 1061
300 649
300 436
300 376
300 829
300 79
300 1003
300 225
300 1011
300 715
300 508
300 952
300 285
300 712
300 454
300 1109
300 608
300 56
300 783
300 1099
300 880
300 379
300 340
300 397
300 367
300 480
300 355
300 872
300 391
300 728
300 679
300 288
300 293
300 509
300 716
300 738
300 734
300 758
159 1050
159 65
159 824
159 192
159 685
159 171
328 549
328 1022
328 376
328 18
328 608
328 1099
328 244
328 828
328 903
328 628
328 905
328 1116
328 889
328 706
328 464
787 916
787 433
787 1032
787 960
787 1035
787 1031
787 829
787 775
787 715
787 22
787 293
787 680
787 251
787 104
787 727
787 99
787 16
787 136
787 114
787 101
787 362
787 807
1050 431
1050 549
1050 618
1050 35
1050 850
1050 988
1050 501
1050 1000
1050 1046
1050 95
1050 645
1050 941
1050 612
1050 898
1050 933
1050 685
1050 908
1050 1011
1050 532
1050 293
1050 464
1050 522
1050 425
1050 867
1050 557
1050 172
1050 170
1050 481
800 108
800 1003
800 786
431 596
431 376
431 93
431 307
984 34
984 1043
984 635
984 366
984 493
984 551
984 268
984 1006
984 616
984 735
984 6
984 97
984 384
984 898
984 192
984 710
984 423
984 649
984 841
984 1082
984 465
984 736
984 303
984 311
984 607
984 954
984 397
984 1023
984 459
984 144
984 278
984 777
984 726
984 428
916 549
916 612
916 644
916 1015
916 898
916 825
916 1031
916 1061
916 436
916 1045
916 829
916 225
916 1011
916 93
916 1103
916 758
916 467
916 1104
700 34
700 635
700 551
700 205
700 192
700 675
700 225
700 642
700 326
700 1011
700 879
700 1103
700 432
700 1072
700 656
700 404
700 838
700 243
549 612
549 1006
549 1032
549 1022
549 619
549 1110
549 441
549 1015
549 898
549 834
549 1056
549 192
549 90
549 276
549 829
549 79
549 642
549 908
549 22
549 544
549 93
549 738
549 706
549 647
549 417
549 437
549 924
549 54
549 320
549 639
549 917
549 226
858 941
34 366
34 956
34 87
34 304
34 616
34 730
34 2
34 644
34 611
34 276
34 640
34 24
34 829
34 406
34 1011
34 285
34 437
34 473
34 249
34 981
34 737
34 790
34 140
1043 635
1043 551
1043 1006
1043 735
1043 1031
1043 841
1043 1045
1043 91
1043 565
1043 448
635 1112
635 551
635 1006
635 1032
635 897
635 538
635 735
635 6
635 372
635 1060
635 384
635 843
635 1035
635 21
635 423
635 736
635 376
635 79
635 91
635 1119
635 397
635 480
635 144
635 39
635 512
635 458
635 1039
635 914
618 35
618 850
618 988
618 421
618 1000
618 95
618 852
618 685
618 532
618 16
618 522
618 1019
618 280
618 1048
618 922
618 1101
618 472
618 71
618 934
618 1014
618 148
618 487
35 850
35 988
35 501
35 1000
35 11
35 95
35 941
35 550
35 297
35 87
35 869
35 97
35 260
35 685
35 67
35 908
35 532
35 355
35 522
35 777
35 630
35 264
35 1067
35 220
35 595
35 256
35 623
850 988
850 501
850 1000
850 95
850 645
850 941
850 955
850 685
850 522
850 172
850 199
850 702
850 765
850 776
789 148
965 501
965 1046
965 211
965 605
965 39
965 148
965 996
965 1086
965 821
988 620
988 501
988 1000
988 11
988 645
988 941
988 848
988 815
988 818
988 616
988 137
988 174
988 18
988 25
988 532
988 280
988 678
988 567
988 312
620 818
620 425
620 280
620 966
620 709
620 61
620 724
501 421
501 1046
501 95
501 941
501 506
501 685
501 934
501 148
501 966
501 962
421 1046
421 506
421 685
421 172
421 1019
421 280
421 1048
421 472
421 934
421 148
421 962
421 899
421 894
421 495
421 810
1000 95
1000 645
1000 941
1000 685
1000 276
1000 1103
1000 522
11 554
11 685
11 67
11 172
11 148
11 412
11 1067
11 604
11 862
11 485
11 9
1046 95
1046 506
1046 685
1046 532
1046 172
1046 39
1046 148
1046 996
1046 962
1046 899
1046 906
95 941
95 506
95 167
95 775
95 22
95 522
95 481
95 1104
95 790
95 996
95 966
95 724
95 796
95 78
95 1124
95 819
95 17
95 277
95 515
95 232
95 518
846 215
846 23
846 180
846 330
846 613
846 441
846 592
846 70
846 322
846 201
846 715
846 1104
846 220
846 623
846 126
846 591
846 576
645 830
645 592
645 425
645 557
645 61
645 899
645 942
941 848
941 611
941 685
941 845
941 859
941 908
941 326
941 508
941 393
941 532
941 728
941 101
941 522
941 996
941 709
941 962
941 899
941 569
941 214
941 1108
941 1078
941 764
941 275
941 222
941 875
941 283
433 912
433 1032
433 676
433 1120
433 124
433 285
433 706
433 16
433 114
433 656
433 140
433 232
433 584
433 890
433 443
433 1098
433 913
433 1004
479 94
479 1006
479 830
479 45
479 897
479 538
479 97
479 592
479 1056
479 90
479 790
479 567
479 312
479 246
479 1063
479 53
479 489
479 938
479 634
479 695
463 822
463 959
463 174
463 1011
463 565
463 953
463 788
463 1127
463 499
463 750
463 308
366 313
366 861
366 551
366 180
366 1034
366 87
366 525
366 818
366 304
366 616
366 45
366 730
366 2
366 123
366 592
366 174
366 192
366 276
366 18
366 971
366 728
366 473
366 790
366 140
366 938
366 453
366 1007
366 944
366 370
366 746
366 1094
366 590
366 193
366 1121
366 543
366 48
366 1033
1112 525
1112 538
1112 627
1112 16
1112 840
1012 887
1012 739
1012 1092
1012 44
1012 621
1012 1059
1012 96
1012 304
1012 583
1012 829
1012 749
377 551
377 1006
377 1032
377 143
377 735
377 465
377 331
377 509
377 920
377 505
313 530
313 551
313 268
313 739
313 188
313 44
313 1059
313 701
313 897
313 192
313 710
313 607
313 509
313 716
313 505
313 688
313 41
313 386
313 261
313 73
313 80
313 405
612 103
612 830
612 334
612 403
612 1015
612 898
612 142
612 676
612 602
612 829
612 171
612 647
612 437
612 917
612 634
612 999
612 527
612 1130
215 103
215 887
215 1059
215 1095
215 441
215 735
215 592
215 1044
215 572
215 192
215 456
215 548
215 445
215 1128
215 454
215 171
215 917
215 906
215 110
215 809
1010 998
1010 70
1010 142
1010 379
1010 900
861 1073
861 998
861 619
861 818
861 959
861 407
861 376
861 1011
861 1033
861 1075
530 1006
530 1052
530 383
530 482
530 434
530 1060
530 420
530 167
530 231
530 345
530 736
530 303
530 288
530 716
530 485
530 396
530 209
530 931
530 690
530 666
511 103
511 451
511 592
511 285
511 557
511 437
511 40
511 187
956 830
956 304
956 1094
668 493
668 482
668 403
668 167
668 1031
668 485
668 931
668 516
668 823
668 980
912 704
912 437
912 981
912 614
912 185
912 523
506 685
506 845
506 728
506 522
506 425
506 172
506 148
506 709
506 962
506 185
506 523
506 896
506 452
506 3
506 763
506 200
506 1028
636 592
636 955
636 192
636 393
636 1104
636 919
636 637
636 395
636 805
493 1110
493 735
493 1031
493 672
493 792
493 292
493 638
493 133
493 563
704 146
704 2
704 644
704 437
704 737
704 614
704 185
704 100
704 408
704 1132
704 1068
704 109
704 154
704 945
704 338
103 153
103 817
103 852
103 592
103 572
103 898
103 908
103 124
103 54
103 590
103 40
103 187
103 452
103 1107
103 1005
103 769
103 546
451 437
451 769
55 578
55 124
55 54
55 1028
55 494
55 196
401 187
401 945
401 157
401 466
153 1022
153 2
153 614
578 187
94 1006
94 211
94 538
94 224
94 1061
94 758
94 565
94 634
94 73
94 651
94 558
413 859
413 609
490 933
490 395
490 305
108 551
108 1006
108 1022
108 735
108 740
108 736
108 829
108 758
108 1086
108 969
551 268
551 1006
551 212
551 304
551 538
551 482
551 978
551 735
551 6
551 137
551 403
551 434
551 97
551 713
551 384
551 843
551 223
551 650
551 740
551 960
551 294
551 1035
551 1031
551 710
551 672
551 345
551 599
551 1082
551 24
551 829
551 79
551 607
551 285
551 397
551 509
551 464
551 16
551 144
551 777
551 1072
551 565
551 458
551 678
551 443
551 688
551 666
551 440
551 1021
551 145
551 156
551 344
551 794
551 536
551 429
551 1129
348 830
348 817
348 611
348 859
348 484
348 367
348 680
348 807
348 647
348 320
348 764
348 110
348 985
348 296
348 661
348 660
348 236
348 652
348 575
348 703
348 529
348 997
348 1102
348 681
348 921
348 570
550 1006
550 441
550 538
550 978
550 97
550 650
550 751
550 125
550 250
550 343
550 33
23 739
23 596
503 180
503 1034
503 87
503 441
503 576
503 193
503 987
297 46
297 739
297 658
297 874
297 213
297 455
297 613
297 357
297 96
297 1061
297 322
297 829
297 715
297 287
297 964
887 739
887 87
887 830
887 621
887 658
887 455
887 1059
887 96
887 576
887 759
46 180
46 357
46 193
46 987
1066 615
1066 768
1066 260
1066 90
1066 93
1066 437
1066 33
1066 901
1066 780
1066 683
268 188
268 1006
268 897
268 482
268 735
268 403
268 434
268 97
268 713
268 384
268 843
268 420
268 192
268 710
268 21
268 245
268 599
268 311
268 397
268 1023
268 777
268 1072
268 565
268 39
268 209
268 1057
268 794
268 876
268 610
268 1122
268 949
268 375
268 655
180 1034
180 739
180 1032
180 1022
180 44
180 213
180 616
180 576
180 193
180 439
146 434
146 726
146 448
146 862
146 338
146 1065
146 1002
1034 87
1034 330
1034 193
739 44
739 658
739 874
739 837
739 455
739 330
739 613
739 1106
739 1042
739 1059
739 364
739 357
739 96
739 441
739 592
739 502
739 376
739 576
739 1007
739 193
739 987
739 14
1092 658
1092 874
1092 837
1092 455
1092 330
1092 1042
1092 364
119 751
119 90
119 526
119 640
119 24
119 715
119 557
119 584
119 443
119 369
119 66
119 711
119 878
87 1059
87 304
87 695
87 193
87 316
87 986
158 817
158 441
158 260
158 90
158 93
158 557
158 589
158 81
158 1018
799 1002
188 471
188 760
188 167
188 710
188 1072
188 931
188 344
188 794
188 536
188 430
188 781
1006 817
1006 441
1006 897
1006 538
1006 735
1006 97
1006 372
1006 650
1006 852
1006 142
1006 710
1006 21
1006 423
1006 245
1006 1082
1006 1045
1006 1
1006 557
1006 1023
1006 777
1006 375
212 978
212 841
212 440
212 1021
1052 897
1052 434
1052 736
1052 716
1052 144
1052 565
1052 759
1052 120
1052 387
165 830
165 1022
165 817
165 1044
165 502
165 201
165 917
165 472
165 1108
165 999
165 395
165 610
165 770
165 483
165 270
165 394
165 347
211 605
211 1031
211 82
211 24
211 39
211 1086
211 913
211 292
211 558
1032 830
1032 384
1032 1044
1032 685
1032 1072
1032 1019
1032 370
830 1022
830 848
830 334
830 960
830 824
830 1056
830 436
830 225
830 908
830 1103
830 952
830 38
830 727
830 432
830 404
830 472
830 487
830 999
830 527
830 3
830 681
830 986
830 1090
830 141
830 168
830 972
830 795
1022 822
1022 334
1022 701
1022 538
1022 960
1022 84
1022 376
1022 642
1022 93
1022 880
1022 872
1022 679
1022 170
1022 54
1022 140
1022 670
1022 567
1022 819
1022 443
1022 590
1022 527
1022 187
1022 452
1022 81
1022 865
1022 753
1022 814
1022 382
1022 983
1022 535
143 384
143 152
143 82
143 942
143 370
143 920
143 494
143 439
143 242
143 426
143 691
817 134
817 441
817 843
817 592
817 554
817 70
817 142
817 192
817 1082
817 376
817 22
817 124
817 706
817 16
817 467
817 647
817 437
817 639
817 906
817 634
817 999
817 110
817 1102
817 753
134 65
134 824
911 619
911 525
848 400
848 998
848 815
848 619
848 525
848 822
848 717
848 818
848 959
848 174
848 528
848 779
848 725
848 82
848 436
848 640
848 376
848 829
848 775
848 1011
848 728
848 567
848 312
848 1033
848 1079
848 27
848 202
848 682
1073 400
1073 619
1073 959
1073 1011
1073 1079
1073 561
400 998
400 619
400 525
400 822
400 818
400 959
400 82
400 376
400 1011
400 715
400 758
400 467
400 567
400 688
400 1075
400 536
400 561
400 946
998 619
998 525
998 70
998 723
998 528
998 376
998 454
998 728
998 905
998 1116
998 706
998 567
998 900
998 1075
998 546
998 561
998 877
998 926
998 20
998 392
998 801
998 269
998 257
617 1119
617 880
617 953
617 499
617 1030
617 31
617 719
815 619
815 818
815 959
815 616
815 572
815 898
815 24
815 1011
815 25
815 952
815 251
815 1033
815 415
815 422
619 525
619 822
619 717
619 818
619 616
619 534
619 70
619 276
619 376
619 1011
619 22
619 867
619 312
619 1033
619 166
525 818
525 959
525 304
525 70
525 436
525 1011
525 728
525 709
525 27
525 336
822 959
822 97
822 1119
822 285
822 1033
822 1079
717 818
717 959
717 616
717 174
717 25
717 312
717 1033
717 589
717 202
717 166
818 959
818 304
818 898
818 142
818 1011
818 758
818 222
818 1033
818 688
1100 898
959 616
959 142
959 174
959 779
959 788
959 499
959 1033
959 561
959 415
959 166
959 107
959 633
959 935
959 374
407 508
407 728
407 889
407 900
407 1075
407 475
407 798
407 252
407 797
407 51
407 586
785 740
334 572
334 311
334 406
334 22
334 163
334 38
334 285
334 727
334 432
334 999
334 527
334 610
151 611
151 192
151 1102
151 66
151 270
1110 933
1110 376
1110 829
1110 79
1110 935
1110 895
353 304
353 367
353 391
353 536
353 997
353 160
353 686
353 450
353 564
353 416
353 491
363 307
363 742
238 356
238 915
238 902
44 304
44 616
44 123
44 405
621 1059
621 538
621 583
621 482
621 502
621 736
621 716
621 405
621 387
658 465
658 908
658 264
658 546
658 892
772 874
772 213
772 455
772 694
772 1061
772 465
874 837
874 213
874 455
874 1106
874 1042
874 70
874 502
874 1007
837 455
837 364
837 441
837 607
837 220
213 572
213 576
455 572
455 465
455 576
455 1007
455 986
613 412
1097 1086
1097 405
1106 502
1106 1007
1059 96
1059 441
1059 538
1059 583
1059 482
1059 870
1059 736
1059 397
1059 405
1059 1051
230 441
230 405
364 605
357 322
357 987
96 583
96 436
96 311
96 246
441 852
441 572
441 898
441 548
441 90
441 977
441 596
441 576
441 1007
441 204
441 744
304 616
304 730
304 2
304 123
304 644
304 18
304 665
304 93
304 454
304 56
304 355
304 53
304 746
304 1094
304 614
304 523
304 109
304 770
304 535
304 946
304 926
304 553
304 198
304 1055
701 616
701 2
701 644
701 97
701 192
701 48
701 41
616 123
616 174
616 779
616 640
616 24
616 1011
616 1119
616 25
616 340
616 251
616 499
616 193
616 1033
616 688
616 422
616 374
616 265
45 464
45 557
45 246
45 386
45 185
45 558
45 305
45 753
45 117
730 728
730 790
730 1094
730 809
730 1055
361 924
361 140
361 453
361 688
361 110
361 661
361 529
361 681
361 844
361 940
361 427
361 910
2 437
2 981
2 688
2 614
2 1132
2 83
2 1071
123 746
123 1094
123 1033
644 276
644 437
644 981
644 408
869 97
869 615
869 834
869 936
869 627
869 1072
869 678
869 120
869 1125
869 255
383 538
383 403
383 1060
383 420
383 167
383 231
383 303
383 607
383 954
383 716
383 1072
383 485
383 396
383 931
383 516
383 823
383 980
383 1125
897 538
897 403
897 713
897 125
897 423
897 841
897 1
897 607
897 397
897 509
897 777
897 1090
897 1081
791 260
791 264
791 964
791 683
791 1018
791 138
538 583
538 735
538 403
538 372
538 713
538 843
538 740
538 870
538 572
538 192
538 710
538 21
538 841
538 736
538 829
538 607
538 1119
538 397
538 777
538 1072
538 458
538 1039
538 516
538 1122
538 986
538 430
538 1081
538 756
538 757
538 562
583 403
583 1060
583 870
583 21
583 736
583 397
583 757
583 319
482 403
482 434
482 97
482 372
482 1060
482 167
482 231
482 736
482 716
482 726
482 405
482 931
482 338
482 1057
482 344
482 430
482 120
482 1125
482 757
482 568
471 420
471 223
471 740
471 1087
471 67
471 21
471 954
471 536
471 877
471 757
471 698
471 802
471 1131
978 434
978 167
978 1031
978 1061
978 672
978 829
978 39
978 443
978 666
978 292
978 440
978 1057
978 1021
978 156
978 344
978 589
978 302
978 832
735 6
735 97
735 740
735 592
735 478
735 710
735 345
735 423
735 1
735 79
735 331
735 278
735 914
735 429
6 843
6 1035
6 478
6 1082
6 79
6 418
6 293
6 914
6 527
137 97
137 125
137 345
137 25
137 251
137 678
137 381
403 434
403 372
403 1049
403 713
403 580
403 384
403 843
403 223
403 650
403 740
403 592
403 1035
403 125
403 868
403 710
403 345
403 423
403 303
403 79
403 607
403 285
403 397
403 278
403 1072
403 458
403 931
403 410
403 904
434 372
434 760
434 713
434 580
434 1060
434 420
434 650
434 167
434 231
434 710
434 21
434 345
434 331
434 397
434 716
434 1072
434 931
434 794
434 120
434 568
434 552
97 713
97 384
97 843
97 420
97 231
97 125
97 465
97 736
97 607
97 509
97 777
97 1072
97 430
372 1060
372 384
372 223
372 736
372 1119
372 397
372 1039
372 338
372 120
760 1060
760 167
760 710
760 624
760 1072
760 565
760 666
760 794
760 552
1049 420
1049 740
1049 758
1049 666
713 843
713 592
713 710
713 465
713 607
713 509
713 758
713 807
713 777
713 1072
713 1057
713 759
713 876
713 120
580 1060
580 420
580 167
580 21
580 716
580 688
580 375
580 120
580 562
580 552
1060 384
1060 420
1060 223
1060 167
1060 231
1060 736
1060 303
1060 716
1060 726
1060 458
1060 750
1060 120
1060 552
1060 127
1060 333
384 672
384 67
384 599
384 1119
384 879
384 144
384 458
384 914
384 610
384 127
384 129
384 346
843 142
843 125
843 710
843 423
843 607
843 557
843 278
843 678
843 429
843 711
843 589
420 223
420 740
420 167
420 1087
420 231
420 21
420 954
420 716
420 485
420 396
420 931
420 1057
420 120
420 757
420 1131
223 740
223 167
223 1087
223 21
223 397
223 777
223 516
223 1057
223 781
223 1131
223 883
650 1087
650 142
650 423
650 1086
650 443
650 1125
650 333
740 710
740 79
740 954
740 777
740 576
740 688
740 338
740 969
740 757
740 435
167 231
167 21
167 716
167 458
167 396
167 690
167 429
167 589
167 430
167 781
167 120
167 877
167 410
167 552
167 341
167 533
870 397
870 337
1087 21
1087 954
1087 695
1087 516
1087 344
1087 757
1087 1131
231 396
231 931
231 374
231 773
231 928
950 623
950 246
950 1122
950 762
615 715
615 623
615 780
615 683
768 321
960 1045
960 1103
960 285
960 905
960 485
960 576
960 688
960 385
1015 898
1015 1061
1015 436
1015 642
1015 293
1015 758
1015 271
534 437
65 592
65 70
65 824
65 806
65 467
65 637
65 1125
65 754
852 824
852 142
852 1056
852 741
852 406
852 782
592 195
592 554
592 70
592 824
592 142
592 1056
592 260
592 685
592 245
592 1128
592 285
592 777
592 1104
592 569
592 999
592 900
592 3
592 529
592 589
592 753
592 248
592 468
592 72
592 864
592 629
592 419
1044 124
1044 258
195 205
195 245
195 680
195 647
195 847
195 320
195 875
195 590
195 1102
195 697
572 192
572 245
572 276
572 642
572 715
572 1104
572 981
572 678
572 999
572 1068
572 1005
572 546
572 1090
572 168
572 354
572 1093
572 622
572 793
554 867
554 656
554 417
554 917
554 487
554 495
554 944
554 795
554 139
554 57
70 142
70 1128
70 307
70 567
70 900
70 1075
70 468
70 72
824 834
824 1128
824 171
824 149
824 467
824 1104
824 255
824 696
898 142
898 192
898 276
898 642
898 93
898 480
898 680
898 647
898 847
898 790
898 1019
898 1014
898 999
898 110
898 64
37 727
37 688
37 477
142 649
142 376
142 532
142 728
142 170
142 647
142 567
142 110
142 1075
142 546
142 696
142 32
142 30
142 1070
605 285
605 39
605 1086
605 12
825 933
825 834
825 520
825 79
825 1011
933 520
933 22
933 293
933 999
834 24
834 560
834 480
834 467
834 894
834 695
834 884
834 446
513 1128
520 751
520 672
520 93
520 557
520 66
520 270
1035 478
1035 24
1035 829
1035 79
1035 16
1035 144
1035 1074
751 1128
751 786
751 753
1056 1031
1056 192
1056 741
1056 406
1056 999
1056 610
1056 782
260 90
260 829
260 715
260 93
260 264
260 1018
260 673
260 474
260 390
260 115
955 192
955 776
955 48
955 494
955 395
955 703
955 242
955 844
955 442
955 371
955 1058
205 276
205 1011
205 393
205 101
205 320
205 590
205 529
205 1038
205 13
478 418
1031 423
1031 245
1031 829
1031 16
1031 458
1031 250
1031 759
676 727
676 320
676 691
676 491
676 974
676 976
1114 1103
1114 38
125 936
125 777
125 1072
125 678
26 656
26 944
26 135
26 177
26 106
224 868
224 672
224 599
224 414
873 124
873 187
174 779
174 18
174 678
174 953
174 788
174 1033
174 865
174 1079
174 1062
174 179
611 276
611 642
611 1011
611 484
611 22
611 544
611 1103
611 393
611 391
611 680
611 807
611 647
611 590
611 652
611 703
611 681
611 265
611 1117
192 110
192 395
192 483
192 270
192 753
192 263
1120 908
1120 285
1120 293
1120 999
1120 563
1120 769
1120 629
1120 419
1120 32
1120 517
1120 60
1120 594
1061 436
1061 829
1061 715
1061 508
1061 952
1061 480
1061 288
1061 758
1061 307
1061 160
1061 673
1061 69
1061 973
1061 462
559 715
559 1086
559 878
559 1008
710 736
710 1109
710 397
710 144
710 777
710 1072
710 39
710 209
710 931
710 430
710 1037
456 359
456 326
456 285
456 680
456 243
456 320
456 98
723 528
723 829
723 379
723 355
723 706
723 464
723 320
723 1075
723 742
723 69
723 274
723 504
548 627
548 1018
548 745
675 634
675 944
675 57
675 135
675 177
675 547
675 218
675 241
675 497
359 952
359 680
359 104
359 243
359 590
359 187
359 661
359 190
322 952
322 480
322 576
322 964
322 1018
5 859
685 522
685 425
685 172
685 1104
685 148
685 962
816 715
816 623
672 640
672 355
672 16
672 557
672 307
672 283
672 584
672 1075
672 369
672 877
672 801
845 148
845 996
845 966
845 61
845 222
67 21
90 161
90 406
90 93
90 264
90 370
90 115
90 323
90 1036
90 1118
90 350
90 507
90 811
90 181
21 736
21 716
21 405
21 757
21 562
21 1131
526 715
526 623
526 33
526 964
526 81
526 1018
526 474
526 542
345 465
345 331
345 1072
345 913
345 396
345 877
423 464
423 568
161 623
161 1118
596 602
596 216
502 726
502 405
502 387
502 507
502 606
806 557
806 467
806 900
806 352
806 365
528 276
528 376
528 829
528 1099
528 340
528 355
528 728
528 288
528 628
528 905
528 557
528 170
528 307
528 567
528 283
528 489
528 543
528 900
528 877
528 926
528 801
528 269
528 742
528 832
528 365
528 510
528 860
528 281
528 603
779 25
779 480
779 464
779 443
779 1033
779 711
445 24
445 71
445 135
445 106
152 248
649 465
649 18
649 712
649 454
649 1109
649 608
649 56
649 783
649 1099
649 880
649 355
649 777
649 565
649 994
649 669
649 1076
649 577
649 460
649 993
649 514
649 707
705 640
705 667
245 599
245 602
245 201
245 355
245 278
245 906
245 876
245 801
1128 84
1128 66
1128 895
1128 833
1128 1054
1128 907
599 1023
599 278
599 662
602 859
602 484
602 285
602 807
602 647
602 875
602 53
602 575
602 1051
602 258
602 13
602 216
240 706
240 1101
19 725
19 684
19 967
84 725
84 436
84 640
84 1054
725 640
725 695
725 909
725 632
725 247
725 470
725 121
82 203
82 587
82 285
82 679
82 758
82 54
82 753
82 814
82 691
82 732
82 626
82 254
82 74
436 278
436 320
436 790
436 1124
436 515
436 1127
436 684
436 826
203 418
203 728
203 54
203 565
203 919
203 732
276 859
276 775
276 1011
276 484
276 1103
276 628
276 680
276 623
276 722
276 576
276 453
276 168
276 64
276 327
276 306
841 1082
841 465
841 516
841 757
182 217
831 1082
831 627
831 862
831 687
1082 465
1082 627
1082 1045
1082 1
1082 954
1082 557
1082 1023
1082 428
1082 589
1082 687
1082 189
465 1
465 331
465 397
465 509
465 278
465 777
465 1072
465 590
465 217
465 1053
627 641
627 969
627 687
1045 1
1045 952
1045 250
1 303
1 954
641 338
641 655
641 866
736 397
736 716
736 688
736 405
736 396
736 338
736 757
303 954
640 24
640 376
640 829
640 79
640 715
640 56
640 680
640 16
640 786
640 283
640 584
640 261
640 901
201 163
201 285
201 999
201 753
201 216
201 631
24 829
24 331
24 859
24 56
24 16
24 101
24 786
24 584
24 944
24 1125
24 64
376 454
376 608
376 1099
376 340
376 355
376 728
376 828
376 889
376 170
376 307
376 567
376 1075
376 946
376 269
376 460
376 514
376 632
376 1113
829 79
829 331
829 1003
829 1119
829 952
829 454
829 56
829 397
829 905
829 16
829 307
829 54
829 790
829 39
829 264
829 495
829 576
829 584
829 443
829 1127
829 944
829 840
829 440
829 575
829 475
829 462
829 241
829 282
829 309
741 1011
741 1103
741 124
741 54
741 763
741 494
741 196
741 782
741 521
741 827
741 718
79 16
79 576
79 584
79 429
79 315
331 448
331 563
331 121
1003 508
1003 608
1003 628
1003 786
1003 565
1003 678
1003 138
1003 1126
225 1011
225 1130
225 185
225 558
225 997
859 642
859 311
859 1011
859 1103
859 1014
859 443
859 634
859 370
859 920
859 1051
859 761
859 1069
859 808
859 804
859 299
859 888
642 1011
642 22
642 544
642 575
642 1051
642 976
642 500
642 851
18 990
18 1119
18 25
18 712
18 1109
18 56
18 783
18 340
18 355
18 706
18 251
18 894
18 543
18 1033
18 688
18 422
18 365
18 994
18 669
18 1076
18 577
18 707
18 121
18 556
18 29
18 332
939 216
624 509
624 120
311 680
311 790
311 264
311 875
311 246
311 944
311 590
311 529
311 610
311 784
625 587
406 1103
406 163
406 293
406 727
406 53
720 508
720 900
720 475
720 797
720 586
720 1017
720 854
720 235
720 62
720 863
720 184
720 227
418 432
418 999
418 919
775 22
775 886
587 879
587 753
587 820
587 975
908 1103
908 634
908 769
908 66
908 1090
908 20
908 32
908 13
908 241
971 924
971 140
971 453
971 110
971 661
971 236
971 529
971 844
971 49
971 531
971 186
971 194
326 480
326 1086
326 764
326 590
326 688
326 371
326 52
1011 508
1011 484
1011 544
1011 1103
1011 25
1011 293
1011 680
1011 312
1011 1033
1011 27
1011 265
1011 69
1011 808
1011 752
715 508
715 990
715 93
715 480
715 738
715 251
715 565
715 264
715 623
715 1086
715 576
715 250
715 33
715 964
715 986
715 81
715 1018
715 390
715 1036
715 399
715 519
715 1047
715 150
508 340
508 480
508 828
508 905
508 464
508 565
508 39
508 584
508 489
508 527
508 900
508 1075
508 946
508 877
508 798
508 252
508 51
508 160
508 632
508 184
508 227
508 59
508 349
990 608
990 251
990 994
990 1076
990 707
484 393
484 285
484 807
484 647
484 722
484 1004
484 168
484 160
484 844
484 282
484 496
665 753
665 198
91 607
91 458
607 509
607 459
607 129
22 481
22 790
22 1124
22 890
22 237
954 726
954 1131
1119 458
544 393
544 265
544 52
544 496
93 565
93 39
93 264
93 623
93 576
93 759
93 683
93 66
93 711
93 81
93 265
93 390
93 181
93 1088
93 1025
93 239
1103 393
1103 952
1103 480
1103 680
1103 529
1103 98
1103 1069
1103 194
1103 496
393 647
393 41
393 52
609 391
609 200
609 190
25 251
25 678
25 422
952 285
952 140
952 764
952 269
532 557
532 347
163 367
124 285
124 679
124 734
124 104
124 136
124 557
124 437
124 54
124 452
124 763
124 1028
124 494
124 1107
124 196
124 719
124 190
124 111
124 881
124 1083
124 979
124 488
38 557
38 432
38 999
38 606
38 524
38 982
285 340
285 397
285 367
285 706
285 437
285 140
285 999
285 110
285 794
285 997
285 1102
285 382
285 564
285 1077
285 206
560 703
560 754
560 884
712 454
712 1109
712 783
712 880
712 698
712 932
454 1109
454 608
454 56
454 1099
454 880
454 355
454 706
454 567
454 489
454 1075
454 269
454 698
454 669
454 577
1109 608
1109 56
1109 783
1109 1099
1109 880
1109 688
1109 209
1109 698
1109 669
1109 556
1109 893
608 56
608 1099
608 880
608 567
608 365
56 783
56 1099
56 880
56 355
56 628
56 584
56 688
56 698
56 129
56 1076
56 577
56 707
56 332
783 1099
783 880
783 355
783 926
783 698
783 669
783 707
1099 880
1099 567
1099 269
880 1075
880 332
379 728
379 758
379 1075
379 884
379 69
379 669
379 1047
340 728
340 905
340 706
340 170
340 283
340 489
340 543
340 946
340 926
340 742
340 832
340 754
340 365
340 510
340 860
340 281
340 603
340 4
397 1072
397 405
397 877
397 562
397 1131
397 337
367 727
367 320
367 652
367 450
367 1074
367 442
367 853
480 764
480 976
480 684
480 194
480 992
355 777
355 467
355 567
355 269
355 577
355 460
355 993
355 514
355 1113
355 932
355 958
355 597
355 927
391 997
391 564
391 265
391 976
391 1080
728 905
728 889
728 307
728 790
728 567
728 283
728 489
728 543
728 946
728 475
728 252
728 51
728 586
728 742
728 669
728 577
728 62
728 863
728 1047
728 970
728 58
679 136
679 54
679 565
288 742
288 235
288 1047
288 932
293 483
293 442
293 59
509 840
509 261
716 459
716 726
716 405
716 120
716 387
716 883
716 337
716 856
738 307
738 652
738 632
738 963
738 593
734 565
734 443
734 688
734 687
758 307
758 1033
758 610
758 947
171 557
244 903
244 257
828 903
828 905
828 1116
828 489
828 269
828 1125
828 1084
828 1020
903 628
903 156
903 257
903 1125
903 121
628 905
628 1116
628 170
628 307
628 1075
628 1090
628 926
628 801
628 69
628 577
905 1116
905 706
905 170
905 307
905 283
905 584
905 926
905 832
905 29
1116 222
1116 489
1116 83
889 706
889 489
889 900
889 946
889 926
889 475
889 252
889 62
706 489
706 900
706 946
706 365
706 927
464 307
464 895
680 647
680 709
680 214
680 764
680 590
680 985
680 1102
680 1090
680 64
680 306
251 1033
251 1062
104 54
104 160
104 190
727 1014
727 1124
727 896
727 491
727 699
727 836
99 917
99 495
99 944
99 271
99 177
16 584
16 840
16 1125
136 200
114 656
114 634
114 944
114 57
114 519
114 75
101 529
101 208
807 172
807 703
807 258
807 1069
425 280
425 996
425 709
425 61
425 724
425 862
425 98
425 547
425 121
425 747
425 164
425 178
557 437
557 906
557 584
557 1098
557 634
557 769
557 1125
557 258
557 365
557 833
557 631
557 388
557 447
172 148
172 996
172 962
170 742
170 909
170 47
481 793
481 973
481 470
481 299
481 237
481 541
481 253
786 584
786 66
786 337
786 1126
307 565
307 567
307 222
307 283
307 489
307 543
307 466
307 66
307 946
307 926
307 801
307 586
307 742
307 832
307 365
307 510
307 860
307 281
307 603
307 991
1023 986
144 777
278 1086
278 489
278 877
278 801
777 429
777 943
149 1104
149 969
726 862
726 405
726 120
726 387
726 321
726 606
467 1104
467 567
467 275
467 895
467 1125
467 754
467 446
432 404
432 243
432 226
432 590
432 527
432 110
1072 565
1072 931
1072 440
1072 430
1072 217
656 1019
656 1048
656 71
656 1014
656 944
656 419
656 57
656 75
656 925
838 847
15 639
15 257
243 996
243 709
243 764
243 1102
243 910
243 673
243 49
243 197
647 924
647 847
647 722
647 110
647 985
647 661
647 236
647 652
647 1102
647 681
647 711
647 306
647 76
647 266
647 835
417 1014
417 944
417 66
437 981
437 688
437 187
437 185
437 523
437 100
437 408
437 1132
437 1068
437 109
437 347
437 972
437 622
437 989
437 262
437 0
924 722
924 110
924 661
924 529
847 1051
847 258
847 76
54 565
54 521
320 1004
320 185
320 769
320 168
320 442
320 388
320 918
320 132
639 770
639 483
639 442
639 1058
639 992
639 229
639 469
639 234
917 512
917 1048
917 1014
917 301
917 487
917 495
917 942
917 634
917 944
917 356
917 177
917 309
917 836
917 447
917 923
917 692
917 314
917 389
917 36
917 948
917 449
917 664
226 769
473 697
473 947
473 76
473 729
981 185
981 1068
981 109
981 154
981 1071
981 622
981 262
981 105
737 443
737 614
790 1124
790 246
790 558
790 753
790 198
790 318
790 663
140 565
140 39
140 246
140 110
140 661
140 529
140 844
140 940
140 354
140 186
140 266
565 264
565 489
565 1127
565 1033
565 536
565 673
565 826
565 299
565 1025
565 1013
565 1027
39 996
39 1086
39 796
39 782
39 673
512 495
512 443
512 271
512 177
512 324
458 781
1019 934
1019 634
1019 795
1019 106
1019 925
1019 923
1019 63
280 670
280 148
280 61
280 356
280 241
1048 934
1048 301
1048 888
1048 836
1048 75
1048 923
1048 537
922 944
1101 670
1101 472
1101 634
1101 944
1101 106
1101 519
1101 540
670 934
670 683
670 248
670 1118
670 519
670 75
670 540
472 487
472 634
472 944
472 681
472 986
472 141
472 135
472 360
472 1123
71 106
71 547
71 836
934 1014
934 301
934 487
934 1067
934 702
934 776
934 78
934 944
934 3
934 795
934 218
934 836
934 197
934 63
934 498
934 284
934 743
934 539
1014 301
1014 246
1014 944
1014 795
1014 241
1014 497
1014 836
1014 36
148 61
148 962
148 896
301 495
301 370
301 356
301 177
301 309
301 836
301 923
301 389
301 537
487 944
487 356
487 449
487 951
487 871
264 623
264 683
264 878
264 1018
264 1036
264 811
264 755
1067 702
1067 862
1067 78
1067 3
1067 769
1067 284
623 33
623 878
623 1018
623 321
623 1036
623 1118
623 811
623 85
199 853
702 3
702 284
765 776
765 770
765 553
765 853
765 1029
776 483
776 388
776 128
996 966
996 709
996 61
996 1078
996 275
996 453
996 3
996 269
1086 246
1086 558
1086 1021
1086 529
1086 697
1086 622
678 312
678 1033
678 1129
567 246
567 489
567 946
567 926
567 269
567 884
567 577
567 460
567 514
567 1113
567 958
567 89
312 422
966 724
966 17
709 724
709 862
709 222
709 453
709 669
709 235
709 164
61 724
61 899
61 3
61 691
61 491
724 796
724 814
724 89
894 120
894 1125
894 754
894 884
894 446
894 994
894 707
894 909
894 121
894 1020
495 944
495 356
495 271
495 177
495 324
810 598
722 427
485 576
485 396
485 931
485 516
485 823
485 980
485 673
796 518
796 688
796 753
796 198
796 132
78 3
1124 232
1124 1098
1124 1121
1124 198
1124 793
1124 335
819 688
515 518
515 1127
515 684
515 826
515 207
232 246
232 198
232 793
518 1127
518 967
126 49
591 216
576 661
576 375
576 66
576 1090
576 1070
576 1085
942 494
942 356
214 424
764 49
764 155
875 246
875 76
283 489
283 877
283 926
283 801
283 742
283 884
283 860
283 603
584 1127
584 261
584 292
584 66
584 795
584 202
584 324
443 261
443 440
443 795
443 202
1098 193
1098 335
1098 92
246 53
246 944
246 590
246 529
246 198
246 419
246 1070
246 714
53 198
489 543
489 900
489 877
489 926
489 801
489 269
489 742
489 832
489 365
489 510
489 860
489 281
489 603
938 590
938 681
938 1117
938 102
938 891
634 944
634 370
634 795
634 57
634 106
634 547
634 218
634 761
634 925
634 43
695 396
695 66
695 1125
695 884
695 446
695 973
695 76
695 1009
953 1033
788 1033
788 27
788 202
1127 684
1127 967
1127 826
1127 207
499 935
750 654
308 973
308 684
308 826
308 207
308 588
308 10
453 590
453 688
453 110
453 661
453 529
453 610
453 844
944 688
944 529
944 795
944 204
944 271
944 57
944 177
944 106
944 547
944 218
944 519
944 836
944 75
944 449
370 419
370 57
370 360
746 1094
746 606
590 187
590 236
590 529
590 52
590 891
193 987
543 690
543 926
543 742
543 832
543 510
543 860
543 281
543 603
48 494
48 703
48 59
48 992
1033 865
1033 1062
688 185
688 523
688 919
688 236
688 703
688 964
688 535
688 248
688 504
688 1076
688 351
688 295
688 573
688 585
688 267
41 13
261 369
73 356
405 387
405 757
405 321
999 681
999 610
999 986
999 770
999 141
999 927
527 558
527 352
1130 663
1130 358
110 661
110 660
110 236
110 529
110 66
110 844
110 940
110 910
110 354
110 531
110 186
110 52
110 671
809 1102
900 1075
900 946
900 269
900 475
900 798
900 51
900 586
900 742
900 1017
900 184
900 227
900 349
1075 946
1075 877
1075 926
1075 475
1075 798
1075 797
1075 184
396 931
396 690
396 429
396 877
396 514
396 1040
209 430
209 252
209 1105
209 380
931 516
931 823
931 980
931 430
690 877
666 374
666 1131
187 185
187 100
187 1132
187 661
187 972
187 535
187 935
187 718
187 194
187 1013
187 43
187 646
516 980
516 757
516 1131
823 877
823 374
823 1025
980 755
614 408
614 1132
185 100
185 1107
185 935
185 263
523 100
452 190
3 284
763 196
763 827
763 970
200 190
1028 494
1028 793
1028 111
1028 77
1028 657
919 395
919 388
494 521
494 881
494 970
494 486
494 183
494 1111
494 131
494 930
637 234
395 770
395 228
292 653
408 1132
408 262
1068 622
109 610
945 466
338 969
338 1065
1107 190
546 269
546 69
196 190
196 827
196 1083
196 970
196 77
466 166
466 0
558 610
440 1057
440 1021
440 145
440 156
1057 1021
1021 145
344 568
344 1131
344 302
794 430
794 552
536 529
536 83
536 568
429 781
429 120
429 1125
1129 118
296 1117
661 236
661 529
661 844
661 940
661 910
236 844
236 194
652 997
652 450
652 457
652 976
652 853
575 851
575 856
575 968
575 173
575 1016
703 1117
529 921
529 610
529 844
529 910
529 496
529 102
997 347
997 450
997 1080
997 930
1102 535
681 986
681 141
681 1115
921 545
570 947
33 1018
33 542
964 138
964 673
964 721
683 1018
683 1118
683 85
375 566
66 589
66 120
66 394
66 347
66 388
66 925
66 351
711 365
878 1018
986 141
986 1117
986 206
589 365
81 118
1018 175
430 781
430 1131
687 1125
687 410
120 410
120 346
120 533
387 321
387 181
387 856
387 272
770 442
483 442
483 113
394 568
347 1125
1090 75
1090 402
141 491
141 135
141 699
141 360
141 1123
141 539
141 812
168 457
168 1117
168 52
168 266
795 419
795 106
795 63
795 360
795 812
865 202
865 31
865 1062
753 462
753 907
753 89
814 732
983 963
983 7
535 49
691 468
1079 121
561 166
946 798
946 51
946 1017
946 854
946 184
946 227
946 1047
946 58
946 813
877 926
877 801
877 269
877 302
877 883
926 801
926 742
926 832
926 510
926 860
926 281
926 603
926 4
392 257
392 932
392 47
801 69
269 742
269 184
269 958
269 597
269 927
257 1077
257 1020
257 47
719 622
422 29
336 127
374 1025
475 797
475 586
475 863
475 184
798 252
798 797
798 586
798 568
798 184
252 797
252 586
252 1017
252 184
797 586
797 184
586 1017
586 1105
160 190
564 416
416 468
742 1125
742 832
742 510
742 860
742 281
742 603
356 271
356 177
356 923
356 948
356 449
356 664
356 871
356 937
1051 808
1051 851
553 1029
198 732
198 793
198 335
198 259
1055 1071
117 582
844 940
940 206
940 671
427 194
427 555
910 354
83 932
1125 754
1125 884
1125 446
1125 365
757 1131
568 1131
698 510
698 669
698 1076
698 514
698 556
832 510
832 860
832 281
832 603
127 253
127 351
127 573
127 77
127 130
333 754
732 967
732 10
435 315
337 373
385 414
271 177
271 389
271 324
271 402
754 884
754 446
248 519
248 540
468 976
864 457
419 139
419 135
419 106
697 947
354 186
354 194
1093 1117
793 335
57 547
57 241
57 537
57 574
477 43
1070 932
884 446
884 121
446 857
673 69
673 266
673 581
673 68
673 1064
474 390
474 542
442 992
135 63
135 1123
135 539
135 812
177 324
177 871
177 812
106 540
106 539
106 812
1117 1069
228 218
263 547
263 218
263 497
263 521
263 176
69 774
973 470
973 237
973 253
462 963
462 593
462 89
274 932
274 774
547 218
547 241
547 176
218 176
241 497
241 63
241 360
241 461
1036 219
811 272
365 378
510 860
510 281
510 603
860 281
860 603
281 603
994 1076
994 707
994 556
669 4
669 1001
1076 707
1076 470
993 514
993 1113
993 932
993 958
993 597
993 927
993 835
514 1113
514 932
514 958
514 927
707 827
707 556
833 290
1054 907
907 92
684 826
684 10
909 121
909 855
470 74
470 541
470 253
470 351
470 573
121 47
254 253
254 351
254 573
254 77
254 130
826 207
826 588
826 10
631 8
1113 958
1113 927
282 1115
309 447
521 389
827 970
761 43
808 291
804 835
804 771
299 237
299 253
851 856
851 968
1017 854
1017 227
854 235
235 1047
49 186
52 496
519 836
519 75
519 540
1047 58
1047 1009
1047 813
59 325
881 486
881 930
932 958
932 927
853 643
992 295
958 927
958 600
856 968
963 89
593 89
947 76
1020 47
836 75
836 449
836 539
836 176
208 643
747 398
388 128
388 995
541 253
541 351
541 573
541 130
253 351
253 573
253 585
253 130
76 1024
229 234
229 295
234 295
389 674
36 402
449 871
1013 573
1013 77
63 360
63 1123
63 539
63 812
1123 539
1123 812
539 812
871 176
335 286
10 130
351 573
351 585
351 77
351 130
573 585
573 77
573 130
585 130
671 839
77 657
486 930
486 1096
968 767
173 1016
113 42
812 176
42 42
