986 131
986 317
986 1081
986 190
986 450
986 1024
986 1002
986 661
986 772
986 534
986 244
986 219
986 144
986 885
986 362
986 959
986 493
986 667
986 610
986 754
986 789
986 1066
986 584
986 68
986 1014
986 843
986 103
986 110
986 461
986 1004
131 317
131 1081
131 450
131 1024
131 1002
131 661
131 772
131 534
131 219
131 362
131 493
131 667
131 610
131 789
131 584
131 5
131 74
131 208
131 988
131 434
131 877
131 748
317 1081
317 450
317 1024
317 1002
317 661
317 534
317 244
317 219
317 362
317 493
317 667
317 610
317 754
317 789
317 1066
317 843
317 103
317 208
317 744
317 775
317 176
317 955
317 671
317 12
317 735
317 531
317 55
317 205
317 495
317 893
317 712
317 462
317 846
317 1073
317 18
317 922
1081 534
1081 789
1081 531
1081 958
1081 1082
1081 832
1081 945
1081 232
1081 688
1081 1047
1081 975
1081 647
1081 990
1081 448
1081 210
1081 1085
1081 582
1081 938
1081 1019
190 450
190 219
190 277
190 79
190 916
190 349
190 4
190 800
190 115
450 1024
450 1002
450 219
450 362
450 493
450 789
450 843
450 103
450 208
450 665
450 979
450 965
450 431
450 323
450 590
450 212
450 364
1024 661
1024 772
1024 219
1024 885
1024 362
1024 667
1024 789
1024 103
1024 349
1024 303
1024 729
1024 409
1024 458
1024 363
1024 505
1024 35
1024 77
1024 136
1024 439
1024 512
1024 225
1024 817
1002 789
1002 103
1002 703
1002 27
661 772
661 219
661 362
661 754
661 789
661 584
661 461
661 176
661 304
661 152
661 768
661 406
661 318
772 362
772 584
772 461
772 208
772 582
772 899
772 623
772 494
772 490
772 141
772 267
772 153
772 645
772 435
772 112
772 831
772 471
772 1108
772 504
772 921
772 873
772 146
772 1042
772 480
772 1102
772 397
772 121
772 932
534 493
534 667
534 610
534 789
534 68
534 843
534 735
534 277
534 695
534 449
534 962
534 1077
534 702
534 97
534 783
534 396
244 323
244 338
244 1127
244 389
244 1049
244 725
244 576
244 559
244 293
244 147
244 1128
244 520
244 821
244 56
244 720
244 124
219 144
219 362
219 493
219 789
219 584
219 103
219 735
219 1085
219 349
219 406
219 124
219 910
219 627
219 290
219 577
219 123
219 107
219 456
144 885
144 362
144 584
144 74
144 208
144 665
144 318
144 494
144 141
144 873
144 146
144 97
144 1096
144 329
144 220
144 418
144 946
144 64
144 517
144 769
144 429
144 724
144 332
144 482
144 2
144 621
144 1058
144 301
144 1116
144 556
144 851
144 282
144 751
144 198
885 1066
885 74
885 208
885 349
885 505
885 146
885 769
885 833
885 549
885 477
885 608
885 30
885 743
885 510
885 59
885 194
362 584
362 461
362 74
362 208
362 922
362 4
362 768
362 899
362 873
362 1102
362 121
362 142
362 441
362 188
362 40
362 365
362 481
362 882
362 423
362 80
362 1043
362 749
362 1072
362 707
362 603
362 575
362 195
362 619
362 319
362 31
362 289
362 469
362 42
362 474
362 615
362 639
362 741
362 99
362 640
362 861
362 902
362 311
959 584
959 208
959 645
959 443
959 862
959 116
493 667
493 754
493 789
493 1066
493 68
493 1014
493 843
493 748
493 744
493 85
493 1117
493 392
667 610
667 843
667 748
667 176
667 582
667 965
667 212
667 1108
667 783
667 608
667 656
667 643
667 896
667 928
667 65
667 359
667 463
667 172
667 859
667 771
667 149
667 913
610 789
610 176
610 671
610 893
610 979
610 406
610 392
610 65
610 756
610 883
610 23
610 1040
754 1066
754 68
754 744
754 775
754 176
754 531
754 55
754 893
754 1073
754 18
754 832
754 458
754 304
754 152
754 768
754 318
754 577
754 575
754 31
754 474
754 443
754 149
754 358
754 128
754 126
754 183
754 100
754 533
754 972
754 1034
754 335
754 887
754 472
754 229
754 1121
754 666
754 371
754 334
754 239
789 843
789 5
789 748
1066 68
1066 748
1066 744
1066 955
1066 671
1066 12
1066 735
1066 531
1066 893
1066 1073
1066 665
1066 439
1066 1077
1066 702
1066 725
1066 198
1066 365
1066 1072
1066 1117
1066 643
1066 913
1066 128
1066 472
1066 792
1066 701
1066 383
1066 977
1066 342
1066 1098
1066 726
1066 451
1066 237
1066 856
1066 824
1066 475
1066 818
1066 583
1066 333
1066 1051
1066 952
1066 478
1066 612
1066 308
1066 39
1066 305
1066 1009
584 461
584 74
584 208
584 1082
584 582
584 899
584 623
584 494
584 141
584 645
584 435
584 471
584 1108
584 504
584 146
584 517
584 769
584 621
584 301
584 198
584 701
584 672
584 29
584 193
584 578
584 1103
584 1070
584 914
584 300
584 1130
584 446
584 983
584 819
584 223
68 1014
68 744
68 945
68 688
68 480
68 1117
68 771
68 977
68 193
68 489
68 848
68 216
68 264
68 306
68 542
843 748
843 582
843 212
843 77
843 608
843 643
843 928
843 463
843 771
843 583
843 795
843 503
843 660
843 428
103 208
103 198
103 65
103 612
103 664
103 874
110 147
110 598
110 158
110 970
110 689
110 390
110 427
110 19
461 208
461 495
461 556
461 188
461 365
461 80
461 1043
461 289
461 99
461 509
461 1041
461 500
461 951
461 357
461 379
461 177
461 339
461 1092
461 498
461 1045
461 1023
1004 735
1004 1073
1004 152
1004 577
1004 749
1004 756
1004 358
1004 972
1004 371
1004 1021
1004 791
1004 1059
1004 21
1004 1010
1004 591
1004 557
1004 127
1004 298
1004 156
1004 523
1004 211
5 937
74 208
74 1108
74 429
208 18
208 582
208 899
208 198
208 664
208 1119
208 502
748 712
748 896
748 65
748 859
748 756
748 887
748 237
748 583
748 791
748 326
748 1125
748 976
748 908
748 822
748 901
748 636
748 716
748 889
748 709
744 176
744 955
744 671
744 735
744 531
744 893
744 462
744 768
744 318
744 1117
744 913
744 358
744 128
744 533
744 977
744 689
744 390
744 21
744 135
744 416
744 479
744 108
744 1104
775 955
775 531
775 55
775 495
775 1073
775 18
775 922
775 1082
775 768
775 577
775 1072
775 726
775 1130
775 127
775 135
775 416
775 412
775 820
775 26
775 405
775 1071
775 624
775 337
775 764
775 1089
176 531
176 55
176 205
176 893
176 712
176 1073
176 688
176 364
176 35
176 304
176 406
176 1077
176 702
176 194
176 188
176 31
176 463
176 771
176 358
176 128
176 126
176 533
176 334
176 792
176 237
176 21
176 591
176 709
176 135
176 416
176 1104
176 918
176 511
176 148
176 340
176 613
176 117
176 93
176 860
176 628
176 984
176 829
176 734
955 12
955 735
955 893
955 323
955 152
955 768
955 1077
955 577
955 358
955 856
955 542
955 390
955 21
955 1010
955 557
955 298
955 156
955 135
955 416
955 479
955 613
955 829
955 629
955 868
955 28
955 52
955 597
955 268
955 876
955 506
955 215
955 650
955 1053
955 261
955 413
955 378
955 923
955 1052
955 812
955 609
955 235
955 90
955 602
955 258
955 927
955 784
955 430
671 531
671 643
671 913
671 451
671 39
671 50
12 462
12 702
12 21
12 937
12 52
12 876
12 425
12 309
12 214
12 673
12 930
12 314
12 657
12 552
12 260
735 893
735 1073
735 277
735 962
735 194
735 1117
735 972
735 371
735 1010
735 901
735 416
735 405
735 90
735 422
735 595
735 353
735 539
735 950
735 971
735 1060
735 1099
735 86
735 452
735 139
531 205
531 462
531 958
531 1082
531 832
531 688
531 975
531 990
531 210
531 1085
531 938
531 1019
531 979
531 756
531 128
531 39
531 716
531 135
531 117
531 90
531 260
531 562
531 137
531 620
531 1055
531 616
531 49
531 949
55 152
55 298
55 991
205 819
205 21
205 1089
205 322
495 1073
495 18
495 922
495 349
495 115
495 363
495 768
495 435
495 397
495 477
495 1043
495 749
495 575
495 42
495 756
495 451
495 818
495 1130
495 542
495 509
495 357
495 379
495 1092
495 1045
495 1023
495 326
495 26
495 1071
495 1053
495 233
495 830
495 717
495 9
495 279
495 845
495 585
495 238
893 462
893 979
893 194
893 392
893 756
893 358
893 371
893 856
893 390
893 339
893 1010
893 156
893 135
893 1089
893 918
893 430
893 521
893 444
712 1073
712 922
712 768
712 1121
712 451
712 952
712 156
712 211
712 709
712 135
712 764
712 918
712 807
712 691
712 6
712 519
712 1032
712 810
712 1111
462 979
462 397
462 962
462 702
462 293
462 577
462 198
462 392
462 756
462 183
462 887
462 451
462 193
462 19
462 1010
462 557
462 211
462 716
462 405
462 337
462 1089
462 927
462 552
462 770
462 54
462 347
462 254
462 625
462 164
462 134
462 247
462 58
462 344
846 1019
1073 349
1073 364
1073 146
1073 833
1073 477
1073 30
1073 510
1073 194
1073 726
1073 19
1073 1021
1073 1059
1073 1010
1073 976
1073 135
1073 829
1073 347
1073 71
1073 37
1073 367
1073 1129
1073 145
1073 366
18 922
18 768
18 397
18 1043
18 371
18 509
18 339
18 820
18 676
18 925
922 4
922 768
922 397
922 962
922 188
922 365
922 1043
922 749
922 195
922 31
922 469
922 42
922 474
922 972
922 1103
922 1130
922 1045
922 21
922 557
922 820
922 624
922 1053
922 413
922 717
922 120
922 1075
922 476
922 788
922 1107
958 1082
958 832
958 688
958 975
958 647
958 990
958 1085
958 1019
958 896
958 39
958 117
958 971
958 562
958 954
958 663
958 737
958 722
958 739
958 343
958 302
958 752
958 897
958 278
958 437
958 470
958 961
1082 832
1082 688
1082 975
1082 990
1082 448
1082 1085
1082 1019
1082 318
1082 141
1082 146
1082 142
1082 575
1082 472
1082 39
1082 29
1082 716
1082 117
1082 378
1082 562
1082 279
1082 753
1082 165
1082 794
1082 66
1082 1048
1082 432
1082 381
1082 740
832 688
832 975
832 990
832 1085
832 938
832 1019
832 229
832 39
832 562
832 616
832 526
832 849
832 170
832 1090
945 437
232 975
232 210
232 449
232 1040
232 120
232 437
232 276
232 162
232 917
688 1047
688 975
688 990
688 448
688 938
688 1019
688 1127
688 559
688 821
688 477
688 1072
688 1098
688 937
688 340
688 117
688 663
688 1122
688 171
688 804
1047 938
1047 821
1047 137
1047 663
1047 554
1047 168
1047 402
1047 501
975 647
975 210
975 1085
975 1019
975 409
975 39
975 897
975 437
975 554
975 483
647 210
647 409
647 39
647 616
647 954
647 663
647 737
647 302
647 897
647 437
647 483
647 857
647 1022
647 681
647 38
990 1085
990 938
990 1019
990 39
990 19
990 918
990 562
990 1057
448 771
448 39
448 29
448 616
448 437
448 794
448 66
448 706
448 36
448 1105
448 618
210 1085
210 409
210 39
210 117
210 616
210 120
210 437
210 276
210 483
210 857
210 44
1085 1019
1085 409
1085 640
1085 901
1085 405
1085 562
1085 949
1085 444
1085 145
1085 276
1085 554
1085 501
1085 53
1085 565
1085 433
1085 248
1085 221
1085 778
1085 209
1085 727
1085 834
582 965
582 899
582 112
582 429
582 724
582 198
582 65
582 149
582 612
582 791
582 416
582 444
582 1048
582 740
582 755
582 154
582 415
938 1077
938 65
938 137
938 1055
938 402
938 857
938 1115
1019 1127
1019 726
1019 39
1019 672
1019 523
1019 716
1019 709
1019 479
1019 511
1019 117
1019 812
1019 86
1019 562
1019 254
1019 276
1019 168
1019 483
1019 857
1019 151
1019 1097
1019 648
1019 844
1019 7
1019 222
1019 1063
1019 243
1019 454
277 729
277 962
277 334
277 237
277 628
277 829
277 552
277 971
277 1099
277 6
277 366
277 727
277 372
277 651
277 187
277 884
277 895
277 838
79 703
79 397
79 1077
79 608
79 188
79 365
79 575
79 65
79 887
79 193
79 145
79 171
79 804
79 1013
79 678
79 715
79 842
79 1118
79 105
79 547
916 1128
916 720
916 1098
916 135
916 676
916 98
916 336
916 773
916 827
916 202
916 178
349 665
349 323
349 768
349 112
349 471
349 146
349 147
349 821
349 833
349 477
349 608
349 30
349 510
349 59
349 65
349 1098
349 451
349 19
349 937
349 889
349 812
349 71
349 145
349 366
349 1118
349 569
349 540
349 777
349 262
349 525
349 871
349 711
349 558
349 47
349 997
349 898
349 315
4 147
4 365
4 177
4 971
4 853
800 267
800 1108
800 504
800 1096
800 329
800 301
800 751
800 833
800 481
800 1010
800 907
115 768
115 397
115 962
115 97
115 1043
115 379
115 127
115 602
115 257
115 599
665 590
665 768
665 435
665 1108
665 1102
665 1096
665 301
665 549
665 188
665 451
665 818
665 26
665 602
665 258
665 599
665 1030
665 34
665 728
665 652
665 155
665 1110
665 226
979 35
979 1077
979 627
979 707
979 392
979 756
979 23
979 334
979 664
979 1010
979 50
979 770
979 347
979 58
979 105
979 675
979 847
979 686
979 1
965 35
965 267
965 301
965 282
965 198
965 1043
965 65
965 359
965 859
965 451
965 583
965 1051
965 264
965 660
965 868
965 50
965 58
965 44
965 1
965 185
431 725
431 149
431 23
431 215
431 249
323 1127
323 389
323 725
323 293
323 821
323 720
323 124
323 21
323 135
323 315
323 840
590 397
590 932
590 441
590 882
590 603
590 469
590 615
590 640
590 311
590 914
590 1045
590 1023
590 235
590 258
590 1105
590 809
590 1094
590 473
590 345
590 969
212 35
212 77
212 65
212 829
212 1055
212 347
212 113
212 953
364 1077
364 833
364 871
303 363
303 441
303 882
303 707
303 640
303 371
303 1105
303 473
303 785
303 537
303 283
729 505
729 347
729 367
729 649
729 1100
729 1003
409 39
409 672
409 812
409 562
409 137
409 616
409 437
409 168
409 483
409 1100
409 1003
409 796
409 380
409 496
409 806
409 250
409 567
458 65
458 229
458 451
458 511
458 444
458 606
458 698
458 111
458 588
458 43
363 577
363 1043
363 371
363 1009
363 853
363 167
363 192
363 995
363 1008
363 436
505 831
505 510
505 194
505 347
505 1129
505 649
505 1100
505 630
505 596
505 966
505 350
505 485
505 1007
505 394
505 782
505 393
35 225
35 695
35 783
35 896
35 65
35 859
35 756
35 342
35 716
35 628
35 164
35 711
35 113
35 953
35 380
35 324
35 561
35 1039
35 0
77 347
77 1039
136 817
136 628
136 164
136 567
136 698
136 104
512 953
512 394
512 286
512 421
225 702
225 510
225 649
817 953
703 397
703 449
703 365
703 977
703 856
703 430
703 676
703 105
703 155
703 875
703 548
27 523
27 148
304 128
304 588
304 1069
152 768
152 397
152 702
152 910
152 1043
152 99
152 1045
152 1010
152 430
152 162
152 863
768 435
768 397
768 121
768 833
768 365
768 882
768 80
768 1043
768 749
768 1072
768 707
768 603
768 575
768 31
768 42
768 474
768 639
768 741
768 99
768 1117
768 172
768 972
768 371
768 818
768 1009
768 914
768 428
768 357
768 1059
768 1010
768 557
768 26
768 829
768 1053
768 602
768 260
768 971
768 717
768 279
768 691
768 676
768 476
768 1122
768 187
768 1030
768 969
768 78
768 265
768 696
768 563
768 16
768 767
768 487
768 982
768 465
768 798
768 742
406 1077
406 783
406 726
406 523
406 1104
406 261
406 422
406 139
406 770
406 134
406 366
406 7
406 1
406 1036
406 747
406 374
406 746
406 919
406 442
406 96
406 25
406 274
406 654
406 682
406 632
406 252
406 679
318 397
318 198
318 365
318 80
318 575
318 741
318 1034
318 701
318 51
318 732
318 850
899 1108
899 819
494 112
494 471
494 146
494 198
494 415
494 558
494 694
141 153
141 1108
141 220
141 946
141 517
141 769
141 724
141 851
141 751
141 856
141 612
141 1010
141 416
141 573
141 130
267 1108
267 146
267 1077
267 329
267 220
267 769
267 301
267 751
267 415
267 263
153 112
153 851
153 558
153 694
645 862
645 116
645 472
645 193
645 1089
645 347
645 850
645 386
645 445
645 234
435 1102
435 397
435 188
435 882
435 1043
435 707
435 603
435 575
435 31
435 42
435 474
435 615
435 451
435 818
435 1103
435 503
435 428
435 326
435 1053
435 233
435 279
435 691
435 676
435 120
435 1094
435 265
435 982
435 106
435 909
435 719
435 993
435 163
435 438
112 471
112 1108
112 146
112 962
112 702
112 1096
112 517
112 477
112 415
112 558
112 95
831 603
831 585
831 925
831 36
831 393
831 385
831 1083
471 146
471 429
471 558
471 694
1108 1096
1108 220
1108 946
1108 64
1108 769
1108 429
1108 724
1108 482
1108 621
1108 301
1108 556
1108 851
1108 751
1108 198
1108 65
1108 223
1108 21
1108 415
1108 540
1108 558
1108 694
1108 854
504 220
504 946
504 64
504 769
504 429
504 482
504 621
504 556
504 540
921 1034
921 193
921 1070
921 1021
921 1059
921 416
921 1055
921 372
921 187
921 766
921 718
921 246
921 83
146 301
146 833
146 547
146 558
146 316
146 837
1042 783
1042 198
1042 472
1042 193
1042 1021
1042 1089
1042 1055
1042 1074
1042 541
1042 161
480 1083
1102 423
1102 619
1102 640
1102 818
1102 691
1102 473
1102 487
1102 982
1102 465
1102 929
1102 281
397 783
397 198
397 188
397 365
397 1043
397 575
397 195
397 741
397 896
397 23
397 818
397 1103
397 1130
397 542
397 503
397 357
397 339
397 1092
397 1055
397 233
397 279
397 163
397 497
121 80
121 509
121 78
121 696
932 188
932 603
932 1045
932 258
932 717
932 676
932 263
932 730
932 1080
695 1077
695 702
695 783
695 627
695 359
695 223
695 791
695 58
695 302
695 648
695 675
695 606
695 588
695 909
695 607
695 1050
695 227
695 138
695 964
449 1040
449 371
449 689
449 1059
449 120
449 162
449 895
449 192
449 548
962 1077
962 42
962 359
962 39
962 691
962 954
962 262
1077 702
1077 1127
1077 627
1077 1117
1077 913
1077 887
1077 390
1077 156
1077 716
1077 918
1077 613
1077 984
1077 539
1077 807
1077 519
1077 302
1077 961
1077 675
1077 847
1077 496
1077 632
1077 837
1077 341
1077 266
1077 579
1077 1109
1077 240
702 1128
702 627
702 549
702 365
702 1117
702 158
702 21
702 211
702 1089
702 506
702 923
702 609
702 49
702 164
702 366
702 343
702 171
702 248
702 187
702 711
702 847
702 953
702 380
702 541
702 1106
702 587
702 811
702 581
702 891
702 189
97 42
97 306
97 689
97 1115
97 262
97 257
97 698
97 95
97 1088
97 1062
97 255
783 396
783 198
783 474
783 643
783 65
783 771
783 149
783 23
783 451
783 357
783 21
783 405
783 628
783 552
783 971
783 521
783 770
783 347
783 247
783 44
783 105
783 675
783 1
783 682
783 587
396 643
396 913
338 293
338 147
1127 1049
1127 725
1127 559
1127 293
1127 147
1127 1128
1127 520
1127 821
1127 720
1127 1098
1127 848
1127 216
1127 970
1127 689
1127 390
1127 1021
1127 21
1127 1010
1127 901
1127 135
1127 812
1127 171
1127 804
1127 315
1127 465
1127 1000
1127 931
1127 73
1127 683
389 1049
389 293
389 720
389 135
389 1000
389 604
1049 725
1049 293
1049 147
1049 1128
1049 821
1049 720
1049 689
1049 21
1049 135
1049 416
1049 430
1049 521
1049 171
1049 1030
1049 840
1049 465
1049 604
1049 256
725 293
725 147
725 149
725 333
725 848
725 21
725 868
725 812
725 930
725 314
725 552
725 171
725 249
725 840
725 0
725 604
725 84
725 373
725 839
725 589
725 646
725 948
725 213
576 624
576 506
576 98
576 827
576 310
576 291
576 700
559 293
559 821
559 720
559 477
559 859
559 756
559 1098
559 1059
559 135
559 340
559 613
559 595
559 315
559 641
559 801
293 147
293 1128
293 520
293 821
293 720
293 477
293 656
293 149
293 19
293 21
293 135
293 405
293 340
293 620
293 804
293 315
293 553
147 821
147 720
147 833
147 149
147 390
147 135
147 812
147 168
147 315
147 931
147 375
147 1006
1128 720
1128 575
1128 624
1128 829
1128 315
1128 1000
520 821
520 720
520 477
520 1098
520 340
520 804
520 315
520 1074
520 73
520 553
821 720
821 833
821 756
821 23
821 135
821 430
821 1063
821 315
821 1030
56 756
720 477
720 23
720 1098
720 216
720 340
720 336
720 827
720 315
720 604
720 641
720 553
720 1006
720 455
720 1120
720 699
124 479
124 812
124 657
124 249
124 840
124 387
124 637
124 132
124 934
124 551
124 24
910 99
627 859
627 326
627 976
627 405
627 860
627 984
627 829
627 422
627 539
627 807
627 675
627 847
627 909
290 726
290 451
290 682
290 718
290 227
577 128
577 21
577 1010
577 557
577 1120
577 858
123 833
123 261
123 1052
123 465
123 654
123 1061
123 814
123 271
123 295
123 395
123 905
107 322
107 994
456 513
456 529
456 1095
1096 833
1096 477
1096 59
1096 226
329 301
329 365
329 481
329 882
329 223
329 1045
329 258
329 226
329 1080
220 379
220 716
220 165
220 0
220 866
418 946
418 517
418 769
418 2
418 856
418 379
946 64
946 517
946 769
946 482
946 621
946 149
946 223
946 540
64 769
64 556
64 198
64 26
64 1048
517 859
517 415
769 859
769 379
769 415
769 540
769 837
724 794
332 162
332 226
482 223
482 540
301 751
301 198
301 365
301 481
301 882
301 861
301 1045
301 1053
301 226
301 241
1116 198
1116 226
556 1040
851 612
851 694
751 481
751 390
751 326
751 1013
198 896
198 359
198 859
198 756
198 1051
198 193
198 300
198 819
198 415
198 540
198 1029
198 285
833 477
833 30
833 510
833 59
833 194
833 937
833 412
833 1089
833 868
833 597
833 378
833 715
833 525
833 871
833 649
833 1003
833 485
833 607
833 189
833 256
833 373
833 697
833 530
833 759
549 477
549 510
549 194
549 575
549 451
549 898
549 34
477 59
477 1098
477 216
477 1021
477 1059
477 135
477 624
477 340
477 650
477 595
477 827
477 558
477 315
477 1030
477 801
477 699
477 870
608 260
608 1055
608 1013
608 728
608 1100
608 548
608 1069
608 587
608 528
30 812
30 145
30 871
30 185
30 759
743 254
743 366
743 569
743 1030
743 1
743 374
743 274
743 632
743 793
743 813
743 1011
743 369
510 194
510 347
510 367
510 1030
510 649
510 596
510 966
510 1124
510 14
59 525
59 871
59 315
194 19
194 347
194 367
194 596
142 575
142 862
142 183
142 578
142 177
142 691
142 1122
142 730
142 15
142 377
441 365
441 707
441 469
441 615
441 640
441 311
441 1023
441 26
441 1071
441 258
441 691
441 1105
441 809
441 473
441 785
441 537
441 283
441 15
188 365
188 707
188 31
188 701
188 1130
188 509
188 1092
188 26
188 1053
188 602
188 279
188 465
188 341
188 611
40 472
40 165
40 130
40 234
40 161
40 382
365 481
365 1043
365 707
365 195
365 31
365 469
365 474
365 99
365 861
365 859
365 701
365 451
365 818
365 1103
365 509
365 1045
365 1010
365 26
365 624
365 1053
365 279
365 691
365 476
365 788
365 785
365 719
365 837
365 929
365 611
365 924
365 492
365 659
481 707
481 469
481 861
481 1103
481 1045
481 1053
481 492
481 20
882 707
882 603
882 575
882 195
882 469
882 615
882 640
882 311
882 1045
882 258
882 585
882 1022
882 226
882 473
882 393
882 265
882 487
882 929
882 730
882 15
882 492
882 1068
423 615
423 639
423 99
423 902
423 29
423 1103
423 1071
423 465
423 718
423 84
423 492
423 361
423 8
423 592
80 603
80 640
80 371
80 856
80 1009
80 1010
80 120
80 187
80 969
80 192
80 78
80 265
80 696
80 16
80 767
80 487
80 1074
80 685
80 157
1043 749
1043 575
1043 99
1043 65
1043 666
1043 818
1043 914
1043 1130
1043 1092
1043 557
1043 127
1043 26
1043 9
1043 1107
1043 798
749 474
749 972
749 666
749 357
749 557
749 822
749 90
749 1107
749 847
1072 575
1072 701
1072 914
1072 177
1072 21
1072 340
1072 595
1072 1122
1072 315
1072 601
707 603
707 195
707 319
707 31
707 289
707 42
707 474
707 639
707 741
707 99
707 65
707 972
707 701
707 824
707 818
707 914
707 1130
707 1023
707 557
707 26
707 829
707 1053
707 9
707 691
707 476
707 1122
707 473
707 48
707 692
603 195
603 619
603 31
603 289
603 469
603 615
603 639
603 741
603 640
603 311
603 818
603 1103
603 914
603 127
603 1053
603 258
603 691
603 473
603 982
603 730
603 1068
603 1056
575 31
575 42
575 474
575 615
575 311
575 701
575 379
575 1045
575 26
575 602
575 279
575 691
575 929
195 469
195 42
195 639
195 1045
195 624
195 1053
195 788
195 393
195 730
619 469
619 640
619 818
619 502
619 691
619 676
619 969
619 982
619 1056
319 615
319 99
319 430
319 969
31 474
31 65
31 818
31 379
31 26
31 602
31 430
31 139
31 279
31 691
31 265
31 263
31 106
31 730
289 469
289 615
289 640
289 1103
289 258
289 1030
289 163
289 730
289 659
289 1056
469 42
469 615
469 639
469 640
469 311
469 1045
469 1023
469 258
469 585
469 476
469 202
469 730
469 1056
469 522
469 802
469 892
42 1009
42 29
42 428
42 624
42 764
42 717
42 476
42 1107
42 909
42 522
42 410
42 550
474 23
474 701
474 818
474 1130
474 26
474 1055
474 9
474 1122
474 798
474 246
474 1074
615 639
615 99
615 640
615 902
615 311
615 1103
615 1071
615 258
615 1105
615 809
615 473
615 265
615 730
615 492
615 592
639 99
639 640
639 902
639 1103
639 1053
639 279
639 785
639 265
639 281
639 492
639 592
639 653
741 902
741 23
741 1130
741 162
741 187
741 15
741 802
99 818
99 557
99 1071
99 279
99 415
99 1030
99 785
99 393
99 863
99 492
99 963
640 311
640 1103
640 258
640 476
640 809
640 345
640 798
640 1074
640 929
640 281
640 730
640 84
640 48
640 1056
640 22
640 605
861 1053
861 376
902 1103
902 1071
902 547
902 785
902 487
902 492
902 592
311 809
311 473
311 699
311 939
311 352
443 740
443 1013
443 719
443 708
862 416
862 740
862 445
862 234
862 400
116 400
85 727
1117 339
1117 918
1117 829
1117 930
1117 1105
1117 415
1117 1030
1117 790
392 756
392 856
392 390
392 211
392 90
392 430
392 816
656 347
643 65
643 149
643 913
643 489
643 521
643 111
643 15
643 217
896 913
896 23
896 887
896 591
896 976
896 836
65 463
65 771
65 149
65 913
65 23
65 887
65 472
65 39
65 503
65 660
65 829
65 279
65 444
65 151
65 675
65 249
65 496
65 0
65 274
65 1074
65 587
65 1132
65 894
65 245
65 981
65 88
65 1026
359 628
359 467
463 1121
463 503
463 422
463 770
463 625
463 134
463 243
463 711
463 682
463 328
859 451
859 503
859 19
859 211
859 416
859 444
859 367
859 1122
859 415
859 675
859 350
859 561
859 0
859 227
859 341
859 579
859 404
859 763
859 987
859 880
771 620
771 6
771 54
771 58
771 961
771 681
771 777
771 240
771 76
771 1076
149 23
149 660
149 791
149 322
149 171
149 249
149 840
149 894
149 245
149 159
913 183
913 660
913 50
913 845
913 521
913 444
913 377
913 631
756 23
756 451
756 19
756 211
756 1089
756 413
756 422
756 770
756 625
756 145
756 954
756 278
756 675
756 1
756 760
883 539
883 1030
883 626
23 542
23 21
23 117
23 812
23 49
23 770
23 171
23 1
23 840
23 0
23 631
23 600
23 182
23 668
1040 829
1040 120
1040 162
1040 516
358 128
358 183
358 533
358 557
358 135
128 533
128 405
128 90
128 675
183 1059
183 734
183 413
183 521
183 1022
183 547
183 15
183 217
183 960
183 1044
100 660
533 1034
533 1009
533 1089
533 1055
533 718
533 227
972 666
972 1059
972 1010
972 557
972 971
972 717
972 453
1034 660
1034 357
1034 991
1034 587
887 371
887 451
887 591
887 156
887 976
887 675
887 909
887 836
472 1051
472 193
472 1010
472 416
472 1089
472 165
472 161
472 294
472 524
472 218
472 571
229 451
229 1090
229 898
229 698
229 588
229 25
229 1088
229 793
229 985
229 642
229 543
1121 19
1121 135
1121 511
1121 86
1121 134
1121 711
1121 274
1121 327
1121 33
666 822
371 1130
371 503
371 1010
371 971
371 476
371 51
371 263
334 539
334 134
334 255
334 905
334 1113
334 957
792 918
792 984
701 578
701 279
701 691
701 1122
383 6
383 777
383 867
383 633
383 459
977 824
977 1009
977 428
977 638
342 628
342 953
1098 216
1098 937
1098 1122
1098 98
1098 336
1098 315
1098 1106
1098 1000
1098 57
1098 45
726 19
726 211
726 135
726 1104
726 405
726 337
726 918
726 511
726 1052
726 422
726 139
726 770
726 711
726 442
726 25
726 632
726 870
726 348
451 1
451 588
451 1050
451 227
451 587
451 173
451 179
237 716
237 829
237 90
237 675
237 436
237 1039
237 88
237 1026
237 600
237 1012
237 933
237 915
856 390
856 1010
856 416
856 479
856 613
856 413
856 235
856 430
856 322
856 1061
856 294
856 508
856 992
856 10
475 416
475 162
475 83
475 270
818 1045
818 28
818 1053
818 717
818 279
818 691
818 120
818 1094
818 473
818 929
818 545
583 478
583 709
583 829
583 422
583 1111
583 134
583 87
333 848
333 1010
333 215
333 378
333 552
333 260
333 134
333 840
333 994
333 508
333 546
333 186
1051 177
1051 161
1051 890
952 105
952 777
952 1076
952 867
952 633
952 360
952 197
952 805
952 999
478 613
478 422
478 353
478 1111
478 711
478 953
478 374
478 426
612 613
612 413
612 415
612 130
612 161
308 523
39 562
39 137
39 616
39 444
39 437
39 483
305 416
305 740
1009 1021
1009 378
1009 971
1009 1055
1009 322
1009 454
1009 372
1009 840
1009 766
1009 84
1009 646
672 437
672 276
672 554
672 402
672 1063
29 1103
193 983
193 976
193 1089
193 165
193 262
193 571
193 762
193 1017
193 580
193 1079
193 122
193 865
193 204
1103 1045
1103 258
1103 226
1103 492
1103 659
1103 592
1070 416
1070 740
1070 850
1070 130
1070 541
1070 161
1070 524
1070 218
1070 1031
914 379
914 127
914 691
914 895
914 809
914 84
1130 260
1130 1068
983 740
983 580
819 664
819 967
223 585
223 226
223 1080
223 122
223 1078
489 1055
489 521
489 249
489 1131
489 904
848 19
848 21
848 1010
848 876
848 650
848 378
848 812
848 235
848 673
848 930
848 1055
848 49
848 322
848 171
848 454
848 842
848 997
848 249
848 84
848 373
848 646
848 948
848 994
848 157
848 904
848 507
848 313
848 799
848 617
216 340
216 413
216 260
216 187
216 315
216 246
264 1059
264 752
264 867
264 459
306 1132
542 379
542 937
542 629
542 868
542 28
542 52
542 597
542 268
542 876
542 506
542 378
542 279
542 676
542 414
542 424
542 1027
542 514
542 687
542 568
542 101
542 125
795 1021
795 662
503 428
503 664
503 791
503 378
503 9
503 44
503 106
503 646
660 158
660 718
660 858
660 878
660 174
660 572
428 233
428 9
428 166
664 523
664 1104
664 829
664 139
664 770
664 625
664 134
664 151
664 243
664 715
664 96
664 241
664 467
664 33
664 967
874 552
874 739
598 158
598 970
598 17
598 900
158 970
158 390
158 1021
158 174
970 1021
970 547
970 992
970 888
970 828
970 940
970 236
970 1112
689 427
689 636
689 829
689 609
689 430
689 164
689 587
689 811
689 255
689 530
689 892
689 564
689 307
689 1084
390 9
390 134
390 145
390 433
390 209
390 773
390 17
390 779
427 822
427 812
427 164
427 676
427 606
427 811
427 892
19 523
19 901
19 135
19 1104
19 918
19 829
19 673
19 422
19 740
19 1057
19 415
19 569
19 682
19 579
19 760
19 941
19 331
509 357
509 379
509 785
509 492
500 1065
951 357
951 177
951 498
951 36
951 497
357 379
357 177
357 339
357 1092
357 1071
357 1055
357 233
357 238
357 1074
357 497
357 269
379 1092
379 127
379 1053
379 602
379 9
379 279
379 238
379 691
379 711
379 1065
379 1046
177 498
177 863
177 497
339 1092
339 613
339 51
1092 1023
1092 1071
498 393
498 438
498 46
1045 1053
1045 258
1045 1030
1045 226
1045 809
1045 345
1045 393
1045 492
1023 1071
1021 1059
1021 21
1021 1010
1021 557
1021 416
1021 597
1021 422
1021 971
1021 991
1021 454
1021 372
1021 652
1021 386
791 860
791 829
791 675
791 587
791 967
791 674
1059 1010
1059 127
1059 523
1059 597
1059 971
1059 86
1059 991
1059 372
1059 777
1059 15
1059 760
21 868
21 52
21 876
21 650
21 378
21 812
21 309
21 657
21 49
21 322
21 171
21 372
21 840
21 256
21 948
21 687
21 101
21 828
21 826
1010 557
1010 127
1010 298
1010 624
1010 613
1010 868
1010 597
1010 1053
1010 930
1010 971
1010 322
1010 164
1010 145
1010 120
1010 165
1010 681
1010 415
1010 372
1010 187
1010 773
1010 777
1010 853
1010 78
1010 96
1010 387
1010 10
1010 805
1010 102
1010 733
591 135
591 918
591 628
591 164
591 806
591 698
591 104
591 836
591 852
591 200
591 150
557 971
557 415
557 372
557 798
557 354
127 925
127 436
127 1112
298 479
298 52
298 673
298 991
298 676
298 1122
298 382
298 466
156 135
156 1055
156 686
156 1100
156 548
156 654
523 211
523 326
523 135
523 918
523 278
523 187
523 105
523 262
523 257
523 241
523 721
523 398
523 761
523 911
523 658
523 538
211 135
211 405
211 337
211 96
211 241
211 957
211 140
211 693
937 108
937 624
937 340
937 629
937 28
937 597
937 268
937 650
937 378
937 552
937 595
937 1022
937 997
937 315
937 1030
937 801
937 904
937 414
937 424
937 1027
937 514
937 125
937 1112
937 75
937 401
937 757
1119 967
502 602
502 691
502 730
326 422
326 145
326 165
326 243
326 1013
326 777
326 711
326 274
326 909
326 680
1125 636
976 918
976 860
976 90
976 539
976 715
908 479
908 249
908 387
908 934
908 24
908 272
908 499
908 325
908 391
908 1033
908 594
908 321
822 807
822 675
822 606
901 405
901 433
901 224
636 764
636 587
636 803
636 468
716 918
716 105
716 1039
716 718
716 341
716 839
716 600
716 33
716 805
889 254
889 366
889 569
889 1
889 374
889 919
889 274
889 793
889 1015
889 780
889 408
889 484
709 413
709 162
709 7
709 711
709 1030
709 642
709 669
135 479
135 1104
135 337
135 918
135 340
135 90
135 422
135 804
135 315
135 931
135 870
135 508
135 761
135 841
416 479
416 108
416 1089
416 413
416 927
416 595
416 676
416 165
416 740
416 162
416 415
416 51
416 850
416 130
416 837
416 541
416 161
416 218
416 1017
416 320
416 440
416 677
416 1087
479 650
479 413
479 90
479 309
479 930
479 260
479 676
479 120
479 372
479 842
479 847
479 249
479 840
479 256
479 84
479 637
479 132
479 551
479 1061
479 828
479 594
479 321
479 292
479 781
108 52
108 595
108 414
108 1027
108 125
1104 511
1104 829
1104 139
1104 770
1104 1057
1104 838
1104 579
1104 1061
1104 793
1104 102
1104 956
412 53
412 587
412 530
820 26
820 476
26 602
26 830
26 410
405 949
405 145
405 433
405 651
405 570
1071 585
1071 592
624 476
337 511
337 870
337 669
337 956
1089 676
1089 120
1089 165
1089 740
1089 415
1089 263
1089 234
1089 718
1089 246
1089 541
1089 870
1089 218
1089 204
1089 926
1089 947
1089 288
918 511
918 613
918 413
918 422
918 274
918 87
918 398
918 484
918 956
511 770
511 34
511 669
148 1052
148 353
148 250
148 426
340 595
340 1122
340 801
613 829
613 366
613 7
613 948
117 1055
117 964
860 261
628 829
628 609
628 784
628 353
628 1060
628 1055
628 347
628 164
628 380
628 806
628 567
628 698
628 324
628 104
628 700
628 426
628 1016
628 160
628 259
628 593
628 968
984 1055
984 807
984 675
984 1078
984 411
984 82
829 650
829 1053
829 261
829 552
829 347
829 366
829 675
829 1
829 982
829 654
829 682
829 581
829 1061
829 295
829 920
829 536
734 25
734 217
734 960
629 868
629 28
629 268
629 506
629 361
629 879
868 28
868 52
868 597
868 268
868 876
868 506
868 378
868 552
868 171
868 842
868 840
868 948
868 361
868 424
868 514
28 52
28 597
28 268
28 876
28 506
28 1030
28 1094
28 361
28 424
28 75
28 684
52 597
52 876
52 506
52 171
52 904
597 268
597 876
597 506
597 378
597 309
597 673
597 372
597 1030
597 361
597 410
597 1027
597 514
597 125
597 757
268 876
268 506
268 378
268 373
268 361
268 424
268 125
876 506
876 171
876 948
506 840
506 757
215 812
215 430
215 840
215 960
215 508
215 424
215 677
650 812
650 930
650 552
650 49
650 322
650 454
650 842
650 997
650 0
650 256
650 373
650 646
650 994
650 157
650 217
650 904
650 507
650 313
650 799
650 617
650 330
1053 691
1053 226
1053 84
1053 659
1053 592
1053 376
261 539
261 134
261 442
261 271
261 453
261 985
261 284
413 7
413 957
413 17
413 484
413 1101
378 279
378 521
378 171
378 948
378 514
378 687
378 568
378 101
378 826
378 879
378 464
378 942
378 133
1052 654
1052 271
1052 295
1052 870
1052 957
1052 181
812 930
812 657
812 322
812 145
812 171
812 454
812 842
812 997
812 256
812 387
812 132
812 551
812 24
812 994
812 424
812 514
812 391
812 1033
812 677
812 143
812 201
609 1060
609 164
609 676
235 994
235 325
235 677
235 879
90 898
90 1050
90 985
90 292
602 853
602 652
258 830
258 585
258 226
258 730
258 1080
258 653
258 376
258 114
927 322
927 442
927 828
927 403
927 1086
784 676
784 187
784 1030
784 497
784 160
430 322
430 315
430 909
430 92
50 1055
425 309
425 214
425 213
309 214
309 930
309 314
309 842
309 948
309 15
309 72
309 1114
214 673
214 767
214 84
214 213
214 15
214 888
214 1112
673 930
673 314
673 49
673 322
673 840
673 341
673 373
673 646
673 508
673 514
930 314
930 552
930 49
930 322
930 454
930 372
930 373
930 157
930 514
930 401
930 184
314 1063
314 842
314 1124
657 552
657 842
657 249
657 256
657 373
657 387
657 132
657 391
552 842
552 249
552 256
552 904
552 133
260 322
260 858
422 770
422 168
422 1097
422 7
422 1013
422 711
422 1036
422 682
422 341
422 760
422 331
595 315
595 57
353 164
353 698
353 1061
353 426
539 278
539 433
539 796
539 905
539 41
539 89
950 58
950 470
950 681
950 777
950 816
950 633
971 372
971 853
971 15
1060 250
1099 6
1099 105
1099 777
1099 1076
1099 440
1099 180
86 274
86 296
139 616
139 25
139 467
139 985
139 398
137 663
137 276
137 168
137 402
137 501
137 36
137 87
137 360
137 1112
137 11
137 191
137 169
1055 347
1055 58
1055 44
1055 372
1055 884
1055 105
1055 1039
1055 15
1055 467
1055 904
1055 878
1055 674
1055 1038
1055 1028
616 437
616 849
616 1090
616 276
616 483
49 994
49 514
49 888
49 486
949 567
949 880
949 992
949 236
949 658
949 570
949 881
949 989
991 372
991 718
991 376
991 466
322 676
322 171
322 1063
322 454
322 842
322 997
322 421
322 718
322 256
322 373
322 646
322 24
322 994
322 157
322 904
322 507
322 313
322 799
322 617
322 184
233 837
717 279
9 162
9 842
9 84
9 646
279 798
279 670
845 444
845 863
585 36
585 226
585 730
585 1080
585 400
585 1078
521 444
521 171
521 222
521 858
521 15
521 217
521 1044
807 519
807 1111
807 344
807 711
807 847
807 1
691 676
691 473
691 78
691 929
691 1065
6 954
6 737
6 752
6 278
6 777
6 1026
6 1076
6 180
6 287
1032 625
810 247
810 213
1111 276
1111 168
1111 7
1111 682
1111 369
1111 294
1111 1015
1111 207
770 254
770 625
770 1057
770 1
770 1036
770 374
770 919
770 442
770 682
770 632
770 246
770 331
770 1091
770 32
770 710
54 278
54 777
54 718
347 367
347 1030
347 953
347 1100
347 1003
347 630
347 596
347 966
347 350
347 485
347 964
347 1109
347 987
347 872
347 644
347 835
254 1057
254 1
254 374
254 274
625 241
625 467
625 1091
164 676
164 852
134 838
134 1100
134 1039
134 579
134 985
134 1038
134 175
134 312
247 607
247 1050
247 985
247 543
247 1101
247 978
247 388
247 864
58 1075
58 737
58 278
58 470
58 961
58 681
58 1115
58 105
58 777
58 513
58 633
58 733
58 89
58 1028
58 1054
58 129
58 60
58 94
58 944
58 67
58 199
58 750
344 1039
71 328
71 92
71 1091
71 1067
367 1100
367 350
367 485
367 1007
367 14
367 987
367 644
367 973
1129 187
1129 649
145 433
145 1013
145 548
145 587
145 530
145 532
145 745
366 676
366 120
366 1013
366 1
366 374
366 274
366 793
366 813
366 404
366 408
366 32
676 165
676 842
676 773
676 315
676 465
676 294
676 779
676 658
676 947
676 797
676 515
120 276
120 162
120 53
120 836
120 294
1075 681
1075 187
1075 513
1075 816
1075 633
1075 1018
476 281
954 897
954 105
954 240
954 459
954 287
954 1054
954 886
663 343
663 437
663 402
663 513
663 805
737 897
737 470
737 538
737 89
737 180
737 1054
737 1037
722 777
739 343
739 302
739 105
739 777
739 459
739 440
739 566
343 897
343 234
343 1132
343 580
343 440
343 180
343 566
302 961
302 105
302 777
302 632
302 837
302 266
302 240
302 867
302 906
302 69
752 459
752 360
752 89
897 278
897 470
897 961
897 66
897 849
897 1090
897 565
897 777
897 496
897 240
897 197
897 89
897 207
897 60
897 886
897 488
897 1035
897 460
897 62
278 470
278 1013
278 777
278 240
278 805
278 999
278 89
278 944
437 402
437 483
437 796
470 681
470 262
470 513
470 633
470 733
470 89
470 1054
470 94
470 1037
961 777
961 513
961 199
961 230
961 447
165 740
165 234
165 83
165 161
165 1017
165 865
165 935
794 66
66 849
66 36
66 565
66 496
66 1039
66 1035
740 850
740 83
740 161
740 400
740 1017
740 580
740 865
740 491
526 284
849 496
849 1035
170 1090
170 607
170 697
170 284
170 903
1090 1050
1090 1038
1090 242
276 554
276 168
276 402
276 844
276 222
276 569
276 496
276 948
162 1013
162 548
162 696
162 274
162 328
162 987
1122 804
1122 315
1122 742
171 1013
171 842
171 256
171 373
171 948
171 960
171 514
171 687
171 101
171 826
171 464
171 118
804 315
804 801
804 1120
554 501
554 221
168 501
168 36
168 1063
168 569
168 496
168 424
168 325
168 191
402 501
402 857
402 496
402 255
402 905
501 53
501 811
501 118
1022 730
1022 15
1022 217
1022 960
1022 1044
1022 414
1022 125
1022 888
1022 1112
1022 1114
1022 384
681 777
681 513
681 816
681 633
681 1018
38 527
1057 1011
1105 415
1105 809
1105 473
1105 785
1105 537
1105 283
1105 294
53 834
53 1030
53 587
53 530
53 312
565 496
433 727
433 884
433 47
433 530
433 880
433 203
248 1030
209 834
209 773
209 17
209 779
209 776
727 1013
727 530
727 880
834 773
834 900
755 1015
154 967
415 374
415 163
415 718
415 341
415 668
415 704
1115 698
1115 513
1097 705
7 1015
7 119
243 1013
243 1091
454 842
454 84
454 373
454 646
454 994
454 960
454 313
454 617
372 773
372 652
372 192
372 718
372 240
372 73
372 1018
187 652
187 78
187 240
187 73
884 558
884 203
884 713
1013 715
1013 777
1013 711
1013 274
1013 530
1013 1026
1013 668
1013 974
715 530
842 997
842 249
842 84
842 373
842 646
842 948
842 994
842 157
842 904
842 507
842 313
842 799
842 617
1118 711
1118 632
1118 348
1118 273
1118 544
105 777
105 262
105 240
105 1076
105 459
105 360
105 197
105 721
105 287
105 196
547 809
547 718
547 15
547 960
547 1044
547 992
547 1091
547 81
98 315
336 315
336 931
336 73
773 17
773 900
773 779
773 776
827 1120
202 1126
178 992
178 17
178 779
178 776
178 736
178 370
569 711
569 1030
569 1
569 374
569 274
569 909
569 793
777 1030
777 274
777 240
777 1029
777 816
777 1076
777 633
777 459
777 360
777 197
777 440
777 89
777 180
777 199
262 1026
262 1076
262 906
525 871
525 1078
711 953
711 919
711 274
711 669
711 544
558 694
997 345
997 373
997 994
997 157
997 507
997 313
997 799
997 617
898 698
898 25
898 292
898 1101
315 1106
315 57
1030 1100
1030 1003
1030 606
1030 919
1030 25
1030 130
1030 189
1030 1132
1030 186
1030 1027
1030 253
1030 738
1030 251
1030 109
1030 574
34 33
652 766
155 513
226 1080
226 492
226 400
675 632
675 909
675 837
675 607
675 266
675 133
847 548
847 1131
686 745
686 758
1 374
1 746
1 919
1 274
1 718
1 793
1 813
1 369
1 404
1 780
1 408
1 484
1 669
1 3
185 682
249 840
249 256
249 948
249 387
249 637
249 551
249 24
249 994
249 272
249 594
249 321
249 781
840 256
840 84
840 373
840 387
840 637
840 934
840 594
809 473
809 345
809 798
809 84
809 101
809 560
1094 929
1094 132
1094 980
1094 535
473 785
473 537
473 283
473 982
473 929
345 84
969 699
969 592
113 953
953 1100
953 630
953 966
953 374
953 1109
953 189
953 1120
953 150
953 484
953 797
953 196
953 823
785 283
785 492
785 592
537 84
537 699
537 947
283 935
649 596
649 966
1100 630
1100 324
1100 1120
1100 179
1003 630
380 426
496 1035
806 104
806 200
806 143
250 426
567 698
567 880
567 1016
567 91
567 280
606 588
606 1038
698 852
698 160
698 143
698 355
698 1123
698 1005
698 996
698 731
111 864
588 607
588 173
192 351
630 553
596 966
596 644
350 987
485 909
394 421
393 863
393 385
324 426
0 948
0 508
104 426
104 200
104 259
104 143
104 91
421 553
421 835
548 909
78 265
78 696
78 16
78 767
265 696
696 16
487 1068
487 592
487 685
982 929
982 1056
465 274
465 1124
465 1068
798 281
798 730
798 15
742 228
747 348
374 919
374 274
374 793
374 813
374 369
919 793
919 484
442 654
442 271
442 159
442 957
442 284
96 693
96 114
96 420
96 586
96 855
25 348
274 252
274 909
274 793
274 369
274 956
274 273
654 964
654 271
654 395
654 181
654 731
682 189
632 837
632 266
632 1025
252 417
679 92
850 161
850 1031
130 382
130 294
130 407
234 161
234 580
234 491
163 765
718 1074
718 730
718 138
718 964
718 1038
718 287
718 253
246 904
83 161
837 266
837 348
837 536
1074 904
541 228
161 869
929 281
929 592
497 15
497 48
730 48
730 550
730 605
1080 400
1080 204
1080 114
1080 1020
607 985
1050 985
1050 299
138 1068
964 15
341 180
341 297
266 905
266 867
266 41
266 906
266 69
266 62
266 555
579 159
579 348
579 669
579 32
240 1026
240 459
240 886
240 906
240 555
1106 73
1106 310
1106 291
1106 57
587 10
587 572
587 118
811 892
891 403
891 714
189 1015
255 894
1000 1112
604 553
256 637
256 934
256 551
256 272
256 499
256 594
256 321
256 677
256 201
256 912
84 373
84 646
84 948
84 685
84 653
373 646
373 994
373 157
373 507
373 313
373 799
373 617
373 330
589 213
589 879
589 1114
589 486
646 508
948 994
948 594
948 464
948 942
948 133
213 920
213 1114
213 486
700 987
801 401
375 522
699 947
387 934
387 24
387 1033
387 594
637 132
637 934
637 24
637 1068
637 594
132 934
132 24
132 272
132 594
934 24
934 594
24 272
24 980
1061 426
295 395
395 894
994 15
994 157
994 507
994 313
994 799
994 617
513 816
513 633
513 1054
513 67
513 199
513 750
513 447
513 787
241 761
241 693
697 903
530 892
530 880
530 203
530 399
759 14
528 723
793 813
793 484
813 404
813 536
813 3
1011 484
1011 635
369 404
1124 879
14 125
15 217
15 960
15 1044
15 904
492 592
1068 592
361 507
361 424
361 1027
361 101
361 75
157 507
157 313
157 799
157 617
522 989
522 253
522 251
522 91
522 1064
802 217
892 900
892 370
963 354
376 61
790 638
816 633
816 94
816 1018
816 297
217 960
217 1044
1132 440
1132 566
894 957
981 159
1026 76
1026 867
1026 459
328 92
404 408
404 484
404 713
763 348
880 203
1076 360
1076 805
1076 1037
1076 690
626 196
668 879
960 1044
960 1112
1044 518
294 508
294 32
294 206
294 815
294 786
524 218
524 1031
985 1101
867 886
867 69
867 62
867 555
633 1018
633 447
633 555
459 886
459 566
459 62
459 555
348 398
173 197
179 360
179 197
179 999
179 852
179 622
508 63
992 236
992 570
992 989
10 403
10 1086
10 118
546 879
546 63
360 197
360 805
360 622
197 622
805 999
805 886
805 906
805 634
1017 356
865 1020
904 655
507 313
507 799
507 617
313 799
313 617
799 617
414 1027
414 125
414 75
424 330
424 1093
1027 125
1027 236
568 101
568 826
568 879
568 464
568 942
568 133
568 710
101 826
101 879
101 464
101 133
125 200
125 75
878 419
174 572
572 713
17 779
17 370
888 1112
888 384
236 1084
236 881
236 989
236 253
236 251
1112 1114
1112 486
307 989
307 253
307 251
307 91
307 1064
779 776
779 736
779 370
674 774
826 464
826 133
102 1025
733 1028
852 94
200 143
721 196
761 70
911 710
911 346
658 570
658 989
693 114
693 420
272 499
272 321
499 325
325 677
1015 408
669 956
440 89
440 180
440 566
677 201
677 81
677 912
292 943
160 355
160 731
879 464
879 133
284 368
1101 738
464 133
464 998
114 420
403 118
1086 118
92 1091
1114 486
89 180
89 199
89 62
89 622
296 368
11 936
1038 242
1038 808
881 989
881 253
881 251
881 1064
989 253
989 251
989 109
989 1064
1091 275
978 864
978 738
864 738
94 1001
944 297
199 447
797 251
797 91
886 906
886 69
886 62
886 555
69 62
69 555
62 555
447 622
203 231
370 1064
253 251
253 109
253 91
253 1064
251 109
251 91
251 1064
109 1064
3 825
91 280
355 731
355 614
420 457
586 855
299 13
555 622
13 13
