0 536
1 1080
2 838
3 181
4 621
5 297
6 943
7 794
8 834
9 560
10 463
11 518
12 498
13 459
14 79
15 927
16 759
17 1070
18 700
19 355
20 332
21 220
22 900
23 145
24 166
25 423
26 419
27 697
28 266
29 239
30 858
31 312
32 353
33 543
34 876
35 551
36 520
37 335
38 720
39 614
40 323
41 29
42 137
43 101
44 633
45 11
46 922
47 659
48 24
49 897
50 262
51 929
52 668
53 1120
54 45
55 1029
56 152
57 229
58 817
59 624
60 21
61 815
62 519
63 845
64 967
65 1063
66 783
67 458
68 446
69 242
70 414
71 861
72 1097
73 734
74 272
75 840
76 791
77 224
78 468
79 503
80 380
81 908
82 162
83 1009
84 464
85 1043
86 1111
87 1042
88 585
89 430
90 256
91 836
92 62
93 550
94 295
95 203
96 1086
97 310
98 225
99 298
100 268
101 962
102 595
103 198
104 537
105 814
106 278
107 1117
108 1088
109 728
110 818
111 66
112 764
113 567
114 392
115 223
116 348
117 998
118 189
119 1010
120 1100
121 961
122 192
123 557
124 378
125 375
126 583
127 1084
128 506
129 207
130 100
131 765
132 281
133 238
134 587
135 143
136 358
137 594
138 1040
139 1094
140 532
141 657
142 434
143 173
144 813
145 343
146 320
147 370
148 107
149 175
150 916
151 901
152 379
153 471
154 34
155 237
156 411
157 622
158 426
159 804
160 566
161 649
162 213
163 1078
164 959
165 690
166 792
167 1115
168 67
169 366
170 418
171 972
172 1114
173 450
174 955
175 971
176 722
177 497
178 394
179 647
180 602
181 153
182 869
183 1048
184 609
185 253
186 545
187 185
188 1127
189 130
190 38
191 183
192 577
193 488
194 470
195 1000
196 400
197 416
198 707
199 776
200 695
201 934
202 413
203 308
204 617
205 1033
206 796
207 822
208 948
209 51
210 214
211 211
212 1044
213 330
214 160
215 1102
216 534
217 445
218 90
219 752
220 795
221 976
222 164
223 231
224 129
225 603
226 784
227 805
228 970
229 719
230 1092
231 820
232 75
233 401
234 676
235 650
236 841
237 854
238 269
239 240
240 767
241 745
242 880
243 14
244 407
245 32
246 1131
247 754
248 575
249 905
250 986
251 531
252 570
253 184
254 39
255 770
256 352
257 692
258 739
259 939
260 687
261 147
262 264
263 932
264 913
265 428
266 372
267 1081
268 554
269 1034
270 527
271 1019
272 524
273 757
274 382
275 894
276 555
277 936
278 440
279 1112
280 271
281 648
282 397
283 663
284 120
285 571
286 565
287 904
288 336
289 887
290 255
291 124
292 425
293 243
294 455
295 844
296 221
297 1051
298 190
299 361
300 469
301 573
302 344
303 1107
304 561
305 923
306 740
307 327
308 1126
309 589
310 812
311 637
312 83
313 548
314 604
315 276
316 374
317 424
318 662
319 326
320 706
321 273
322 282
323 790
324 907
325 1067
326 658
327 513
328 782
329 1065
330 515
331 544
332 171
333 222
334 87
335 717
336 1050
337 236
338 769
339 150
340 679
341 581
342 684
343 1076
344 946
345 43
346 646
347 912
348 84
349 711
350 552
351 964
352 410
353 1061
354 779
355 843
356 899
357 801
358 931
359 914
360 937
361 985
362 376
363 165
364 291
365 1045
366 618
367 522
368 954
369 723
370 105
371 409
372 134
373 1069
374 1036
375 350
376 71
377 49
378 910
379 726
380 685
381 620
382 755
383 892
384 906
385 393
386 97
387 36
388 530
389 228
390 157
391 197
392 802
393 974
394 191
395 810
396 735
397 251
398 704
399 9
400 667
401 1072
402 235
403 389
404 608
405 816
406 733
407 1123
408 1016
409 95
410 204
411 591
412 288
413 879
414 634
415 638
416 199
417 285
418 301
419 1130
420 960
421 850
422 712
423 341
424 827
425 1121
426 574
427 741
428 809
429 460
430 482
431 979
432 155
433 245
434 777
435 889
436 186
437 678
438 538
439 1103
440 672
441 580
442 319
443 789
444 558
445 773
446 230
447 749
448 267
449 92
450 643
451 760
452 333
453 893
454 823
455 258
456 949
457 1046
458 122
459 161
460 798
461 61
462 2
463 179
464 677
465 1012
466 556
467 944
468 597
469 317
470 743
471 205
472 1064
473 135
474 437
475 644
476 626
477 280
478 553
479 33
480 351
481 0
482 337
483 991
484 775
485 371
486 483
487 296
488 415
489 1059
490 201
491 1128
492 215
493 730
494 616
495 106
496 454
497 811
498 139
499 896
500 275
501 187
502 631
503 226
504 724
505 701
506 487
507 318
508 1049
509 1113
510 125
511 509
512 562
513 182
514 315
515 966
516 28
517 1098
518 10
519 132
520 1108
521 1037
522 958
523 535
524 665
525 978
526 477
527 824
528 473
529 340
530 940
531 395
532 138
533 151
534 915
535 148
536 390
537 699
538 572
539 1083
540 131
541 1118
542 311
543 94
544 528
545 1073
546 93
547 846
548 391
549 496
550 170
551 568
552 438
553 542
554 1020
555 109
556 489
557 540
558 234
559 58
560 47
561 294
562 990
563 689
564 402
565 59
566 362
567 1129
568 1013
569 698
570 81
571 41
572 1018
573 349
574 512
575 76
576 1003
577 753
578 347
579 287
580 478
581 956
582 875
583 996
584 208
585 610
586 738
587 514
588 539
589 217
590 1014
591 702
592 601
593 1104
594 541
595 596
596 168
597 25
598 952
599 193
600 1002
601 102
602 436
603 127
604 744
605 762
606 252
607 331
608 209
609 85
610 547
611 1110
612 895
613 605
614 785
615 188
616 163
617 387
618 853
619 1054
620 48
621 369
622 495
623 486
624 586
625 919
626 1032
627 627
628 367
629 710
630 212
631 864
632 300
633 91
634 68
635 871
636 613
637 52
638 302
639 693
640 981
641 421
642 472
643 1099
644 546
645 325
646 654
647 1026
648 863
649 569
650 1017
651 920
652 977
653 492
654 938
655 447
656 683
657 803
658 69
659 842
660 15
661 1116
662 732
663 444
664 121
665 917
666 77
667 23
668 494
669 1057
670 771
671 737
672 1001
673 89
674 727
675 1006
676 860
677 674
678 612
679 525
680 1132
681 862
682 641
683 625
684 383
685 636
686 640
687 427
688 881
689 590
690 37
691 995
692 72
693 115
694 1056
695 467
696 874
697 832
698 529
699 154
700 696
701 216
702 642
703 924
704 322
705 866
706 963
707 630
708 511
709 645
710 57
711 133
712 833
713 1071
714 1091
715 499
716 761
717 194
718 666
719 750
720 432
721 22
722 886
723 592
724 1015
725 716
726 118
727 656
728 725
729 855
730 261
731 313
732 442
733 465
734 314
735 408
736 980
737 210
738 70
739 112
740 20
741 1060
742 286
743 989
744 356
745 241
746 508
747 156
748 1066
749 388
750 856
751 5
752 983
753 579
754 758
755 865
756 12
757 837
758 244
759 27
760 452
761 671
762 257
763 178
764 941
765 1030
766 279
767 1007
768 480
769 877
770 1082
771 705
772 490
773 405
774 453
775 259
776 141
777 206
778 35
779 316
780 54
781 176
782 250
783 655
784 819
785 1052
786 435
787 623
788 965
789 807
790 1095
791 299
792 404
793 232
794 1075
795 485
796 673
797 1008
798 406
799 882
800 930
801 1041
802 821
803 55
804 898
805 849
806 98
807 247
808 17
809 533
810 718
811 926
812 46
813 708
814 74
815 86
816 338
817 443
818 254
819 373
820 284
821 669
822 386
823 598
824 873
825 661
826 1089
827 18
828 1068
829 385
830 950
831 969
832 50
833 1035
834 365
835 479
836 493
837 42
838 888
839 902
840 1124
841 174
842 1031
843 664
844 774
845 202
846 399
847 731
848 563
849 110
850 99
851 639
852 449
853 713
854 324
855 786
856 44
857 975
858 339
859 158
860 619
861 607
862 1047
863 88
864 481
865 246
866 721
867 859
868 146
869 116
870 857
871 398
872 136
873 65
874 903
875 82
876 321
877 140
878 475
879 987
880 73
881 144
882 103
883 381
884 307
885 830
886 982
887 694
888 742
889 342
890 517
891 364
892 1105
893 715
894 549
895 439
896 933
897 1079
898 1090
899 992
900 588
901 884
902 149
903 883
904 505
905 868
906 283
907 997
908 635
909 359
910 925
911 957
912 947
913 973
914 334
915 1005
916 835
917 7
918 196
919 559
920 1021
921 429
922 800
923 60
924 441
925 675
926 177
927 831
928 852
929 219
930 999
931 709
932 128
933 1023
934 169
935 117
936 431
937 766
938 825
939 30
940 80
941 417
942 476
943 363
944 474
945 4
946 526
947 114
948 632
949 768
950 466
951 1011
952 448
953 159
954 1039
955 31
956 953
957 249
958 787
959 851
960 918
961 346
962 507
963 501
964 772
965 826
966 688
967 628
968 564
969 780
970 368
971 1024
972 377
973 756
974 746
975 16
976 1119
977 104
978 747
979 277
980 516
981 703
982 870
983 928
984 360
985 1093
986 848
987 751
988 847
989 248
990 500
991 1125
992 878
993 1096
994 123
995 686
996 227
997 491
998 968
999 96
1000 504
1001 778
1002 345
1003 1122
1004 1055
1005 422
1006 909
1007 510
1008 461
1009 681
1010 660
1011 994
1012 911
1013 629
1014 274
1015 180
1016 462
1017 799
1018 806
1019 1025
1020 119
1021 793
1022 172
1023 1087
1024 788
1025 1106
1026 456
1027 13
1028 1053
1029 1022
1030 126
1031 682
1032 289
1033 53
1034 306
1035 1077
1036 142
1037 195
1038 714
1039 384
1040 578
1041 293
1042 63
1043 945
1044 113
1045 828
1046 797
1047 942
1048 305
1049 1
1050 935
1051 357
1052 263
1053 576
1054 303
1055 736
1056 108
1057 1074
1058 270
1059 615
1060 993
1061 521
1062 218
1063 691
1064 606
1065 1062
1066 885
1067 872
1068 1028
1069 839
1070 593
1071 78
1072 829
1073 433
1074 265
1075 653
1076 457
1077 6
1078 111
1079 1085
1080 651
1081 988
1082 984
1083 412
1084 890
1085 56
1086 354
1087 652
1088 290
1089 1004
1090 8
1091 599
1092 1038
1093 748
1094 3
1095 582
1096 1058
1097 763
1098 523
1099 167
1100 867
1101 292
1102 891
1103 233
1104 40
1105 584
1106 729
1107 921
1108 309
1109 484
1110 951
1111 329
1112 502
1113 808
1114 1109
1115 260
1116 420
1117 600
1118 19
1119 328
1120 781
1121 451
1122 680
1123 200
1124 64
1125 611
1126 1027
1127 26
1128 1101
1129 304
1130 396
1131 403
1132 670
