0 1093
1 843
2 258
3 755
4 743
5 5
6 381
7 983
8 796
9 668
10 120
11 85
12 818
13 1052
14 981
15 977
16 575
17 498
18 402
19 665
20 730
21 1010
22 88
23 884
24 196
25 919
26 236
27 19
28 36
29 583
30 607
31 128
32 1077
33 1076
34 1099
35 963
36 181
37 206
38 159
39 716
40 319
41 817
42 1031
43 1113
44 655
45 393
46 212
47 690
48 777
49 144
50 22
51 39
52 150
53 935
54 80
55 660
56 904
57 973
58 519
59 192
60 446
61 287
62 215
63 151
64 445
65 627
66 395
67 335
68 852
69 121
70 666
71 537
72 706
73 744
74 187
75 425
76 286
77 790
78 222
79 348
80 947
81 672
82 933
83 246
84 362
85 1002
86 952
87 625
88 586
89 437
90 210
91 793
92 552
93 270
94 636
95 116
96 1112
97 199
98 134
99 673
100 1058
101 54
102 275
103 674
104 413
105 203
106 764
107 813
108 495
109 1048
110 71
111 1114
112 195
113 618
114 697
115 227
116 326
117 889
118 715
119 810
120 809
121 753
122 1006
123 28
124 982
125 623
126 987
127 684
128 516
129 831
130 946
131 969
132 657
133 1000
134 857
135 440
136 1123
137 925
138 337
139 551
140 1073
141 1035
142 136
143 780
144 1079
145 410
146 592
147 754
148 1037
149 541
150 1108
151 569
152 1009
153 496
154 528
155 390
156 773
157 226
158 726
159 702
160 505
161 394
162 1070
163 252
164 896
165 853
166 368
167 593
168 164
169 26
170 960
171 659
172 841
173 388
174 905
175 33
176 956
177 984
178 205
179 533
180 303
181 327
182 185
183 737
184 957
185 823
186 233
187 825
188 724
189 643
190 409
191 1040
192 975
193 436
194 170
195 45
196 149
197 202
198 209
199 532
200 565
201 208
202 677
203 466
204 542
205 1022
206 447
207 990
208 546
209 745
210 936
211 641
212 878
213 434
214 647
215 524
216 953
217 675
218 664
219 845
220 331
221 997
222 803
223 842
224 628
225 648
226 489
227 517
228 633
229 7
230 676
231 514
232 786
233 25
234 696
235 863
236 965
237 802
238 814
239 103
240 63
241 513
242 1111
243 431
244 171
245 288
246 143
247 882
248 888
249 305
250 961
251 1066
252 352
253 838
254 1104
255 180
256 250
257 527
258 420
259 632
260 502
261 163
262 42
263 682
264 443
265 278
266 567
267 10
268 605
269 271
270 601
271 515
272 392
273 16
274 692
275 785
276 13
277 34
278 253
279 194
280 483
281 360
282 322
283 1102
284 861
285 1094
286 766
287 579
288 124
289 243
290 1075
291 110
292 174
293 608
294 713
295 1053
296 1008
297 48
298 377
299 415
300 787
301 685
302 635
303 61
304 469
305 1043
306 1107
307 885
308 751
309 570
310 177
311 430
312 87
313 649
314 1007
315 361
316 161
317 922
318 1033
319 800
320 47
321 304
322 549
323 976
324 1097
325 355
326 50
327 1131
328 261
329 427
330 585
331 295
332 971
333 942
334 217
335 148
336 263
337 351
338 141
339 276
340 162
341 373
342 347
343 917
344 645
345 296
346 964
347 153
348 670
349 135
350 581
351 711
352 986
353 887
354 488
355 70
356 499
357 133
358 829
359 491
360 234
361 219
362 411
363 989
364 966
365 858
366 580
367 851
368 310
369 138
370 634
371 384
372 805
373 1001
374 576
375 597
376 274
377 1034
378 2
379 140
380 84
381 1060
382 1086
383 189
384 718
385 652
386 374
387 55
388 184
389 435
390 577
391 359
392 31
393 1051
394 1028
395 99
396 76
397 895
398 994
399 1095
400 804
401 731
402 534
403 642
404 266
405 1020
406 1091
407 531
408 604
409 733
410 78
411 235
412 294
413 241
414 940
415 482
416 82
417 333
418 506
419 454
420 350
421 822
422 67
423 95
424 644
425 821
426 518
427 14
428 663
429 111
430 732
431 550
432 20
433 1016
434 1069
435 694
436 1128
437 781
438 836
439 376
440 299
441 631
442 767
443 939
444 876
445 342
446 367
447 799
448 449
449 57
450 155
451 699
452 126
453 891
454 712
455 717
456 856
457 897
458 815
459 172
460 854
461 941
462 958
463 396
464 35
465 474
466 1100
467 290
468 439
469 147
470 587
471 315
472 1089
473 837
474 860
475 90
476 354
477 855
478 797
479 1032
480 118
481 417
482 265
483 728
484 661
485 616
486 37
487 727
488 739
489 874
490 538
491 27
492 423
493 540
494 114
495 890
496 79
497 365
498 894
499 688
500 259
501 328
502 323
503 416
504 991
505 521
506 574
507 441
508 101
509 911
510 511
511 775
512 908
513 137
514 46
515 816
516 1122
517 490
518 944
519 709
520 1126
521 224
522 1084
523 530
524 555
525 193
526 414
527 324
528 44
529 398
530 840
531 808
532 104
533 460
534 301
535 932
536 115
537 254
538 370
539 216
540 306
541 428
542 378
543 125
544 166
545 720
546 330
547 225
548 741
549 763
550 268
551 38
552 1054
553 60
554 867
555 695
556 107
557 321
558 1120
559 740
560 880
561 1014
562 1110
563 771
564 591
565 399
566 539
567 75
568 426
569 801
570 3
571 291
572 492
573 1083
574 1109
575 455
576 1061
577 742
578 338
579 167
580 459
581 59
582 89
583 750
584 985
585 198
586 245
587 1078
588 186
589 211
590 962
591 221
592 954
593 145
594 903
595 91
596 244
597 589
598 794
599 678
600 346
601 269
602 529
603 658
604 883
605 1090
606 366
607 401
608 500
609 131
610 613
611 256
612 465
613 176
614 1124
615 871
616 772
617 784
618 73
619 656
620 1081
621 21
622 1039
623 364
624 486
625 617
626 850
627 64
628 340
629 582
630 461
631 229
632 157
633 336
634 610
635 738
636 1004
637 314
638 776
639 686
640 630
641 383
642 1125
643 928
644 774
645 1015
646 679
647 1098
648 472
649 249
650 452
651 380
652 571
653 464
654 223
655 543
656 680
657 476
658 1074
659 912
660 43
661 609
662 292
663 704
664 122
665 494
666 747
667 468
668 139
669 119
670 1045
671 438
672 129
673 544
674 972
675 788
676 1117
677 248
678 900
679 74
680 391
681 18
682 881
683 313
684 316
685 681
686 622
687 1023
688 81
689 523
690 404
691 1105
692 723
693 612
694 584
695 400
696 1063
697 72
698 1130
699 624
700 52
701 30
702 309
703 479
704 512
705 996
706 1103
707 913
708 450
709 419
710 332
711 17
712 65
713 279
714 1088
715 759
716 654
717 183
718 548
719 812
720 909
721 970
722 951
723 68
724 556
725 1080
726 372
727 433
728 487
729 478
730 588
731 353
732 748
733 535
734 108
735 562
736 819
737 563
738 293
739 442
740 146
741 432
742 471
743 300
744 302
745 757
746 1062
747 1118
748 485
749 949
750 559
751 218
752 58
753 859
754 329
755 927
756 910
757 603
758 1019
759 778
760 828
761 175
762 701
763 6
764 637
765 320
766 15
767 132
768 1067
769 284
770 231
771 734
772 507
773 4
774 1068
775 1012
776 999
777 1059
778 1047
779 451
780 182
781 937
782 639
783 1025
784 32
785 357
786 1042
787 1072
788 1013
789 929
790 1027
791 683
792 127
793 864
794 0
795 260
796 640
797 955
798 1017
799 602
800 112
801 820
802 980
803 870
804 995
805 869
806 993
807 924
808 536
809 795
810 832
811 988
812 190
813 714
814 197
815 102
816 123
817 97
818 792
819 312
820 470
821 232
822 872
823 130
824 844
825 317
826 24
827 522
828 595
829 653
830 11
831 508
832 525
833 349
834 220
835 1050
836 421
837 242
838 96
839 598
840 308
841 762
842 1101
843 846
844 262
845 1036
846 405
847 707
848 599
849 1057
850 240
851 868
852 66
853 283
854 158
855 307
856 1127
857 934
858 789
859 363
860 277
861 848
862 12
863 237
864 444
865 866
866 285
867 424
868 827
869 898
870 566
871 238
872 703
873 1082
874 53
875 719
876 671
877 873
878 1018
879 462
880 749
881 106
882 477
883 339
884 113
885 1024
886 915
887 943
888 892
889 554
890 564
891 282
892 901
893 230
894 877
895 255
896 257
897 379
898 173
899 8
900 345
901 830
902 1119
903 98
904 371
905 40
906 687
907 629
908 83
909 154
910 1
911 833
912 1030
913 561
914 693
915 626
916 344
917 389
918 920
919 698
920 318
921 94
922 765
923 463
924 481
925 297
926 228
927 865
928 169
929 473
930 51
931 213
932 914
933 418
934 1021
935 662
936 886
937 1106
938 978
939 493
940 86
941 594
942 783
943 105
944 968
945 92
946 1085
947 756
948 646
949 667
950 875
951 1129
952 578
953 826
954 669
955 758
956 948
957 251
958 341
959 849
960 779
961 178
962 1005
963 710
964 553
965 725
966 356
967 959
968 456
969 385
970 422
971 334
972 729
973 902
974 847
975 1041
976 1065
977 1044
978 1003
979 467
980 152
981 23
982 992
983 967
984 760
985 1121
986 1055
987 1026
988 1011
989 807
990 448
991 979
992 526
993 621
994 547
995 168
996 1115
997 931
998 596
999 761
1000 768
1001 69
1002 600
1003 839
1004 397
1005 735
1006 806
1007 109
1008 9
1009 412
1010 907
1011 264
1012 281
1013 572
1014 862
1015 403
1016 590
1017 239
1018 916
1019 998
1020 382
1021 267
1022 614
1023 1071
1024 557
1025 458
1026 214
1027 950
1028 824
1029 369
1030 835
1031 407
1032 893
1033 770
1034 497
1035 188
1036 200
1037 736
1038 689
1039 503
1040 620
1041 1116
1042 41
1043 247
1044 700
1045 201
1046 560
1047 289
1048 906
1049 1056
1050 387
1051 93
1052 408
1053 721
1054 769
1055 879
1056 29
1057 56
1058 926
1059 568
1060 311
1061 930
1062 273
1063 475
1064 1029
1065 938
1066 406
1067 480
1068 1092
1069 453
1070 204
1071 650
1072 722
1073 899
1074 386
1075 100
1076 615
1077 974
1078 457
1079 165
1080 918
1081 484
1082 1064
1083 510
1084 782
1085 1049
1086 520
1087 49
1088 156
1089 923
1090 708
1091 142
1092 501
1093 298
1094 945
1095 1046
1096 921
1097 62
1098 558
1099 638
1100 358
1101 834
1102 619
1103 1096
1104 179
1105 1087
1106 280
1107 343
1108 811
1109 504
1110 375
1111 573
1112 606
1113 117
1114 191
1115 325
1116 545
1117 651
1118 691
1119 272
1120 509
1121 429
1122 1132
1123 705
1124 611
1125 77
1126 160
1127 798
1128 1038
1129 752
1130 791
1131 746
1132 207
