391 45
391 1008
391 861
391 507
391 1090
391 827
391 955
391 754
391 1001
391 1088
391 315
391 435
391 574
391 400
391 654
391 942
391 581
391 921
391 653
391 744
391 660
391 774
391 568
391 698
391 232
391 438
391 598
391 887
391 1056
391 398
45 1008
45 861
45 1090
45 827
45 955
45 754
45 1001
45 1088
45 435
45 654
45 581
45 921
45 653
45 660
45 568
45 112
45 684
45 805
45 98
45 318
45 502
1008 861
1008 1090
1008 827
1008 955
1008 754
1008 1088
1008 315
1008 435
1008 654
1008 581
1008 921
1008 653
1008 744
1008 660
1008 774
1008 438
1008 598
1008 684
1008 868
1008 1036
1008 313
1008 254
1008 436
1008 261
1008 611
1008 81
1008 869
1008 875
1008 677
1008 345
1008 107
1008 1039
1008 1102
1008 971
1008 433
1008 812
861 1088
861 660
861 81
861 495
861 902
861 127
861 90
861 727
861 198
861 637
861 314
861 168
861 330
861 750
861 554
861 556
861 634
861 249
861 837
507 1090
507 435
507 1103
507 245
507 947
507 518
507 734
507 894
507 793
1090 827
1090 955
1090 435
1090 654
1090 581
1090 660
1090 438
1090 598
1090 684
1090 17
1090 7
1090 846
1090 969
1090 405
1090 291
1090 1105
1090 655
827 754
827 1001
827 435
827 400
827 654
827 921
827 660
827 598
827 518
827 89
827 144
827 88
827 950
827 745
827 226
827 645
827 15
827 149
827 264
827 92
827 59
955 660
955 598
955 636
955 43
754 1001
754 435
754 654
754 744
754 660
754 568
754 1056
754 313
754 841
754 920
754 545
754 913
1001 654
1001 568
1001 1056
1001 684
1001 634
1001 998
1001 146
1001 916
1001 865
1001 729
1001 769
1001 877
1001 407
1001 237
1001 956
1001 48
1001 520
1001 1113
1001 630
1001 1040
1001 342
1001 181
1001 683
1001 1
1001 1127
1001 905
1001 667
1001 638
1088 581
1088 921
1088 653
1088 660
1088 698
1088 438
1088 611
1088 1103
1088 786
1088 416
1088 25
1088 871
1088 541
1088 236
1088 129
1088 889
315 405
315 449
315 525
315 725
315 1101
315 359
315 897
315 303
315 372
315 539
315 123
315 41
315 410
315 194
315 206
315 55
435 654
435 581
435 660
435 568
435 598
435 611
435 556
435 518
435 545
435 337
435 803
435 218
435 890
435 514
435 506
435 801
574 400
574 654
574 568
574 364
574 684
574 17
574 913
574 916
574 729
574 342
574 181
574 236
574 71
574 1067
574 939
574 121
574 963
574 184
574 64
574 493
574 817
574 509
574 571
574 489
574 164
574 133
574 217
574 189
574 577
574 431
574 329
574 531
574 816
574 874
400 774
400 364
400 684
400 518
400 745
400 181
400 493
400 815
400 930
400 852
400 678
400 39
400 872
400 613
400 521
400 1120
654 568
654 1056
654 364
654 684
654 812
654 734
654 304
654 998
654 342
654 1127
654 667
654 312
654 736
654 351
654 740
654 1013
654 706
654 467
654 553
654 953
654 891
654 243
654 1081
654 943
654 665
654 504
654 294
654 1037
654 377
654 120
654 795
654 19
654 273
654 689
654 104
654 946
654 901
654 1130
654 1017
654 782
654 743
654 8
942 568
942 684
942 407
942 13
942 233
942 648
581 921
581 744
581 660
581 774
581 698
581 232
581 438
581 502
581 868
581 263
581 593
581 1093
921 653
921 438
921 502
921 313
921 634
921 846
921 1105
921 1113
921 129
921 678
921 584
921 332
921 73
921 1045
921 1087
921 1084
921 396
921 482
921 711
921 357
921 547
921 622
653 660
653 313
653 436
653 345
653 7
653 545
653 1093
653 1087
653 321
653 1131
653 308
653 937
744 774
744 698
744 868
744 1036
744 313
744 81
744 869
744 345
744 971
744 433
744 127
744 88
744 841
744 920
744 304
744 913
744 890
744 504
744 120
744 689
744 13
744 547
744 672
744 1106
744 147
744 154
744 893
744 984
744 474
744 470
744 427
744 728
744 900
744 981
744 624
744 718
744 565
744 258
660 438
660 112
660 502
774 698
774 502
774 868
774 254
774 436
774 261
774 611
774 81
774 345
774 971
774 17
774 149
774 871
774 541
774 359
774 874
774 1013
774 1081
774 593
774 332
774 622
774 1106
774 603
774 742
774 1041
774 350
774 347
774 325
774 960
774 115
774 2
774 658
774 1046
774 1048
774 163
774 223
774 480
774 111
774 688
774 355
774 486
774 895
774 352
774 1086
774 973
774 1107
568 1056
568 364
568 684
568 902
568 634
568 998
568 146
568 916
568 729
568 407
568 237
568 520
568 1113
568 630
568 181
568 64
568 493
568 133
568 189
568 1041
568 975
568 799
568 213
568 1091
568 476
568 311
568 702
568 719
568 579
568 602
568 1034
568 980
568 422
698 232
698 868
698 90
698 198
698 1
698 593
698 357
698 347
698 213
698 989
698 588
698 356
698 30
698 563
698 270
438 634
438 1105
438 645
438 678
438 332
438 1045
438 396
438 357
438 480
438 414
438 1094
438 777
438 530
598 684
598 874
598 895
598 210
598 475
887 539
887 692
887 906
887 808
887 369
887 512
887 145
887 368
1056 684
1056 677
1056 431
1056 351
1056 1013
1056 953
1056 891
1056 795
1056 1130
1056 532
1056 631
1056 610
1056 620
1056 72
1056 928
1056 796
1056 526
1056 214
1056 813
1056 1007
1056 301
398 611
398 971
398 920
398 890
398 243
398 321
398 672
398 474
398 718
398 297
398 1062
398 108
398 1024
398 651
398 276
398 854
398 473
398 558
398 1010
398 284
398 732
112 1080
364 684
364 1113
364 817
684 433
684 634
684 998
684 874
684 210
684 109
684 420
502 107
502 73
502 1087
502 711
502 321
502 728
502 658
502 480
502 1062
502 703
502 425
502 831
502 691
502 909
502 757
502 741
502 687
502 1110
502 792
868 313
868 254
868 436
868 611
868 81
868 345
868 1039
868 913
868 593
868 622
868 672
868 1106
868 984
868 347
868 369
868 512
868 1024
868 582
868 459
868 353
868 228
868 847
1036 254
1036 81
1036 869
1036 677
1036 971
1036 433
1036 812
1036 902
1036 304
1036 890
1036 1081
1036 115
1036 579
1036 473
1036 582
1036 459
1036 196
1036 1068
1036 1018
1036 234
1036 686
1036 656
1036 415
1036 824
1036 957
313 81
313 869
313 875
313 345
313 107
313 971
313 198
313 655
313 226
313 841
313 545
313 871
313 541
313 1120
313 351
313 120
313 396
313 357
313 672
313 1106
313 147
313 984
313 565
313 742
313 658
313 1024
313 276
313 792
313 582
313 459
313 847
313 829
313 650
313 580
313 50
313 1070
313 93
313 697
313 375
313 141
313 938
313 250
313 269
254 261
254 611
254 345
254 405
254 920
254 304
254 871
254 672
254 1046
254 270
254 512
254 1024
254 651
254 854
254 558
254 1010
254 582
254 459
254 353
254 1070
254 250
254 1108
254 1126
254 440
254 384
254 175
254 26
254 515
254 95
254 962
254 1058
254 704
254 499
254 159
254 333
254 652
254 439
254 995
254 756
254 778
254 1089
254 29
254 448
254 519
254 1072
436 81
436 332
436 622
436 2
436 1086
436 1117
261 1039
261 541
261 1024
261 1080
261 440
261 26
261 338
261 1022
261 299
261 441
261 450
261 764
261 705
261 451
261 465
611 345
611 971
611 1103
611 25
611 1120
611 593
611 474
611 718
611 651
611 757
611 459
611 234
611 778
611 1129
611 285
611 458
611 296
611 1011
611 615
611 327
611 38
611 485
611 1098
611 527
81 1039
81 495
81 902
81 127
81 198
81 314
81 330
81 554
81 556
81 249
81 837
81 7
81 321
81 1106
81 1086
81 687
81 582
81 93
81 778
81 465
81 1057
81 225
81 418
81 23
81 1043
81 252
869 920
869 558
869 585
875 980
875 1024
875 957
875 996
677 971
677 433
677 812
677 518
677 793
677 950
677 304
677 237
677 905
677 852
677 891
677 243
677 504
677 273
677 321
677 2
677 223
677 579
677 270
677 532
677 72
677 928
677 214
677 1007
677 301
677 703
677 1018
677 686
677 1058
677 1096
677 1002
677 446
677 695
677 37
677 130
677 748
677 97
345 1039
345 7
345 1120
345 1093
345 321
345 672
345 718
345 1046
345 512
345 526
345 651
345 1010
345 582
345 957
345 829
345 1072
345 987
345 908
107 971
107 812
107 304
107 981
107 2
107 355
107 1010
107 732
107 792
107 582
107 824
107 829
107 1071
107 592
107 1114
107 96
107 604
107 195
107 373
1039 7
1039 905
1039 25
1039 541
1039 372
1039 890
1039 874
1039 1093
1039 321
1039 154
1039 728
1039 2
1039 213
1039 368
1039 651
1039 854
1039 732
1039 687
1039 234
1039 415
1039 957
1039 448
1039 451
1039 80
1039 1111
1039 664
1039 1044
1039 607
1039 802
1039 343
1039 336
1039 1006
1039 381
1102 837
971 518
971 655
971 181
971 815
971 852
971 39
971 613
971 1120
971 115
971 368
971 297
971 108
971 651
971 831
971 582
971 250
971 664
971 33
971 763
971 1029
971 63
971 587
971 628
433 812
433 304
433 905
433 891
433 718
433 532
433 526
433 1068
433 972
433 412
812 734
812 304
812 905
812 25
812 351
812 1013
812 891
812 243
812 294
812 120
812 19
812 273
812 689
812 474
812 476
812 579
812 1007
812 1024
812 854
812 1068
812 656
812 1058
812 499
812 446
812 58
812 735
812 839
812 858
812 227
495 902
495 127
495 198
495 314
495 168
495 330
495 556
495 837
495 73
495 1086
495 93
495 615
495 1057
495 3
495 437
495 374
495 136
495 18
495 951
495 1003
495 57
495 731
495 605
495 988
495 681
495 9
902 127
902 198
902 314
902 330
902 750
902 556
902 837
902 913
902 729
902 181
902 312
902 504
902 603
902 1086
902 799
902 687
902 93
902 159
902 1057
902 37
902 671
902 614
902 853
902 590
902 468
902 429
902 376
902 886
127 198
127 314
127 330
127 556
127 249
127 837
127 900
127 1086
127 1057
127 23
127 820
127 1014
127 404
127 814
90 988
727 314
727 554
727 416
727 937
727 58
727 988
727 779
727 559
727 523
198 637
198 314
198 330
198 750
198 249
198 837
198 525
198 303
198 410
198 852
198 1081
198 960
198 50
198 93
198 437
198 888
198 94
637 249
637 410
637 225
637 437
637 979
637 788
637 923
637 573
314 168
314 554
314 556
314 837
314 772
314 1086
314 731
314 988
314 979
314 211
168 554
168 772
168 1086
168 23
168 3
168 437
168 374
168 1003
168 731
168 988
168 211
168 421
168 1078
168 393
168 208
330 556
330 249
330 837
330 1086
330 368
330 829
330 1057
330 859
750 357
750 1086
750 799
750 23
750 988
750 853
750 590
750 954
750 395
750 230
750 1020
554 556
554 772
554 1086
554 93
554 23
554 58
554 988
554 779
554 211
554 421
554 673
556 837
556 772
556 1017
556 234
556 1057
556 252
556 908
556 587
556 779
556 979
556 573
556 47
556 79
556 20
556 302
556 855
556 119
556 663
556 203
556 100
634 846
634 998
634 956
634 509
634 874
634 1087
634 547
634 895
634 1062
634 459
634 908
634 468
634 886
634 1047
634 765
634 409
249 871
249 1087
249 225
249 443
249 923
249 421
249 884
837 525
837 115
837 1086
837 975
837 284
837 687
837 792
837 353
837 650
837 93
837 439
837 485
837 1057
837 1044
837 779
837 788
837 211
837 421
837 974
837 1099
837 274
837 171
837 142
837 256
837 985
837 623
837 910
1103 144
1103 25
1103 565
1103 658
1103 141
1103 250
1103 451
1103 615
1103 38
1103 1114
1103 628
1103 203
1103 549
1103 669
1103 286
1103 560
1103 768
1103 876
245 636
245 905
245 871
245 678
245 351
245 1013
245 504
245 1087
245 728
245 213
245 587
245 710
245 94
245 986
245 535
245 552
245 496
245 767
245 529
245 627
947 123
947 206
947 960
947 582
947 972
947 380
947 12
947 646
947 172
947 1132
947 498
518 17
518 405
518 304
518 956
518 520
518 181
518 539
518 410
518 815
518 852
518 678
518 39
518 613
518 521
518 1087
518 960
518 2
518 368
518 1080
518 1110
518 439
518 33
518 587
518 628
518 767
518 152
518 842
518 883
518 488
518 848
518 935
518 657
518 721
518 682
518 773
518 483
518 126
734 539
734 1013
734 796
734 615
734 134
894 769
894 1113
894 630
894 71
894 1067
894 189
894 816
894 815
894 706
894 651
894 497
793 304
793 905
793 25
793 236
793 891
793 928
793 473
793 1089
793 924
793 65
17 291
17 304
17 237
17 1113
17 1127
17 71
17 189
17 930
17 351
17 2
17 223
17 1018
17 1089
17 29
17 65
17 600
17 306
17 575
17 162
17 257
17 241
17 693
7 226
7 871
7 803
7 943
7 1093
7 321
7 308
7 565
7 210
7 651
7 1117
7 80
7 664
7 1006
7 529
7 823
7 324
7 491
846 226
846 769
846 189
846 531
846 874
846 891
846 1087
846 1084
846 711
846 2
846 480
846 688
846 30
846 777
846 1126
846 1117
846 1006
846 673
846 491
846 484
969 359
969 547
969 308
969 95
969 762
405 525
405 725
405 359
405 372
405 410
405 206
405 55
405 1024
405 582
405 126
405 157
291 905
291 638
291 736
291 467
291 665
291 19
291 104
291 1017
291 8
291 702
291 1007
291 301
291 756
291 29
291 230
291 806
291 1055
291 271
291 983
291 1119
1105 226
1105 645
1105 1087
1105 250
1105 443
1105 664
1105 597
1105 911
655 871
655 815
655 935
89 950
89 736
89 467
89 943
89 1017
89 718
89 230
89 271
89 417
89 990
89 190
144 745
144 664
144 1029
144 840
144 583
144 791
772 1086
772 975
772 439
772 1057
772 225
772 23
772 988
772 788
772 211
772 583
772 791
772 1004
772 385
772 310
772 738
772 132
772 936
88 1087
88 900
88 2
88 650
88 908
88 709
88 543
88 316
88 707
88 644
950 890
950 891
950 718
950 1107
950 28
950 331
950 341
950 794
950 1121
745 48
745 613
745 1120
745 664
745 63
745 840
745 583
745 379
745 723
745 185
745 882
745 1061
745 949
745 1075
745 221
745 941
226 92
226 786
226 129
226 73
226 1087
226 711
226 321
226 325
226 687
226 141
226 802
226 657
226 597
226 911
226 385
226 278
226 822
226 75
645 664
645 626
15 59
15 141
15 802
15 936
15 543
15 14
264 911
264 1075
264 701
264 570
92 541
92 613
92 840
59 911
636 905
636 416
636 1013
636 1072
636 972
636 529
636 257
636 442
636 639
43 284
43 580
841 1106
841 707
841 739
920 304
920 905
920 541
920 337
920 891
920 1130
920 1007
920 651
920 1072
920 559
920 1050
304 237
304 905
304 667
304 815
304 1013
304 467
304 953
304 891
304 243
304 1081
304 943
304 665
304 504
304 120
304 273
304 689
304 946
304 901
304 1130
304 593
304 482
304 474
304 718
304 223
304 1107
304 702
304 530
304 72
304 108
304 651
304 854
304 1018
304 250
304 1058
304 1089
304 465
304 615
304 446
304 37
304 592
304 972
304 839
304 888
304 286
304 600
304 1119
304 361
304 1095
304 430
304 34
304 125
304 789
304 292
304 616
304 31
304 1092
304 76
545 871
545 129
545 115
545 284
545 847
545 704
545 1129
545 527
545 80
545 343
545 628
545 142
545 491
545 617
545 118
545 363
545 61
545 771
545 183
545 131
545 867
545 1053
545 67
545 528
545 275
545 542
545 140
913 905
913 874
913 1013
913 953
913 504
913 901
913 470
913 1041
913 770
913 567
913 766
998 1113
998 980
916 956
916 520
916 181
916 874
916 721
916 280
729 877
729 1113
729 939
729 963
729 64
729 493
729 509
729 329
729 816
729 1046
729 895
729 651
729 459
729 999
769 1113
769 181
769 871
769 1067
769 939
769 493
769 189
769 816
769 409
769 557
877 956
877 329
877 721
877 280
407 233
407 648
407 603
407 213
407 957
407 664
407 766
407 169
407 66
407 940
237 1127
237 905
237 351
237 467
237 891
237 943
237 665
237 504
237 120
237 273
237 689
237 104
237 2
237 223
237 476
237 1094
237 530
237 703
237 1058
237 1096
237 37
237 592
237 972
237 58
237 1055
237 1095
237 616
237 82
237 538
237 1027
237 161
237 566
237 991
956 520
956 1113
956 181
956 25
956 541
956 71
956 64
956 852
956 409
956 721
956 153
48 665
48 748
48 412
48 395
48 941
48 42
48 40
520 181
520 817
520 721
520 280
1113 71
1113 939
1113 963
1113 184
1113 493
1113 817
1113 509
1113 489
1113 133
1113 189
1113 431
1113 329
1113 816
1113 874
1113 1087
1113 422
1113 1024
1113 409
1113 842
1113 721
1113 280
1113 1115
630 939
630 963
630 184
630 493
630 817
630 489
630 133
630 431
630 842
1040 470
1040 213
1040 311
1040 297
1040 108
1040 459
1040 443
1040 549
1040 286
1040 716
1040 586
1040 640
1040 54
181 189
181 815
181 627
181 721
181 135
181 798
683 129
683 874
683 603
683 213
683 297
683 957
683 443
683 103
683 413
683 1015
1 40
1127 553
1127 1037
1127 1017
1127 223
1127 592
1127 271
1127 292
1127 616
1127 31
1127 850
1127 1116
905 129
905 874
905 351
905 1013
905 891
905 504
905 294
905 901
905 73
905 308
905 223
905 476
905 579
905 270
905 1094
905 72
905 526
905 214
905 443
905 1096
905 37
905 566
905 0
667 953
667 532
667 361
667 430
638 351
638 665
638 1007
638 29
638 446
638 972
638 557
638 22
638 298
786 871
786 541
786 129
786 803
786 1084
786 422
786 1062
786 1006
786 1003
786 274
786 823
786 709
786 707
786 538
786 968
786 661
786 481
786 505
786 155
416 937
416 718
416 369
416 108
416 58
416 559
416 768
416 331
416 639
25 871
25 273
25 1084
25 1086
25 592
25 3
25 488
871 541
871 525
871 803
871 593
871 622
871 728
871 512
871 1010
871 687
871 829
871 1070
871 938
871 296
871 1071
871 96
871 1003
871 9
871 823
871 293
871 310
871 275
871 798
871 27
871 1025
871 522
871 781
871 752
541 123
541 803
541 930
541 1013
541 593
541 906
541 1024
541 732
541 957
541 515
541 333
541 995
541 1043
541 802
541 628
541 951
541 710
541 302
541 286
541 657
541 293
541 911
541 385
541 413
541 277
541 1100
541 899
541 503
541 253
236 273
236 563
236 369
236 884
236 488
236 924
236 153
236 919
236 411
236 561
129 889
129 874
129 689
129 332
129 1087
129 357
129 547
129 308
129 2
129 72
129 1024
129 234
129 141
129 451
129 615
129 987
129 80
129 664
129 336
129 673
129 529
129 823
129 491
129 528
129 717
889 332
889 622
449 372
449 539
525 1101
525 359
525 303
525 372
525 539
525 123
525 41
525 410
525 206
525 960
525 588
525 356
525 808
525 369
525 512
525 297
525 1024
525 651
525 757
525 582
525 439
525 710
525 94
525 126
525 31
525 675
525 776
525 10
525 399
725 1101
725 372
725 206
725 582
725 675
1101 359
1101 372
1101 539
1101 123
1101 410
1101 206
1101 369
1101 1024
1101 582
1101 459
1101 1072
1101 987
1101 710
1101 600
1101 157
1101 31
1101 500
1101 828
359 372
359 539
359 547
359 111
359 588
359 1024
359 1126
359 439
359 450
359 764
359 451
359 710
359 762
359 157
359 75
359 500
359 551
359 1079
359 445
359 933
359 209
359 392
359 117
897 656
897 515
897 380
897 172
897 1054
897 466
897 833
303 372
303 410
303 206
303 852
303 711
303 321
303 960
303 108
303 582
303 50
303 1070
303 285
303 126
303 307
303 699
372 539
372 123
372 41
372 410
372 206
372 852
372 584
372 547
372 368
372 1024
372 582
372 234
372 50
372 418
372 94
372 126
372 255
539 410
539 206
539 815
539 547
539 512
539 582
539 439
539 788
539 126
539 776
539 758
539 629
123 206
123 504
123 656
123 250
123 126
123 675
41 410
41 206
41 852
41 960
41 50
41 94
41 126
41 103
41 10
41 255
410 206
410 815
410 321
410 308
410 582
410 1072
410 985
410 126
410 600
194 321
206 852
206 308
206 960
206 356
206 50
206 12
206 172
206 126
206 500
206 307
206 255
206 629
206 643
206 866
206 99
55 353
55 439
55 705
55 762
55 157
55 240
55 857
55 548
55 456
55 619
55 914
337 1130
803 711
803 703
803 831
803 234
803 375
803 938
803 250
803 296
803 1071
803 823
803 293
803 538
218 115
218 2
218 528
218 586
218 481
890 1106
890 651
890 854
890 866
890 835
514 815
514 704
514 652
514 31
514 67
514 346
514 344
514 606
514 150
514 898
514 423
506 996
801 259
801 242
801 74
71 815
71 852
71 521
71 693
1067 189
1067 1013
1067 706
1067 467
1067 422
1067 1007
1067 29
1067 693
1067 298
939 928
939 687
939 614
939 75
939 596
121 963
121 64
121 493
121 164
121 1046
121 928
963 184
963 64
963 493
963 489
963 133
963 547
963 422
963 842
184 493
184 431
184 874
184 1018
184 468
64 711
64 409
493 711
493 928
493 409
493 842
493 798
509 853
571 559
571 693
489 422
489 842
189 816
189 1013
189 706
189 467
189 782
189 1007
189 1058
189 693
189 1060
577 874
577 693
431 937
329 895
329 280
816 706
816 512
816 703
816 986
874 73
874 1084
874 711
874 321
874 688
874 213
874 719
874 980
874 409
874 842
874 873
874 825
815 852
815 39
815 613
815 521
815 1120
815 1080
815 196
815 957
815 1126
815 384
815 159
815 552
815 848
815 935
815 840
815 791
815 1061
815 968
815 253
815 828
815 1079
815 513
815 1074
815 455
930 852
930 613
930 1120
930 504
930 2
930 483
930 306
852 521
852 960
852 356
852 297
852 108
852 582
852 656
852 50
852 962
852 285
852 172
852 721
852 126
852 600
852 699
852 932
678 465
678 443
678 986
678 575
678 583
678 639
678 739
678 717
678 751
39 439
39 587
39 935
39 484
39 455
872 1044
872 628
872 152
872 600
872 491
872 363
872 1053
872 275
872 726
872 46
872 1064
872 212
613 1120
613 664
613 1029
613 600
613 840
613 723
613 185
613 508
613 952
521 848
521 935
521 126
1120 368
1120 664
1120 1029
1120 723
312 504
312 233
312 154
312 1091
312 796
312 592
312 888
312 22
312 809
312 856
736 1013
736 943
736 19
736 104
736 1017
736 8
736 301
736 1018
736 686
736 29
736 592
736 230
736 806
736 271
736 417
736 990
736 190
736 809
351 1013
351 943
351 120
351 1041
351 579
351 532
351 214
351 1018
351 1058
351 1089
351 37
351 31
351 27
351 997
740 603
740 614
740 999
740 940
740 1015
740 708
1013 706
1013 891
1013 943
1013 294
1013 120
1013 19
1013 689
1013 1130
1013 782
1013 711
1013 1041
1013 2
1013 223
1013 476
1013 532
1013 1007
1013 651
1013 1018
1013 656
1013 37
1013 592
1013 839
1013 858
1013 417
1013 1027
1013 798
1013 850
1013 997
1013 339
1013 222
1013 599
706 943
706 19
706 782
706 476
706 1007
706 1058
706 222
706 200
467 943
467 504
467 294
467 19
467 104
467 1017
467 8
467 1007
467 29
467 748
467 1078
467 693
467 271
467 941
467 1095
467 292
467 850
467 22
467 809
467 222
467 1073
553 104
553 946
553 1130
553 743
553 799
553 476
553 686
553 31
553 586
553 551
553 222
553 753
553 510
553 266
953 665
953 1017
953 718
953 1046
953 1107
953 651
953 58
953 286
953 1119
953 331
953 361
953 1095
953 430
953 125
953 292
953 103
953 35
953 354
891 243
891 504
891 1130
891 1087
891 624
891 223
891 702
891 579
891 214
891 854
891 473
891 1018
891 695
891 227
891 1092
243 689
243 474
243 624
243 72
243 854
243 909
243 778
243 227
243 293
1081 504
1081 1041
1081 702
1081 796
1081 1024
1081 50
1081 285
1081 888
1081 126
1081 386
943 665
943 294
943 377
943 120
943 795
943 273
943 689
943 946
943 901
943 1130
943 1087
943 474
943 1041
943 223
943 702
943 301
943 854
943 1018
943 250
943 1058
943 695
943 592
943 839
943 888
943 271
943 1016
943 78
665 294
665 1037
665 120
665 795
665 19
665 104
665 946
665 901
665 1017
665 8
665 223
665 476
665 702
665 473
665 1058
665 29
665 592
665 271
665 616
665 22
665 1073
665 879
504 120
504 273
504 689
504 104
504 8
504 1041
504 928
504 1007
504 1018
504 1089
504 37
504 592
504 850
294 19
294 273
294 946
294 1007
294 656
294 1058
294 858
294 941
294 22
1037 19
1037 1017
1037 223
1037 420
1037 592
1037 972
1037 1119
1037 616
1037 879
377 104
377 1130
377 1072
377 1119
120 689
120 1087
120 223
120 928
120 1018
120 1089
120 1072
120 527
120 37
120 592
120 1095
120 557
120 82
120 22
795 19
795 104
795 1017
795 476
795 29
795 600
795 566
795 22
795 599
795 879
19 273
19 104
19 946
19 1017
19 8
19 1007
19 301
19 29
19 748
19 839
19 1132
19 22
19 550
19 326
19 471
273 1107
273 799
273 530
273 824
273 446
273 839
273 227
273 538
273 550
273 1069
273 191
689 308
689 1041
689 223
689 579
689 1018
689 443
689 695
689 888
689 1092
689 640
689 103
104 946
104 1130
104 1017
104 743
104 476
104 686
104 29
104 230
104 806
104 271
104 1095
104 22
104 222
104 266
946 1130
946 1017
946 743
946 476
946 37
946 417
946 1095
946 1116
946 222
946 266
946 167
901 743
901 308
901 579
901 559
901 286
901 809
901 326
1130 223
1130 854
1130 686
1130 37
1130 409
1130 600
1130 417
1130 941
1130 1050
1130 222
1130 389
1017 8
1017 476
1017 29
1017 839
1017 806
1017 983
1017 1092
1017 103
1017 850
1017 1116
1017 22
1017 551
1017 1016
1017 879
1017 632
1017 862
782 1058
782 578
743 476
743 686
743 627
743 417
743 292
743 222
743 266
8 806
8 271
8 99
8 878
8 863
13 886
13 986
13 1027
13 156
233 459
233 886
233 66
233 940
233 730
648 730
263 203
593 526
593 829
593 250
593 450
593 230
593 409
593 600
593 179
1093 321
1093 1046
1093 512
1093 732
1093 778
1093 1072
1093 534
584 664
332 1087
332 547
332 622
332 989
332 987
332 316
332 809
332 641
73 622
73 308
73 728
73 276
73 966
1087 396
1087 357
1087 547
1087 622
1087 308
1087 603
1087 1086
1087 1094
1087 777
1087 250
1087 37
1087 908
1087 974
1087 823
1087 762
1087 310
1087 75
1087 1053
1087 103
1087 717
1087 426
1087 1123
1087 69
1087 912
1087 492
1087 432
1084 141
1084 371
396 981
396 1094
396 1129
396 80
396 607
396 343
396 623
396 657
396 528
396 811
711 2
711 1094
711 368
711 732
711 459
711 908
711 1029
711 888
711 409
711 823
711 882
711 822
711 75
711 481
711 27
711 522
711 666
711 295
711 680
711 533
357 418
357 1114
357 1111
357 1006
357 9
357 393
357 883
357 752
357 408
357 105
547 308
547 777
547 1062
547 996
547 710
547 157
547 1123
547 69
622 154
622 777
622 1117
622 130
622 987
622 908
622 856
622 490
321 308
321 2
321 368
321 957
321 499
321 1129
321 80
321 607
321 587
321 3
321 605
321 823
321 491
321 323
1131 296
1131 600
1131 397
308 270
308 1024
308 93
308 439
308 1043
308 80
308 710
308 491
308 157
308 75
308 490
308 358
308 1009
308 755
937 250
937 58
937 559
937 724
672 1106
672 154
672 984
672 854
672 582
1106 984
1106 234
1106 778
1106 823
154 108
154 269
154 499
154 987
154 1078
154 627
154 809
154 641
154 260
154 608
893 777
984 470
984 1107
984 957
984 443
984 586
984 481
474 624
474 108
474 651
474 854
474 615
474 1077
470 777
470 72
470 585
470 717
728 718
728 2
728 276
728 1010
728 831
728 823
728 538
728 966
603 688
603 213
603 651
603 459
603 957
603 614
603 1015
603 199
603 454
603 290
603 86
900 2
900 814
900 483
900 543
900 707
900 867
900 919
900 726
900 881
900 4
900 68
981 368
981 582
981 650
981 485
981 343
981 657
981 1053
981 783
981 1051
624 909
718 579
718 1094
718 651
718 615
718 839
718 770
718 557
565 296
565 343
565 561
565 423
565 929
565 945
742 829
742 938
1041 1091
1041 37
1041 592
1041 888
350 1114
350 883
350 402
350 248
350 572
347 1048
347 1107
347 530
347 219
325 141
325 911
960 356
960 1080
960 888
960 380
960 12
960 126
960 277
960 675
960 926
960 1012
115 368
115 732
115 582
115 847
115 234
115 415
115 829
115 652
115 1129
115 527
115 80
115 657
115 183
115 867
115 275
115 932
115 239
2 491
2 707
2 661
2 481
2 717
2 1112
2 174
658 687
658 250
658 778
658 823
658 1121
658 626
658 492
658 432
658 358
658 1083
658 101
658 1028
1046 512
1046 651
1046 459
1046 353
1046 1070
1046 499
1046 756
1046 1072
1046 996
1046 346
1046 199
1046 1052
1046 1049
1046 785
163 459
163 559
163 54
163 247
223 1007
223 959
223 1058
223 446
223 37
223 592
223 58
223 1055
223 271
223 850
223 849
480 486
480 792
480 250
480 1129
480 373
480 343
480 113
111 588
111 651
111 95
111 159
111 451
111 465
111 343
111 157
111 138
111 1052
111 670
111 348
688 796
688 1015
688 137
355 529
355 883
355 105
355 402
355 248
355 5
355 1063
355 976
355 462
486 1070
486 1129
486 458
486 373
486 657
486 911
486 363
486 176
895 1070
895 499
895 409
895 999
895 1015
352 284
1086 1057
1086 225
1086 23
1086 908
1086 988
1086 211
973 459
973 886
1107 297
1107 159
1107 615
1107 443
1107 996
1107 910
1107 549
1107 157
1107 716
1107 551
1107 209
975 988
975 779
975 923
975 985
799 476
213 1034
213 831
213 957
213 614
213 488
213 86
213 1005
213 922
213 106
213 300
213 401
213 180
213 595
476 1007
476 29
476 693
476 222
476 599
476 266
311 459
311 886
311 766
311 999
311 413
311 1015
311 290
311 70
702 928
702 473
702 592
702 768
702 806
702 551
579 465
579 1073
1034 886
1034 106
980 210
980 618
422 748
422 693
422 298
422 401
422 403
989 987
989 762
989 993
588 368
588 1024
588 651
588 26
588 962
588 159
588 439
588 756
588 441
588 450
588 443
588 1043
588 996
588 710
588 910
588 496
588 773
588 762
588 551
588 1079
588 209
588 392
588 138
588 354
588 993
588 128
588 447
588 272
588 970
356 50
356 499
356 465
356 286
356 126
356 640
30 108
30 57
30 402
30 572
563 426
270 928
270 1080
270 1108
270 1126
270 959
270 440
270 384
270 175
270 26
270 515
270 159
270 37
270 972
270 747
270 1066
270 251
270 158
270 1038
270 216
270 609
270 845
414 297
414 365
1094 530
1094 210
1094 1062
1094 159
1094 695
1094 673
1094 82
1094 209
777 906
777 586
777 835
777 322
777 1076
530 1096
530 695
530 1124
210 284
210 847
210 250
210 527
210 80
210 607
210 343
210 974
210 623
210 552
210 131
210 1060
210 371
210 618
475 451
475 18
692 906
692 808
692 406
692 1122
906 808
906 512
906 297
906 322
808 297
808 627
808 775
808 110
808 903
808 576
808 982
369 145
369 741
369 250
369 995
369 802
369 717
369 1100
369 561
369 1074
369 471
369 746
369 1104
512 695
512 343
512 587
512 20
512 663
512 646
512 406
512 469
145 909
145 439
145 802
145 972
145 709
145 1100
145 471
368 284
368 757
368 582
368 847
368 829
368 250
368 441
368 1129
368 886
368 859
368 409
368 152
368 528
368 522
368 323
368 712
368 564
532 72
532 928
532 417
532 222
610 676
620 72
620 796
620 813
620 395
620 0
72 928
72 796
72 526
72 214
72 686
72 443
72 1096
72 97
72 103
72 0
72 478
928 214
928 473
928 1058
928 1089
928 37
928 97
928 592
928 657
928 676
928 390
796 813
796 1050
796 0
526 214
526 1070
526 770
214 301
214 686
813 941
813 991
813 192
1007 1058
1007 29
1007 600
1007 693
1007 806
1007 983
1007 941
1007 222
301 686
297 108
297 1024
297 651
297 854
297 459
297 384
297 1129
297 615
297 585
297 910
297 549
297 162
297 169
1062 375
1062 250
1062 717
1062 618
1062 349
108 651
108 473
108 284
108 384
108 615
108 485
108 585
108 549
108 883
108 809
108 323
1024 1126
1024 440
1024 26
1024 962
1024 159
1024 439
1024 1022
1024 705
1024 1043
1024 996
1024 710
1024 549
1024 157
1024 828
1024 392
1024 1038
1024 609
1024 110
1024 235
651 854
651 473
651 558
651 656
651 1070
651 1126
651 384
651 1058
651 450
651 615
651 996
651 802
651 587
651 58
651 614
651 393
651 409
651 549
651 286
651 646
651 883
651 134
651 361
651 131
651 240
651 785
651 976
651 1125
651 102
276 829
276 141
276 802
276 543
276 14
276 966
276 649
276 838
276 205
854 615
854 409
854 549
854 1092
854 537
473 412
473 1121
473 982
558 353
558 440
558 441
558 585
558 972
558 888
558 708
558 668
1010 582
1010 443
1010 324
1010 583
1010 639
1010 67
284 732
284 703
284 582
284 829
284 605
284 286
284 529
284 488
284 924
284 1060
284 787
284 642
284 452
284 722
284 694
284 800
732 582
732 234
732 415
732 131
732 1060
732 945
732 231
732 143
1080 228
1080 656
1080 50
1080 1108
1080 959
1080 175
1080 962
1080 159
1080 451
1080 285
1080 1078
1080 773
1080 126
1080 600
1080 699
1080 993
1080 747
1080 1066
1080 251
1080 158
1080 845
1080 982
1080 733
1080 165
1080 267
109 618
420 1089
420 592
420 22
703 1129
703 587
703 614
703 623
703 986
703 883
703 657
703 1053
703 538
703 1023
425 741
831 829
831 375
831 778
831 296
831 552
691 353
691 762
691 240
691 456
691 914
691 494
691 843
691 52
691 85
691 511
691 934
691 1065
909 1071
909 823
909 709
757 234
757 20
757 428
741 824
741 717
741 948
741 472
687 829
687 529
687 626
687 586
687 27
687 445
687 358
687 1051
687 976
1110 1044
1110 628
1110 152
1110 491
1110 363
1110 771
1110 1053
1110 726
1110 749
1110 383
1110 679
1110 24
792 499
792 559
792 142
792 657
792 600
792 4
792 366
582 353
582 847
582 415
582 829
582 50
582 778
582 1129
582 126
582 776
582 932
582 1052
582 452
582 283
459 353
459 228
459 957
459 499
459 448
459 285
459 972
459 614
459 886
459 559
459 409
459 770
459 766
459 999
459 798
459 413
459 1015
459 290
459 922
459 340
459 517
459 457
459 91
353 962
353 499
353 778
353 1022
353 450
353 465
353 972
353 58
353 549
353 496
353 293
353 762
353 157
353 828
353 551
353 857
353 548
353 619
353 346
353 110
353 934
353 1065
353 907
353 810
228 440
228 285
228 747
228 251
228 845
847 650
847 250
847 527
847 80
847 859
847 876
847 522
847 346
847 726
847 1125
847 244
196 47
196 717
196 1074
1068 1018
1068 839
1018 1089
1018 1002
1018 1069
234 252
234 587
234 20
234 669
234 562
686 748
686 266
656 839
415 650
415 932
415 366
415 244
957 972
957 58
957 614
957 886
957 409
957 557
957 940
957 586
957 640
957 413
957 932
957 290
957 595
957 690
957 319
957 633
829 650
829 1070
829 499
829 1129
829 1053
829 113
829 642
829 24
829 244
650 80
650 306
650 366
580 652
580 458
580 132
580 176
50 699
1070 250
1070 628
1070 142
1070 392
93 443
93 155
375 704
141 250
141 995
141 519
141 458
141 327
141 443
141 664
141 802
141 385
141 738
141 936
141 543
141 278
141 14
141 833
141 176
141 434
141 378
141 201
141 885
141 836
938 443
938 1071
938 823
938 403
938 737
938 659
250 962
250 1058
250 704
250 451
250 664
250 628
250 823
250 491
250 616
250 67
250 528
250 899
250 346
250 150
250 193
250 305
269 867
269 641
269 260
1108 1126
1108 959
1108 175
1108 515
1108 753
1108 53
1126 959
1126 384
1126 175
1126 26
1126 515
1126 159
1126 451
1126 710
1126 496
1126 157
1126 392
1126 753
1126 1066
1126 158
959 440
959 384
959 175
959 26
959 515
959 600
959 1055
959 753
959 1066
959 733
959 360
440 384
440 26
440 515
440 710
440 993
384 175
384 26
384 515
384 159
384 1022
384 441
384 549
384 600
384 753
384 1069
384 251
384 158
384 845
384 267
175 26
175 515
175 159
175 1079
175 753
175 1066
175 845
26 515
26 710
26 392
515 157
515 267
95 439
95 1072
95 157
95 260
95 1052
95 1066
95 457
962 439
962 450
962 451
962 1043
962 996
962 910
962 496
962 773
962 75
962 828
962 1079
962 138
962 354
962 641
962 993
962 128
962 447
962 272
962 970
962 780
1058 592
1058 693
1058 551
1058 599
1058 266
1058 578
704 296
704 343
704 183
704 606
704 1077
704 881
704 282
499 945
499 406
499 24
499 170
159 37
159 987
159 710
159 392
159 158
159 1038
159 216
159 609
159 235
159 53
159 927
159 715
159 11
652 67
652 606
652 150
652 932
652 945
652 964
439 450
439 705
439 996
439 587
439 910
439 496
439 773
439 828
439 240
439 548
439 619
439 914
439 138
439 1066
439 158
439 85
439 511
439 457
439 246
439 479
995 327
995 802
995 972
756 138
756 52
756 457
756 53
778 483
778 661
778 881
778 907
1089 134
1089 162
29 1002
29 748
29 693
29 22
29 298
29 167
29 578
29 370
448 996
448 183
448 110
448 281
448 317
519 972
519 286
519 600
519 0
1072 996
1072 126
1072 538
1072 444
1117 443
338 1022
338 299
338 117
1022 299
1022 450
1022 764
1022 496
1022 392
1022 809
1022 720
1022 967
299 441
299 789
299 551
299 117
299 809
299 775
299 982
441 450
441 1043
441 996
441 157
441 27
441 209
441 1052
441 158
450 764
450 451
450 1043
450 996
450 910
450 549
450 1079
450 354
450 158
450 165
450 1085
764 985
764 496
764 508
705 451
705 496
705 762
705 828
705 1079
705 240
705 548
705 85
451 496
451 762
451 828
451 993
451 11
465 996
465 835
1129 788
1129 1099
1129 142
1129 986
1129 657
1129 617
1129 528
1129 27
1129 323
1129 564
285 126
285 926
458 802
458 543
458 346
458 176
296 605
296 20
296 1004
296 423
296 880
296 635
1011 1006
1011 681
1011 393
1011 883
1011 534
1011 248
615 549
615 134
615 809
327 132
38 1114
38 529
38 883
38 105
38 517
38 124
485 1053
485 204
527 23
527 867
527 371
527 881
527 642
225 437
225 779
225 788
225 923
225 573
225 395
225 113
225 5
225 982
225 685
225 674
225 173
443 664
443 1006
443 549
443 560
443 529
443 626
443 809
443 371
443 993
443 268
443 349
443 612
443 186
23 988
23 1014
23 814
23 779
23 211
1043 138
1043 158
1043 775
1043 917
252 936
252 533
252 1049
252 576
252 694
252 562
252 944
252 1097
585 549
585 586
585 578
585 668
996 972
996 710
996 985
996 910
996 496
996 773
996 570
996 586
996 828
996 1079
996 209
996 914
996 138
996 354
996 993
996 128
996 447
996 272
996 970
996 1085
1096 798
446 37
695 559
695 496
695 551
695 209
37 1092
37 202
130 908
130 1050
748 395
748 693
748 22
748 298
748 730
748 403
987 908
987 710
987 256
987 835
987 809
987 641
987 608
1071 96
1071 373
1071 381
1071 657
1071 293
1071 491
592 972
592 271
592 361
592 850
592 676
1114 3
1114 374
1114 57
1114 605
1114 883
1114 432
1114 105
1114 124
1114 696
604 607
195 336
195 117
373 779
373 788
373 142
373 528
373 212
373 199
373 749
373 977
80 1044
80 607
80 859
80 491
80 617
80 771
80 183
80 528
80 275
80 640
80 564
80 546
80 160
80 540
1111 605
1111 883
1111 586
664 1029
664 600
664 911
664 583
664 791
664 379
664 723
664 185
664 882
664 1061
664 155
664 781
664 680
664 830
664 335
664 334
1044 859
1044 491
1044 363
1044 1053
607 1060
607 371
607 546
802 972
802 649
343 876
343 583
343 626
343 522
343 881
343 612
343 759
343 625
336 968
336 661
336 881
336 68
336 170
336 387
336 166
336 1118
1006 735
1006 374
1006 605
1006 681
1006 9
1006 393
1006 884
1006 529
1006 883
1006 259
1006 248
1006 102
1006 635
1006 186
1006 832
1006 804
1006 790
1006 56
1006 925
1006 978
1006 713
1006 662
381 626
33 811
33 444
33 546
33 238
1029 583
1029 882
1029 1061
1029 949
1029 952
1029 680
1029 265
63 286
63 840
587 20
587 986
587 639
587 717
587 1074
587 139
587 87
628 972
628 58
628 986
628 491
628 363
628 1053
628 726
628 46
628 666
628 679
628 160
972 614
972 496
972 646
972 126
972 31
972 199
972 469
972 694
972 319
972 177
972 1032
58 779
58 559
58 47
58 966
58 199
735 393
735 286
735 259
735 534
735 248
735 224
839 1116
3 731
3 529
3 572
3 696
3 832
3 784
437 951
437 988
437 923
437 259
437 976
374 731
374 681
374 800
374 635
374 124
374 832
374 220
136 883
18 951
18 1003
18 529
18 883
18 572
18 517
18 320
951 731
951 940
951 426
951 106
951 517
951 124
951 320
1003 529
1003 883
1003 275
1003 798
1003 1025
1003 752
1003 402
1003 965
1003 918
57 572
57 5
57 635
731 605
731 681
731 9
731 590
731 1014
731 814
731 79
731 883
731 310
731 752
731 1063
731 635
731 977
731 790
731 784
731 807
731 844
731 826
731 207
605 681
605 986
605 883
605 752
605 976
605 462
605 635
605 925
988 923
988 211
988 1004
681 393
681 488
681 259
681 248
681 102
681 635
681 832
681 56
681 220
9 883
9 259
9 713
9 821
9 328
614 886
614 940
614 54
614 1015
614 922
614 180
614 1082
853 590
590 1014
590 395
590 79
590 310
590 626
590 844
886 766
886 54
886 1015
886 730
886 922
886 106
886 180
886 860
820 282
1014 310
1014 844
404 814
404 968
404 513
404 282
404 453
814 661
814 612
814 60
779 979
779 788
779 923
779 171
779 256
779 152
779 310
779 392
559 986
559 639
559 430
559 1053
559 811
559 680
888 94
888 126
888 76
710 986
710 496
710 828
710 1079
710 392
710 260
710 158
710 1038
710 609
710 235
710 927
710 197
94 126
94 699
94 866
979 573
979 855
788 573
788 395
788 985
788 152
788 310
788 1066
788 52
788 674
923 573
923 421
923 310
923 561
923 423
573 47
573 1100
573 197
1078 809
1078 641
1078 260
1078 608
1078 747
1078 845
1078 775
1078 982
1078 967
1078 289
393 883
393 259
393 534
393 248
393 224
208 6
859 1064
230 409
230 806
230 271
230 417
230 990
230 190
230 199
47 100
47 600
47 717
47 1074
47 625
79 310
20 203
20 560
20 682
20 1074
20 533
20 1035
302 600
663 100
663 646
663 406
663 469
663 992
203 986
203 1074
203 533
100 646
100 1122
1047 749
765 618
409 363
409 566
409 586
409 27
409 755
409 21
884 543
884 259
1099 461
142 1059
623 986
623 546
910 496
910 551
910 1079
910 209
910 138
910 260
910 447
910 970
549 646
549 162
549 331
549 586
549 752
549 10
549 224
286 162
286 361
286 752
286 10
560 721
560 1035
560 931
986 552
986 883
986 657
986 1053
986 1074
986 432
986 755
986 187
552 1074
496 773
496 762
496 551
496 1079
496 209
496 392
496 138
496 354
496 993
496 128
496 447
496 272
496 970
767 657
767 275
767 239
767 83
767 287
529 883
529 488
529 752
529 105
529 572
529 5
529 1063
529 787
529 696
529 591
627 806
627 586
627 809
627 260
627 608
627 1049
627 546
627 961
380 126
12 776
12 10
646 406
646 1122
646 469
646 992
172 866
1132 501
498 1049
498 406
498 469
498 992
498 1021
498 1128
152 657
152 600
152 491
152 363
152 1053
152 538
152 726
883 600
883 1053
883 752
883 873
883 534
883 105
883 248
883 572
883 1063
883 517
883 635
883 124
883 713
488 432
488 105
488 965
848 935
848 403
657 911
657 771
657 1053
657 366
657 287
721 280
773 983
773 1079
773 138
773 354
773 447
773 272
483 543
483 867
483 907
483 170
126 926
600 583
600 791
600 709
600 771
600 867
600 999
600 253
600 426
600 348
600 251
600 84
600 151
600 36
600 188
600 288
306 1051
162 716
257 259
693 298
693 222
693 730
823 275
823 538
823 798
823 968
823 1025
823 11
293 639
293 229
324 87
324 382
491 363
491 61
491 771
491 1053
491 586
491 726
491 46
491 212
491 666
491 679
491 24
491 366
491 1031
484 528
762 157
762 828
762 392
762 240
762 857
762 619
762 914
762 138
762 494
762 934
762 1065
762 810
157 828
157 551
157 1079
157 240
157 857
157 456
157 934
806 271
806 983
806 1092
806 551
806 609
806 851
1055 850
1055 114
1055 892
271 417
271 990
271 190
271 616
271 850
983 551
1119 99
1119 266
597 911
911 583
911 379
911 185
911 363
911 781
911 253
911 866
911 205
911 24
911 177
911 591
911 1033
417 190
417 222
417 266
990 551
990 99
990 319
190 1082
840 723
840 185
583 379
583 278
583 866
583 174
791 379
385 176
310 844
738 14
738 838
738 246
132 176
936 543
936 533
936 434
936 279
936 834
709 707
709 612
543 649
543 378
543 246
543 621
543 594
543 1000
543 958
543 569
316 1118
707 968
707 1112
331 714
379 255
723 185
723 335
882 680
1061 538
1075 570
941 1050
941 42
278 176
75 392
75 1052
14 176
14 838
14 201
14 246
14 279
570 255
570 334
639 538
361 1095
361 430
361 125
361 789
1095 430
430 125
292 1073
292 266
292 35
616 850
616 879
31 1053
31 508
31 1073
1092 1116
1092 22
1092 809
76 589
118 239
363 771
363 1053
363 726
363 46
363 212
771 726
771 24
183 67
183 606
183 460
183 945
183 282
131 143
131 370
131 487
131 516
131 464
867 239
1053 542
1053 538
1053 726
1053 212
1053 244
1053 83
67 155
67 606
67 898
67 964
67 569
528 253
275 798
275 1025
275 904
542 870
140 444
766 1015
766 70
999 708
999 199
999 463
940 1015
940 106
940 860
566 77
586 103
586 22
586 505
586 155
586 612
586 696
586 84
640 993
54 1015
798 1025
798 239
798 305
103 993
413 589
1015 647
850 1116
850 266
0 809
0 1016
22 1016
22 191
22 862
298 730
298 595
298 370
298 44
968 881
661 881
661 62
505 1073
155 809
27 124
27 262
1025 423
1025 402
1025 880
1025 965
1025 918
1025 207
1025 601
522 460
522 239
522 366
522 160
752 432
752 572
752 784
752 965
752 601
277 10
277 1054
277 466
277 926
717 785
717 1076
717 197
1100 471
503 281
503 797
253 749
561 1123
675 982
500 255
828 857
828 456
828 619
828 494
828 843
828 934
828 1065
828 457
828 479
828 544
551 1079
551 209
551 392
551 35
551 167
1079 209
1079 138
1079 354
1079 128
1079 447
1079 272
1079 970
1079 780
933 117
933 53
933 967
933 917
209 1052
392 138
392 934
392 927
392 715
392 11
117 193
117 967
117 917
833 680
699 165
758 550
99 319
240 456
240 511
240 934
857 548
857 456
857 914
857 1073
857 934
548 456
548 914
548 494
548 934
456 914
456 934
914 494
914 114
346 176
150 898
898 1123
138 809
138 354
138 128
138 447
138 272
138 970
259 534
259 248
259 832
259 978
259 713
259 662
259 328
259 362
1060 452
1060 143
513 453
1074 471
1074 533
1074 1035
1074 215
455 952
751 1042
726 46
726 24
46 666
46 305
46 1031
1064 24
1064 16
212 666
508 53
809 641
809 260
809 608
809 993
222 266
1073 266
753 128
753 1066
753 251
753 609
753 733
354 128
354 447
354 272
354 970
550 1097
550 84
550 36
550 279
550 1019
326 641
471 1122
471 1128
389 537
578 818
179 219
534 248
534 56
534 224
534 262
641 260
641 608
426 517
426 320
1123 945
912 460
432 408
432 402
432 572
811 444
666 679
666 24
666 931
295 239
533 1035
105 5
105 976
105 220
105 536
397 591
755 53
260 608
260 982
608 367
199 1052
199 160
199 394
199 477
199 116
454 290
881 170
402 784
402 918
402 207
248 224
248 328
248 601
572 784
572 320
572 207
572 601
239 642
1112 1063
174 5
174 1063
174 462
174 649
174 915
1052 864
1049 576
1049 562
1049 1097
785 281
785 317
670 53
670 864
5 1063
5 976
5 915
1063 915
976 462
976 784
976 965
976 896
922 819
180 44
993 148
128 447
128 272
128 970
447 272
447 970
272 970
747 251
747 845
747 733
1066 780
1066 994
251 845
251 576
216 609
216 235
216 53
216 927
216 715
216 11
216 540
609 235
609 53
609 927
609 11
845 838
845 733
268 761
322 1076
1076 931
406 469
406 1128
775 982
775 289
576 1104
576 944
576 1097
576 84
576 36
982 967
982 917
1030 1097
1030 84
1030 36
1030 279
1030 1019
469 992
469 1021
469 1128
349 32
235 927
235 11
1125 904
102 186
649 56
838 246
787 591
452 1109
722 540
722 309
694 562
694 1097
143 370
143 487
494 843
494 1065
843 52
52 457
749 679
366 244
517 635
517 124
517 320
457 479
457 961
457 544
907 182
378 621
378 569
53 927
53 11
282 424
170 151
927 11
927 419
370 487
281 197
317 197
444 546
967 917
635 124
635 713
635 207
635 915
204 424
685 178
612 60
612 700
944 1097
944 84
944 36
944 1019
1097 84
1097 188
1097 1019
546 388
387 1118
387 151
1118 151
56 1026
925 262
713 328
177 36
177 279
784 965
784 918
784 207
784 601
918 207
918 601
207 601
328 915
1035 122
1128 1019
84 36
84 188
84 279
84 1019
36 188
36 279
36 1019
188 1019
1031 51
279 834
621 569
621 555
487 760
516 464
62 524
601 915
