807 892
807 431
807 539
807 734
807 879
807 194
807 1040
807 1049
807 41
807 480
807 325
807 415
807 707
807 745
807 743
807 1103
807 795
807 104
807 709
807 1030
807 624
807 4
807 995
807 1010
807 101
807 997
807 900
807 698
892 431
892 539
892 879
892 194
892 1040
892 1049
892 41
892 480
892 415
892 743
892 1103
892 104
892 1030
892 4
892 703
892 21
892 495
892 269
892 551
892 467
431 539
431 879
431 194
431 1040
431 1049
431 480
431 325
431 743
431 1103
431 795
431 709
431 1030
431 624
431 101
431 997
431 495
431 288
431 123
431 655
431 819
431 313
431 297
431 857
431 282
431 1005
431 667
431 928
431 1072
431 67
431 647
431 316
431 1017
431 767
539 480
539 1030
539 857
539 417
539 380
539 639
539 409
539 109
539 899
539 172
539 197
539 228
539 413
539 440
539 1015
539 13
539 103
539 163
734 879
734 415
734 790
734 346
734 529
734 600
734 244
734 222
734 321
879 194
879 1040
879 415
879 1103
879 1030
879 101
879 997
879 495
879 1065
879 135
879 152
879 880
879 254
879 55
879 275
194 1049
194 41
194 415
194 745
194 743
194 795
194 1030
194 997
194 600
194 1003
194 679
194 974
194 681
194 640
194 876
194 682
194 215
194 630
194 277
194 569
1040 1030
1040 671
1040 796
1049 41
1049 415
1049 743
1049 709
1049 1030
1049 4
1049 123
1049 535
1049 729
1049 107
1049 446
1049 781
41 743
41 4
41 698
41 495
41 13
41 318
41 406
41 514
41 100
41 40
41 116
41 223
41 766
41 503
41 757
41 739
41 190
41 372
41 33
41 895
41 520
41 828
41 1114
41 943
41 468
41 374
41 1132
480 1103
480 795
480 104
480 1030
480 995
480 101
480 297
480 790
480 506
480 810
480 1055
480 71
480 728
480 831
480 1014
480 581
325 254
325 566
325 798
325 1071
325 74
325 182
325 361
325 578
325 36
325 593
325 292
325 617
325 395
325 1027
325 689
415 707
415 743
415 1103
415 1030
415 4
415 997
415 297
415 1015
415 600
415 446
415 689
415 230
415 26
415 586
415 654
415 286
415 517
415 786
707 745
707 743
707 4
707 21
707 1065
707 781
707 514
707 178
707 895
707 520
707 831
707 412
707 11
707 455
707 0
707 501
707 685
707 556
707 986
707 867
707 63
707 1038
707 921
707 1044
707 838
707 1102
707 613
707 370
707 166
707 797
707 428
707 817
745 624
745 21
745 495
745 600
745 640
745 520
745 556
745 427
745 644
745 808
745 280
745 28
745 106
745 64
745 416
745 437
743 4
743 21
743 495
743 767
743 244
743 107
743 318
743 895
743 943
743 374
743 7
743 712
743 580
743 606
743 1080
743 827
743 668
743 14
743 475
743 484
743 392
743 929
743 536
743 977
743 87
743 411
743 460
743 860
743 53
743 881
743 1089
743 139
743 650
743 526
743 805
743 1087
743 595
743 430
743 1126
953 4
953 495
953 364
953 932
953 1107
1103 795
1103 709
1103 1030
1103 624
1103 995
1103 1010
1103 101
1103 467
1103 288
1103 842
1103 77
1103 868
795 101
795 467
795 123
795 13
795 152
795 377
795 1014
795 280
795 24
795 249
795 201
795 723
795 247
795 591
795 160
795 181
795 500
795 113
795 1116
795 864
104 1030
104 123
104 819
104 928
104 135
104 868
104 247
104 722
104 847
104 602
104 338
709 624
709 995
709 288
709 110
709 123
709 857
709 282
709 928
709 316
709 1017
709 639
709 681
709 535
709 729
709 107
709 781
709 654
709 977
709 460
709 1089
709 364
709 1116
709 604
709 332
709 502
709 656
709 51
709 651
709 573
709 858
709 944
709 958
709 283
709 811
709 561
709 692
709 148
709 463
1030 101
1030 703
1030 467
624 995
624 467
624 288
624 655
624 819
624 313
624 297
624 857
624 928
624 316
624 1065
624 215
624 71
624 728
624 182
624 817
624 155
624 392
624 77
624 249
624 864
624 332
624 283
624 407
624 146
624 357
624 659
624 1033
624 396
624 562
624 108
624 479
624 199
624 769
624 969
624 8
624 645
624 1035
624 386
624 611
624 145
624 518
624 527
624 443
624 559
4 698
4 21
4 495
4 380
4 13
4 318
4 406
4 514
4 178
4 223
4 766
4 739
4 190
4 372
4 520
4 685
4 556
4 1044
4 1102
4 817
4 146
4 333
4 504
4 823
4 672
4 670
4 554
4 162
4 927
4 266
4 1041
4 170
4 452
4 845
995 1010
995 288
995 409
995 899
995 1114
995 77
995 113
995 659
995 823
995 1088
995 907
995 971
995 737
995 473
995 768
101 467
101 13
101 377
101 716
101 280
101 249
101 723
101 160
101 113
101 8
101 177
101 540
101 328
997 495
997 817
997 247
997 145
997 1059
900 36
900 710
900 753
900 582
900 307
900 70
900 379
900 1048
698 495
698 667
698 370
698 580
698 155
698 14
698 475
698 860
698 805
698 237
698 476
698 954
698 875
698 853
698 105
698 1125
698 1064
698 695
698 785
698 217
490 297
490 316
490 729
490 654
490 484
490 722
490 604
490 573
490 692
490 1008
490 257
490 528
490 1096
490 171
490 489
490 298
490 1073
490 511
490 931
490 678
490 465
703 612
21 495
21 190
21 986
495 1017
495 13
495 318
495 817
495 1076
495 732
495 30
467 1072
467 201
467 247
467 500
467 722
467 958
467 108
467 8
467 257
467 349
467 309
467 854
467 151
467 294
467 616
467 661
467 1061
288 123
288 655
288 819
288 297
288 857
288 928
288 67
288 107
288 781
288 77
288 864
288 604
288 332
288 651
288 659
288 307
288 70
288 1096
288 601
288 76
288 471
288 1097
288 1111
110 655
110 857
110 282
110 667
110 316
110 1017
110 767
110 380
110 107
110 654
110 392
110 562
110 1073
110 601
110 76
110 355
110 289
110 173
110 590
110 306
110 815
110 1100
110 987
110 923
123 857
123 282
123 1005
123 928
123 316
123 899
123 275
123 876
123 535
123 446
123 71
123 728
123 437
123 580
123 460
123 160
123 113
123 604
123 332
123 502
123 651
123 148
123 407
123 108
123 489
123 1007
123 601
123 76
123 1111
123 720
123 242
123 589
123 632
123 279
123 652
123 1081
123 229
123 961
123 635
123 856
655 313
655 297
655 254
655 729
655 107
655 71
655 654
655 604
655 479
655 768
655 70
655 1096
655 171
655 298
655 511
655 931
655 601
655 471
655 592
655 635
655 967
655 47
655 329
655 185
655 189
655 608
655 439
655 594
655 350
655 619
655 404
655 88
655 841
655 150
655 352
655 700
655 260
655 837
655 362
655 295
655 972
655 576
655 641
655 345
819 857
819 249
819 864
819 1130
819 527
819 859
313 67
313 728
313 1096
313 612
313 185
313 439
313 913
313 186
313 1086
313 84
313 979
313 27
313 1026
313 270
313 1058
297 928
297 316
297 790
297 1055
297 437
297 77
297 573
297 692
297 616
297 76
297 590
297 730
297 964
297 69
297 915
297 1128
297 541
297 1074
297 896
297 871
297 20
857 1005
857 67
857 417
857 380
857 639
857 899
857 197
857 228
857 440
857 1015
857 103
857 163
857 135
857 722
857 332
857 527
857 1061
857 601
857 279
857 295
857 1058
857 705
857 112
857 111
857 829
857 158
857 784
857 92
282 729
282 511
282 1037
1005 452
1005 923
1005 916
667 316
667 1017
667 767
667 321
667 264
667 766
667 468
667 808
667 475
667 484
667 977
667 881
667 722
667 1130
667 969
667 266
667 768
667 237
667 875
667 853
667 1064
667 785
667 349
667 173
667 404
667 312
667 966
667 618
667 82
667 643
667 516
667 470
667 293
928 67
928 135
928 437
928 868
928 722
928 604
928 692
928 479
928 70
928 1125
928 171
928 931
928 601
928 923
928 720
928 345
928 184
928 525
1072 316
1072 767
1072 107
1072 811
1072 1130
1072 386
1072 931
1072 465
1072 1007
1072 987
1072 720
1072 191
1072 1060
1072 843
1072 673
1072 252
1072 962
1072 844
67 135
67 468
67 1055
67 728
67 578
67 654
67 817
67 722
67 656
67 958
67 1130
67 823
67 1048
67 171
67 298
67 465
67 1061
67 590
67 1100
67 923
67 509
67 270
67 250
67 300
67 1122
67 1094
67 599
67 83
67 95
67 140
67 73
647 163
316 600
316 275
316 520
316 808
316 28
316 437
316 562
316 1048
316 1008
316 528
316 171
316 854
316 601
316 635
316 1122
316 259
316 102
316 772
316 434
316 780
316 134
1017 767
1017 468
1017 475
1017 692
1017 237
1017 1125
1017 289
1017 385
767 244
767 107
767 468
767 1055
767 580
767 155
767 475
767 87
767 460
767 53
767 881
767 1089
767 573
767 670
767 266
767 785
767 1096
767 298
767 289
767 815
767 404
767 841
767 618
767 315
767 531
767 1000
767 462
767 1095
417 639
417 899
417 197
417 751
417 228
417 1015
417 163
417 201
417 527
417 279
417 614
417 705
417 848
417 664
417 718
417 812
417 677
417 401
417 359
417 96
417 169
417 629
417 268
417 1069
417 400
380 639
380 899
380 197
380 228
380 413
380 163
380 781
380 7
380 977
380 283
380 527
380 504
380 1061
380 279
380 150
380 705
380 643
380 775
380 207
380 1131
380 835
380 39
380 752
380 218
380 702
639 899
639 197
639 228
639 1015
639 103
639 163
639 952
639 527
639 705
639 158
639 1119
639 776
639 733
639 281
409 268
109 197
109 440
109 810
109 338
109 315
109 268
109 621
109 408
109 542
899 172
899 197
899 228
899 413
899 103
899 798
899 361
899 808
899 392
899 396
899 612
899 632
899 279
899 664
899 530
899 167
899 675
172 103
172 617
172 112
172 664
172 459
172 23
172 870
197 751
197 440
197 1015
197 163
197 974
197 527
197 169
197 268
197 459
197 363
751 440
751 974
751 527
751 158
751 848
751 664
751 718
751 359
751 169
751 268
751 363
751 1105
751 1019
751 515
751 320
228 1015
228 527
228 1048
228 720
228 705
228 347
413 113
413 527
413 504
413 158
413 268
413 1131
413 835
413 882
413 391
413 951
413 806
440 1015
440 974
440 527
440 279
440 158
440 315
440 268
440 621
440 363
440 1105
440 423
1015 163
1015 974
1015 1087
1015 616
1015 590
1015 705
1015 92
1015 525
1015 780
1015 621
1015 459
1015 870
1015 132
1015 878
1015 1011
1015 31
1015 125
1015 904
1015 799
1015 129
1015 200
13 152
13 318
13 503
13 986
13 867
13 817
13 1116
13 145
13 257
13 76
13 525
13 39
13 702
13 457
13 50
13 941
103 71
103 112
103 829
103 887
103 1105
103 809
163 798
163 562
163 527
163 333
163 678
163 471
163 242
163 279
163 260
163 896
163 705
163 1094
163 621
163 23
163 363
163 1105
163 209
163 596
163 1009
163 435
163 869
163 657
163 341
163 872
163 1108
790 679
790 1055
790 148
790 108
790 229
790 635
790 270
790 614
790 1074
790 843
790 129
790 271
790 834
790 550
790 220
346 671
346 468
346 71
346 280
346 580
346 155
346 977
346 247
346 958
346 823
346 780
346 167
346 675
346 760
346 609
346 389
346 491
346 381
529 593
529 1027
529 601
529 385
529 75
529 469
529 421
529 72
529 674
529 1023
600 1065
600 254
600 107
600 503
600 739
600 520
600 36
600 617
600 808
600 280
600 28
600 64
600 416
600 247
600 396
600 1130
600 1048
600 612
600 605
600 260
600 780
600 134
600 491
600 704
600 585
600 478
600 472
600 18
600 970
600 926
600 925
600 276
600 284
600 291
600 544
244 36
244 155
244 105
244 614
244 1042
222 40
222 190
222 372
222 412
222 11
222 1102
222 428
222 427
222 1080
222 171
222 782
321 107
321 468
321 1055
321 853
321 1073
321 972
321 571
321 214
1065 55
1065 107
1065 766
1065 190
1065 943
1065 412
1065 1102
1065 644
1065 580
1065 1130
1065 969
1065 173
1065 972
1065 576
1065 214
1065 251
1065 794
1065 663
1065 800
1065 147
1065 721
1065 965
135 876
135 71
135 26
135 929
135 868
135 722
135 148
135 1076
135 171
135 859
135 250
135 140
135 1115
135 481
135 37
135 683
135 143
152 876
152 40
152 1102
152 797
152 817
152 475
152 247
152 591
152 500
152 1130
152 8
152 1035
152 737
152 540
152 47
152 859
152 140
152 423
152 143
152 497
880 1116
880 602
880 350
880 557
254 798
254 1071
254 182
254 578
254 617
254 1027
254 689
254 1096
254 601
254 544
254 1051
55 468
55 1132
55 712
55 827
55 536
55 1087
55 1126
55 162
55 785
55 217
55 362
55 576
55 951
55 849
55 1018
55 290
55 161
377 876
377 716
377 247
377 635
377 829
377 1122
377 335
377 715
275 71
275 427
275 970
1003 264
1003 712
1003 827
1003 929
1003 1087
1003 692
1003 951
1003 1018
1003 787
1003 326
1003 34
679 640
679 1122
679 772
679 488
679 165
679 1067
974 527
974 333
974 260
974 705
974 112
974 158
974 268
974 23
974 363
974 165
974 1067
974 779
974 917
974 208
974 383
974 688
974 448
681 247
681 952
681 1130
681 242
681 525
681 1093
681 862
681 985
681 144
264 654
264 475
264 692
264 559
264 1042
264 458
264 6
264 547
264 212
264 840
640 757
640 64
640 437
640 434
640 488
640 165
640 568
640 117
640 188
640 996
640 265
640 851
640 234
640 60
876 277
876 506
876 1014
876 201
876 247
876 500
876 722
876 1033
876 1061
876 83
876 926
876 335
876 715
876 917
876 436
876 570
876 1092
716 1122
716 570
682 569
682 229
682 448
682 862
682 522
630 715
630 851
630 442
630 508
277 728
277 64
277 488
569 715
671 468
671 810
671 155
671 659
671 479
671 345
671 385
671 1115
671 147
671 955
671 726
796 678
796 589
535 332
535 985
535 388
729 107
729 468
729 728
729 475
729 805
729 785
729 171
729 345
729 408
729 686
107 766
107 468
107 374
107 427
107 155
107 827
107 14
107 475
107 484
107 392
107 929
107 536
107 977
107 460
107 881
107 1089
107 650
107 526
107 805
107 77
107 181
107 573
107 692
107 969
107 559
107 162
107 328
107 875
107 528
107 171
107 298
107 173
107 635
107 404
107 972
107 1058
107 614
107 618
107 643
107 1000
107 530
107 550
107 251
107 161
107 382
107 142
107 149
107 754
107 783
107 658
107 1025
107 510
107 1129
107 61
446 71
446 1014
446 562
446 678
446 1111
446 88
446 730
446 20
446 250
446 95
446 134
446 869
446 143
446 176
446 765
446 66
446 46
446 918
446 253
446 833
446 399
446 549
446 205
446 558
446 1002
446 963
781 468
781 817
781 155
781 14
781 977
781 526
781 858
781 146
781 57
781 12
781 262
318 190
318 452
514 503
514 739
514 520
514 817
514 941
514 925
514 414
178 116
178 190
178 455
178 501
178 685
178 867
178 166
178 428
178 479
178 145
178 171
178 76
178 992
178 676
40 190
40 520
40 71
40 11
40 455
40 556
40 1102
40 428
40 941
40 584
116 503
116 166
116 925
116 414
223 932
223 1107
223 283
223 823
223 923
223 1122
223 262
223 649
223 226
766 943
766 468
766 580
766 827
766 475
766 536
766 977
766 460
766 881
766 1089
766 139
766 1130
766 969
766 670
766 376
766 328
766 349
766 404
766 312
766 643
766 1060
766 385
766 315
766 849
766 142
766 510
766 665
766 121
766 874
766 625
766 521
766 537
503 739
503 190
503 1055
503 728
503 412
503 685
503 808
503 925
503 1075
757 536
757 470
757 731
757 60
757 1006
757 301
739 520
739 986
739 925
739 414
190 412
190 455
190 498
190 556
190 986
190 867
190 1038
190 1044
190 1102
190 370
190 166
190 428
190 817
190 247
190 845
190 1096
190 941
190 585
190 925
190 414
190 422
372 455
372 501
372 498
372 556
372 986
372 1038
372 1044
372 370
372 585
33 858
33 823
33 554
33 1008
33 528
33 76
33 829
33 271
33 550
33 466
33 1013
33 993
33 746
520 1102
520 427
520 381
520 925
520 195
520 482
828 1014
828 817
828 283
828 823
828 923
828 829
828 405
828 598
828 820
1114 301
943 668
943 79
943 1087
943 969
943 1060
943 1018
943 1025
943 510
943 1129
943 369
943 365
468 1014
468 817
468 580
468 155
468 475
468 977
468 87
468 201
468 602
468 969
468 670
468 266
468 768
468 376
468 875
468 1125
468 1064
468 829
468 312
468 643
468 521
468 3
374 14
374 237
374 382
374 149
1132 580
1132 536
1132 785
1132 576
1132 618
1132 385
1132 584
1132 477
1132 910
506 71
506 728
506 1014
506 26
506 591
506 845
506 359
506 1009
506 481
506 1093
506 985
506 121
506 323
506 433
506 227
506 893
810 338
810 692
810 307
810 528
810 315
810 408
810 220
810 6
810 726
1055 71
1055 881
1055 591
1055 527
1055 1060
1055 472
71 728
71 798
71 26
71 77
71 864
71 958
71 70
71 931
71 720
71 592
71 961
71 915
71 191
71 673
71 359
71 400
71 481
71 37
71 208
71 558
71 482
71 945
71 1046
71 486
71 272
71 935
728 593
728 26
728 644
728 155
728 77
728 753
728 1096
728 465
728 923
728 594
728 352
728 837
728 784
728 83
728 134
728 401
728 167
728 31
728 550
728 926
728 37
728 715
728 917
728 598
728 788
728 164
728 258
728 1110
728 248
728 638
831 881
831 473
831 307
831 809
831 472
831 571
831 862
831 1075
831 747
831 744
831 919
1014 581
1014 817
1014 1089
1014 249
1014 247
1014 113
1014 1116
1014 602
1014 1130
1014 875
1014 1096
1014 590
1014 229
1014 270
1014 614
1014 184
1014 250
1014 1122
1014 1099
1014 423
1014 1115
1014 143
1014 205
1014 164
581 249
581 864
566 578
566 36
798 74
798 182
798 361
798 578
798 36
798 593
798 292
798 617
798 1027
798 396
798 907
798 971
798 582
798 307
798 70
798 1008
798 1096
798 171
798 616
798 601
798 260
798 167
798 675
798 544
798 1129
798 938
798 865
798 959
798 356
1071 74
1071 578
1071 1027
1071 601
1071 938
1071 119
74 182
74 578
74 36
74 593
74 617
74 1027
74 307
74 1096
74 601
74 76
74 345
74 184
74 167
74 251
74 1051
74 1129
74 119
74 267
182 578
182 36
182 1116
182 645
182 907
182 1096
182 47
182 260
182 979
182 270
182 167
182 557
182 1051
182 1092
182 119
182 157
182 393
182 238
182 507
182 825
182 474
394 815
394 594
394 75
394 72
394 138
394 920
394 976
361 578
361 617
361 1027
361 808
361 500
361 722
361 396
361 528
361 601
361 592
361 964
361 544
361 358
361 761
578 36
578 292
578 617
578 1027
578 808
578 24
578 1116
578 1048
578 1096
578 601
578 590
578 632
578 675
578 544
36 617
36 1027
36 427
36 1116
36 70
36 601
36 260
36 23
36 544
36 865
36 884
36 118
593 1027
593 977
593 815
593 635
593 544
593 938
292 617
292 1027
292 808
292 396
292 632
292 675
292 544
292 405
292 959
292 398
617 1027
617 427
617 722
617 602
617 601
617 345
617 341
617 544
617 251
395 722
1027 808
1027 602
1027 971
1027 469
1027 72
1027 544
1027 119
1027 358
1027 398
1027 118
1027 319
1027 912
1027 523
689 471
689 260
689 1026
689 557
689 1051
689 348
689 1054
689 324
689 1124
689 496
230 805
26 500
26 349
26 854
26 590
26 1081
26 961
26 635
26 730
26 915
26 191
26 481
26 121
586 562
586 1130
586 1013
586 433
654 332
654 1096
654 171
654 298
654 912
654 662
286 427
286 88
286 700
286 1129
286 549
286 687
286 563
286 1121
286 330
286 10
286 950
517 916
517 483
786 418
786 883
786 646
412 427
412 808
412 416
11 1102
11 155
11 827
11 845
11 785
11 576
11 965
11 910
455 1061
455 207
455 1092
455 203
0 501
0 685
0 556
0 921
0 479
0 853
501 498
501 685
501 556
501 1038
501 1044
501 1116
501 845
501 585
498 556
498 370
498 817
498 173
498 39
685 500
685 941
556 500
556 853
556 941
556 585
556 482
867 1131
63 408
63 965
1038 845
1038 585
1102 428
1102 817
1102 155
1102 1080
1102 827
1102 595
1102 785
1102 404
1102 965
1102 553
613 817
613 965
370 338
166 145
166 414
428 1080
428 70
428 349
428 760
817 201
817 591
817 500
817 722
817 823
817 927
817 452
817 941
817 585
817 697
817 906
427 808
427 28
427 64
427 416
427 437
427 612
427 355
427 923
427 189
427 150
427 389
427 18
427 970
427 488
427 1067
427 996
427 1012
427 638
427 267
427 157
427 9
427 15
427 367
644 808
644 64
644 437
644 977
644 1130
644 291
644 794
808 416
808 396
808 971
808 1008
808 528
808 601
808 815
808 632
808 619
808 964
808 72
808 925
808 544
808 251
808 761
808 523
808 1045
280 1058
280 829
280 760
280 663
280 165
280 726
280 388
280 897
28 260
28 780
28 970
28 497
28 367
106 1094
106 134
106 704
106 251
106 143
106 399
106 558
106 587
106 738
106 684
106 308
64 437
64 1122
64 772
64 251
64 488
64 117
64 419
64 449
64 741
416 18
416 970
416 544
437 1048
437 1122
437 772
437 117
7 977
7 932
7 656
7 672
7 105
7 1060
7 530
7 477
7 994
7 894
712 155
712 929
712 53
712 139
712 1087
712 173
712 306
712 576
712 1060
712 951
712 444
712 1018
712 787
712 326
712 34
712 994
580 155
580 929
580 460
580 146
580 266
580 237
580 1064
580 404
580 643
580 1129
580 945
580 44
606 283
606 207
606 676
606 226
606 820
606 387
155 1080
155 475
155 929
155 87
155 460
155 53
155 1089
155 805
155 595
155 146
155 1130
155 969
155 670
155 237
155 785
155 173
155 815
155 404
155 643
155 1060
155 1000
155 462
155 787
155 874
155 369
155 44
155 818
155 724
155 1050
1080 929
1080 53
1080 595
1080 670
1080 785
1080 404
1080 724
1080 866
827 929
827 536
827 977
827 87
827 53
827 139
827 1087
827 1126
827 785
827 576
827 470
827 1019
827 965
827 60
827 142
827 369
827 477
827 994
827 724
827 168
668 139
668 650
668 805
668 504
668 670
668 306
668 1129
668 1013
668 45
668 724
668 560
668 453
668 534
14 536
14 1087
14 692
14 479
14 171
14 315
14 550
14 161
14 6
14 382
14 142
14 149
14 783
14 658
14 1025
14 405
14 588
14 680
475 977
475 805
475 247
475 561
475 969
475 162
475 266
475 1064
475 298
475 173
475 82
475 1095
475 61
484 1089
484 573
484 561
484 875
484 298
484 294
484 1095
484 37
392 977
392 162
392 105
392 1096
392 632
392 964
392 530
392 1062
929 536
929 87
929 411
929 460
929 860
929 881
929 1089
929 650
929 526
929 805
929 247
929 146
929 199
929 969
929 162
929 266
929 217
929 298
929 635
929 82
929 1060
929 1000
929 530
929 1018
929 984
929 801
536 87
536 79
536 460
536 860
536 53
536 139
536 650
536 526
536 1087
536 1126
536 969
536 670
536 162
536 1073
536 404
536 576
536 1060
536 1018
536 510
536 477
536 168
536 719
977 460
977 881
977 1089
977 139
977 1126
977 146
977 853
977 173
977 972
977 643
977 1060
977 369
87 53
87 881
87 650
87 785
87 815
87 404
87 462
87 477
79 53
79 1087
79 969
79 30
79 1060
79 385
79 161
79 510
79 719
411 139
411 805
411 345
411 161
460 1089
460 247
460 969
460 853
460 173
460 972
460 345
460 20
460 643
460 1060
460 142
460 584
460 665
460 477
860 53
860 139
860 1087
860 670
860 576
860 251
860 521
860 477
860 1050
860 719
53 881
53 139
53 650
53 1087
53 1126
53 785
53 217
53 576
53 470
53 1000
53 674
53 477
53 719
53 441
53 998
53 438
881 559
881 504
881 328
881 815
881 987
881 618
881 1000
881 1095
881 121
881 441
881 512
1089 602
1089 146
1089 969
1089 266
1089 173
1089 829
1089 82
1089 530
1089 61
1089 993
1089 405
139 650
139 805
139 1087
139 430
139 1126
139 670
139 306
139 576
139 951
139 444
139 1018
139 142
139 477
139 724
139 534
650 805
650 1087
650 430
650 670
650 404
650 643
650 787
650 142
650 365
650 724
650 534
650 942
526 430
526 602
526 266
526 408
526 550
526 994
526 998
805 969
805 298
805 306
805 643
805 941
805 251
805 787
805 60
805 686
805 724
1087 1126
1087 670
1087 576
1087 1000
1087 444
1087 290
1087 61
1087 405
1087 369
1087 365
1087 45
1087 984
1087 719
1087 22
1087 1112
595 404
595 725
430 670
430 306
430 381
430 787
430 1025
430 724
430 534
1126 1018
1126 523
1126 397
1126 78
364 702
364 760
364 874
932 76
932 702
932 649
932 226
932 38
1107 38
842 129
77 1125
77 720
77 635
77 979
77 951
77 941
77 251
77 136
868 722
868 479
868 70
868 465
868 295
868 345
868 764
24 1122
249 247
249 1116
249 864
249 1088
249 905
249 994
249 543
201 864
201 602
201 958
201 489
201 854
201 278
247 113
247 1116
247 864
247 602
247 958
247 527
247 376
247 540
247 635
247 643
247 525
247 209
247 481
247 557
247 1092
247 399
247 405
247 164
247 597
247 636
247 115
247 813
247 886
247 451
591 229
591 1078
160 811
160 376
160 730
160 250
160 599
160 95
160 872
160 926
160 205
160 694
500 1130
500 376
500 1048
500 465
500 76
500 525
500 772
500 530
500 941
500 481
500 188
500 436
500 1092
500 433
500 945
500 486
500 648
500 302
500 1104
500 68
113 111
113 843
113 300
113 140
113 400
113 515
113 478
113 935
113 824
113 936
1116 602
1116 540
1116 257
1116 916
1116 167
1116 557
1116 1051
1116 636
1116 115
1116 762
864 656
864 540
864 859
864 516
864 184
864 525
864 894
864 1036
722 602
722 1130
722 1048
722 465
722 923
722 841
722 250
722 780
722 848
722 629
722 481
722 973
847 915
847 251
847 183
602 768
602 1096
602 279
602 260
602 784
602 250
602 167
602 143
602 1051
602 1092
602 1036
602 236
602 505
602 1079
338 635
338 315
338 408
338 246
604 332
604 651
604 298
604 601
332 651
332 590
332 295
332 481
656 528
656 856
656 841
656 184
656 1019
656 381
656 994
656 543
656 126
656 1053
51 540
651 858
651 559
651 829
651 433
573 561
573 528
573 171
573 298
573 614
573 618
573 524
858 540
858 875
858 1037
858 164
958 692
958 1130
958 489
958 931
958 854
958 481
958 121
958 278
283 1035
283 823
283 171
283 76
283 923
283 207
283 820
283 669
283 243
283 711
283 255
952 1130
952 281
952 291
952 862
952 833
952 747
952 587
952 86
952 770
952 816
811 601
811 242
811 896
811 95
811 926
811 399
811 206
811 981
692 266
692 376
692 171
692 614
692 1000
692 584
148 915
148 95
148 919
148 950
148 344
148 1120
407 961
146 672
146 643
146 1060
357 843
357 478
357 877
357 299
357 432
659 199
659 559
659 328
659 343
1033 229
1033 715
396 971
396 612
396 530
396 75
396 469
396 544
396 788
396 938
396 759
396 390
562 1048
562 465
562 601
562 1111
562 590
562 1100
562 720
562 242
562 700
562 730
562 20
562 250
562 926
562 918
562 833
562 558
562 1045
562 755
1130 143
1130 985
1130 323
1130 433
1130 164
1130 713
1130 519
108 1061
108 295
108 481
108 840
108 570
108 886
108 451
108 236
108 351
108 1
108 555
479 70
479 171
479 76
479 471
479 592
479 841
479 362
479 345
479 916
479 669
479 642
479 914
479 792
769 76
769 408
769 746
769 133
969 785
969 329
969 404
969 618
969 643
969 1060
969 315
969 849
969 1018
969 369
969 98
8 611
8 1007
8 635
8 730
8 844
8 95
8 717
645 907
645 171
645 350
645 150
645 270
645 1058
645 95
645 1051
645 483
645 642
645 579
645 978
1035 105
1035 820
1035 583
386 1115
386 478
386 936
386 877
386 299
386 771
386 1029
386 1091
386 1118
611 592
611 730
611 69
611 844
611 926
611 715
611 765
611 210
145 841
145 941
518 678
527 705
527 112
527 158
527 525
527 268
527 363
443 76
443 702
559 1008
559 150
559 614
559 829
559 916
559 1108
559 271
559 1051
559 466
559 45
559 507
333 268
333 621
333 459
333 887
333 341
504 670
823 170
823 854
823 923
823 207
823 472
823 255
823 334
823 623
823 634
823 154
823 532
823 839
823 56
670 785
670 965
670 724
670 1050
670 534
554 76
554 702
554 262
554 676
554 598
554 820
554 243
554 91
162 853
162 1073
162 1060
162 220
162 444
162 45
266 1058
266 168
170 702
170 634
452 1076
452 548
845 470
845 965
845 910
845 622
1088 829
1088 184
1088 557
1088 901
907 1048
907 1096
907 171
907 439
907 619
907 150
907 260
907 362
907 84
907 979
907 829
907 784
907 167
907 1108
907 750
907 284
907 557
907 45
907 157
907 507
907 825
907 483
907 680
907 901
907 256
907 219
907 852
907 727
971 632
971 841
971 1058
971 550
971 544
971 993
737 528
737 96
737 877
737 432
473 597
768 853
768 612
768 967
768 47
768 329
768 185
768 189
768 608
768 439
768 594
768 150
768 385
768 54
768 454
768 303
768 855
768 137
768 830
768 740
177 1008
177 701
376 328
376 257
376 150
376 82
376 423
376 665
376 507
540 753
540 1013
540 662
540 485
540 124
540 93
328 312
328 82
328 1085
1076 678
1076 1111
1076 635
1076 20
1076 250
1076 599
1076 95
1076 209
1076 389
1076 253
1076 553
1076 1078
1076 981
1076 548
1059 270
1059 677
710 753
710 582
710 424
710 425
753 582
753 70
753 1008
753 124
582 1008
582 381
582 914
582 1039
582 948
582 690
582 742
582 327
307 379
307 661
307 635
307 837
307 345
307 83
307 164
307 258
307 919
307 15
307 438
307 1098
307 628
307 615
70 82
70 95
70 780
70 1011
70 799
70 421
70 424
70 567
379 294
379 260
379 83
379 1093
379 258
379 438
1048 678
1048 616
1048 601
1048 1111
1048 720
1048 635
1048 84
1048 730
1048 347
1048 941
1048 704
1048 205
1048 486
1048 822
1048 902
237 875
237 853
237 787
237 724
476 245
954 875
954 105
954 695
954 391
954 3
875 105
875 1125
875 1064
875 306
875 829
875 312
875 293
875 405
875 3
875 1052
853 1064
853 1073
853 404
853 972
853 82
853 643
853 293
853 1060
853 926
853 245
853 758
105 695
105 686
105 3
1125 1064
1125 592
1125 57
1064 217
1064 306
695 60
695 537
695 429
785 404
785 576
785 251
785 965
785 444
785 290
785 60
785 724
217 306
1008 528
1008 1096
1008 171
1008 298
1008 76
1008 189
1008 730
1008 614
1008 1037
1008 1108
1008 271
1008 800
1008 627
257 1081
257 635
257 481
257 164
257 548
257 885
528 171
528 1073
528 678
528 189
528 614
528 896
528 1037
528 478
528 994
528 973
1096 47
1096 185
1096 439
1096 619
1096 150
1096 260
1096 186
1096 1026
1096 784
1096 916
1096 167
1096 271
1096 1051
1096 267
1096 825
1096 240
1096 948
1096 850
171 1073
171 511
171 815
171 592
171 47
171 189
171 404
171 979
171 614
171 916
171 83
171 780
171 315
171 207
171 515
171 271
171 550
171 421
171 478
171 1042
171 382
171 253
171 348
171 792
171 1091
171 342
171 90
489 601
489 720
489 229
489 83
489 383
489 862
489 522
489 278
489 311
489 159
489 42
298 614
298 941
298 271
298 61
298 863
1073 731
1073 840
1073 327
511 471
511 185
511 84
511 1037
511 385
511 530
511 387
931 601
931 683
931 165
931 726
931 549
678 465
678 349
678 601
678 720
678 629
678 550
678 1115
678 472
678 571
678 714
678 572
678 339
678 310
678 447
678 922
465 601
465 590
465 1100
465 253
465 553
465 1120
465 610
465 461
612 1097
612 815
612 632
612 967
612 189
612 619
612 150
612 270
612 964
612 1019
612 284
612 544
612 251
612 761
612 901
612 54
612 454
612 303
612 855
612 740
612 327
612 552
612 1077
612 337
732 548
30 972
30 1060
30 477
349 730
349 780
349 207
349 872
349 760
349 478
349 926
349 399
349 121
349 204
309 661
854 720
854 295
854 915
854 389
151 471
151 557
151 348
151 324
151 496
151 130
151 1113
151 85
151 193
151 94
151 241
151 1024
294 191
294 481
294 1093
616 590
616 898
661 987
661 164
661 261
661 492
1061 720
1061 1115
1061 570
1061 1013
1061 945
1061 393
1061 236
1061 981
1061 1091
605 1094
605 134
605 704
605 143
605 765
605 46
605 399
605 587
605 989
605 493
605 1001
605 1090
1007 841
1007 408
1007 869
1007 926
1007 251
1007 770
1007 988
601 471
601 1111
601 1100
601 720
601 632
601 295
601 730
601 675
601 544
601 865
601 1045
601 642
601 339
601 331
76 471
76 1097
76 923
76 841
76 509
76 385
76 207
76 702
76 408
76 941
76 57
76 262
76 676
76 482
76 598
76 820
76 711
76 623
76 426
76 736
76 748
76 1066
471 619
471 841
471 186
471 979
471 1058
471 385
471 315
471 271
471 750
471 37
471 557
471 1051
471 267
471 45
471 1054
471 122
471 1124
471 687
471 948
471 241
471 1024
471 778
471 1106
1097 185
1097 964
1097 303
1097 740
1111 242
1111 635
1111 20
1111 250
1111 347
1111 32
1111 486
1111 687
1111 587
1111 342
1111 836
355 132
355 164
355 15
289 173
289 1000
173 972
173 966
173 1031
590 92
590 780
590 1011
590 749
306 470
306 534
815 1000
1100 242
1100 1045
1100 988
1100 836
923 385
923 315
923 207
923 702
923 941
923 584
923 226
923 1013
923 598
923 1045
923 711
923 56
923 175
923 949
923 513
720 242
720 592
720 841
720 730
720 399
720 717
720 572
720 1090
720 836
242 250
242 794
242 988
589 700
589 69
589 688
589 210
632 964
632 530
632 761
592 635
592 134
592 869
592 825
279 829
279 893
1081 88
229 635
229 837
229 641
229 69
229 541
229 829
229 1122
229 83
229 917
229 383
229 448
229 862
229 1063
229 522
229 976
229 210
229 930
229 832
229 25
229 198
229 487
961 829
961 191
961 481
961 622
961 990
961 821
635 404
635 88
635 270
635 1122
635 134
635 143
635 549
635 205
635 1110
635 687
635 330
635 708
635 908
856 833
856 543
856 126
967 329
967 608
967 594
967 373
47 329
47 185
47 189
47 608
47 439
47 594
47 150
47 270
47 167
47 750
47 825
47 560
47 454
47 855
329 185
329 189
329 608
329 439
329 251
329 849
329 560
329 454
329 305
185 189
185 439
185 594
185 167
185 901
189 608
189 439
189 594
189 150
189 186
189 271
189 251
189 1031
189 303
189 855
189 740
189 337
608 439
608 594
608 150
608 157
608 560
608 454
608 740
439 594
439 167
439 825
594 1051
594 337
350 260
350 345
350 1051
350 126
350 642
350 454
350 748
619 260
619 979
619 270
619 784
619 916
619 1108
619 750
619 284
619 1092
619 267
619 157
619 507
619 483
619 680
619 543
619 901
619 256
619 219
619 852
619 727
619 231
404 1060
404 965
404 45
404 1050
404 534
404 725
88 915
88 95
88 918
88 1121
88 524
88 86
88 1117
841 869
841 1120
841 424
841 1090
841 633
150 643
150 184
150 167
150 825
150 855
150 830
150 850
150 373
150 545
150 693
150 1034
700 549
700 1121
700 330
700 1045
700 1120
700 48
260 979
260 1026
260 916
260 780
260 167
260 1108
260 750
260 284
260 267
260 348
260 122
260 1124
260 454
260 855
260 193
260 94
260 748
260 891
260 607
837 541
837 385
362 483
362 85
362 748
362 373
295 291
295 323
295 86
295 778
972 1042
972 800
576 966
576 470
576 965
576 477
576 910
576 942
576 725
576 371
509 916
509 918
509 946
509 224
641 385
641 550
641 251
641 3
641 832
345 916
345 544
345 121
345 232
859 829
913 186
913 1086
913 474
186 1086
186 979
186 27
186 750
186 825
186 994
186 826
186 368
1086 84
1086 658
1086 45
1086 474
1086 994
1086 1039
1086 327
84 979
84 27
84 784
84 916
84 1051
84 945
84 157
84 507
84 642
84 855
979 27
979 270
979 784
979 916
979 1108
979 271
979 680
979 855
979 1077
979 575
27 750
27 449
1026 270
1026 750
1026 557
1026 267
1026 157
1026 348
1026 122
1026 193
270 750
270 557
270 267
270 901
270 1034
1058 916
1058 662
730 250
730 23
730 596
730 869
730 760
730 926
730 317
730 205
730 945
730 973
730 902
964 544
964 759
69 83
69 862
69 687
69 210
915 629
915 1011
915 779
915 950
915 538
915 533
1128 140
1128 1069
1128 515
1128 478
1128 764
1128 299
614 271
614 1042
614 994
541 688
1074 843
1074 1115
1074 478
1074 936
1074 736
1074 5
896 399
896 180
20 158
20 833
20 1078
20 86
20 572
112 664
112 621
112 23
112 887
112 870
112 391
112 717
112 771
112 327
112 420
112 947
112 873
829 1122
829 140
829 423
829 271
829 1057
829 1115
829 570
829 994
829 1078
829 901
829 485
829 885
829 43
829 933
158 268
158 776
158 281
158 621
158 363
784 483
784 855
784 287
92 448
92 68
92 914
92 742
92 447
92 749
92 1083
92 273
1037 271
1037 1013
1037 725
1037 233
916 385
916 167
916 341
916 1108
916 750
916 284
916 508
916 1013
916 267
916 157
916 507
916 496
916 483
916 680
916 901
916 256
916 219
916 852
916 727
916 575
312 482
618 643
82 408
82 750
82 45
643 61
643 603
516 525
516 686
470 391
470 965
470 910
470 38
470 622
184 525
184 167
184 657
184 662
184 543
184 1053
191 673
191 844
191 73
191 926
191 37
191 143
1060 385
1060 1018
1060 382
1060 369
1060 245
843 848
843 718
843 96
843 629
843 478
843 451
843 936
843 5
843 626
252 599
962 474
844 621
844 23
844 869
844 205
844 308
844 669
844 989
844 314
250 1094
250 599
250 347
250 143
250 317
250 765
250 46
250 918
250 205
250 558
250 993
250 902
250 773
250 735
300 478
300 1013
1122 772
1122 251
1122 715
1122 165
1122 1067
1122 568
1122 117
1122 419
1122 188
1122 996
1122 893
1122 272
1122 1101
1122 699
1122 196
1094 347
1094 143
1094 765
1094 399
599 1078
599 890
83 385
83 311
95 32
95 570
95 486
95 86
95 43
95 631
95 803
1099 1012
1099 323
1099 86
1099 816
1099 633
1099 1068
1099 960
1099 187
140 531
140 718
140 629
140 1069
140 400
140 515
140 809
140 1115
140 478
140 418
140 299
140 90
140 533
140 933
140 62
140 141
140 19
140 939
140 340
140 127
140 52
140 763
73 570
259 694
259 232
259 890
259 192
772 165
772 188
772 996
772 265
772 741
772 1104
772 699
772 174
434 488
780 1011
780 760
780 726
780 164
780 221
780 937
134 385
134 315
134 760
134 143
134 765
134 399
134 587
134 738
134 648
134 1001
134 773
385 207
385 750
385 421
385 544
385 1129
385 669
385 567
385 447
385 949
385 410
385 564
315 621
315 408
315 132
315 278
315 669
531 515
531 550
531 418
531 764
531 299
531 789
1000 365
848 169
848 1115
848 935
848 432
848 626
848 706
664 401
664 268
664 887
664 418
718 169
718 1069
718 922
718 533
718 5
718 62
718 58
812 478
677 359
677 1115
677 478
677 736
677 16
401 169
401 226
401 597
401 634
401 736
401 5
401 16
359 400
359 1115
359 478
359 558
359 482
359 1046
359 935
359 877
359 179
359 846
96 432
96 771
96 533
169 629
169 1069
169 400
169 835
169 776
169 281
169 878
169 478
169 935
169 1029
169 533
169 314
169 19
169 706
169 304
169 296
169 975
169 89
629 1069
629 760
629 478
629 935
629 1091
629 1118
629 533
629 340
268 887
268 363
268 779
1069 515
1069 472
1069 418
1069 299
1069 90
1069 533
1069 62
1069 939
1069 58
400 478
400 418
400 52
400 924
400 1082
207 702
207 226
207 746
207 820
207 623
207 839
207 1032
1131 835
835 776
835 391
835 878
835 208
835 570
835 296
702 262
702 746
702 820
702 38
702 623
702 634
702 839
702 263
1119 1117
776 208
776 296
733 281
733 1012
733 9
733 1117
733 565
281 43
281 216
621 459
621 887
621 435
621 657
621 704
621 825
408 760
408 726
408 149
408 399
408 694
408 1104
530 675
530 544
167 760
167 750
167 267
167 157
167 825
167 855
167 137
167 240
167 545
167 2
675 544
675 761
675 912
459 125
23 870
23 391
23 341
23 704
23 208
23 454
23 85
23 947
887 870
887 1105
887 208
887 919
887 950
870 132
870 258
870 2
1019 477
1019 543
1019 126
1019 1053
1019 54
1019 740
1019 1039
1019 327
1019 368
1019 65
515 478
515 418
515 764
515 299
515 789
320 131
347 684
951 941
951 444
951 1018
951 787
951 34
951 669
132 200
132 251
132 164
132 15
132 803
878 208
1011 129
1011 1057
1011 276
1011 15
1011 68
1011 274
31 251
799 200
799 421
799 424
799 567
799 336
129 760
129 15
129 68
200 421
200 425
457 989
50 548
941 765
941 521
941 1013
941 945
941 1079
941 211
809 862
809 418
596 384
869 989
869 982
872 760
872 890
1108 750
1108 157
1108 507
1108 483
1108 126
1108 219
1108 727
271 421
271 800
271 6
271 1013
271 959
271 789
550 800
550 382
550 935
550 959
1057 925
1057 274
1057 202
760 389
760 926
760 399
760 15
760 451
760 957
389 15
750 284
750 557
750 45
750 157
750 507
750 483
750 680
750 256
750 219
750 852
750 727
491 926
491 558
491 755
491 696
491 637
1115 478
1115 472
1115 935
1115 936
1115 432
1115 1029
1115 714
1115 626
1115 793
381 444
381 1013
381 994
381 126
381 1053
381 914
381 890
381 456
75 544
469 865
469 959
421 424
421 425
421 567
421 336
72 912
1023 914
1023 424
1023 567
1023 336
1023 153
1023 983
704 926
704 251
704 143
704 765
704 399
704 121
704 587
478 251
478 399
478 935
478 697
478 764
478 936
478 299
478 432
478 771
478 1029
478 736
478 533
478 52
472 451
472 936
472 179
18 970
18 622
926 715
926 46
926 399
926 988
926 637
925 414
284 290
284 157
284 483
284 680
284 219
284 852
284 727
291 862
291 833
291 778
291 633
544 788
544 759
251 165
251 1067
251 1093
251 46
251 833
251 676
251 638
251 597
251 978
251 1022
251 156
251 322
251 1070
251 239
794 981
800 466
147 418
965 910
965 724
965 38
481 558
481 121
481 482
481 1012
481 1046
481 1034
37 726
37 861
683 937
683 814
143 765
143 66
143 46
143 1013
143 587
143 738
143 308
143 648
143 493
143 1001
143 1090
143 988
143 120
497 205
557 1051
557 267
557 825
557 348
557 1054
557 1124
557 496
557 483
557 130
557 241
557 1024
557 1106
1051 267
1051 45
1051 157
1051 348
1051 1054
1051 324
1051 241
444 1018
444 290
444 61
444 45
444 240
444 354
849 369
849 122
849 225
849 1016
1018 787
1018 34
1018 369
290 45
161 523
161 534
335 715
715 165
715 568
715 419
715 765
715 272
715 638
715 912
715 42
715 1090
715 410
715 793
715 968
787 34
787 724
787 534
326 45
326 523
326 949
34 1032
488 117
488 419
165 568
165 1063
165 912
165 519
1067 568
917 210
208 296
383 522
383 159
383 891
688 210
448 862
448 68
448 930
448 97
448 353
1093 985
1093 43
862 311
862 832
862 980
862 445
862 546
862 1043
862 1004
905 187
985 1012
985 713
6 81
568 398
117 419
117 699
188 1104
996 121
851 508
60 686
60 1006
1063 210
1092 825
1092 642
522 210
522 159
522 25
522 891
522 97
508 398
508 196
726 121
382 142
382 149
382 783
382 658
142 149
149 783
1025 168
1025 534
510 369
510 719
1129 399
1129 449
1129 168
61 365
61 477
61 994
666 911
176 755
765 46
765 399
765 587
765 738
765 308
46 587
46 1090
918 549
918 1121
918 762
918 1120
918 1117
253 461
253 371
253 934
253 128
253 235
833 755
399 121
399 587
399 308
399 836
399 696
549 893
549 1121
549 10
549 48
549 1004
205 638
558 482
558 1046
558 1028
1002 80
963 232
262 820
262 91
676 387
676 669
676 999
226 820
226 634
226 263
521 464
1013 405
1013 477
1013 227
1013 893
1013 43
1013 626
1013 1022
993 901
746 820
482 1046
482 755
482 908
405 901
598 911
820 777
369 365
369 534
3 994
3 984
477 984
477 512
477 1112
910 38
910 56
910 371
1012 86
323 86
227 168
893 994
945 5
945 888
1046 950
1046 877
1046 538
1046 179
1046 846
1046 89
1046 29
486 762
486 755
486 988
486 773
935 451
935 432
935 706
935 179
935 29
788 959
788 138
788 920
788 759
164 792
164 93
164 2
258 438
248 946
248 620
638 989
919 636
938 327
119 398
267 1054
267 324
267 1124
267 130
267 1113
267 241
267 1024
267 375
45 157
45 507
45 825
45 588
45 942
157 507
157 483
157 256
157 219
157 852
157 727
157 231
238 373
238 368
238 287
507 642
825 483
825 241
825 545
825 693
825 1034
474 708
474 368
474 287
976 1104
761 1077
884 441
523 949
348 324
348 496
348 94
348 241
1054 122
1054 324
1054 496
1054 168
1054 241
122 324
122 496
122 130
122 241
324 496
324 241
496 130
496 225
687 210
330 10
10 636
483 994
483 680
483 256
483 219
483 852
418 764
418 299
418 62
418 127
418 52
418 763
418 1084
553 339
553 461
9 565
15 438
15 68
15 274
15 903
367 741
897 17
587 738
587 1090
738 648
738 908
738 120
684 1090
684 1020
308 648
449 373
741 740
994 543
994 126
994 1053
994 901
724 534
168 534
560 256
560 454
560 303
560 240
560 552
680 256
680 219
680 852
680 727
441 273
441 1022
441 322
441 97
441 791
998 543
438 425
438 983
774 863
725 802
764 299
764 939
764 789
764 888
543 126
543 1053
597 736
597 16
636 1120
451 824
451 432
694 232
648 1001
648 1090
648 202
302 755
68 274
936 771
936 1091
936 58
936 1123
183 793
1079 373
126 1053
126 327
1053 653
669 642
669 756
669 1021
669 956
243 711
243 91
86 633
877 706
877 846
877 89
877 29
299 789
299 1082
299 29
432 706
432 16
432 89
432 29
755 572
713 1029
519 771
519 1029
519 1118
519 311
519 691
642 114
914 742
914 749
792 946
792 224
792 2
579 373
579 114
771 1029
771 691
1029 691
1091 1118
1091 706
1091 179
1091 940
623 403
839 577
901 804
256 219
256 852
256 727
219 852
219 727
852 727
54 303
54 740
54 552
454 231
454 1047
303 740
303 742
830 240
830 850
830 373
830 545
830 693
830 1034
830 735
240 850
240 373
240 545
240 1034
740 159
740 552
485 574
124 93
93 202
424 567
424 983
1039 327
1039 65
742 615
742 1083
742 273
742 1022
742 322
327 368
327 287
628 1022
628 322
628 97
628 791
567 336
567 153
567 983
885 99
850 545
850 1034
342 1028
311 939
159 891
714 793
339 49
310 735
310 450
447 749
447 273
461 371
461 934
130 1113
130 1024
1113 85
85 748
989 1001
988 836
736 533
736 5
736 16
748 607
748 456
748 375
778 909
832 980
832 1004
373 545
1117 360
633 156
545 1034
545 499
371 934
946 2
224 2
232 890
368 287
533 5
533 52
533 89
533 691
180 360
420 366
43 216
43 991
1083 273
1083 1022
1083 322
1083 791
273 1022
273 322
273 1070
273 791
890 59
1068 187
1068 156
187 156
939 494
340 888
52 1082
410 97
706 179
706 846
706 89
706 29
846 89
846 29
89 29
1082 691
274 1109
983 791
1022 322
1022 1070
1022 97
1022 791
322 1070
322 97
1070 791
120 35
97 353
980 1004
980 402
934 1056
128 235
29 691
285 285
