646 838
646 87
646 280
646 1112
646 620
646 627
646 787
646 776
646 703
646 434
646 149
646 363
646 385
646 457
646 2
646 802
646 180
646 337
646 307
646 978
646 341
646 683
646 281
646 1117
646 708
646 913
646 328
646 1118
646 995
646 1084
838 87
838 280
838 620
838 627
838 787
838 776
838 703
838 434
838 363
838 2
838 180
838 337
838 307
838 341
838 281
838 668
838 795
838 847
838 23
838 702
838 351
87 280
87 620
87 627
87 787
87 776
87 434
87 149
87 363
87 2
87 180
87 337
87 307
87 978
87 341
87 683
87 913
87 328
87 795
87 1104
87 540
87 93
87 664
87 941
87 239
87 360
87 170
87 880
87 359
87 448
87 938
87 721
87 833
87 1054
87 893
87 118
87 694
280 434
280 341
280 170
280 567
280 919
280 390
280 601
280 185
280 569
280 452
280 526
280 74
280 368
280 989
280 1023
280 1041
280 313
280 403
280 292
1112 620
1112 363
1112 982
1112 761
1112 641
1112 207
1112 647
1112 1078
620 627
620 787
620 363
620 2
620 180
620 341
620 913
620 328
620 795
620 587
620 171
620 1034
620 479
620 706
620 798
620 140
620 832
627 776
627 703
627 363
627 457
627 2
627 337
627 341
627 328
627 210
627 820
627 635
627 834
627 361
627 925
627 791
627 599
627 120
627 996
627 952
627 811
627 754
787 341
787 328
787 79
787 92
776 703
776 363
776 2
776 978
776 341
776 281
776 995
776 93
776 417
776 589
776 675
776 725
776 577
703 2
703 281
703 795
703 313
703 865
703 826
703 951
703 166
703 285
703 399
703 535
703 196
703 407
703 538
703 377
703 1115
703 168
703 443
703 654
703 778
703 673
703 55
703 531
703 868
703 729
703 953
434 180
434 337
434 307
434 1117
434 913
434 360
434 982
434 335
434 986
434 785
434 6
434 322
434 152
434 886
149 706
149 661
149 825
149 560
149 679
149 65
149 1081
149 818
149 1015
149 949
149 77
149 1075
149 155
149 176
149 768
149 70
363 385
363 2
363 180
363 341
363 281
363 328
363 360
363 1041
363 210
363 725
363 70
363 326
363 192
363 442
363 782
363 957
363 44
385 457
385 2
385 281
385 668
385 795
385 577
385 951
385 1079
385 654
385 778
385 152
385 969
385 173
385 1044
385 1132
385 739
385 485
385 1047
385 760
385 1066
385 402
385 611
385 1067
385 218
385 45
385 1103
385 212
385 294
385 174
385 426
385 789
385 852
385 525
457 683
457 668
457 795
457 210
457 791
457 778
457 760
457 1093
457 308
457 1053
457 470
457 907
457 521
457 841
457 723
457 103
2 281
2 995
2 668
2 795
2 694
2 207
2 675
2 865
2 654
2 531
2 729
2 462
2 384
2 718
2 928
2 1029
2 197
2 992
2 1098
2 579
2 836
2 856
2 645
2 301
2 605
2 831
2 716
2 780
2 1042
2 1129
2 842
2 21
2 125
2 861
2 975
2 1019
2 534
2 268
2 1057
2 524
2 542
802 281
802 795
802 535
802 927
802 181
180 337
180 978
180 341
180 683
180 1117
180 708
180 913
180 351
180 1104
180 769
180 662
180 107
337 307
337 351
337 93
337 313
337 1034
337 140
337 1115
337 274
337 470
337 162
337 1089
337 81
337 234
337 651
337 358
337 10
337 169
337 380
337 237
337 794
307 341
307 93
307 941
307 938
307 171
307 725
307 107
307 651
307 184
307 41
307 575
307 1001
978 683
978 1117
978 1104
978 93
978 170
978 880
978 938
978 893
978 118
978 390
978 361
978 417
978 589
978 577
978 782
978 605
978 1042
978 125
978 927
978 237
978 71
978 545
978 631
978 532
978 1024
978 1063
978 254
978 24
978 198
978 728
978 733
978 1061
978 790
978 190
978 775
978 126
978 634
341 913
341 195
683 1117
683 351
683 1104
683 664
683 941
683 239
683 360
683 170
683 938
683 893
683 587
683 996
683 6
683 322
683 65
683 525
683 1029
683 856
683 662
683 1089
683 794
683 545
683 733
683 383
683 857
683 414
683 821
683 819
683 507
683 597
683 405
683 1128
683 889
683 629
683 1086
683 1028
683 309
683 1051
683 812
683 441
683 753
683 967
683 671
683 233
683 632
683 49
281 995
281 668
281 919
281 313
281 865
281 826
281 951
281 1079
281 535
281 377
281 1115
281 168
281 778
281 1047
281 760
281 212
281 525
281 857
281 260
281 386
281 290
281 145
281 1020
281 492
281 250
281 1049
281 429
281 1107
281 793
281 518
281 100
1117 708
1117 1104
1117 601
1117 569
1117 55
1117 662
1117 380
1117 821
1117 290
1117 370
1117 594
1117 509
1117 756
1117 221
1117 31
913 351
913 313
913 140
913 916
913 470
913 1089
913 234
913 10
913 380
913 309
913 372
913 722
913 875
913 75
328 795
328 525
328 651
328 967
328 872
328 593
1118 949
1118 882
1118 222
1118 563
1118 684
1118 117
1118 95
1118 113
995 795
995 448
995 174
995 718
995 1029
995 746
995 579
995 1129
995 534
995 1126
995 1111
995 128
995 199
995 477
995 800
995 26
995 557
995 1077
995 688
995 1026
995 413
1084 360
1084 893
1084 589
1084 782
1084 836
1084 71
1084 254
1084 775
1084 179
1084 884
1084 382
1084 663
1084 965
1084 143
1084 758
1084 555
1084 491
1084 258
1084 742
1084 482
195 1065
668 795
795 118
795 313
795 865
795 525
795 39
795 596
351 721
351 81
351 651
351 169
351 184
351 728
351 1128
351 309
351 884
351 1114
351 295
351 657
351 705
351 468
351 788
351 962
351 279
351 28
1104 93
1104 664
1104 941
1104 360
1104 170
1104 938
1104 833
1104 675
1104 577
1104 794
1104 71
1104 545
1104 1063
1104 821
1104 684
1104 117
1104 663
1104 546
1104 3
1104 262
1104 699
1104 660
540 664
540 170
540 880
540 448
540 893
540 694
540 919
540 675
540 782
540 856
540 597
540 555
540 546
540 3
540 14
540 27
540 835
540 391
540 201
540 288
540 539
540 493
540 879
93 170
93 880
93 359
93 938
93 721
93 893
93 569
93 599
93 417
93 725
93 6
93 322
93 103
93 718
93 1042
93 10
93 380
93 71
93 545
93 631
93 1063
93 126
93 383
93 1128
93 143
93 28
93 546
93 3
93 660
93 715
93 984
93 273
93 85
93 512
93 106
93 844
93 269
93 287
93 839
93 822
664 239
664 360
664 938
664 706
664 589
664 675
664 6
664 782
664 71
664 889
664 31
664 117
664 663
664 965
664 758
664 491
664 258
664 546
664 3
664 262
664 85
664 839
664 827
664 741
664 1108
664 1070
664 887
664 902
664 1062
664 998
664 915
664 653
664 150
664 264
664 42
664 353
664 86
664 283
664 336
664 519
664 578
664 815
664 445
664 408
664 867
664 404
664 423
941 170
941 794
941 405
941 233
941 343
239 833
239 322
239 663
239 1065
239 1070
239 1062
239 830
239 876
239 278
239 11
239 277
239 1045
239 643
239 585
239 154
360 938
360 982
360 785
360 103
360 662
360 254
360 775
360 965
360 133
360 3
360 391
360 312
360 1092
360 68
360 401
360 764
360 588
360 395
360 1013
170 359
170 833
170 567
170 919
170 390
170 569
170 526
170 368
170 1023
170 1041
170 403
170 292
170 171
170 184
170 545
170 233
170 962
170 512
170 815
170 154
170 96
170 804
170 972
170 1090
170 591
170 541
170 608
880 589
880 491
880 898
359 518
359 663
359 879
359 1035
448 893
448 118
448 694
448 210
448 1078
448 925
448 675
448 196
448 868
448 1053
448 579
448 836
448 605
448 21
448 184
448 405
448 1028
448 429
448 31
448 1126
448 477
448 800
448 413
448 1114
448 201
448 150
448 102
448 936
448 896
448 276
448 501
448 1007
448 98
448 1002
938 833
938 171
938 103
938 107
938 184
938 71
938 775
938 889
938 117
938 557
938 965
938 258
938 546
938 879
938 715
938 423
938 38
938 888
721 893
721 694
721 675
721 790
721 405
721 258
721 482
721 28
721 546
721 493
721 715
721 447
721 388
721 840
721 843
721 561
721 1099
721 349
833 171
833 868
833 785
833 322
833 1015
833 782
833 525
833 107
833 184
833 532
833 728
833 405
833 290
833 113
833 965
833 758
833 482
833 962
833 391
833 539
833 879
833 867
833 585
833 926
833 1060
833 333
833 553
833 890
833 160
833 997
833 574
833 604
833 64
1054 292
893 210
893 832
893 778
893 1093
893 1053
893 907
893 841
893 103
893 597
893 113
893 179
893 382
893 657
893 546
893 839
893 333
893 837
893 147
893 362
893 743
893 108
893 550
118 694
118 868
118 579
118 775
118 1126
118 557
118 27
118 369
118 747
694 207
694 675
694 868
694 785
694 718
694 1029
694 579
694 836
694 831
694 1042
694 842
694 21
694 125
694 1020
694 429
694 1026
694 663
694 758
694 27
694 288
694 150
694 42
694 896
694 878
694 1123
694 638
694 1073
694 505
567 919
567 390
567 526
567 74
567 368
567 1041
567 292
567 81
567 233
567 512
567 401
567 96
567 1055
567 151
567 582
567 1000
567 977
567 571
567 298
567 436
567 988
567 439
567 62
567 549
919 390
919 569
919 526
919 368
919 989
919 1041
919 292
919 577
919 1079
919 778
919 462
919 605
919 733
919 233
919 962
919 512
919 96
919 501
919 182
919 167
919 1101
919 158
919 191
919 130
919 17
919 686
390 569
390 526
390 368
390 1041
390 403
390 292
390 1061
390 233
390 96
390 591
390 1125
390 828
390 82
390 572
601 1091
185 526
185 1023
185 986
185 1001
185 878
185 1091
185 983
185 320
185 609
569 526
569 368
569 989
569 403
569 292
569 825
569 818
569 155
569 1053
569 856
569 507
569 1065
569 273
569 512
569 151
569 144
569 127
569 892
452 403
452 155
452 804
452 151
452 851
452 677
452 732
526 74
526 1023
526 1041
526 292
526 834
526 233
526 988
526 1091
526 851
526 881
74 1023
74 834
74 233
74 591
74 1055
74 151
74 582
74 298
74 988
74 1091
74 881
74 665
74 265
74 249
74 1080
368 1041
368 403
368 292
368 233
368 113
368 715
368 96
368 121
989 380
989 233
989 386
989 591
989 1091
989 1101
989 158
989 636
989 488
989 595
989 188
1023 1041
1023 834
1023 233
1023 512
1023 591
1023 878
1023 1091
1023 983
1023 881
1023 665
1023 332
1041 292
1041 834
1041 268
1041 133
1041 391
1041 96
1041 608
1041 888
1041 108
1041 983
1041 851
1041 732
1041 19
1041 759
1041 917
1041 1087
1041 939
1041 1102
1041 829
1041 1076
313 1034
313 865
313 407
313 1066
313 402
313 525
313 651
313 237
313 967
313 884
313 3
313 888
313 191
313 686
313 991
313 1012
313 1038
403 6
403 651
403 804
403 1090
403 677
403 665
403 979
292 597
292 233
292 260
292 742
292 962
292 28
292 262
292 984
292 512
292 336
292 588
292 96
292 553
292 983
292 132
292 881
292 665
292 853
292 710
292 396
292 956
292 303
292 464
292 681
292 342
292 252
982 785
982 126
982 1128
982 269
982 585
982 401
982 598
982 840
982 550
982 829
982 1018
982 94
982 1095
982 697
982 933
982 1050
761 79
761 868
761 6
761 470
761 718
761 1029
761 605
761 651
761 728
761 290
761 108
761 127
761 892
761 649
761 895
761 786
761 208
761 696
761 752
641 77
641 768
641 507
641 546
641 369
641 115
641 932
641 431
641 266
641 621
210 587
210 706
210 675
210 407
210 377
210 778
210 949
210 155
210 1093
210 1053
210 470
210 907
210 841
210 723
210 651
210 507
210 405
210 113
210 1065
210 279
210 336
210 837
210 108
210 550
210 696
210 714
210 845
210 618
210 727
210 99
210 1096
210 57
210 810
210 1008
210 141
210 508
207 949
207 1029
207 26
207 401
207 200
647 285
647 1115
647 168
647 969
647 173
647 212
647 852
647 1093
647 197
647 965
647 656
1078 675
1078 785
1078 152
1078 579
1078 800
1078 555
1078 445
1078 734
1078 1032
587 798
587 675
587 196
587 531
587 969
587 212
587 308
587 405
587 1028
587 835
587 445
587 408
587 1032
587 157
587 960
587 1105
587 282
587 676
587 194
171 599
171 6
171 192
171 645
171 107
171 184
171 575
171 126
171 872
171 965
171 343
171 926
171 333
171 604
171 752
171 364
171 186
171 450
171 514
1034 599
1034 285
1034 212
1034 789
1034 525
1034 579
1034 651
1034 358
1034 169
1034 405
1034 309
1034 812
1034 756
1034 875
1034 741
1034 343
1034 604
1034 332
1034 514
1034 236
479 65
479 237
479 575
479 915
479 558
706 825
706 560
706 65
706 1015
706 155
706 768
706 70
706 663
706 546
706 508
706 1059
798 868
798 384
798 992
798 301
798 842
798 861
798 268
798 542
798 250
798 1026
798 578
798 408
798 595
798 731
798 302
798 78
798 444
140 599
140 916
140 651
140 839
140 1090
140 333
140 781
140 67
832 6
832 1093
832 99
820 925
820 384
820 992
820 645
820 268
820 775
820 595
820 302
820 846
820 584
820 630
635 333
635 362
635 440
635 430
635 137
834 233
834 260
834 336
834 96
834 804
834 591
834 1091
834 132
834 881
834 430
834 137
834 206
834 897
834 253
834 20
834 1021
834 311
361 1061
361 405
361 984
361 888
361 805
361 104
361 242
361 214
925 782
925 579
925 775
925 49
925 200
925 187
925 981
925 564
925 566
925 515
791 538
791 841
791 103
791 333
791 743
791 440
791 430
791 517
791 83
791 682
791 451
791 397
791 924
791 111
791 357
791 165
599 811
599 335
599 274
599 81
599 651
599 169
599 184
599 819
599 962
599 269
599 160
599 1096
599 781
599 67
599 897
599 381
599 750
599 1040
599 496
916 333
916 1040
120 754
120 269
120 160
120 311
120 12
120 633
952 67
952 111
952 678
952 427
811 322
811 841
811 440
754 67
79 868
79 986
79 1029
79 821
79 889
79 423
79 369
79 752
79 282
79 529
79 412
92 742
92 490
417 545
417 242
417 906
589 675
589 868
589 322
589 326
589 579
589 534
589 1026
589 965
589 423
589 320
589 251
675 196
675 868
675 729
675 1093
675 1029
675 992
675 746
675 579
675 836
675 856
675 645
675 301
675 605
675 1042
675 21
675 125
675 975
675 1019
675 534
675 662
675 124
675 254
675 775
675 1028
675 49
675 250
675 75
675 477
675 382
675 758
675 835
675 839
675 150
675 445
675 154
675 401
675 896
675 501
675 388
675 369
675 638
675 144
675 1095
675 157
675 444
675 299
675 48
675 899
675 1048
675 1005
675 205
675 813
675 777
675 659
675 352
675 766
725 6
725 274
725 597
725 742
725 660
725 264
725 371
725 1013
725 926
725 550
725 303
725 514
725 244
725 209
725 472
725 1120
725 1036
725 779
725 940
725 1074
725 91
725 231
725 610
725 248
725 945
725 379
577 868
577 525
577 1029
577 746
577 605
577 1019
577 24
577 857
577 1097
577 243
577 744
865 1115
865 518
951 407
951 377
951 778
951 525
951 1038
951 57
951 783
1079 399
1079 1115
1079 1044
1079 739
1079 1047
1079 760
1079 402
1079 426
1079 852
1079 889
1079 967
1079 965
1079 3
1079 701
1079 256
285 1115
285 778
285 6
285 173
285 1044
285 760
285 212
285 852
285 1038
285 905
399 407
399 426
399 57
399 783
535 297
535 181
535 733
535 290
535 879
535 333
535 744
535 1131
535 900
535 600
196 531
196 868
196 718
196 992
196 579
196 645
196 301
196 605
196 1042
196 21
196 125
196 861
196 405
196 1028
196 1020
196 722
196 75
196 1114
196 150
196 102
196 501
196 388
196 369
196 878
196 1016
196 48
196 777
196 640
196 602
196 985
196 116
196 814
196 973
407 377
407 1115
407 778
407 785
407 322
407 969
407 1047
407 1053
407 1038
407 57
538 301
538 98
538 747
538 488
538 165
538 484
538 666
377 778
377 1066
377 57
377 783
1115 1044
1115 739
1115 485
1115 760
1115 1066
1115 402
1115 1067
1115 45
1115 212
1115 174
1115 426
1115 852
1115 525
1115 651
1115 100
1115 663
1115 1038
1115 845
1115 57
1115 783
1115 246
168 1044
168 739
168 485
168 760
168 1066
168 1067
168 45
168 174
168 845
443 24
443 290
443 492
443 179
443 382
443 3
443 1090
443 1018
443 1095
443 319
443 674
443 700
443 272
778 212
778 1093
778 709
778 57
778 816
673 274
673 525
673 733
673 290
673 179
673 879
673 1090
673 486
673 607
673 489
55 666
531 1098
531 268
531 1028
531 388
531 302
531 813
531 777
531 659
531 220
531 420
868 274
868 525
868 718
868 1029
868 579
868 605
868 831
868 1019
868 81
868 575
868 1028
868 429
868 31
868 722
868 477
868 557
868 1077
868 1090
868 102
868 501
868 814
868 637
729 746
729 1126
729 299
729 899
953 718
953 301
953 1026
953 408
953 896
953 905
953 576
953 51
335 6
335 322
335 274
335 192
335 358
335 100
335 884
335 604
335 298
335 396
335 364
335 805
335 242
335 602
335 29
335 238
335 1017
335 770
335 885
986 1001
986 775
986 684
986 382
986 878
986 320
986 933
986 981
986 412
785 6
785 21
785 358
785 233
785 388
785 1055
785 727
6 322
6 825
6 662
6 794
6 728
6 117
6 962
6 715
6 85
6 287
6 68
6 447
6 843
6 298
6 549
6 364
6 186
6 253
6 248
6 409
6 806
6 891
6 54
6 5
322 192
322 308
322 1029
322 222
322 663
322 482
322 879
322 998
322 86
322 519
322 541
322 160
322 550
322 571
322 127
322 917
322 1095
322 186
322 67
322 897
322 607
322 129
322 904
322 425
322 565
322 365
322 1106
152 21
152 221
152 684
152 979
152 727
152 734
152 12
152 724
152 164
152 1088
152 339
274 886
274 525
274 125
274 1089
274 651
274 237
274 575
274 477
274 663
274 391
274 269
274 585
274 401
274 38
274 926
274 574
274 332
274 752
274 364
274 514
274 610
274 904
886 1089
886 794
661 1015
661 949
825 679
825 65
825 818
825 1015
825 949
825 77
825 155
825 768
825 507
825 509
825 684
825 117
825 179
825 663
825 965
825 133
825 546
825 336
825 127
825 892
825 508
825 659
825 373
825 138
825 950
825 848
560 679
560 768
560 546
560 373
560 40
679 65
679 1015
679 949
679 77
679 155
679 768
679 684
679 663
679 546
679 3
679 423
679 38
679 127
679 157
679 1059
679 659
679 40
679 859
65 1015
65 949
65 237
65 1051
65 594
65 663
65 741
65 336
65 277
65 1045
65 585
65 127
65 558
65 1059
65 496
65 40
65 72
65 894
65 502
65 726
65 556
65 968
1081 288
1081 998
1081 115
1081 266
1081 909
1081 480
1081 934
818 1015
818 155
818 768
818 1053
818 169
818 184
818 507
818 382
818 546
818 273
818 85
818 312
818 508
818 948
818 101
1015 949
1015 77
1015 1075
1015 155
1015 768
1015 1053
1015 162
1015 237
1015 113
1015 663
1015 546
1015 391
1015 273
1015 972
1015 892
1015 508
1015 217
949 155
949 768
949 1093
949 237
949 117
949 546
949 336
949 132
949 508
949 138
949 580
949 69
77 768
77 605
77 288
77 839
77 508
77 373
1075 155
1075 768
1075 1053
1075 507
1075 273
1075 892
1075 508
1075 486
1075 950
1075 217
155 768
155 1093
155 184
155 575
155 546
155 423
155 681
155 508
155 157
176 184
768 1053
768 575
768 507
768 509
768 273
768 932
768 266
768 508
768 40
768 948
768 217
768 69
768 321
768 1030
768 506
70 262
70 336
70 643
70 558
70 1059
70 211
70 135
70 784
70 516
70 883
70 4
326 534
192 169
192 1114
192 657
192 391
192 844
192 287
192 839
192 371
192 68
192 447
192 364
192 186
192 602
442 597
442 674
442 1017
782 545
782 663
782 965
782 758
782 1030
782 376
931 1093
931 264
931 283
931 659
931 231
931 473
931 291
931 586
931 963
931 495
957 1035
957 32
44 935
44 994
44 494
969 1093
969 1053
969 723
969 194
173 212
173 1029
173 197
173 992
173 100
173 1026
173 194
173 51
1044 800
1044 962
1044 167
1044 496
1044 467
1132 739
1132 1047
1132 760
1132 218
1132 889
1132 800
739 485
739 1047
739 760
739 1067
739 45
739 237
739 100
739 845
485 760
485 174
485 525
485 835
485 191
1047 169
1047 1038
760 169
760 800
760 1038
760 845
760 409
402 1101
611 194
1067 100
1067 845
212 852
212 525
212 1029
212 197
212 992
212 1057
212 1026
212 150
212 194
212 375
294 525
294 194
174 1001
426 967
426 783
852 197
852 117
852 1114
852 649
525 81
525 358
525 169
525 184
525 812
525 290
525 1049
525 518
525 1038
525 845
525 345
525 466
1093 1053
1093 907
1093 841
1093 723
1093 103
1093 1065
1093 14
1093 879
1093 741
1093 887
1093 353
1093 786
1093 658
1093 99
1093 440
1093 137
1093 397
1093 29
1093 1106
1093 859
1093 894
1093 1109
1093 392
1093 911
308 1053
308 841
308 103
308 605
308 405
308 141
308 533
1053 723
1053 507
1053 509
1053 179
1053 382
1053 546
1053 288
1053 273
1053 653
1053 312
1053 266
1053 57
1053 508
1053 157
1053 101
1053 506
1053 961
470 154
470 1090
470 649
470 960
470 430
470 412
470 906
470 904
470 763
907 336
907 108
907 99
907 236
907 911
521 553
521 550
521 714
521 157
521 514
521 472
521 91
521 248
521 304
521 63
521 456
521 559
841 103
841 333
841 362
841 157
841 440
841 83
841 682
841 159
723 658
723 99
723 508
103 113
103 333
103 83
462 605
462 297
462 532
462 145
462 388
462 144
462 576
462 929
462 463
384 1029
384 645
384 842
384 861
384 268
384 542
384 413
384 835
384 201
384 408
384 388
384 595
384 731
384 302
384 846
384 584
384 929
718 1029
718 645
718 1042
718 857
718 429
718 1126
718 1077
718 835
718 150
718 445
718 501
718 659
718 806
718 765
928 733
928 167
928 256
928 600
928 489
928 606
1029 197
1029 579
1029 645
1029 1042
1029 842
1029 125
1029 534
1029 1057
1029 169
1029 857
1029 405
1029 1028
1029 1020
1029 1126
1029 1026
1029 965
1029 835
1029 288
1029 150
1029 501
1029 388
1029 638
1029 1073
1029 846
1029 409
1029 220
1029 765
1029 616
1029 987
1029 1094
197 645
197 842
197 1057
197 1020
197 1026
197 150
197 987
197 410
992 645
992 301
992 605
992 842
992 861
992 268
992 542
992 1026
992 408
992 98
992 265
992 194
992 302
992 165
992 813
992 576
992 987
992 548
1098 861
1098 975
1098 534
1098 524
1098 386
1098 1020
1098 201
1098 674
1098 72
1098 987
1098 522
1098 327
1098 424
746 301
746 268
746 775
746 889
746 965
746 878
746 1095
746 444
746 981
746 299
746 48
746 899
746 1005
746 205
746 813
746 486
746 849
746 625
579 836
579 605
579 534
579 651
579 190
579 1028
579 250
579 429
579 1077
579 758
579 555
579 835
579 276
579 505
579 352
836 125
836 254
836 190
836 477
836 758
836 468
836 815
836 505
836 186
856 605
856 857
856 250
856 26
856 663
856 273
856 312
856 144
856 508
645 301
645 831
645 780
645 1042
645 1129
645 21
645 125
645 975
645 1019
645 534
645 254
645 857
645 629
645 1028
645 250
645 429
645 413
645 758
645 835
645 839
645 150
645 276
645 388
645 638
645 144
645 302
645 15
645 903
301 831
301 716
301 1042
301 1129
301 842
301 861
301 975
301 1019
301 268
301 542
301 1028
301 1020
301 250
301 555
301 150
301 408
301 388
301 302
301 777
301 576
301 548
301 547
605 1042
605 125
605 861
605 542
605 857
605 800
605 1026
605 835
605 445
605 501
605 388
605 220
831 842
831 975
831 1026
831 288
831 150
831 1073
831 165
716 842
716 268
716 1028
716 596
716 388
716 369
716 444
716 777
716 547
780 861
780 534
780 423
780 444
1042 125
1042 651
1042 1028
1042 800
1042 445
1042 423
1042 1013
1042 501
1042 388
1042 48
1042 905
1042 640
1042 576
1129 842
1129 861
1129 268
1129 1020
1129 408
1129 157
1129 814
1129 576
1129 1094
1129 547
842 21
842 861
842 975
842 268
842 542
842 1026
842 413
842 408
842 98
842 638
842 16
842 576
842 547
842 33
842 689
842 864
21 49
21 386
21 75
21 288
21 493
21 896
21 638
21 505
21 602
21 215
21 261
125 575
125 857
125 1028
125 835
125 1090
125 276
125 144
125 352
125 700
125 486
861 975
861 534
861 268
861 524
861 542
861 201
861 408
861 595
861 731
861 302
861 48
861 576
861 987
861 424
975 534
975 268
975 524
975 1020
975 150
975 501
975 846
975 48
975 420
975 987
975 520
1019 524
1019 575
1019 429
1019 320
1019 1095
1019 929
1019 689
534 1028
534 758
534 201
534 501
534 1038
534 157
534 846
534 165
534 251
534 52
268 542
268 1020
268 408
268 638
268 731
268 78
268 352
268 486
268 220
268 420
268 576
268 72
268 15
268 547
268 807
268 483
1057 150
1057 316
524 1020
524 201
524 709
524 846
524 813
524 987
524 424
542 731
542 302
542 506
542 912
542 178
927 686
927 649
927 985
927 422
297 3
297 686
297 900
297 600
297 1082
181 1082
769 829
662 557
662 715
662 839
662 277
662 595
662 1038
662 157
662 8
107 184
107 117
107 482
107 815
107 423
107 615
162 333
1089 651
1089 794
1089 370
1089 38
1089 104
1089 929
1089 0
81 794
81 575
81 728
81 143
81 657
81 803
651 10
651 380
651 237
651 794
651 575
651 728
651 733
651 233
651 722
651 875
651 839
651 501
651 888
651 853
651 364
651 558
651 253
651 496
651 91
651 486
651 904
651 134
651 394
651 503
651 740
651 393
651 603
358 269
358 614
10 790
10 722
10 371
10 926
10 890
10 997
10 342
10 1096
10 610
10 735
169 405
169 722
169 113
169 482
169 3
169 888
169 362
169 144
169 1038
169 364
169 451
169 750
169 496
169 1017
169 806
169 891
169 161
169 680
169 400
169 330
380 972
380 840
380 1060
380 604
380 549
380 249
380 618
380 5
380 1025
380 920
237 575
237 875
237 884
237 1035
237 127
237 558
237 1059
237 394
237 503
237 460
794 532
794 875
794 343
794 1007
794 38
794 888
794 463
794 257
184 575
184 405
184 113
184 482
184 879
184 42
184 371
184 926
184 108
184 439
184 364
184 514
184 315
41 68
41 157
41 1033
575 31
575 663
575 512
575 336
575 541
575 926
575 127
575 514
575 1059
575 496
575 112
575 1130
575 432
1001 839
1001 878
1001 320
1001 1064
71 545
71 1063
71 758
71 546
545 1063
545 391
545 815
545 364
532 382
532 822
532 42
532 38
532 265
532 709
532 929
532 0
532 156
532 59
1024 875
1063 24
1063 49
1063 879
1063 1090
1063 674
254 190
254 965
254 758
254 401
254 896
254 317
24 875
24 477
24 898
24 904
728 775
728 405
728 143
728 258
728 657
728 364
728 602
728 803
733 812
733 290
733 965
733 3
733 879
733 167
733 489
733 1110
733 324
733 639
733 757
1061 572
1061 141
1061 12
1061 242
1061 1074
1061 164
1061 304
1061 698
1061 923
1061 499
790 113
790 984
790 588
790 997
790 1096
790 91
790 454
790 568
190 468
775 429
775 722
775 965
775 401
775 638
775 1097
775 905
126 68
126 997
126 339
126 495
126 458
126 713
383 715
383 287
857 145
857 388
857 144
414 840
414 618
414 30
414 428
414 863
821 629
821 49
821 75
821 719
819 269
507 509
507 1065
507 144
507 115
507 932
507 508
507 129
507 373
507 259
507 767
597 113
597 482
597 546
597 660
597 391
597 539
597 715
597 984
597 283
597 371
597 1013
597 926
597 1096
597 779
597 1074
597 248
597 961
597 224
405 514
405 242
405 238
405 1017
405 904
405 228
405 823
1128 962
1128 839
1128 815
1128 364
1128 515
1128 1040
1128 393
1128 112
1128 745
1128 416
1128 959
889 117
889 965
889 262
889 85
889 42
889 423
889 1035
889 473
889 1110
889 773
889 189
889 318
1086 3
1086 320
1086 272
1086 626
1028 1026
1028 1108
1028 150
1028 896
1028 388
1028 878
1028 1016
1028 302
1028 220
1028 323
309 753
309 28
309 839
309 371
309 349
309 997
309 930
1051 594
1051 965
1051 915
1051 353
1051 585
1051 154
1051 997
1051 1059
1051 32
1051 773
1051 914
1051 720
812 26
812 489
812 1058
441 752
441 618
441 920
441 30
441 428
441 142
441 1122
441 990
441 110
753 371
753 1092
753 349
753 1096
753 67
753 472
753 999
967 85
967 42
967 1038
967 256
967 489
233 96
233 804
233 591
233 888
233 1091
233 881
632 3
632 686
49 179
49 353
49 401
49 1090
49 1035
49 252
49 1018
49 1059
49 319
49 72
49 726
260 1091
260 983
260 851
260 677
260 681
386 1020
290 793
290 657
290 879
290 167
290 727
290 757
290 918
290 737
290 504
290 617
290 628
290 56
1020 1026
1020 408
1020 194
1020 987
1020 1094
1020 424
492 3
492 686
492 744
492 256
492 607
492 489
492 324
492 639
492 60
250 800
250 555
250 388
250 933
250 731
250 72
429 154
429 548
793 686
793 504
518 872
518 1004
100 98
100 194
100 51
100 628
100 123
370 1090
370 38
370 558
370 22
370 943
594 113
594 663
594 965
594 1062
594 653
594 353
594 336
594 578
594 11
594 277
594 1090
594 541
594 1035
594 127
594 252
594 208
594 1008
594 558
594 72
594 894
594 726
594 556
594 32
594 625
594 943
594 792
594 374
594 334
594 240
509 42
509 154
509 1095
509 508
509 700
756 382
756 436
756 30
756 863
221 134
31 800
31 1065
31 827
31 741
31 1108
31 1070
31 887
31 902
31 998
31 353
31 501
31 369
31 202
31 61
31 1014
31 513
31 105
31 1071
31 1068
31 89
372 179
372 1
722 75
722 872
722 884
722 353
722 276
722 332
722 640
722 726
875 222
875 376
875 50
875 1039
875 329
75 102
75 276
75 255
872 742
872 660
872 839
872 1013
872 926
872 890
872 997
872 853
872 342
872 786
872 940
872 375
872 614
872 568
872 1004
593 585
593 977
882 222
882 563
882 36
882 216
222 563
222 117
222 179
222 1039
563 179
563 709
563 189
563 229
563 855
563 944
684 95
684 788
684 839
684 519
684 423
684 160
684 425
684 339
684 392
684 864
684 139
684 355
684 455
117 276
117 997
117 108
117 759
117 1102
117 431
117 36
117 245
95 468
95 336
95 160
95 369
95 805
95 425
95 864
113 742
113 133
113 546
113 660
113 715
113 839
113 11
113 371
113 686
113 121
113 1038
113 714
113 610
113 891
113 315
113 193
113 613
1126 477
1126 800
1126 846
1126 987
128 1056
199 477
199 26
199 688
199 488
199 637
477 800
477 26
477 557
477 1077
477 201
477 1090
477 1002
477 486
477 637
477 544
800 1077
800 555
800 150
800 445
800 276
800 1002
800 388
800 1096
800 1056
800 267
26 251
26 637
557 1077
557 85
1077 413
1077 201
688 165
688 973
688 461
1026 150
1026 408
1026 157
1026 194
1026 731
1026 78
1026 165
1026 987
413 201
179 382
179 663
179 965
179 758
179 3
179 887
179 371
179 898
179 252
179 1018
179 1105
179 1131
884 844
884 839
884 364
884 904
884 1004
884 942
382 555
382 742
382 401
382 588
382 898
382 1018
382 618
382 929
382 315
663 741
663 1070
663 1062
663 653
663 336
663 643
663 541
663 1035
663 127
663 1018
663 1059
663 859
663 556
663 105
663 1068
663 229
663 910
965 758
965 555
965 491
965 288
965 85
965 741
965 887
965 150
965 277
965 401
965 1035
965 160
965 108
965 878
965 167
965 1038
965 1018
965 1095
965 431
965 618
965 200
965 299
965 940
965 211
965 318
965 990
965 612
965 80
143 546
143 715
143 269
143 160
143 20
143 633
143 803
143 1116
143 762
143 1003
758 401
758 1038
758 1018
758 352
758 263
555 747
555 515
491 262
491 11
491 898
491 369
491 144
491 606
491 717
258 546
258 1090
258 450
258 430
258 412
258 231
742 482
742 1114
742 546
742 715
742 439
742 1095
742 752
742 727
742 734
742 375
742 964
742 478
742 1037
742 537
742 34
742 354
482 546
482 391
482 539
482 940
482 375
482 713
482 114
482 862
1065 699
1065 288
1065 273
1065 827
1065 1108
1065 887
1065 902
1065 653
1065 353
1065 585
1065 312
1065 265
1065 1008
1065 508
1065 157
1065 101
1065 943
1065 202
1065 61
1065 1014
1065 513
1065 89
1065 877
1065 153
1065 433
1065 53
39 1004
596 445
596 388
596 576
1114 371
1114 108
1114 167
1114 342
1114 649
1114 618
1114 1096
1114 91
1114 602
1114 437
295 788
657 715
657 844
657 815
705 262
705 558
705 211
705 516
705 4
705 35
705 552
705 418
705 669
705 644
705 1010
468 447
468 364
468 805
133 391
133 759
133 146
788 493
788 904
788 286
788 592
962 715
962 752
962 1040
962 674
962 806
962 502
962 112
962 568
962 990
279 553
279 550
279 714
279 514
279 472
279 1036
279 91
279 304
279 751
279 873
279 1124
279 340
28 42
28 320
28 303
28 1096
28 157
28 923
28 749
546 262
546 660
546 539
546 715
546 273
546 815
546 371
546 508
546 138
546 961
546 773
546 1037
546 90
3 262
3 699
3 42
3 867
3 312
3 369
3 167
3 686
3 320
3 1038
3 1097
3 744
3 256
3 409
3 607
3 489
3 639
3 737
3 305
3 958
3 247
3 692
262 653
262 42
262 815
262 876
262 277
262 154
262 369
262 878
262 1018
262 208
262 186
262 558
262 859
262 72
262 784
262 883
262 473
262 229
262 644
262 1010
262 122
262 338
699 1070
699 312
699 202
699 1014
699 89
660 984
660 839
660 1013
660 926
660 121
660 1050
660 891
660 473
660 304
660 612
660 346
14 19
14 904
14 392
27 638
835 445
835 936
835 215
391 608
391 108
391 759
391 94
391 528
201 98
201 424
288 638
539 984
539 961
539 749
539 346
879 369
879 878
879 167
879 600
879 674
879 700
879 607
879 961
879 639
879 56
879 619
879 771
879 230
715 984
715 85
715 42
715 371
715 91
715 930
715 478
715 340
715 346
984 926
984 749
490 283
490 1092
490 1021
273 312
273 144
273 101
85 839
85 550
85 303
85 556
512 1090
512 885
844 264
269 839
269 519
269 404
269 1092
269 764
269 1090
269 333
269 160
269 897
269 20
269 311
269 12
269 381
269 633
269 934
269 999
269 481
269 1100
269 1072
269 736
269 946
287 1090
287 447
287 364
287 84
287 922
839 653
839 150
839 264
839 585
839 333
839 550
839 364
839 514
839 777
839 231
839 610
839 565
839 473
839 963
839 487
822 1074
822 0
822 156
827 741
827 1108
827 902
827 998
827 522
827 854
741 1108
741 1070
741 887
741 902
741 1062
741 998
741 353
741 585
741 127
741 208
741 556
741 522
741 61
741 513
1108 1070
1108 887
1108 902
1108 1062
1108 998
1108 157
1108 1016
1108 522
1108 61
1108 153
1108 685
1070 887
1070 1062
1070 998
1070 127
1070 943
887 902
887 1062
887 998
887 876
887 11
887 1018
887 522
887 215
887 1014
887 513
887 89
887 53
902 1062
902 998
902 353
902 894
902 522
902 61
902 89
1062 998
1062 127
1062 556
998 1059
998 53
915 336
915 423
915 1059
915 156
915 773
915 247
653 336
653 277
653 585
653 541
653 1035
653 252
653 208
653 1008
653 496
653 859
653 894
653 726
653 32
653 625
653 0
653 943
653 792
653 374
653 334
653 240
653 974
150 388
150 194
150 72
150 1094
150 424
150 316
264 68
264 997
264 779
264 586
264 317
264 698
264 624
42 303
42 713
42 36
42 340
42 344
353 501
353 38
353 127
353 556
353 513
353 105
353 1071
353 1068
353 910
353 854
353 411
353 1119
353 366
283 231
283 586
283 963
283 961
283 713
283 687
336 277
336 643
336 1035
336 108
336 127
336 252
336 208
336 1008
336 859
336 211
336 784
336 883
336 4
336 32
336 513
336 921
336 669
336 247
336 389
336 446
519 764
519 160
519 369
578 32
578 418
578 247
578 854
815 141
815 238
815 698
815 122
445 200
445 1105
408 936
408 98
408 194
408 576
408 51
408 520
408 316
408 850
867 1035
867 779
867 229
867 310
867 435
404 157
404 637
404 1100
423 1035
423 602
423 13
343 1090
830 876
830 278
830 968
876 278
876 277
876 1045
876 208
876 556
876 929
876 109
876 908
278 11
278 205
278 72
278 968
278 929
278 712
278 877
11 277
11 1045
11 541
11 1035
11 1059
11 806
11 894
11 726
11 773
277 1045
277 585
277 541
277 1035
277 252
277 1018
277 894
277 625
277 513
277 433
277 648
1045 681
1045 208
1045 159
643 585
643 208
643 558
643 859
643 894
643 211
643 784
643 921
585 208
585 558
585 859
585 943
585 366
154 1035
154 376
371 926
371 132
371 710
371 303
371 649
371 1096
371 610
371 806
371 315
371 613
312 508
312 259
1092 160
1092 12
1092 473
1092 999
68 439
68 759
68 206
68 495
68 670
68 9
58 604
58 62
58 249
58 618
58 615
58 428
401 1018
401 200
401 929
764 1021
598 840
598 752
598 618
598 920
598 958
598 797
588 91
588 772
1013 591
1013 1074
1013 614
1013 698
1013 478
804 151
804 983
804 132
804 677
804 732
804 488
804 930
804 142
804 877
804 530
804 88
804 325
1090 333
1090 604
1090 332
1090 1018
1090 697
1090 752
1090 1040
1090 929
1090 614
1090 943
1090 50
1090 942
1090 1009
1090 37
591 1091
591 828
591 572
591 983
591 881
541 32
541 513
541 712
541 536
608 311
608 330
608 189
608 944
608 34
608 528
608 1085
608 1113
898 1018
898 674
898 316
898 717
1035 127
1035 681
1035 252
1035 208
1035 1008
1035 427
1035 674
1035 859
1035 894
1035 726
1035 4
1035 625
1035 943
1035 792
1035 334
1035 648
102 409
896 501
276 320
276 208
276 72
276 726
501 352
501 623
1007 888
1007 251
98 488
98 194
98 576
98 51
98 1082
98 123
38 888
38 127
38 464
38 376
38 929
38 0
38 59
447 843
447 349
447 64
447 1096
447 186
447 514
388 369
388 302
388 299
388 220
388 1056
840 1055
840 582
840 436
840 439
840 618
840 603
840 920
840 797
840 331
561 890
1099 574
1099 968
349 983
349 132
349 303
349 610
349 559
349 1110
349 751
349 672
926 553
926 890
926 121
926 514
926 244
926 472
926 1036
926 779
926 610
926 248
926 700
926 613
926 223
926 378
926 296
1060 439
1060 618
1060 674
333 362
333 157
333 67
333 430
333 137
333 517
333 83
333 682
333 451
333 397
333 885
333 54
333 400
333 46
333 1046
333 527
553 121
553 514
553 472
553 91
890 375
890 223
160 369
997 1050
997 430
997 1040
997 891
997 698
997 1009
997 136
997 241
574 29
574 238
574 698
574 499
574 344
574 937
574 707
574 947
604 1123
604 582
604 439
604 62
604 549
604 249
604 979
604 752
604 618
604 935
604 428
604 80
604 9
604 37
604 476
604 97
604 438
604 213
604 415
604 774
604 748
604 235
64 1040
837 735
837 13
837 223
362 430
362 451
362 924
362 730
362 400
362 1046
362 695
743 1095
743 440
108 759
108 412
108 904
108 392
108 543
550 878
550 649
550 514
550 472
550 91
550 63
550 161
550 1124
550 378
369 167
369 208
369 508
369 659
369 245
369 34
369 771
369 497
369 808
878 983
878 320
878 19
878 803
878 1110
1123 249
1123 1095
1123 935
1123 615
1123 428
1123 652
638 420
1055 988
1055 752
1055 5
1055 863
1055 331
1055 476
1055 690
151 571
151 1091
151 677
151 935
151 990
582 988
582 62
582 354
582 9
582 797
582 476
582 227
1000 618
977 571
977 298
977 618
977 863
977 958
977 7
571 988
571 600
571 134
571 504
571 958
571 797
571 7
298 549
298 752
298 618
298 248
298 409
298 25
298 5
298 30
298 289
298 860
436 863
436 142
436 9
988 439
988 62
988 549
988 828
988 572
988 622
988 618
988 253
988 5
988 1122
988 9
988 672
988 438
988 690
988 642
988 367
988 47
988 523
439 62
439 649
439 618
439 5
439 990
439 110
439 9
439 415
1091 677
1091 881
62 249
62 727
62 935
62 428
62 80
62 9
62 213
62 227
549 618
549 935
549 748
549 970
549 356
167 686
167 600
167 272
167 489
167 737
167 469
167 183
1101 158
158 828
158 488
158 622
158 253
158 1040
158 367
686 744
686 272
686 489
686 504
686 469
686 306
1125 624
828 253
828 367
82 29
82 1109
82 624
82 583
572 238
572 1009
572 870
983 851
983 132
983 956
983 464
983 253
983 556
320 649
320 412
320 899
320 91
320 735
320 400
144 892
144 508
144 766
127 649
127 208
127 859
127 894
127 556
127 156
127 513
127 105
127 1068
127 910
127 411
127 271
892 508
892 101
892 1030
851 732
851 1087
132 732
132 488
132 681
132 714
132 253
132 61
132 418
132 88
677 732
677 665
677 253
677 339
677 495
732 19
732 425
732 271
265 576
265 929
265 0
265 156
265 59
265 202
265 89
265 712
265 877
265 908
265 498
249 618
249 935
249 615
249 428
249 652
1080 471
121 456
595 1038
595 731
595 302
595 846
595 584
595 630
595 1110
19 1076
19 157
19 904
19 392
19 241
622 253
759 829
759 697
759 810
759 392
759 330
759 293
917 157
1102 1076
1102 431
1102 245
1102 573
829 649
829 392
829 330
1076 431
1076 216
991 751
1012 1004
1038 472
1038 814
1038 674
1038 806
1038 432
1038 1052
979 12
979 935
710 475
303 751
303 955
342 649
342 223
252 208
252 72
252 894
252 726
252 32
252 156
252 374
252 240
1018 431
1018 1105
1018 981
1018 674
1018 5
1018 950
1018 652
1095 1105
1095 5
1095 950
697 57
697 293
697 901
649 786
649 618
649 1096
649 91
649 392
649 603
649 432
649 284
786 392
208 1008
208 558
208 72
208 894
208 726
208 556
208 32
208 625
208 943
208 792
208 374
208 334
208 240
696 1096
696 248
696 224
696 421
752 618
752 727
752 5
752 920
752 863
752 142
752 964
752 331
752 971
709 731
709 674
709 929
709 156
709 59
709 189
709 223
709 1011
115 508
932 508
932 138
932 950
431 36
431 216
431 245
431 573
266 1030
16 655
621 189
621 36
621 245
621 573
621 449
621 1069
714 1096
714 157
714 514
714 472
714 91
714 602
714 304
618 157
618 91
618 345
618 615
618 920
618 428
618 863
618 142
618 1122
618 9
618 797
618 748
727 603
727 920
727 289
658 99
658 123
1096 67
1096 91
1096 749
1096 570
57 783
1008 78
1008 894
1008 32
1008 625
1008 792
1008 374
1008 334
1008 240
141 12
141 1074
141 122
141 344
508 129
508 259
157 430
157 137
157 805
157 1036
157 1074
157 1106
157 134
157 720
157 347
157 453
157 966
157 711
157 510
533 568
1105 319
282 935
194 51
194 987
194 1082
364 248
364 602
364 29
364 25
364 366
186 22
450 148
450 1121
514 472
514 1120
514 1036
514 91
514 674
514 304
514 559
514 161
514 873
514 1124
514 340
514 749
514 275
236 610
558 1059
558 859
558 556
558 211
558 135
558 883
558 4
558 32
558 35
558 644
558 1010
558 338
1059 859
1059 72
1059 894
1059 211
1059 135
1059 516
1059 644
731 302
731 78
731 352
731 72
731 1068
731 551
1016 784
1016 119
1016 225
302 846
302 584
302 630
302 777
302 220
78 72
444 506
444 424
781 67
67 430
67 517
67 682
67 472
67 54
67 1106
67 1030
67 1003
67 340
67 497
67 971
67 172
846 630
846 987
846 424
584 72
584 506
584 771
630 183
440 83
440 682
430 517
430 381
430 1030
430 823
137 517
897 999
253 367
20 633
20 762
20 389
1021 999
311 12
311 330
311 481
311 175
311 511
805 1009
12 1116
12 1100
12 389
12 799
12 1031
12 824
12 203
104 947
242 29
242 228
981 954
517 217
83 682
83 1046
451 400
397 602
111 427
165 251
165 484
381 999
496 556
496 773
633 999
633 762
633 1072
633 389
633 175
427 217
427 527
299 48
299 899
299 1005
299 205
48 899
899 1005
813 548
813 424
813 849
777 220
777 547
659 91
659 159
659 548
352 420
352 576
352 929
766 650
209 224
472 1036
472 91
472 304
472 63
472 559
1036 304
1036 340
779 231
779 586
779 460
779 713
779 624
940 862
940 850
940 993
940 581
940 1027
1074 224
91 945
91 602
91 304
91 559
91 346
91 421
231 885
231 348
231 687
231 203
610 1106
248 409
248 25
248 871
945 66
379 13
744 489
744 60
256 606
256 1110
256 73
600 489
600 504
600 306
814 406
674 486
674 576
674 770
674 885
674 1009
674 331
674 347
700 943
272 489
409 25
409 224
409 219
486 943
607 650
489 1043
220 420
220 424
637 929
637 15
576 15
576 261
576 483
51 1082
51 56
51 850
51 667
29 698
238 698
238 693
770 548
885 929
806 797
806 1083
25 495
25 30
25 670
25 289
25 860
25 523
25 76
891 460
891 224
891 378
5 603
5 863
5 690
5 289
129 950
129 909
129 480
129 259
904 318
904 271
425 864
365 310
365 500
1106 751
339 394
373 877
40 217
859 135
859 516
859 883
859 35
859 552
859 644
859 1010
859 247
859 446
859 796
72 894
72 726
72 556
72 849
72 520
894 726
894 32
894 625
894 792
894 374
894 334
894 240
894 974
300 854
300 908
300 536
726 773
556 32
556 644
556 411
556 1119
556 366
968 487
968 908
968 536
934 400
101 433
580 33
506 771
211 516
211 4
211 669
211 644
135 784
135 516
135 4
135 548
135 644
784 516
784 4
784 35
784 644
516 4
516 644
4 35
4 119
473 999
963 348
348 394
32 929
32 625
32 792
32 374
32 334
32 240
935 615
935 428
935 476
935 774
935 748
935 235
935 356
935 1006
375 1037
375 862
1109 583
392 864
392 330
392 293
392 869
911 730
304 63
304 340
63 161
63 219
456 340
456 1127
559 161
159 854
730 89
929 0
929 156
929 59
929 943
987 424
548 424
522 792
522 61
522 1014
522 1068
522 153
625 792
625 374
625 334
625 240
33 1113
33 347
33 966
33 175
33 874
689 0
864 216
864 1069
52 263
316 314
8 719
615 428
615 213
615 652
615 1083
0 156
0 59
134 958
134 7
394 713
740 460
603 1025
603 30
603 863
735 13
161 1124
161 340
161 901
680 224
330 293
920 142
920 990
920 227
920 858
1033 971
432 854
156 59
156 877
59 590
1110 773
1110 378
1110 43
1110 350
1110 474
324 639
324 60
698 344
30 690
30 860
30 523
30 76
428 652
428 356
428 76
863 690
863 7
863 523
863 76
224 478
228 1122
823 142
823 1122
823 110
823 1116
823 691
773 554
189 944
189 528
318 310
318 435
318 271
914 554
142 1122
142 990
142 691
1122 691
990 110
990 690
990 289
990 801
469 667
943 270
792 374
792 334
792 240
374 334
374 240
334 240
202 1014
202 89
202 153
61 974
61 980
1014 89
1014 944
1071 1068
1071 910
1071 854
1071 1119
1071 366
1071 296
1068 910
1068 854
1068 411
1068 366
89 762
50 738
1039 329
36 245
36 1069
712 877
712 498
944 455
944 1085
944 1113
944 347
944 966
877 908
877 536
355 1113
355 347
355 966
355 175
355 874
245 573
245 449
245 1069
942 809
910 411
910 366
612 871
1116 213
762 389
964 971
1037 226
537 296
537 131
34 528
34 1113
862 850
862 993
35 552
35 1010
552 418
418 247
751 1124
749 346
958 9
958 797
958 7
247 446
247 1011
247 796
122 465
1100 799
1100 203
854 411
854 366
624 177
344 453
411 204
850 993
310 271
435 271
13 223
908 536
9 797
9 748
9 523
9 691
772 177
530 817
1009 870
1009 866
1085 1113
1085 347
1085 966
1085 874
1113 347
1113 966
1113 711
1113 874
223 387
937 947
937 453
947 453
213 163
415 1083
748 356
497 966
497 175
690 289
690 860
690 523
690 76
860 523
860 76
523 76
356 691
293 419
347 966
347 711
347 175
347 874
966 711
966 175
966 874
711 874
275 704
175 511
799 203
799 459
993 976
581 1027
693 755
76 691
755 755
