96 861
96 409
96 523
96 287
96 617
96 493
96 865
96 681
96 1026
96 294
96 484
96 214
96 155
96 585
96 961
96 927
96 884
96 901
96 282
96 295
96 957
96 428
96 518
96 641
96 665
96 1003
96 757
96 817
96 57
861 409
861 523
861 617
861 493
861 865
861 681
861 1026
861 294
861 214
861 961
861 884
861 901
861 282
861 957
861 518
861 912
861 70
861 487
861 208
861 781
861 733
861 922
409 617
409 493
409 865
409 294
409 484
409 214
409 961
409 884
409 901
409 282
409 295
409 957
409 428
409 1003
409 757
409 487
409 446
409 1064
409 499
409 159
409 138
409 1001
409 1021
409 82
409 418
409 610
409 1054
409 591
409 289
409 117
409 483
409 169
409 664
523 294
523 957
523 82
523 880
523 844
523 184
523 798
523 116
523 134
523 930
523 303
523 379
523 1030
523 81
523 61
523 625
523 1045
523 784
523 588
287 617
287 214
287 285
287 237
287 1017
287 425
287 653
287 1004
617 493
617 865
617 214
617 961
617 884
617 957
617 1003
617 757
617 487
617 247
617 643
617 308
617 768
617 840
617 649
617 344
617 745
493 681
493 1026
493 214
493 585
493 961
493 901
493 957
493 757
493 1017
493 201
493 92
493 99
493 1013
493 476
493 800
493 333
493 457
493 814
493 767
493 586
493 1089
493 1114
865 957
865 757
865 769
865 452
681 1026
681 214
681 961
681 295
681 957
681 518
681 817
681 499
681 710
681 1011
681 1087
681 475
681 941
1026 961
1026 518
1026 817
1026 487
1026 1045
1026 979
1026 211
1026 1025
1026 420
1026 775
1026 60
1026 154
1026 111
1026 461
1026 393
1026 388
1026 494
1026 1103
1026 313
1026 1020
1026 165
1026 1036
1026 722
1026 759
1026 741
1026 430
1026 576
1026 616
294 884
294 901
294 282
294 957
294 641
294 1003
294 1021
294 285
294 145
294 1116
294 1092
294 890
294 908
294 233
294 343
484 983
484 450
484 1051
484 640
484 119
484 571
484 660
484 30
484 104
484 497
484 291
484 252
484 439
214 155
214 961
214 884
214 957
214 518
214 757
214 1021
214 625
214 1017
214 475
214 439
214 1104
214 825
214 785
214 926
214 608
214 284
214 1131
155 585
155 961
155 518
155 70
155 487
155 247
155 941
155 1025
155 775
155 165
155 628
155 232
155 853
155 203
155 734
155 1110
155 619
155 525
155 530
155 949
155 1052
155 202
155 149
155 1029
155 279
155 194
155 17
155 273
155 526
155 1118
155 857
155 749
155 888
585 428
585 70
585 487
585 1017
585 800
585 1036
585 530
585 15
585 998
585 739
585 360
585 220
585 819
585 490
585 726
585 37
961 817
961 70
961 487
961 664
961 425
961 1087
961 979
961 165
961 741
961 576
961 921
961 301
961 196
961 655
961 401
961 659
961 928
961 229
961 903
961 568
961 808
961 412
961 599
961 970
961 2
961 204
961 380
961 764
961 839
961 36
961 1014
961 411
961 824
961 67
961 78
961 695
961 1081
961 684
961 22
927 518
927 487
927 111
927 349
927 1067
927 239
884 901
884 295
884 957
884 428
884 641
884 665
884 1003
884 922
884 446
884 802
884 672
884 244
901 282
901 1003
901 922
901 499
901 1045
901 308
901 344
901 1103
901 233
901 360
901 389
901 1039
901 88
901 676
901 179
901 869
901 721
901 23
901 292
901 692
901 157
282 957
282 1054
282 643
282 676
282 828
282 396
282 173
295 428
295 641
295 446
295 1064
295 82
295 418
295 1054
295 483
295 169
295 184
295 1013
295 710
295 1011
295 1087
295 941
295 926
295 2
295 839
295 411
295 349
295 692
295 513
295 593
295 136
295 1024
295 317
295 850
295 421
295 528
295 64
295 100
295 923
295 272
295 1088
295 55
295 1099
295 1066
295 827
957 1003
957 912
957 922
428 641
428 922
428 446
428 159
428 138
428 1001
428 1021
428 82
428 1054
428 483
428 247
428 767
428 890
428 908
428 640
428 888
428 401
428 412
428 672
428 41
428 157
428 593
428 923
428 293
428 39
428 615
428 638
428 25
428 570
428 250
428 76
428 546
428 322
428 874
428 455
428 663
428 72
428 687
428 108
428 191
428 879
428 544
428 198
428 385
428 62
518 817
518 70
518 487
518 844
518 1045
518 979
518 211
518 1025
518 775
518 461
518 494
518 1103
518 313
518 1036
518 525
518 279
518 17
518 888
518 293
518 167
518 140
518 91
518 128
518 516
518 205
518 400
518 732
518 1032
518 364
518 478
518 404
518 815
641 665
641 446
641 798
641 134
641 759
641 672
641 292
641 615
641 1008
641 944
641 254
641 789
641 266
641 560
1003 922
1003 1045
1003 344
1003 457
1003 360
1003 41
1003 88
1003 869
1003 292
1003 663
1003 223
1003 472
1003 10
1003 148
757 487
757 888
757 676
757 879
757 265
757 581
258 660
258 848
258 75
258 162
258 98
258 374
258 103
258 683
817 487
817 1043
817 526
817 196
817 903
817 568
817 36
817 695
817 188
817 47
817 470
817 1078
817 442
817 952
817 426
817 846
817 688
817 707
817 787
57 1021
57 483
57 1011
57 926
57 808
57 828
57 513
57 421
57 1099
57 502
57 801
57 304
57 120
57 277
57 236
57 382
57 459
57 302
57 1022
57 225
57 65
912 1123
70 487
70 1103
70 949
487 169
487 1045
487 979
487 888
487 265
487 658
487 951
922 591
922 1039
922 676
922 23
922 828
922 100
922 76
922 663
922 801
922 469
922 868
922 384
922 858
922 545
922 895
922 160
922 885
922 755
922 624
446 499
446 159
446 138
446 82
446 289
446 1087
446 672
446 157
446 513
446 593
446 850
446 615
446 98
446 374
446 120
446 318
446 1049
446 359
446 20
446 16
1064 159
1064 82
1064 418
1064 1043
1064 483
1064 169
1064 664
1064 844
1064 1087
1064 926
1064 412
1064 570
1064 1032
1064 459
1064 318
1064 1049
1064 192
1064 555
1064 835
1064 1085
1064 346
1064 820
1064 181
1064 216
1064 849
499 82
499 418
499 610
499 1054
499 591
499 483
499 134
499 745
499 333
499 710
499 475
499 890
499 908
499 37
499 196
499 839
499 869
499 292
499 513
499 593
499 136
499 850
499 1066
499 106
499 76
499 236
499 624
499 318
499 1049
499 16
499 765
499 307
499 883
499 480
499 1077
499 831
499 674
499 760
499 594
499 381
499 910
499 9
159 1001
159 1021
159 1054
159 840
159 1011
159 1087
159 890
159 926
159 513
159 546
159 560
159 374
159 120
159 277
159 382
159 302
159 1022
159 318
159 1049
159 359
159 1077
159 910
159 48
159 1015
159 937
159 657
159 456
159 807
159 1009
159 290
159 131
159 897
159 720
159 946
159 54
159 1059
159 367
159 471
159 231
159 748
159 689
159 762
159 796
159 578
138 82
138 41
138 157
138 250
138 198
138 873
1001 289
1001 908
1001 120
1001 1123
1001 657
1001 807
1001 261
1001 752
1001 243
1001 631
1001 863
1001 383
1001 509
1001 881
1001 567
1021 1054
1021 483
1021 285
1021 1092
1021 672
1021 421
1021 1099
1021 277
1021 1049
1021 1085
1021 231
1021 332
1021 933
1021 579
1021 542
1021 366
1021 646
1021 414
1021 735
1021 992
1021 566
1021 959
82 610
82 289
82 880
82 844
82 184
82 134
82 303
82 1030
82 625
82 784
82 588
82 643
82 828
82 593
82 198
82 885
82 318
82 831
82 231
82 567
82 454
82 178
82 358
82 792
82 1018
82 398
418 1011
418 302
418 618
610 404
610 120
610 849
610 862
1043 483
1043 169
1043 664
1043 1017
1043 1004
1043 476
1043 1087
1043 461
1043 430
1043 739
1043 568
1043 808
1043 2
1043 1014
1043 828
1043 250
1043 455
1043 1032
1043 560
1043 793
1043 1078
1043 846
1043 707
1043 787
1043 469
1043 835
1043 346
1043 897
1043 773
1043 245
1043 12
1043 1107
1043 348
1043 1060
1043 1056
1054 289
1054 643
1054 37
1054 244
1054 828
1054 513
1054 1099
1054 546
1054 374
1054 426
1054 277
1054 318
1054 849
1054 765
1054 52
1054 392
591 483
591 664
591 1087
591 1088
591 250
591 108
591 1022
591 65
591 624
591 318
591 216
591 765
591 1121
591 904
591 230
591 299
591 503
591 200
289 643
289 430
289 1092
289 908
289 571
289 926
289 888
289 244
289 828
289 1024
289 100
289 250
289 91
289 683
289 277
289 382
289 65
289 885
289 1085
289 181
289 849
289 881
289 434
289 731
289 997
289 623
289 185
289 715
289 779
289 93
289 690
289 515
117 588
483 1017
483 745
483 1036
483 15
483 739
483 220
483 37
483 570
483 683
483 502
483 304
483 277
483 384
483 318
483 910
483 997
483 794
483 444
483 984
483 811
483 899
483 763
169 1087
169 430
169 568
169 1099
169 793
169 426
169 555
169 80
169 955
664 425
664 1087
664 430
664 1092
664 196
664 401
664 568
664 808
664 204
664 839
664 174
664 1014
664 411
664 421
664 516
664 1032
664 707
664 120
664 382
664 555
664 820
664 897
664 720
664 766
664 648
664 141
664 878
664 954
880 184
880 303
880 379
880 625
880 588
880 1039
880 198
880 831
880 646
880 454
880 1070
880 1126
880 329
880 460
880 876
880 1111
880 248
880 310
880 224
880 552
880 375
880 207
880 938
844 184
844 134
844 303
844 1030
844 81
844 625
844 588
844 941
844 775
844 1036
844 921
844 2
844 923
844 198
844 140
844 885
844 831
844 946
844 454
844 348
844 83
844 1041
844 829
844 882
844 352
844 666
844 1112
184 134
184 303
184 1030
184 625
184 784
184 272
184 454
184 440
184 598
184 43
184 50
798 375
116 303
116 61
116 1116
116 173
116 1007
116 415
116 66
134 930
134 303
134 1030
134 81
134 784
134 588
134 450
134 119
134 739
134 412
134 25
134 1123
134 480
134 831
134 1126
134 1061
134 597
134 729
930 784
930 178
930 1126
930 337
930 176
930 547
303 379
303 61
303 625
303 588
303 99
303 198
303 224
303 375
303 337
379 61
379 99
379 198
379 792
379 1070
379 1126
379 329
379 248
379 224
379 375
379 939
379 1096
379 743
379 605
379 1027
1030 625
1030 784
1030 588
1030 198
1030 683
1030 765
1030 454
1030 394
81 292
81 198
81 140
81 792
81 375
81 255
81 829
81 402
81 719
81 986
81 686
61 625
61 99
61 198
61 831
61 792
61 766
61 375
61 1007
61 939
61 1096
61 1046
625 588
625 99
625 1081
625 895
625 1085
625 454
625 398
625 392
625 899
625 1007
625 337
625 812
625 875
625 5
625 363
625 240
625 143
625 1005
625 596
625 1047
625 429
1045 308
1045 979
1045 393
1045 949
1045 1052
1045 888
1045 676
1045 692
1045 879
1045 801
1045 1049
1045 392
1045 882
1045 1112
1045 934
1045 115
1045 26
784 890
784 676
784 178
784 358
784 547
784 1096
784 799
588 450
588 570
588 198
588 167
588 225
588 885
588 624
588 359
588 307
588 831
588 445
588 992
588 454
588 623
588 1007
588 176
588 939
588 1096
588 305
588 331
588 336
588 538
588 1048
588 114
588 1034
588 257
588 435
285 92
285 1092
285 1066
285 76
285 594
285 910
285 881
285 646
285 735
285 230
285 763
285 1047
285 573
285 905
285 1120
285 797
285 1019
285 859
924 769
924 430
924 890
924 360
924 196
924 401
924 676
924 100
924 91
924 899
924 597
924 729
924 486
924 443
924 241
924 694
924 860
924 718
924 6
237 30
237 252
237 25
237 318
237 80
237 864
237 283
237 97
237 226
237 1010
237 73
1017 247
1017 840
1017 1087
1017 393
1017 494
1017 1036
1017 497
1017 15
1017 739
1017 360
1017 220
1017 490
1017 726
1017 676
1017 25
1017 250
1017 683
1017 1123
1017 755
1017 445
1017 794
1017 899
1017 763
1017 860
1017 491
1017 511
1017 251
1017 945
1017 49
1017 981
1017 621
1017 11
1017 121
1017 612
425 660
425 401
425 952
425 646
425 1075
653 60
653 313
653 232
653 17
653 749
653 15
653 659
653 277
653 107
1004 1087
1004 430
1004 1092
1004 628
1004 568
1004 442
1004 459
1004 748
1004 127
1004 90
247 649
247 1087
247 461
247 1103
247 741
247 232
247 17
247 998
247 196
247 250
247 455
247 835
247 748
247 689
247 90
247 551
247 698
247 219
247 424
247 228
247 606
247 270
643 333
643 890
643 825
643 599
643 244
643 828
643 1066
643 265
643 277
643 873
643 434
643 997
643 690
643 718
643 711
643 539
643 902
643 727
308 333
308 17
308 857
308 888
308 568
308 676
308 179
308 23
308 250
308 663
308 687
308 789
308 10
308 1015
308 873
308 690
308 1046
308 727
308 496
768 640
768 692
768 130
768 290
768 386
840 450
840 1051
840 640
840 571
840 497
840 252
840 439
840 120
840 1072
649 430
649 616
649 301
649 928
649 970
649 174
649 824
649 1081
649 22
649 400
649 707
649 787
649 471
649 689
649 650
649 703
649 697
649 795
344 333
344 457
344 676
344 910
344 358
344 997
344 1108
344 371
745 890
745 15
745 142
201 476
201 301
201 928
201 599
201 1081
201 1099
201 986
201 703
201 704
201 590
201 936
92 800
92 997
92 984
92 580
92 589
92 1028
99 198
99 167
99 445
99 454
99 178
99 792
99 375
99 176
99 939
99 589
99 1028
99 1115
99 753
99 24
99 340
99 378
99 747
1013 676
1013 272
1013 250
1013 307
1013 392
1013 517
1013 1097
1013 548
1013 994
1013 1057
476 926
476 568
476 1099
476 62
476 1075
476 132
476 1124
476 950
476 213
476 843
800 388
800 490
800 37
800 997
800 811
800 580
800 589
800 218
800 609
800 150
800 746
800 601
800 508
800 431
800 458
333 1089
333 145
333 233
333 1039
333 676
333 23
333 828
333 638
333 885
333 594
333 715
333 49
333 1108
333 371
333 753
333 44
333 327
333 791
333 1038
457 997
457 791
814 1114
814 594
814 715
814 747
814 1097
814 168
586 371
586 508
586 1062
586 730
1089 908
1089 490
1089 580
1114 371
769 430
769 615
769 546
769 578
769 80
769 718
769 228
769 782
769 1073
452 225
452 883
710 593
710 994
710 577
1011 1087
1011 430
1011 908
1011 1104
1011 568
1011 695
1011 707
1011 277
1011 578
1011 415
1011 278
1087 461
1087 430
1087 576
1087 15
1087 401
1087 928
1087 903
1087 568
1087 808
1087 599
1087 970
1087 2
1087 1014
1087 411
1087 67
1087 78
1087 695
1087 672
1087 721
1087 421
1087 1099
1087 455
1087 62
1087 400
1087 148
1087 1078
1087 304
1087 277
1087 382
1087 835
1087 910
1087 897
1087 748
1087 567
1087 12
1087 348
1087 904
1087 80
1087 141
1087 1061
1087 1120
1087 551
1087 795
1087 833
1087 677
1087 377
1087 175
1087 468
1087 144
1087 744
1087 298
1087 1119
1087 958
475 890
475 233
475 570
475 225
475 16
475 182
475 332
475 959
475 434
475 779
475 763
475 1048
475 727
475 124
475 1040
475 804
475 463
475 540
475 300
475 925
475 662
475 94
475 183
475 29
475 87
475 376
475 403
941 430
941 888
941 401
941 903
941 2
941 78
941 528
941 293
941 118
941 1016
941 158
979 404
1025 393
1025 494
1025 1036
1025 888
1025 26
1025 981
1025 339
775 154
775 1103
775 203
775 1110
775 525
775 530
775 1052
775 1118
775 749
775 546
775 879
775 1049
775 1109
775 419
60 1103
60 1036
60 890
60 853
60 203
60 530
60 17
60 749
60 26
60 728
154 393
154 1118
154 981
154 339
111 1067
111 239
111 923
111 91
111 849
111 997
111 158
111 708
111 408
111 306
461 741
461 430
461 196
461 928
461 568
461 599
461 970
461 2
461 839
461 1014
461 411
461 824
461 250
461 455
461 516
461 472
461 148
461 469
461 897
461 773
461 348
461 904
461 80
461 766
461 650
461 677
461 298
461 736
461 564
461 613
461 467
461 474
461 34
393 1036
393 1092
393 908
393 232
393 525
393 739
393 26
393 981
393 152
388 970
388 1056
388 955
388 719
388 458
388 696
388 915
494 1036
494 981
494 339
1103 232
1103 203
1103 1110
1103 619
1103 530
1103 949
1103 149
1103 279
1103 17
1103 526
1103 1118
1103 749
1103 888
1103 815
1103 120
1103 26
1103 511
1103 981
1103 339
1103 896
313 1110
313 619
313 530
313 949
313 149
313 279
313 526
313 511
1020 528
1020 91
1020 205
1020 502
1020 304
1020 1049
1020 358
1020 573
1020 1120
1020 166
1020 918
1020 1065
1020 592
1036 17
1036 15
1036 6
1036 712
1036 886
722 233
722 888
722 923
722 91
722 502
722 849
722 358
722 323
722 63
722 786
759 915
741 229
741 380
741 1081
741 455
741 904
741 703
741 744
741 298
741 1119
741 935
741 1079
430 233
430 888
430 196
430 401
430 568
430 2
430 204
430 78
430 1039
430 130
430 455
430 516
430 1032
430 560
430 472
430 1078
430 426
430 846
430 358
430 773
430 348
430 474
430 222
576 903
576 833
576 377
616 196
616 970
616 707
616 689
616 12
616 80
616 728
616 725
616 495
145 890
145 908
145 233
145 825
145 815
145 801
145 690
145 248
145 336
145 517
145 994
145 564
145 7
145 611
145 1091
145 123
145 750
1116 173
1116 98
1116 766
1116 415
1116 1019
1116 1124
1116 1073
1092 890
1092 1014
1092 179
1092 198
1092 904
1092 945
890 908
890 450
890 825
890 672
890 157
890 100
890 374
890 1022
890 885
890 765
890 1077
890 381
890 542
890 1068
890 248
890 938
890 539
890 24
890 87
890 886
890 447
890 675
890 69
890 584
890 242
908 30
908 825
908 998
908 401
908 672
908 120
908 65
908 849
908 1009
908 54
908 367
908 715
908 763
908 1111
908 597
908 240
908 1120
908 49
908 539
908 371
908 753
908 63
908 633
908 466
908 296
908 866
908 872
908 809
628 1014
628 266
628 98
628 799
628 945
628 127
628 1097
628 152
628 263
628 821
628 32
233 343
233 888
233 411
233 41
233 676
233 292
233 692
233 130
233 250
233 1078
233 120
233 1085
233 594
233 881
233 646
233 52
233 434
233 997
233 93
233 1046
233 718
233 711
233 727
233 29
233 466
343 41
343 157
983 571
983 660
450 361
450 640
450 119
450 571
450 660
450 30
450 104
450 497
450 252
450 25
450 944
450 254
450 162
450 98
450 374
450 502
450 120
450 277
450 895
450 318
450 445
450 597
450 729
450 612
450 1119
450 561
450 234
450 948
450 582
1051 361
1051 571
1051 252
1051 318
1051 561
1051 436
361 640
361 660
361 30
361 497
361 98
361 120
361 318
361 1049
361 52
361 597
361 551
361 1072
361 1119
361 436
361 996
640 571
640 660
640 692
640 72
640 944
640 120
640 1015
640 445
640 863
640 881
640 597
640 386
640 1072
640 1038
640 436
640 113
640 627
640 1102
640 112
640 771
640 754
964 820
964 864
964 226
964 59
964 264
964 1095
119 571
119 497
119 252
119 739
119 23
119 828
119 25
119 304
119 318
119 480
119 1077
119 933
119 612
119 1083
119 600
571 660
571 30
571 104
571 497
571 252
571 739
571 389
571 692
571 683
571 120
571 1085
571 634
571 729
571 612
571 651
660 497
660 252
660 15
660 692
660 374
660 318
660 445
660 176
660 612
660 234
660 737
660 709
30 252
30 2
30 820
30 910
30 612
30 561
104 497
104 739
104 25
104 480
104 729
104 612
104 323
104 948
104 651
497 252
497 15
497 828
497 130
497 318
497 578
497 1034
497 612
497 551
291 828
252 739
252 130
252 25
252 254
252 480
252 283
252 226
252 612
252 436
252 1083
252 651
252 709
252 1128
252 967
252 960
439 359
439 386
439 1072
439 85
439 153
439 680
439 395
439 778
439 942
1104 695
825 23
825 469
825 384
825 1085
825 760
825 381
825 910
825 332
825 542
825 1121
825 711
825 539
825 564
785 570
785 250
785 29
785 918
785 1091
926 593
926 120
926 277
926 382
926 967
926 427
608 15
608 182
608 1059
608 183
608 246
608 519
608 281
608 947
608 370
608 845
284 856
1131 870
1131 312
1131 834
232 15
232 739
232 726
232 270
853 17
853 401
853 659
853 928
853 815
853 707
853 689
853 270
853 495
203 442
203 885
203 1041
203 1038
203 217
734 1110
734 525
734 530
734 1029
734 546
734 442
1110 619
1110 525
1110 530
1110 149
1110 279
1110 692
1110 511
619 530
619 526
619 888
619 835
619 882
525 23
525 26
530 23
530 442
530 26
530 511
530 886
1052 255
202 415
149 815
149 511
17 749
17 888
17 401
17 659
17 928
17 816
17 707
17 897
17 270
17 889
273 888
273 270
526 173
1118 879
1118 339
749 659
749 486
888 1039
888 179
888 23
888 828
888 687
888 91
888 732
888 404
888 26
888 511
888 275
888 365
15 739
15 220
15 490
15 726
15 37
15 1123
15 192
15 849
15 1015
15 456
15 946
15 241
15 235
15 142
15 580
15 1028
15 940
15 809
15 996
15 894
15 906
15 319
15 790
998 739
998 490
998 37
998 2
998 250
998 698
739 726
739 254
739 502
739 304
739 318
739 820
739 480
739 131
739 933
739 226
739 981
739 612
739 551
739 600
739 960
739 355
360 567
360 358
360 486
360 219
360 589
360 1073
360 577
360 466
360 1012
220 445
220 899
220 142
220 496
220 790
819 623
819 763
819 491
819 551
819 727
819 804
819 94
819 87
819 451
819 644
819 977
490 37
490 997
490 984
490 551
490 580
490 609
490 150
490 841
490 190
726 235
726 612
37 683
37 997
37 984
37 609
921 2
921 1067
921 1024
921 128
921 952
921 904
921 1061
921 725
921 607
921 35
301 401
301 599
301 174
301 824
301 1081
301 22
301 787
301 835
301 346
301 689
301 904
301 986
301 126
301 703
301 704
301 590
301 936
301 607
196 401
196 599
196 839
196 293
196 1032
196 793
196 846
196 835
196 897
196 748
196 348
196 1119
196 447
196 95
655 923
655 1041
655 419
655 353
401 659
401 568
401 599
401 204
401 839
401 174
401 411
401 816
401 23
401 293
401 250
401 455
401 516
401 793
401 707
401 277
401 820
401 897
401 348
401 904
401 141
401 878
401 704
401 613
401 886
401 95
401 139
401 975
401 137
659 599
659 174
659 816
659 516
659 707
659 897
659 975
659 956
928 599
928 970
928 2
928 204
928 174
928 824
928 1081
928 22
928 707
928 689
928 1056
928 743
928 270
928 703
928 458
928 677
928 744
928 935
928 725
928 607
928 975
928 632
229 824
229 67
229 695
229 684
229 140
229 516
229 346
229 1119
229 918
229 113
229 975
229 481
229 971
229 527
903 970
903 1081
903 1099
903 546
903 62
903 277
903 766
903 1120
903 795
903 1124
903 833
903 677
903 377
903 468
903 144
903 744
903 520
903 14
568 808
568 2
568 695
568 676
568 55
568 455
568 400
568 1032
568 846
568 382
568 459
568 835
568 1107
568 954
568 958
808 411
808 421
808 55
808 1078
808 382
808 545
808 231
808 954
808 539
412 2
412 293
412 400
412 952
412 120
412 480
412 933
412 1061
412 612
412 316
599 970
599 204
599 764
599 839
599 36
599 1014
599 411
599 67
599 78
599 695
599 676
599 421
599 293
599 322
599 455
599 400
599 1032
599 787
599 382
599 835
599 910
599 897
599 1107
599 904
599 141
599 1061
599 703
599 51
970 204
970 380
970 839
970 36
970 174
970 824
970 67
970 78
970 1081
970 22
970 455
970 516
970 400
970 459
970 897
970 904
970 703
970 298
970 725
970 632
970 221
2 839
2 1014
2 411
2 824
2 22
2 293
2 442
2 707
2 835
2 748
2 348
2 904
2 935
204 174
204 1014
204 67
204 707
204 820
204 897
204 878
204 458
204 725
380 174
380 455
380 951
380 904
380 80
380 795
380 298
380 221
764 824
764 695
764 578
764 795
839 411
839 676
839 455
839 442
839 835
839 748
839 578
839 959
839 348
839 677
839 728
839 736
839 725
36 174
36 824
36 1081
36 516
36 689
36 551
36 474
36 725
36 137
36 221
174 1014
174 824
174 67
174 1081
174 22
174 707
174 787
174 689
174 1056
174 141
174 1010
174 725
174 221
174 761
174 1117
174 871
1014 62
1014 140
1014 148
1014 820
1014 216
1014 12
1014 141
1014 954
1014 564
1014 761
1014 691
1014 89
411 293
411 455
411 1032
411 835
411 358
411 1107
411 1061
411 958
411 1065
411 323
824 67
824 695
824 1081
824 684
824 22
824 516
824 689
824 986
824 126
824 703
824 677
824 725
824 975
824 527
67 695
67 1081
67 684
67 516
67 897
67 348
67 704
67 677
67 1079
67 975
67 527
67 541
78 684
78 130
78 415
78 1120
78 607
78 1117
695 455
695 382
695 346
695 348
695 26
695 551
695 704
695 458
695 278
695 975
695 706
1081 22
1081 516
1081 689
1081 141
1081 697
1081 323
1081 935
1081 1079
1081 725
1081 113
1081 221
1081 453
1081 410
816 897
816 314
684 516
684 346
684 6
684 704
684 744
684 975
684 527
22 126
22 703
22 416
22 1033
349 1112
349 486
349 613
349 995
1067 1049
1067 1112
1067 408
1067 306
1067 1093
239 1093
802 1047
672 765
672 863
672 986
672 26
672 551
672 146
244 828
244 546
244 374
244 65
244 231
244 578
244 1127
389 997
41 676
41 692
41 157
41 1008
41 52
41 548
41 607
41 999
1039 157
1039 130
1039 100
1039 236
1039 384
1039 919
676 869
676 292
676 692
676 157
676 130
676 100
676 923
676 198
676 472
676 10
676 910
676 348
676 392
676 305
676 711
676 386
676 24
676 1038
676 94
676 323
676 466
676 171
676 473
676 943
676 537
676 1105
676 210
179 594
179 826
869 1088
869 472
869 332
869 434
869 185
869 779
869 257
869 49
869 29
869 1035
23 250
23 472
23 683
23 65
23 1049
23 392
23 984
23 1061
23 26
23 711
23 746
23 327
23 1038
23 1091
23 447
23 69
23 770
23 987
23 645
292 230
292 731
292 690
292 605
292 251
292 242
292 1130
292 562
692 130
692 10
692 801
692 597
692 386
692 1072
692 473
692 943
692 557
157 1024
157 10
157 873
157 1060
157 52
157 392
157 35
157 1063
828 130
828 250
828 683
828 65
828 720
828 434
828 185
828 899
828 1070
828 552
828 711
828 727
828 1113
396 542
396 551
130 560
130 120
130 831
130 445
130 1018
130 434
130 597
130 727
130 1072
130 1038
130 1063
130 413
130 31
130 101
173 910
173 766
173 415
173 1053
513 1024
513 850
513 382
513 318
593 850
593 1085
593 231
593 711
1024 304
1024 9
1024 720
1024 52
1024 743
1024 6
1024 607
1024 1
1024 932
317 10
850 528
850 62
850 849
850 358
850 918
850 1091
421 304
421 277
421 382
421 646
421 12
421 777
528 10
528 618
528 466
100 1099
100 250
100 236
100 1022
100 384
100 564
923 687
923 91
923 277
923 1049
923 849
923 1041
923 786
923 512
923 147
923 324
923 500
272 250
272 50
272 121
272 1097
272 994
272 662
272 263
272 451
272 417
272 102
272 177
1088 683
1088 318
1088 307
1088 992
1088 779
1088 49
1088 94
1088 982
1088 931
55 545
1099 1032
1099 472
1099 277
1099 646
1099 141
1099 118
1066 542
1066 779
1066 32
1066 845
1066 891
1066 1094
106 765
106 381
293 128
293 348
293 904
293 1061
39 230
39 251
39 437
39 432
39 559
615 322
615 62
615 148
615 647
638 594
638 371
25 254
25 1123
25 1061
25 864
25 283
25 612
25 633
25 561
25 27
25 1069
570 683
570 65
570 318
570 16
570 1085
570 181
570 765
570 307
570 1059
570 332
570 959
570 434
570 49
570 300
570 662
570 87
570 355
570 133
250 727
250 994
250 611
250 1091
250 466
250 406
250 510
76 885
76 910
76 231
76 843
76 791
76 1105
76 413
76 405
76 256
76 569
546 277
546 359
546 1077
546 720
546 471
546 578
546 862
546 246
546 512
546 699
546 678
874 1049
874 415
874 980
455 707
455 937
455 897
455 12
455 348
455 904
455 766
455 650
455 703
455 935
455 549
663 191
663 624
663 910
663 332
663 200
663 779
663 156
72 944
72 277
72 290
72 946
72 881
72 567
72 779
72 856
72 699
72 464
72 325
687 952
687 786
687 356
108 718
108 251
108 562
108 437
108 432
108 892
108 661
108 328
108 837
191 1077
191 332
191 579
191 200
191 49
191 371
191 804
879 1077
879 720
879 419
879 786
544 225
198 454
198 178
198 792
198 392
198 375
198 939
385 1049
385 1112
62 502
62 946
62 646
62 358
62 862
62 435
62 573
62 1072
62 166
62 113
62 112
167 375
167 1007
167 547
167 1034
140 516
91 478
91 384
91 849
91 1041
91 945
91 500
91 1090
91 969
91 407
91 259
91 362
91 77
516 707
516 689
516 270
516 137
516 527
205 1049
205 1112
205 158
205 419
205 63
205 786
205 147
205 324
205 842
400 442
400 459
400 904
400 1019
400 126
400 113
1032 632
478 1112
404 265
404 974
815 1056
815 495
815 362
815 751
1008 358
1008 52
1008 386
1008 1129
1008 53
944 683
944 120
944 277
944 807
944 131
944 445
944 471
944 631
944 863
944 358
944 1018
944 862
944 597
944 435
944 694
944 11
944 386
944 113
944 894
944 112
944 771
944 856
944 14
944 53
944 276
944 315
944 916
254 480
254 720
254 567
254 1120
254 612
254 1065
789 304
789 310
789 437
789 559
266 171
560 1123
560 48
560 1015
560 937
560 657
560 456
560 45
560 807
560 1009
560 946
560 80
560 368
560 164
560 189
560 682
560 488
560 212
560 972
560 1031
223 502
223 433
472 148
472 265
472 801
472 946
472 1107
472 1046
472 736
10 75
10 918
10 1122
10 847
10 448
148 773
148 1107
148 1023
265 225
265 16
265 910
265 959
265 434
265 185
265 779
265 305
265 257
265 241
265 889
265 826
265 931
265 974
581 881
581 876
848 75
848 162
848 501
848 449
75 162
75 374
75 502
75 847
162 502
162 6
162 678
162 321
162 1074
162 199
162 701
162 438
98 103
98 160
98 910
98 578
98 715
98 466
98 296
98 32
98 319
98 871
98 1098
98 341
98 700
374 1107
374 779
374 899
374 363
374 596
374 97
374 501
374 267
103 445
103 715
103 80
103 517
103 296
103 871
683 225
683 895
683 318
683 16
683 765
683 910
683 631
683 332
683 1112
683 394
683 26
683 491
683 29
683 69
683 1113
683 993
683 330
793 1078
793 442
793 704
793 975
47 714
470 1078
470 952
470 688
470 719
470 222
1078 442
1078 952
1078 426
1078 846
1078 346
1078 358
1078 773
1078 603
1078 323
1078 222
1078 151
442 846
442 897
442 748
442 1107
442 348
442 603
442 904
442 49
442 714
442 988
952 688
952 278
952 222
426 846
426 1077
426 118
846 787
846 346
688 458
688 34
688 262
707 897
707 689
707 551
707 270
707 126
707 697
707 458
707 975
787 346
502 304
502 120
502 277
502 382
502 1049
502 456
502 332
502 646
502 618
502 435
502 573
502 424
502 708
801 760
801 910
801 711
801 466
801 974
801 832
304 277
304 459
304 225
304 456
304 646
304 992
304 618
304 573
304 251
304 607
304 1113
120 1015
120 657
120 807
120 131
120 946
120 445
120 752
120 509
120 1018
120 862
120 597
120 573
120 1072
120 996
120 771
120 488
120 972
120 1074
120 630
277 382
277 459
277 302
277 820
277 1077
277 1015
277 456
277 897
277 646
277 862
277 715
277 766
277 1041
277 605
277 26
277 573
277 1120
277 97
277 251
277 1075
277 833
277 925
277 79
277 328
277 170
277 723
236 318
236 765
236 594
236 340
236 1097
236 168
236 919
236 274
236 309
236 441
382 646
382 26
382 573
382 958
382 724
459 955
459 843
459 438
302 359
302 657
302 631
302 618
302 80
302 1061
302 353
302 756
1022 318
1022 358
1022 902
1022 589
1022 1073
1022 183
225 65
225 469
225 318
225 765
225 552
225 1120
225 718
225 945
225 127
225 889
225 693
225 705
225 909
225 347
225 780
225 532
65 318
65 1085
65 181
65 925
65 889
65 1094
65 535
65 507
1123 20
1123 820
1123 480
1123 48
1123 937
1123 456
1123 131
1123 946
1123 881
1123 743
1123 11
1123 612
1123 551
1123 600
1123 53
1123 368
1123 164
1123 189
1123 682
1123 1031
1123 438
1123 209
1123 21
1123 1071
658 974
951 748
951 904
469 332
469 899
469 1041
469 257
469 486
469 251
469 94
469 564
469 4
868 160
384 760
384 231
384 542
384 241
858 359
858 386
858 85
858 395
858 942
858 556
858 504
858 852
858 1050
858 991
858 387
545 1121
545 711
545 517
895 1085
895 363
895 563
160 216
160 466
160 391
160 667
885 765
885 718
885 791
885 918
885 447
885 627
885 413
885 931
885 328
755 623
755 763
755 727
755 804
755 540
755 94
755 1101
755 656
755 227
755 587
624 720
624 415
624 1048
624 49
624 551
624 604
318 16
318 181
318 765
318 480
318 231
318 332
318 729
318 612
318 234
318 355
318 699
318 909
318 489
1049 359
1049 20
1049 849
1049 720
1049 762
1049 933
1049 80
1049 1041
1049 1112
1049 415
1049 26
1049 158
1049 419
1049 886
1049 63
1049 786
1049 324
1049 969
1049 1000
1049 1037
1049 620
359 131
359 720
359 231
359 752
359 863
359 567
359 80
359 766
359 573
359 694
359 386
359 1072
359 996
359 113
359 153
359 680
359 778
359 1074
359 991
359 387
359 978
359 351
20 657
20 933
20 368
20 189
20 1031
16 307
16 910
16 434
16 394
16 859
16 69
16 246
16 451
16 170
16 914
192 875
192 466
192 319
555 835
555 141
835 748
835 245
835 691
1085 398
1085 899
1085 363
1085 905
1085 335
346 1056
346 527
820 141
181 307
181 355
181 604
181 914
849 80
849 766
849 1041
849 1112
849 26
849 728
849 306
849 918
849 1065
849 63
849 355
849 324
849 893
849 0
849 320
849 422
765 307
765 1077
765 720
765 332
765 94
765 705
765 587
765 914
307 434
307 698
307 604
883 1059
883 579
883 378
883 369
480 933
480 1061
480 600
1077 910
1077 763
1077 1048
1077 771
831 358
831 750
760 182
594 910
594 367
594 796
594 414
594 358
594 997
594 715
594 753
594 340
594 747
594 1097
594 44
594 168
594 1095
594 369
594 297
594 806
594 18
594 1076
594 1132
381 358
381 1121
381 711
381 751
381 622
381 642
910 131
910 897
910 182
910 881
910 763
910 711
910 727
910 298
910 183
910 29
910 866
910 246
910 947
910 534
910 206
9 662
9 999
9 1
48 1015
48 937
48 45
48 1009
48 481
48 46
1015 937
1015 657
1015 456
1015 45
1015 807
1015 946
1015 881
1015 597
1015 694
1015 1072
1015 771
1015 481
1015 164
1015 682
937 657
937 456
937 45
937 807
937 1009
937 650
937 481
937 164
937 209
937 965
657 456
657 807
657 1009
657 597
657 53
456 45
456 807
456 1009
456 946
456 752
456 631
456 573
456 551
456 481
456 691
456 189
456 682
456 1031
456 1071
45 807
45 1009
45 946
45 894
45 481
45 164
45 1031
807 1009
807 597
807 771
1009 1072
1009 1071
290 445
290 578
290 1072
290 1
290 699
290 164
290 1037
131 445
131 863
131 881
131 1018
131 862
131 435
131 694
131 11
131 996
131 894
131 112
131 856
131 14
131 999
131 53
131 276
131 315
131 822
131 268
897 904
897 270
897 113
897 137
897 527
897 314
182 542
182 779
182 300
182 281
182 777
182 417
182 110
720 1048
720 1094
720 501
720 587
720 38
946 348
946 52
946 597
946 771
946 682
946 488
946 212
946 972
946 630
946 46
946 595
946 482
946 803
1059 183
1059 281
1059 947
1059 355
1059 1094
1059 1002
445 863
445 509
445 862
445 899
445 597
445 435
445 694
445 11
445 996
445 85
445 680
445 778
445 942
445 856
445 164
445 682
445 1055
445 1050
445 1037
445 172
445 558
367 414
367 715
367 80
471 856
471 852
471 1037
471 46
231 121
231 611
231 417
231 978
748 1075
748 424
689 245
689 1056
689 270
689 725
689 495
689 541
689 314
689 479
762 862
762 300
762 1074
762 635
762 286
796 80
796 1120
796 551
796 222
796 806
578 862
578 612
578 564
578 713
873 358
261 752
261 243
261 754
752 243
752 863
752 383
752 694
752 771
752 607
752 1042
752 670
243 631
243 144
243 113
243 754
243 321
243 438
631 863
631 383
631 1018
631 1072
631 447
631 894
631 112
631 699
631 682
863 383
863 881
863 1018
863 862
863 435
863 573
863 894
863 14
863 682
863 21
863 989
383 1034
383 694
383 841
509 881
509 694
509 386
509 996
509 894
509 85
509 680
509 1055
881 694
881 386
881 996
881 53
881 803
567 862
567 427
332 434
332 176
332 331
332 1048
332 486
332 49
332 124
332 29
332 447
332 1113
332 330
933 612
933 27
579 715
579 1097
579 246
579 369
542 552
542 363
542 1115
542 845
542 574
542 498
366 690
366 207
366 605
366 251
366 1127
366 432
646 573
646 1075
646 607
414 378
735 230
735 718
735 251
735 562
735 1000
735 742
992 94
992 342
959 792
959 662
959 826
959 417
178 1126
178 1007
178 176
178 547
178 812
178 719
178 156
178 892
178 438
178 973
178 1106
178 249
358 997
358 690
358 1046
358 573
358 797
358 718
358 791
358 607
358 826
358 53
358 1122
358 832
358 810
358 529
792 375
792 598
792 50
792 1007
792 939
1018 856
1018 682
1018 321
1018 985
398 747
398 645
398 678
398 701
398 780
398 71
398 253
618 573
618 314
618 756
862 80
862 597
862 1034
862 435
862 694
862 11
862 730
862 918
862 996
862 112
862 942
862 856
862 14
862 53
862 276
862 315
862 916
862 822
862 989
773 886
12 348
1107 415
1107 694
1107 113
1107 112
348 958
348 163
1060 392
1060 278
1056 719
1056 270
1056 725
1056 495
1056 1093
1056 751
52 392
52 597
52 114
52 427
52 607
52 999
52 932
1121 1068
1121 200
1121 515
1121 49
1121 539
1121 727
904 80
904 703
904 833
904 935
230 1070
230 329
230 552
230 251
230 210
230 562
230 742
230 269
299 185
503 93
503 754
200 1007
200 176
200 1048
200 29
200 977
200 512
200 575
434 623
434 185
434 394
434 727
434 124
434 804
434 540
434 300
434 29
434 87
434 1065
434 330
434 373
434 572
731 251
731 918
997 984
997 551
997 371
997 589
997 1028
997 609
997 150
997 746
997 940
997 750
997 584
997 553
997 84
997 614
997 13
623 394
623 727
623 94
185 889
185 826
185 465
715 80
715 274
779 859
779 589
779 791
779 69
779 417
779 810
779 717
779 42
93 7
93 611
93 417
93 38
93 536
93 397
93 990
690 648
690 329
690 552
690 207
690 605
690 799
690 718
690 251
690 870
690 432
690 723
690 498
690 529
690 197
690 129
690 1084
690 477
690 1080
690 565
690 354
690 8
515 791
794 1035
794 713
794 465
794 907
984 589
984 746
984 940
984 601
984 190
984 553
984 614
984 505
811 1120
811 580
899 363
899 486
899 1073
899 466
899 319
899 390
899 56
763 80
763 766
763 727
763 804
763 94
763 451
763 770
763 227
763 373
80 1041
80 694
80 97
80 612
80 1119
80 512
80 267
80 780
80 320
80 966
766 1007
766 415
766 875
766 919
766 512
648 605
648 1120
648 870
648 1127
648 432
648 271
141 1079
1070 224
1070 718
1070 242
1070 559
1070 269
1070 197
1070 180
1126 1111
1126 375
1126 547
1126 870
1126 328
329 224
329 207
329 532
329 498
329 742
329 197
460 251
876 1111
876 248
876 718
876 251
876 559
876 1000
876 399
1111 224
1111 306
1111 171
1111 407
1111 1000
1111 742
1111 399
248 938
248 718
248 251
248 87
248 886
248 675
248 242
248 437
248 830
248 238
310 559
310 892
310 498
224 552
224 207
224 938
224 829
224 598
224 50
224 5
224 251
224 24
224 242
224 661
224 498
224 575
224 1084
224 180
224 673
224 838
224 953
224 521
552 207
552 486
552 251
552 328
552 837
552 498
552 1080
375 547
375 939
375 1115
207 605
207 945
207 870
207 432
207 723
207 498
207 477
207 818
938 251
938 870
938 354
938 288
938 105
1041 1112
1041 306
1041 592
1041 786
1041 969
1041 77
1041 28
255 829
829 598
829 719
829 5
829 24
829 791
829 838
1112 158
1112 592
1112 786
1112 1093
1112 969
1112 407
1112 77
440 110
598 838
43 50
43 7
43 906
43 110
43 311
50 611
50 810
50 738
1007 337
1007 176
1007 547
1007 538
1007 114
1007 491
1007 24
1007 771
415 486
415 1073
415 377
415 94
415 1035
415 553
1061 612
1061 485
597 486
597 694
597 996
597 894
597 771
597 1
597 682
597 972
597 630
597 595
597 913
729 612
729 600
729 967
337 812
337 143
176 812
176 719
176 1034
176 491
176 24
176 164
176 1106
547 812
547 1096
547 24
547 32
547 845
812 875
812 296
812 913
743 725
743 607
743 999
743 1
743 932
743 368
743 1031
743 321
743 438
743 670
743 976
605 251
605 870
605 1127
605 432
605 271
1027 636
394 40
986 126
986 703
986 704
986 590
986 936
986 512
875 429
875 551
875 466
875 319
5 24
363 1047
363 621
363 319
363 645
363 929
240 551
596 429
596 97
596 501
596 267
596 550
1047 319
1047 645
429 97
429 449
934 1101
115 974
26 804
26 474
26 918
26 447
26 101
26 492
799 1097
799 870
331 813
1048 1101
1048 654
257 486
257 465
435 694
435 113
435 894
435 112
435 856
435 1
435 315
435 822
573 97
573 424
573 1124
573 918
573 242
573 948
573 271
1120 424
1120 833
1120 242
1120 948
797 981
797 929
486 241
486 251
486 49
486 94
486 319
486 210
486 101
486 524
241 319
694 11
694 386
694 113
694 894
694 112
694 771
694 856
694 14
694 53
694 276
694 315
694 916
694 822
860 87
860 133
860 963
860 506
718 251
718 242
718 562
718 559
718 892
718 661
718 693
718 269
718 462
6 126
6 918
6 607
6 1
6 678
6 465
6 58
864 612
283 612
283 234
283 948
97 501
97 449
97 267
97 550
226 967
1010 260
73 678
73 501
73 267
73 550
73 637
73 338
491 551
491 727
491 804
491 94
491 564
491 451
251 551
251 94
251 242
251 275
251 1127
251 562
251 432
251 559
251 892
251 661
251 1000
251 498
251 742
945 210
945 562
945 830
235 142
235 751
49 371
49 540
49 604
49 506
981 339
11 697
11 894
11 14
11 276
11 315
11 916
11 822
121 1097
121 662
121 978
121 38
612 633
612 27
551 589
551 1028
551 517
551 540
551 662
551 419
551 809
551 171
551 325
551 189
551 772
551 19
551 1086
551 685
551 161
698 931
228 870
270 495
270 975
270 1093
711 87
711 564
711 886
711 7
711 675
711 803
539 1073
539 1129
902 56
902 514
727 804
727 463
727 540
727 918
727 451
727 644
727 977
727 656
727 227
727 587
727 604
727 531
496 29
386 1072
386 996
386 771
386 85
386 153
386 942
386 856
386 991
386 387
386 351
1072 996
1072 113
1072 894
1072 85
1072 153
1072 395
1072 991
126 703
126 958
126 113
126 972
126 1100
650 935
650 680
650 783
650 215
703 704
703 590
703 936
703 298
703 935
697 113
795 960
795 527
1108 371
371 589
371 218
371 150
371 804
371 584
371 809
371 967
371 441
371 587
371 1006
371 462
371 280
704 936
704 975
704 527
590 113
590 960
590 320
936 28
580 609
580 150
589 218
589 44
589 967
589 510
1028 218
753 369
24 838
340 168
340 309
340 172
378 369
747 1097
747 645
747 297
747 774
517 994
517 810
1097 274
1097 806
1097 172
1097 554
1097 68
1097 122
1097 193
1097 522
548 990
994 7
994 406
1124 326
218 651
609 150
746 553
940 564
508 730
458 278
458 696
44 369
1038 771
1038 699
168 369
168 309
168 18
168 172
168 350
730 651
730 13
833 677
833 377
833 468
833 144
677 377
377 468
744 632
744 527
744 520
298 935
298 221
1119 94
1119 841
1119 632
958 1079
958 725
958 607
485 716
1040 133
804 540
804 94
804 451
804 644
804 977
540 451
540 587
300 183
300 281
300 557
300 1094
300 110
925 507
925 479
925 671
925 900
925 788
662 133
94 564
94 451
94 977
94 914
94 963
183 750
183 281
183 370
183 1002
183 522
29 809
87 886
87 675
87 679
376 867
403 713
158 786
158 842
419 353
419 512
419 920
306 786
306 669
474 345
918 323
918 725
918 123
918 750
918 810
918 269
918 772
1065 53
592 786
886 133
886 206
323 53
63 716
786 357
935 1079
935 527
222 607
222 740
725 740
725 89
725 410
495 1093
495 893
495 479
495 109
7 417
611 417
611 135
123 632
750 607
447 742
675 845
675 574
675 238
675 521
675 702
69 557
69 133
69 604
69 373
242 210
242 559
242 180
242 830
242 702
633 948
633 59
633 264
633 27
466 79
466 448
466 913
296 871
872 635
872 758
809 1101
32 473
561 438
436 651
996 153
996 395
996 778
996 556
996 504
996 991
996 1037
996 558
996 423
113 894
113 112
113 771
113 520
113 541
894 112
894 856
894 14
894 276
894 315
894 916
894 822
894 268
1102 46
1102 670
1102 985
112 699
771 856
771 991
771 595
771 482
771 803
754 534
754 670
754 985
1095 553
600 21
737 761
960 320
85 395
85 942
85 1050
85 991
153 680
153 395
153 942
153 632
153 991
680 991
395 942
395 991
942 556
942 783
246 369
947 370
370 473
856 607
856 14
856 276
856 315
856 916
856 822
870 1127
870 432
870 197
870 565
870 354
870 8
870 105
870 823
889 909
906 311
319 871
319 645
319 929
319 629
790 190
1012 626
451 644
451 587
644 770
644 206
644 531
40 587
40 855
841 46
190 1031
607 999
607 1
607 932
607 53
975 527
632 527
481 164
481 189
481 972
481 209
14 276
14 315
14 916
14 822
761 253
761 772
761 1086
761 350
761 1125
1117 999
871 449
871 338
706 724
314 836
146 647
1127 432
1127 477
1127 271
999 1
999 932
171 1000
171 399
473 1094
537 557
210 1130
210 437
210 559
1035 713
770 227
770 587
770 602
987 133
645 929
562 328
562 818
562 3
543 462
101 46
1 932
1 438
932 668
512 699
512 125
512 372
512 1082
147 324
147 842
417 38
437 180
437 238
437 521
437 702
432 271
432 105
432 702
559 180
559 399
559 521
559 702
133 705
406 661
510 661
510 837
510 274
510 639
699 854
678 701
678 335
678 253
79 635
79 286
79 913
464 46
464 854
892 661
892 328
892 639
661 639
328 837
328 180
328 830
328 877
969 851
77 109
53 968
276 315
276 916
276 822
315 916
315 822
916 822
368 189
368 1031
368 209
164 268
164 887
189 1031
189 701
212 972
212 630
212 46
212 595
212 482
212 803
212 572
972 630
972 46
972 595
972 803
1031 209
1122 1044
847 448
448 602
501 267
501 338
321 438
321 976
701 71
701 253
701 772
701 1086
438 670
438 985
341 253
341 772
341 350
341 1125
267 550
267 637
267 338
832 74
630 595
630 803
170 679
274 477
309 172
693 462
909 33
347 572
347 917
780 335
780 253
507 479
507 671
556 504
556 387
504 852
852 1037
1101 227
604 914
1000 498
1000 742
1000 399
1037 58
1037 423
978 911
806 554
806 522
46 595
46 803
110 334
38 19
595 803
595 652
479 671
635 913
286 913
713 465
670 985
498 742
498 354
498 521
498 639
342 334
973 187
810 738
810 533
71 253
71 772
71 1086
71 1125
253 1086
253 685
253 1125
465 776
536 990
536 19
990 19
477 195
1080 86
354 105
1006 1086
1006 350
180 238
180 521
180 702
238 521
238 702
338 1125
772 1086
772 685
772 350
772 1125
1086 685
1086 350
1086 1125
685 1125
531 186
350 774
554 522
554 962
671 898
900 788
135 583
702 639
583 583
