0 338
1 1034
2 169
3 55
4 985
5 1073
6 107
7 582
8 91
9 983
10 447
11 351
12 1013
13 1003
14 756
15 98
16 197
17 541
18 511
19 484
20 940
21 830
22 799
23 637
24 1123
25 323
26 70
27 168
28 656
29 40
30 585
31 451
32 95
33 420
34 103
35 847
36 802
37 202
38 226
39 812
40 467
41 195
42 25
43 566
44 710
45 601
46 243
47 77
48 320
49 687
50 80
51 1110
52 997
53 366
54 835
55 63
56 149
57 115
58 751
59 723
60 90
61 968
62 562
63 780
64 9
65 369
66 483
67 276
68 959
69 327
70 827
71 773
72 518
73 409
74 1016
75 209
76 571
77 1058
78 1080
79 800
80 863
81 126
82 30
83 288
84 973
85 304
86 101
87 729
88 786
89 489
90 1088
91 1116
92 1021
93 752
94 707
95 498
96 739
97 789
98 808
99 153
100 532
101 628
102 1007
103 869
104 441
105 779
106 402
107 416
108 689
109 267
110 720
111 665
112 482
113 462
114 589
115 688
116 72
117 1102
118 509
119 313
120 438
121 850
122 876
123 196
124 703
125 846
126 931
127 998
128 572
129 37
130 307
131 860
132 6
133 229
134 764
135 407
136 1015
137 286
138 100
139 500
140 358
141 439
142 480
143 718
144 1004
145 1089
146 241
147 819
148 952
149 244
150 137
151 1074
152 172
153 31
154 590
155 222
156 648
157 494
158 368
159 890
160 347
161 570
162 520
163 594
164 135
165 626
166 354
167 1010
168 932
169 840
170 741
171 1090
172 820
173 49
174 919
175 324
176 1130
177 1032
178 188
179 178
180 13
181 521
182 1084
183 783
184 342
185 325
186 744
187 988
188 436
189 955
190 224
191 917
192 732
193 964
194 396
195 215
196 32
197 120
198 43
199 395
200 1085
201 134
202 1030
203 1035
204 1121
205 633
206 22
207 962
208 762
209 391
210 133
211 182
212 906
213 1039
214 522
215 833
216 704
217 583
218 608
219 127
220 929
221 708
222 330
223 593
224 640
225 649
226 726
227 274
228 191
229 415
230 958
231 685
232 781
233 19
234 839
235 83
236 1048
237 508
238 908
239 716
240 891
241 238
242 161
243 33
244 1055
245 208
246 1028
247 174
248 337
249 154
250 823
251 119
252 765
253 868
254 866
255 790
256 731
257 1047
258 308
259 674
260 879
261 11
262 620
263 539
264 360
265 207
266 359
267 65
268 994
269 798
270 796
271 1127
272 1124
273 793
274 486
275 647
276 592
277 1067
278 245
279 979
280 821
281 425
282 612
283 73
284 141
285 377
286 743
287 424
288 295
289 363
290 1086
291 237
292 715
293 599
294 225
295 949
296 130
297 386
298 326
299 999
300 437
301 328
302 206
303 878
304 349
305 108
306 787
307 926
308 78
309 832
310 811
311 0
312 578
313 536
314 7
315 200
316 813
317 1053
318 76
319 627
320 102
321 960
322 388
323 269
324 534
325 44
326 735
327 27
328 576
329 1025
330 794
331 1100
332 642
333 880
334 661
335 683
336 684
337 575
338 472
339 461
340 315
341 844
342 2
343 548
344 1132
345 192
346 546
347 1108
348 867
349 993
350 17
351 299
352 564
353 1046
354 139
355 943
356 1054
357 176
358 990
359 46
360 559
361 1051
362 258
363 371
364 157
365 818
366 712
367 596
368 838
369 334
370 287
371 651
372 980
373 15
374 939
375 406
376 125
377 375
378 333
379 763
380 977
381 882
382 341
383 1113
384 809
385 432
386 62
387 433
388 454
389 901
390 950
391 514
392 156
393 42
394 151
395 1129
396 525
397 291
398 356
399 82
400 165
401 902
402 1052
403 552
404 1056
405 303
406 177
407 872
408 116
409 263
410 1087
411 584
412 1062
413 231
414 574
415 759
416 967
417 411
418 921
419 1040
420 12
421 624
422 668
423 631
424 1
425 905
426 654
427 1083
428 249
429 569
430 1078
431 996
432 1081
433 236
434 64
435 538
436 367
437 122
438 423
439 652
440 857
441 966
442 1044
443 401
444 630
445 942
446 75
447 666
448 836
449 883
450 314
451 181
452 861
453 754
454 714
455 925
456 650
457 984
458 23
459 528
460 506
461 14
462 893
463 1104
464 758
465 550
466 175
467 629
468 496
469 696
470 1009
471 353
472 900
473 1095
474 884
475 553
476 1112
477 924
478 199
479 567
480 725
481 991
482 5
483 733
484 1017
485 372
486 24
487 378
488 503
489 265
490 909
491 694
492 805
493 722
494 915
495 1103
496 1069
497 623
498 858
499 203
500 545
501 699
502 312
503 691
504 427
505 727
506 746
507 944
508 892
509 344
510 145
511 429
512 682
513 302
514 896
515 290
516 56
517 625
518 142
519 954
520 560
521 92
522 898
523 123
524 695
525 194
526 515
527 352
528 941
529 591
530 1000
531 875
532 757
533 613
534 1008
535 1122
536 160
537 158
538 512
539 653
540 282
541 170
542 1042
543 309
544 113
545 957
546 760
547 410
548 772
549 531
550 862
551 210
552 457
553 1106
554 894
555 370
556 213
557 1011
558 1060
559 600
560 29
561 854
562 778
563 60
564 1019
565 61
566 547
567 469
568 1071
569 912
570 755
571 146
572 204
573 487
574 527
575 306
576 250
577 907
578 164
579 672
580 724
581 667
582 948
583 913
584 635
585 956
586 262
587 293
588 449
589 221
590 507
591 346
592 659
593 737
594 232
595 198
596 171
597 885
598 516
599 468
600 717
601 450
602 530
603 105
604 242
605 1109
606 782
607 301
608 41
609 399
610 937
611 284
612 641
613 806
614 150
615 502
616 418
617 495
618 1033
619 785
620 476
621 59
622 561
623 1049
624 535
625 837
626 634
627 581
628 227
629 446
630 616
631 886
632 686
633 474
634 969
635 713
636 155
637 817
638 319
639 58
640 220
641 106
642 16
643 140
644 815
645 473
646 899
647 1111
648 935
649 845
650 831
651 501
652 179
653 768
654 298
655 345
656 21
657 975
658 53
659 35
660 184
661 162
662 1082
663 3
664 1020
665 972
666 440
667 784
668 497
669 185
670 513
671 529
672 816
673 488
674 189
675 492
676 93
677 8
678 678
679 1118
680 272
681 285
682 26
683 34
684 321
685 268
686 448
687 549
688 129
689 555
690 709
691 163
692 45
693 622
694 679
695 380
696 254
697 945
698 48
699 1024
700 953
701 477
702 212
703 801
704 256
705 615
706 766
707 1059
708 702
709 357
710 982
711 10
712 738
713 382
714 311
715 897
716 38
717 775
718 598
719 1041
720 300
721 132
722 701
723 260
724 519
725 493
726 638
727 39
728 605
729 1027
730 257
731 69
732 458
733 749
734 453
735 443
736 465
737 791
738 381
739 297
740 563
741 797
742 933
743 662
744 223
745 841
746 1057
747 1064
748 322
749 408
750 1036
751 398
752 606
753 865
754 597
755 173
756 761
757 788
758 271
759 87
760 1038
761 887
762 1107
763 305
764 1029
765 47
766 774
767 618
768 671
769 1115
770 769
771 870
772 617
773 405
774 947
775 361
776 565
777 50
778 834
779 340
780 588
781 1091
782 166
783 393
784 974
785 670
786 1065
787 121
788 543
789 721
790 261
791 1023
792 736
793 235
794 544
795 989
796 278
797 114
798 881
799 1125
800 745
801 986
802 412
803 556
804 294
805 504
806 310
807 1022
808 471
809 1026
810 431
811 842
812 853
813 871
814 1050
815 995
816 190
817 1061
818 992
819 792
820 404
821 4
822 128
823 970
824 609
825 675
826 903
827 814
828 614
829 131
830 523
831 435
832 86
833 233
834 843
835 1105
836 336
837 442
838 281
839 365
840 851
841 810
842 430
843 187
844 595
845 118
846 660
847 89
848 1068
849 248
850 1045
851 389
852 676
853 874
854 719
855 252
856 557
857 505
858 414
859 690
860 826
861 279
862 822
863 693
864 705
865 104
866 603
867 510
868 1043
869 976
870 658
871 533
872 452
873 426
874 470
875 273
876 930
877 491
878 587
879 1070
880 987
881 217
882 111
883 928
884 889
885 1014
886 771
887 537
888 413
889 109
890 85
891 144
892 374
893 392
894 28
895 167
896 922
897 864
898 216
899 681
900 602
901 698
902 655
903 1114
904 335
905 680
906 807
907 961
908 1096
909 124
910 230
911 240
912 936
913 51
914 856
915 397
916 275
917 604
918 339
919 481
920 855
921 740
922 81
923 318
924 434
925 136
926 444
927 895
928 112
929 419
930 963
931 362
932 1098
933 1076
934 804
935 558
936 711
937 456
938 621
939 71
940 1119
941 1005
942 343
943 499
944 825
945 148
946 586
947 459
948 201
949 795
950 636
951 951
952 645
953 978
954 205
955 99
956 859
957 524
958 643
959 332
960 228
961 383
962 385
963 580
964 355
965 52
966 239
967 117
968 211
969 747
970 852
971 475
972 577
973 88
974 18
975 918
976 460
977 84
978 455
979 1072
980 551
981 904
982 1077
983 183
984 296
985 632
986 445
987 247
988 776
989 579
990 1001
991 316
992 873
993 700
994 147
995 610
996 1126
997 463
998 417
999 464
1000 526
1001 916
1002 923
1003 753
1004 910
1005 692
1006 218
1007 1075
1008 1093
1009 1117
1010 478
1011 348
1012 234
1013 663
1014 644
1015 79
1016 540
1017 1031
1018 214
1019 1018
1020 97
1021 376
1022 938
1023 159
1024 66
1025 74
1026 54
1027 573
1028 911
1029 730
1030 20
1031 829
1032 485
1033 1097
1034 914
1035 849
1036 186
1037 934
1038 219
1039 607
1040 1101
1041 517
1042 138
1043 824
1044 1092
1045 57
1046 96
1047 253
1048 1079
1049 403
1050 400
1051 68
1052 750
1053 1037
1054 180
1055 379
1056 927
1057 259
1058 1120
1059 767
1060 364
1061 848
1062 193
1063 283
1064 246
1065 1012
1066 110
1067 554
1068 251
1069 143
1070 384
1071 422
1072 828
1073 669
1074 777
1075 490
1076 728
1077 67
1078 1099
1079 673
1080 770
1081 1131
1082 734
1083 264
1084 639
1085 289
1086 331
1087 748
1088 270
1089 877
1090 390
1091 611
1092 664
1093 1066
1094 1002
1095 277
1096 706
1097 292
1098 36
1099 266
1100 1128
1101 657
1102 971
1103 697
1104 1094
1105 742
1106 677
1107 317
1108 479
1109 920
1110 329
1111 1006
1112 946
1113 888
1114 394
1115 94
1116 1063
1117 542
1118 466
1119 373
1120 152
1121 568
1122 421
1123 255
1124 619
1125 428
1126 280
1127 803
1128 981
1129 646
1130 387
1131 350
1132 965
