338 1034
338 55
338 985
338 1073
338 107
338 582
338 91
338 983
338 447
338 351
338 1013
338 1003
338 756
338 98
338 197
338 541
338 511
338 484
338 940
338 830
338 799
338 637
338 1123
338 323
338 70
338 168
338 656
338 40
338 585
1034 169
1034 55
1034 1073
1034 107
1034 582
1034 91
1034 983
1034 447
1034 1013
1034 98
1034 541
1034 511
1034 484
1034 830
1034 637
1034 451
1034 95
1034 420
1034 103
1034 847
1034 802
1034 202
169 55
169 1073
169 107
169 582
169 91
169 447
169 351
169 1013
169 98
169 541
169 511
169 484
169 940
169 830
169 799
169 70
169 168
169 420
169 226
169 812
169 467
169 195
169 25
169 566
169 710
169 601
169 243
169 77
169 320
169 687
169 80
169 1110
169 997
169 366
169 835
169 63
55 447
55 830
55 601
55 149
55 115
55 751
55 723
55 90
55 968
55 562
55 780
55 9
55 369
55 483
55 276
55 959
55 327
55 827
55 773
985 1073
985 1013
985 518
985 409
985 1016
985 209
985 571
985 1058
985 1080
1073 107
1073 582
1073 1013
1073 98
1073 541
1073 830
1073 70
1073 168
1073 420
1073 800
1073 863
1073 126
1073 30
1073 288
1073 973
1073 304
1073 101
107 91
107 983
107 1013
107 756
107 98
107 511
107 830
107 168
107 209
107 729
107 786
107 489
107 1088
107 1116
107 1021
107 752
107 707
107 498
107 739
107 789
107 808
107 153
582 830
582 168
582 532
582 628
91 983
91 1013
91 98
91 940
91 830
91 637
91 40
91 467
91 1007
91 869
91 441
91 779
91 402
983 98
983 637
983 40
983 420
983 327
983 416
983 689
983 267
983 720
983 665
983 482
983 462
983 589
983 688
983 72
983 1102
983 509
983 313
983 438
983 850
983 876
983 196
983 703
983 846
983 931
983 998
983 572
983 37
447 541
447 511
447 484
447 830
447 1123
447 70
447 710
447 518
447 307
447 860
447 6
447 229
447 764
447 407
447 286
351 288
351 100
351 500
351 358
351 439
351 480
351 718
351 1004
351 1089
351 241
351 819
351 952
351 244
351 137
351 1074
351 172
1013 1003
1013 98
1013 541
1013 830
1013 637
1013 168
1013 710
1013 959
1013 209
1013 779
1013 172
1013 31
1013 590
1013 222
1013 648
1013 494
1013 368
1013 890
1003 756
1003 98
1003 637
1003 95
1003 420
1003 800
1003 402
1003 267
1003 665
1003 876
1003 196
1003 407
1003 347
1003 570
1003 520
1003 594
1003 135
1003 626
1003 354
1003 1010
1003 932
1003 840
1003 741
1003 1090
1003 820
1003 49
1003 919
1003 324
1003 1130
1003 1032
1003 188
1003 178
1003 13
1003 521
756 799
756 95
756 420
756 209
756 1021
756 196
756 1010
756 1084
756 783
756 342
756 325
756 744
756 988
756 436
756 955
756 224
98 637
98 40
98 95
98 420
98 63
98 571
98 441
98 416
98 876
98 931
98 572
98 917
98 732
98 964
98 396
98 215
98 32
98 120
98 43
98 395
98 1085
98 134
98 1030
98 1035
98 1121
98 633
98 22
98 962
98 762
98 391
98 133
98 906
98 1039
98 522
98 833
98 704
98 583
98 608
98 127
98 929
98 708
197 637
197 420
197 589
197 330
197 593
197 640
541 511
541 940
541 830
541 799
541 1123
541 323
541 70
541 202
541 226
541 649
541 726
541 274
511 484
511 70
511 202
511 467
511 126
511 304
511 313
511 1015
511 325
511 191
511 415
511 958
511 685
511 781
511 19
511 839
511 83
511 1048
511 508
511 908
511 716
484 830
484 467
484 25
484 687
484 863
484 779
484 274
484 781
484 891
484 238
484 161
484 33
940 1123
940 226
940 812
940 467
940 601
940 243
940 687
940 366
940 835
940 751
940 1088
940 1007
940 869
940 441
940 402
940 648
940 633
940 391
940 1039
940 330
940 908
940 1055
940 208
940 1028
940 174
940 337
940 154
940 823
940 119
940 765
940 868
940 866
940 790
940 731
940 1047
940 308
940 674
940 879
830 70
830 451
830 202
799 1123
799 226
799 195
799 25
799 566
799 710
799 601
799 687
799 366
799 800
799 739
799 229
799 764
799 480
799 521
799 215
799 1030
799 726
799 415
799 208
799 866
799 11
799 620
799 539
799 360
799 207
799 359
799 65
799 994
799 798
799 796
799 1127
799 1124
799 793
799 486
799 647
799 592
799 1067
799 245
799 979
799 821
799 425
799 612
799 73
637 40
637 95
637 420
637 115
637 327
637 416
637 689
637 267
637 589
637 688
637 509
637 313
637 438
637 196
637 354
637 1010
637 49
637 324
637 521
637 620
637 141
637 377
637 743
637 424
637 295
637 363
637 1086
637 237
637 715
637 599
637 225
637 949
637 130
1123 323
1123 226
1123 723
1123 968
1123 846
1123 726
1123 508
1123 360
1123 743
1123 386
1123 326
1123 999
1123 437
1123 328
1123 206
70 202
70 327
70 304
70 707
70 325
70 415
70 685
70 839
70 486
70 878
70 349
70 108
70 787
168 420
168 521
168 781
168 979
168 926
168 78
656 241
656 832
656 811
656 0
656 578
656 536
656 7
656 200
40 320
40 1032
40 964
40 215
40 395
40 1085
40 133
40 583
40 813
40 1053
40 627
40 102
40 960
40 388
40 269
40 534
40 44
40 735
40 27
585 710
585 366
585 869
585 648
585 134
585 891
585 1055
585 823
585 308
585 576
585 1025
585 794
585 1100
585 642
585 880
585 661
585 683
585 684
585 575
585 472
585 461
451 315
95 420
95 932
420 835
420 327
420 416
420 521
420 926
420 844
420 2
202 80
202 958
202 781
202 1048
202 891
202 868
202 798
202 486
202 1025
202 548
202 192
202 546
202 1108
202 867
202 993
202 17
202 299
226 467
226 195
226 25
226 710
226 601
226 687
226 1110
226 441
226 402
226 716
226 1055
226 208
226 154
226 360
226 578
226 536
226 1100
226 1046
226 139
226 943
226 1054
226 176
812 195
812 601
812 243
812 320
812 366
812 835
812 63
812 115
812 441
812 1030
812 65
812 683
812 1046
812 139
812 990
812 46
812 559
812 1051
812 258
812 371
812 157
812 818
812 712
467 601
467 243
467 77
467 687
467 80
467 366
467 968
467 101
467 752
467 1007
467 779
467 229
467 764
467 224
467 964
467 391
467 839
467 508
467 1055
467 208
467 1028
467 154
467 674
467 11
467 798
467 1100
467 880
467 564
467 1046
467 139
467 176
467 596
467 838
467 334
467 287
467 651
467 980
467 15
467 939
467 406
467 125
467 375
467 333
195 566
195 710
195 687
195 288
195 869
195 441
195 229
195 648
195 1055
195 796
195 206
195 536
195 1100
195 642
195 661
195 684
195 1046
195 139
195 943
195 651
195 375
195 977
195 882
195 341
195 1113
195 809
195 432
195 62
195 433
195 454
195 901
195 950
195 514
195 156
195 42
195 151
195 1129
195 525
195 291
195 356
195 82
195 165
195 902
195 1052
195 552
25 601
25 415
25 716
25 994
25 425
25 1056
566 1110
566 764
566 1100
566 315
566 341
566 432
566 303
566 177
566 872
566 116
566 263
566 1087
566 584
566 1062
566 231
710 687
710 366
710 518
710 6
710 224
710 726
710 823
710 308
710 642
710 867
710 139
710 1051
710 356
710 574
710 759
710 967
710 411
710 921
710 1040
710 12
710 624
710 668
710 631
710 1
601 77
601 1110
601 149
601 115
601 751
601 968
601 780
601 369
601 276
601 959
601 827
601 773
601 863
601 891
601 208
601 425
601 17
601 1046
601 980
601 356
601 231
601 905
601 654
601 1083
601 249
601 569
601 1078
601 996
243 869
243 684
243 1081
77 949
77 1100
77 712
77 236
320 366
320 835
320 63
320 209
320 1080
320 1116
320 441
320 688
320 998
320 342
320 1085
320 134
320 633
320 906
320 891
320 994
320 793
320 715
320 206
320 813
320 102
320 534
320 735
320 27
320 548
320 559
320 258
320 901
320 64
320 538
320 367
320 122
320 423
320 652
320 857
320 966
687 1110
687 863
687 224
687 274
687 891
687 1055
687 308
687 796
687 536
687 269
687 642
687 575
687 1046
687 712
687 596
687 552
687 1044
687 401
80 366
80 63
80 441
80 731
80 994
80 1067
80 575
80 461
80 564
80 1046
80 818
80 596
80 630
80 942
80 75
80 666
80 836
80 883
80 314
1110 863
1110 998
1110 6
1110 764
1110 1089
1110 648
1110 521
1110 274
1110 891
1110 174
1110 868
1110 994
1110 743
1110 200
1110 642
1110 661
1110 461
1110 17
1110 1051
1110 157
1110 712
1110 902
1110 1062
1110 181
1110 861
1110 754
1110 714
1110 925
1110 650
1110 984
1110 23
1110 528
1110 506
997 773
366 209
366 101
366 196
366 1084
366 342
366 744
366 436
366 224
366 65
366 576
366 794
366 642
366 192
366 1046
366 375
366 754
366 14
366 893
366 1104
366 758
366 550
366 175
835 63
835 441
835 998
835 1085
835 308
835 813
835 269
835 46
835 629
835 496
63 571
63 441
63 998
63 6
63 964
63 215
63 1085
63 134
63 22
63 391
63 182
63 906
63 1039
63 823
63 295
63 715
63 735
63 1100
63 661
63 46
63 371
63 901
63 514
63 367
63 696
63 1009
63 353
63 900
63 1095
149 115
149 751
149 968
149 780
149 369
149 959
149 958
149 425
149 980
149 905
149 884
149 553
149 1112
149 924
149 199
149 567
149 725
149 991
149 5
149 733
149 1017
149 372
149 24
115 751
115 968
115 780
115 369
115 483
115 959
115 773
115 402
115 665
115 196
115 917
115 633
115 866
115 425
115 377
115 17
115 980
115 156
115 423
115 378
115 503
115 265
115 909
115 694
115 805
115 722
115 915
751 968
751 780
751 369
751 959
751 827
751 773
751 790
751 425
751 905
751 569
751 1103
751 1069
751 623
751 858
723 1017
90 780
90 276
90 860
90 33
90 696
90 1017
90 203
90 545
90 699
968 562
968 780
968 369
968 483
968 827
968 773
968 500
968 1004
968 244
968 342
968 1030
968 359
968 315
968 287
968 553
968 312
968 691
968 427
562 827
562 244
562 654
562 553
562 727
562 746
562 944
562 892
780 9
780 276
780 959
780 773
780 489
780 425
780 5
780 1017
780 727
780 344
9 276
9 489
9 425
9 569
9 884
9 553
9 1112
9 725
9 5
9 1017
9 344
9 145
9 429
9 682
9 302
369 959
369 827
369 773
369 425
369 200
369 596
369 905
369 896
483 508
483 377
483 569
483 1017
483 265
483 909
483 290
483 56
483 625
483 142
276 959
276 489
276 425
276 980
276 569
276 696
276 1017
276 203
276 344
276 145
276 954
959 773
959 489
959 608
959 867
959 1051
959 905
959 996
959 401
959 550
959 203
959 727
959 892
959 560
959 92
959 898
959 123
959 695
959 194
959 515
959 352
959 941
327 126
327 416
327 72
327 932
327 840
327 521
327 781
327 908
327 979
327 139
327 401
327 694
327 915
327 1000
327 875
827 229
827 781
827 654
827 249
827 944
827 145
827 757
773 500
773 65
773 425
773 141
773 472
773 17
773 564
773 943
773 838
773 980
773 1129
773 668
773 905
773 714
773 203
773 746
773 344
773 145
773 613
773 1008
773 1122
773 160
773 158
773 512
773 282
773 170
518 786
518 6
518 674
518 798
518 406
518 375
518 1062
518 1040
518 624
518 75
518 175
518 352
518 1042
518 309
518 113
518 957
518 760
518 410
409 532
409 998
409 229
409 325
409 964
409 215
409 633
409 781
409 868
409 743
409 550
409 427
409 772
409 531
409 862
409 210
409 457
409 1106
409 894
1016 819
1016 1074
1016 359
1016 1046
1016 629
1016 370
1016 213
1016 1011
1016 600
1016 29
209 800
209 288
209 441
209 72
209 509
209 196
209 241
209 244
209 1084
209 342
209 325
209 744
209 436
209 955
209 781
209 359
209 994
209 200
209 315
209 299
209 1129
209 14
209 550
209 175
209 457
209 854
209 60
209 1019
209 61
209 547
209 469
209 1071
209 912
209 755
209 146
209 204
571 241
571 215
571 388
571 1040
571 487
1058 482
1058 313
1058 438
1058 347
1058 570
1058 324
1058 13
1058 1084
1058 32
1058 642
1058 527
1080 441
1080 998
1080 6
1080 407
1080 1085
1080 960
1080 683
1080 82
1080 306
800 973
800 441
800 688
800 313
800 931
800 347
800 324
800 783
800 964
800 994
800 793
800 559
800 82
800 165
800 250
800 907
800 164
800 672
800 724
800 667
800 948
800 913
863 752
863 229
863 590
863 1035
863 274
863 891
863 161
863 674
863 926
863 642
863 1056
863 754
863 528
863 1106
863 635
863 956
863 262
863 293
126 752
126 482
126 324
126 178
126 521
126 1085
126 781
126 19
126 1048
126 994
126 486
126 592
126 437
126 108
126 977
126 1056
126 528
126 954
126 293
126 449
30 480
30 908
30 161
30 433
30 221
288 500
288 358
288 480
288 1089
288 244
288 1074
288 172
288 1100
288 1046
288 204
288 507
973 998
973 37
973 732
973 120
973 1121
973 182
973 522
973 608
973 708
973 1086
973 735
973 27
973 291
973 165
973 625
973 346
973 659
973 737
973 232
973 198
304 752
304 707
304 781
304 375
304 249
304 754
304 171
304 885
101 229
101 1084
101 547
729 1116
729 732
729 120
729 1035
729 608
729 625
729 737
729 516
729 468
729 717
786 1021
786 754
786 1104
786 450
786 530
786 105
489 425
489 141
489 1129
489 905
489 654
489 569
489 1017
489 746
489 344
489 530
489 105
489 242
489 1109
489 782
489 301
489 41
489 399
1088 781
1088 790
1088 994
1088 838
1088 401
1088 937
1088 284
1088 641
1088 806
1088 150
1116 648
1116 1085
1116 308
1116 73
1116 487
1116 502
1116 418
1116 495
1116 1033
1116 785
1021 1102
1021 436
1021 224
1021 754
1021 758
1021 450
1021 530
1021 476
1021 59
1021 561
1021 1049
1021 535
1021 837
1021 634
1021 581
1021 227
752 808
752 307
752 1015
752 958
752 781
752 1048
752 891
752 207
752 17
752 406
752 650
752 469
752 171
752 885
752 1109
752 446
752 616
752 886
752 686
707 754
707 886
498 153
498 406
498 650
498 399
498 284
498 474
789 885
789 634
789 969
789 713
808 764
808 436
808 450
153 885
532 998
532 860
532 215
532 360
532 796
532 552
532 629
532 1106
532 667
532 155
532 817
628 472
628 334
1007 208
1007 806
1007 319
869 441
869 998
869 764
869 31
869 1085
869 583
869 735
869 642
869 552
869 545
869 58
441 688
441 998
441 572
441 1084
441 215
441 120
441 395
441 1085
441 134
441 1030
441 1035
441 1121
441 633
441 906
441 1039
441 833
441 704
441 583
441 726
441 83
441 823
441 308
441 793
441 73
441 1086
441 787
441 102
441 794
441 642
441 661
441 559
441 375
441 901
441 82
441 231
441 1040
441 367
441 423
441 942
441 629
441 353
441 312
441 113
441 907
441 198
441 220
441 16
441 140
441 815
441 473
441 899
441 1111
441 935
441 845
441 831
779 229
779 1015
779 65
779 472
779 176
779 574
779 1
779 181
779 984
779 175
779 158
779 293
779 501
779 179
779 768
779 298
779 345
779 21
779 975
779 53
779 35
779 184
779 162
779 1082
779 3
779 1020
402 998
402 521
402 215
402 395
402 633
402 704
402 119
402 620
402 972
402 440
402 784
416 313
416 949
267 72
267 509
267 196
267 521
267 875
267 1071
267 497
665 462
665 313
665 520
665 135
665 354
665 1010
665 840
665 188
665 13
665 796
665 979
665 642
665 139
665 185
665 513
482 313
482 196
482 229
482 570
482 520
482 1010
482 324
482 13
482 875
462 72
462 188
462 497
589 593
589 640
589 866
589 743
589 712
589 784
589 816
589 488
589 189
688 931
688 998
688 964
688 120
688 1085
688 1035
688 1121
688 633
688 391
688 1039
688 522
688 994
688 793
688 295
688 349
688 787
688 548
688 901
688 64
688 423
688 942
688 629
688 696
688 659
688 106
688 1111
688 492
688 93
688 8
688 678
688 1118
688 272
72 509
72 313
72 196
72 6
72 764
72 354
72 342
72 875
72 1071
72 285
1102 1121
1102 857
1102 496
1102 56
1102 227
1102 26
1102 34
509 196
509 932
509 1071
509 497
313 347
313 520
313 135
313 626
313 1010
313 932
313 840
313 1090
313 49
313 324
313 1032
313 188
313 13
313 521
313 781
313 130
313 1100
313 875
313 778
313 1071
313 497
313 321
438 520
438 135
438 626
438 1010
438 932
438 1090
438 49
438 1032
438 778
850 119
850 743
850 363
850 576
850 794
850 139
850 249
850 1042
850 113
850 268
850 448
850 549
850 129
196 324
196 1084
196 894
196 1071
196 555
196 709
703 1015
703 521
703 866
703 743
703 576
703 712
703 249
703 163
703 45
703 622
846 34
931 43
931 962
931 608
931 793
931 942
931 737
931 899
931 1111
931 935
931 679
931 380
998 1015
998 521
998 964
998 215
998 1085
998 633
998 22
998 704
998 958
998 161
998 793
998 295
998 715
998 206
998 349
998 102
998 269
998 534
998 249
998 64
998 423
998 1118
998 254
572 395
572 813
572 220
37 964
37 1121
37 735
37 165
37 367
37 629
37 529
37 945
37 48
307 229
307 764
307 1015
307 590
307 19
307 130
307 1025
307 528
307 725
307 1122
307 635
307 937
307 806
307 93
307 1024
307 953
307 477
307 212
307 801
860 33
860 308
860 578
860 794
860 696
860 545
860 760
860 418
860 817
6 229
6 906
6 19
6 425
6 942
6 884
6 1019
229 764
229 500
229 590
229 726
229 716
229 868
229 536
229 575
229 17
229 596
229 651
229 125
229 411
229 630
229 666
229 725
229 24
229 635
229 956
229 782
229 1082
229 709
229 256
229 615
229 766
229 1059
229 702
764 819
764 590
764 783
764 215
764 726
764 811
764 1100
764 461
764 712
764 62
764 42
764 525
764 1078
764 650
764 175
764 567
764 123
764 113
764 469
764 956
764 885
764 1109
764 45
764 357
764 982
764 738
764 382
764 311
407 328
407 578
407 757
407 1019
407 306
407 284
407 285
407 897
407 38
407 775
1015 286
1015 521
1015 1039
1015 415
1015 781
1015 508
1015 908
1015 161
1015 994
1015 102
1015 1051
1015 406
1015 1062
1015 1040
1015 1044
1015 181
1015 754
1015 23
1015 954
1015 635
1015 162
1015 982
286 415
286 716
100 1089
100 241
500 439
500 480
500 1004
500 1089
500 241
500 819
500 952
500 244
500 1074
500 359
500 326
500 999
500 0
500 578
500 536
500 576
500 1100
500 642
500 867
500 1046
500 1129
500 691
500 427
500 204
500 935
500 598
500 1041
500 300
500 132
358 439
358 1089
358 1074
358 1046
358 598
358 701
439 480
439 1089
439 241
439 819
439 244
439 1074
439 578
439 1100
439 1046
439 139
439 552
439 1044
439 691
439 907
439 507
439 935
439 260
480 1089
480 241
480 908
480 647
480 326
480 1100
480 977
480 1129
480 263
480 1087
480 1062
480 691
480 221
480 507
480 701
480 519
480 493
480 638
480 39
480 605
480 1027
480 257
718 371
718 62
718 370
718 1060
718 69
718 458
718 749
1004 1089
1004 244
1004 1074
1004 342
1004 1048
1004 891
1004 359
1004 794
1004 1046
1004 287
1004 651
1004 759
1004 204
1004 453
1004 443
1089 241
1089 819
1089 952
1089 244
1089 1074
1089 342
1089 191
1089 908
1089 200
1089 1100
1089 1046
1089 1051
1089 287
1089 427
1089 204
1089 465
241 244
241 1074
241 1084
241 908
241 536
241 1046
241 1129
241 204
241 1041
241 791
241 381
819 1074
819 633
819 371
819 375
819 204
819 598
952 244
952 1074
952 342
952 359
952 287
952 427
952 204
952 163
952 300
952 465
244 1074
244 1084
244 891
244 161
244 1046
244 552
244 653
244 204
244 907
137 891
1074 161
1074 359
1074 999
1074 287
1074 213
1074 1060
1074 204
1074 701
1074 453
1074 465
1074 381
1074 297
1074 563
1074 797
172 943
172 1129
172 584
172 221
172 507
172 933
172 662
172 223
172 841
172 1057
172 1064
31 583
590 1048
590 548
590 192
590 1051
590 939
590 125
590 375
590 574
590 411
590 630
590 635
590 956
590 93
222 65
222 994
222 162
222 448
222 477
648 208
648 1100
648 642
648 661
648 563
648 322
494 1084
494 950
494 151
494 935
494 184
494 408
494 1036
494 398
494 606
494 865
494 597
368 236
368 173
890 761
890 788
890 271
347 1084
347 342
347 955
347 913
570 324
570 215
570 32
570 120
570 130
570 735
570 165
570 913
570 48
520 960
520 17
520 503
520 686
520 87
594 135
594 354
594 1010
594 820
594 796
594 960
135 626
135 354
135 1010
135 1090
135 49
135 908
135 130
135 778
626 1010
626 1032
626 521
626 559
626 694
354 1048
354 875
1010 1048
1010 960
1010 875
1010 778
1010 709
840 265
741 545
741 913
1090 130
1090 778
324 13
324 521
324 215
324 32
324 120
324 735
324 901
324 913
324 1038
1130 521
1130 913
1032 33
188 979
188 497
13 32
13 536
13 548
13 772
521 958
521 19
521 1048
521 891
521 592
521 743
521 237
521 949
521 875
521 778
521 887
521 1107
1084 342
1084 744
1084 436
1084 955
1084 224
1084 315
1084 990
1084 712
1084 977
1084 1113
1084 156
1084 862
1084 61
1084 547
1084 450
1084 105
1084 535
1084 1024
1084 311
1084 260
1084 493
1084 305
1084 1029
1084 47
783 342
783 436
783 224
783 633
783 994
783 146
783 164
342 955
342 359
342 999
342 794
342 1046
342 371
342 287
342 454
342 759
342 1060
342 1071
342 204
342 907
342 443
342 797
342 774
325 231
325 249
325 772
325 672
325 530
325 817
325 319
325 982
325 618
744 1129
744 550
744 547
744 449
744 47
988 714
988 175
988 854
988 907
988 293
988 768
988 35
988 1082
988 671
988 1115
988 769
988 870
436 224
436 754
436 1104
436 907
436 450
436 59
436 561
436 617
436 405
955 61
955 547
955 204
224 200
224 754
224 1104
224 59
917 633
917 593
917 174
917 424
917 388
917 942
917 312
917 945
917 947
917 361
732 215
732 1035
732 182
732 522
732 608
732 708
732 27
732 559
732 258
732 165
732 942
732 625
732 346
732 737
732 516
732 468
732 717
732 947
964 215
964 1035
964 391
964 620
964 715
964 813
964 534
964 559
964 901
964 935
964 256
964 565
396 866
396 503
396 513
396 189
396 622
396 50
215 32
215 1085
215 1035
215 22
215 391
215 182
215 1039
215 583
215 127
215 1048
215 620
215 994
215 793
215 295
215 813
215 735
215 642
215 559
215 371
215 901
215 423
215 942
215 353
215 900
215 516
215 8
215 709
215 679
215 834
215 340
215 588
32 1035
32 182
32 127
32 295
32 735
32 901
32 340
32 1091
120 1035
120 1121
120 22
120 182
120 522
120 608
120 708
120 735
120 165
120 857
120 429
120 913
120 737
120 227
120 106
120 899
120 679
120 945
120 947
120 340
120 166
43 522
43 833
43 583
43 929
43 377
43 295
43 258
43 935
43 448
43 519
43 340
43 393
43 974
43 670
395 1121
395 608
395 308
395 796
395 73
395 642
395 696
395 113
395 198
395 418
395 220
395 106
395 16
395 815
395 473
395 899
395 163
395 1065
395 121
1085 134
1085 633
1085 583
1085 781
1085 1047
1085 793
1085 1086
1085 715
1085 534
1085 661
1085 683
1085 559
1085 122
1085 1095
1085 845
134 1039
134 823
134 1047
134 102
134 661
134 1108
134 356
134 1095
134 956
1030 633
1030 620
1030 1086
1030 388
1030 1100
1030 287
1030 759
1030 312
1030 204
1030 543
1035 1121
1035 22
1035 762
1035 391
1035 133
1035 906
1035 1039
1035 833
1035 704
1035 583
1035 781
1035 823
1035 620
1035 1127
1035 793
1035 1086
1035 715
1035 27
1035 661
1035 559
1035 375
1035 901
1035 122
1035 942
1035 353
1035 312
1035 737
1035 721
1035 261
1121 22
1121 962
1121 391
1121 133
1121 182
1121 522
1121 833
1121 704
1121 608
1121 708
1121 793
1121 295
1121 1086
1121 683
1121 901
1121 165
1121 942
1121 737
1121 1111
1121 945
1121 166
1121 1023
633 391
633 906
633 1039
633 522
633 708
633 620
633 960
633 735
633 559
633 82
633 423
633 942
633 679
22 182
22 906
22 833
22 735
22 371
22 901
22 900
22 227
22 945
962 182
962 608
962 793
962 2
962 942
962 198
962 1111
962 1023
762 522
762 583
762 552
762 198
391 1039
391 781
391 793
391 960
391 559
391 82
391 552
391 1
391 423
391 942
391 106
391 529
391 492
391 945
133 182
133 522
133 608
133 295
133 165
133 907
133 1118
133 945
133 588
133 1023
182 906
182 522
182 833
182 608
182 708
182 735
182 27
182 165
182 857
182 353
182 600
182 945
182 1023
182 736
182 235
182 544
906 73
906 377
906 787
906 371
906 818
906 367
906 353
906 1095
906 93
906 736
906 989
906 278
1039 161
1039 620
1039 793
1039 715
1039 559
1039 249
1039 122
1039 549
1039 163
522 833
522 583
522 608
522 929
522 708
522 295
522 258
522 165
522 625
522 346
522 737
522 106
522 945
522 340
522 670
833 583
833 608
833 929
833 295
833 901
833 423
833 516
833 106
833 380
833 340
833 670
833 114
704 929
704 161
704 715
704 545
704 113
704 947
704 235
583 793
583 661
583 258
583 423
583 875
583 907
583 516
583 227
583 58
583 340
583 881
608 708
608 295
608 165
608 353
608 346
608 232
608 845
608 163
608 679
608 380
608 945
608 519
608 721
608 1023
608 1125
608 745
127 901
127 986
929 295
929 258
929 894
929 516
929 340
929 670
708 346
708 737
708 797
708 412
708 556
330 915
330 772
330 8
330 294
593 139
593 915
593 488
593 189
593 504
640 504
649 352
726 269
726 596
726 375
726 263
726 625
726 875
726 907
726 310
274 891
274 796
274 536
274 461
274 356
274 552
274 1022
191 754
415 781
415 908
415 716
415 1044
415 641
415 947
415 471
958 716
958 161
958 868
958 880
958 192
958 1026
781 839
781 508
781 908
781 716
781 161
781 868
781 866
781 425
781 349
781 108
781 375
781 423
781 401
781 613
781 635
781 221
781 782
781 686
781 35
781 163
781 982
781 431
781 842
781 853
781 871
781 1050
781 995
19 406
19 190
839 731
839 349
839 574
839 181
839 925
839 984
839 282
839 469
839 162
839 1061
1048 994
1048 349
1048 200
1048 461
1048 139
1048 401
1048 1104
1048 312
1048 875
1048 635
1048 1049
1048 616
1048 686
1048 477
1048 256
1048 766
1048 992
1048 792
1048 404
1048 4
508 1083
508 75
508 861
508 528
508 24
508 682
508 60
508 702
508 128
508 970
908 161
908 108
908 1025
908 236
908 691
908 221
908 507
908 842
908 853
908 609
716 174
716 108
716 1056
716 652
716 1044
716 401
716 361
716 675
891 161
891 994
891 200
891 461
891 712
891 514
891 574
891 181
891 925
891 550
891 884
891 733
891 635
891 293
891 903
238 411
238 814
161 206
161 1100
161 980
161 1129
161 1078
161 181
161 691
161 293
161 507
161 686
161 675
161 614
161 131
161 523
33 375
33 696
33 545
33 435
1055 208
1055 174
1055 154
1055 661
1055 1046
208 154
208 1051
208 356
208 635
174 794
174 333
174 514
174 1044
174 894
174 947
174 471
174 86
174 233
337 108
154 119
154 73
154 712
154 249
154 448
154 477
823 1047
823 794
823 642
823 661
823 1040
823 367
823 843
119 108
119 102
119 1081
119 982
868 308
868 994
868 880
868 575
868 192
868 635
868 93
868 1026
866 592
866 743
866 642
866 139
866 712
866 503
866 622
866 1105
866 336
866 442
866 281
790 994
790 858
790 146
790 284
790 806
790 53
790 897
790 671
790 365
790 851
790 810
731 200
731 838
731 668
731 984
731 469
731 35
731 430
731 187
1047 1108
308 715
308 349
308 642
308 1040
308 353
308 972
308 529
674 411
674 984
674 775
674 597
674 595
674 118
11 596
11 125
620 424
620 423
620 942
620 312
539 75
539 60
539 660
539 89
539 1068
360 1127
360 73
360 787
360 248
207 406
207 885
359 999
359 315
359 312
359 370
359 213
359 204
359 357
359 598
359 1045
359 389
65 200
65 461
65 1046
65 176
65 1051
65 157
65 596
65 838
65 151
65 574
65 1
65 181
65 469
65 21
65 53
65 1082
65 774
65 676
994 293
994 806
994 953
994 477
994 982
994 874
994 719
798 17
798 375
798 356
798 635
798 785
798 886
798 995
798 614
798 252
798 557
798 505
796 536
796 642
796 139
796 943
796 651
796 514
796 291
796 552
796 236
796 408
796 1105
796 414
796 690
796 826
1124 139
1124 545
1124 129
1124 279
793 735
793 882
793 901
793 367
793 423
793 942
793 696
793 659
793 737
793 679
793 822
486 245
486 564
486 375
486 574
486 314
486 984
486 693
647 326
647 642
647 433
647 156
647 1062
647 231
647 984
647 507
647 173
647 414
647 705
647 104
592 388
592 622
592 603
1067 1106
1067 60
1067 970
1067 660
1067 89
1067 510
1067 1043
1067 976
1067 658
245 651
245 574
245 967
245 314
245 469
245 885
245 768
245 533
979 651
979 514
979 875
979 513
979 622
821 472
425 905
425 654
425 569
425 401
425 1017
425 344
612 139
612 915
73 576
73 156
73 1040
73 249
73 236
73 170
73 1042
73 507
73 268
73 519
73 605
141 1017
141 203
141 727
141 944
141 653
377 295
743 225
743 192
743 712
743 503
743 1019
743 281
743 452
743 426
743 470
743 273
743 930
743 491
743 587
295 735
295 165
295 913
295 340
295 588
295 670
363 139
363 915
363 784
363 513
363 45
363 622
363 336
363 442
363 1070
1086 960
1086 683
1086 942
1086 346
1086 519
715 231
715 166
225 915
225 470
949 926
949 987
130 857
130 913
130 48
130 930
130 217
386 249
386 1044
386 221
386 111
386 928
326 200
326 1100
326 642
326 432
326 454
326 156
326 1129
326 291
326 116
326 263
326 249
326 1078
326 236
326 691
326 170
326 210
326 755
326 221
326 519
326 493
326 605
326 1027
326 173
326 121
326 928
326 889
326 1014
326 771
326 537
999 287
999 514
999 231
999 113
999 204
999 549
437 794
437 991
437 660
437 1068
328 431
206 960
206 315
206 763
206 977
206 882
206 341
206 1113
206 809
206 432
206 62
206 156
206 423
206 629
206 413
206 109
206 85
206 144
206 374
206 392
206 28
206 167
878 576
878 922
349 787
349 926
349 1025
349 156
349 122
349 954
349 492
349 605
108 811
108 448
108 322
108 864
108 216
108 681
787 64
787 122
787 602
926 472
926 176
926 375
926 1
926 181
926 925
926 984
926 613
926 282
926 862
926 975
926 1038
926 190
926 187
926 987
78 1062
78 199
832 811
832 0
832 698
832 655
811 0
811 536
811 576
811 216
0 576
0 894
0 690
0 1114
0 335
0 680
0 807
0 961
578 7
578 993
578 375
578 525
578 552
578 650
578 982
578 775
578 1029
578 544
578 1096
578 124
578 230
536 122
536 984
536 550
536 898
536 515
536 1011
536 698
536 240
7 1108
7 1129
7 650
7 629
7 937
7 10
7 544
200 472
200 867
200 1046
200 176
200 596
200 375
200 116
200 574
200 915
200 896
200 875
200 854
200 162
200 766
200 903
200 936
200 51
813 102
813 960
813 516
813 340
76 856
627 102
627 388
627 44
627 56
627 254
102 960
102 388
102 269
102 534
102 258
102 249
102 64
102 966
102 163
102 254
102 397
960 534
960 683
960 901
960 82
960 122
960 423
960 966
960 942
960 469
960 275
388 44
388 58
388 254
269 534
269 651
269 972
534 27
534 258
44 227
44 272
44 604
735 901
735 165
735 907
735 913
735 346
735 232
735 227
735 340
27 258
576 794
576 1100
576 642
576 661
576 139
576 1113
576 574
576 1040
576 1081
576 170
576 1042
576 724
576 816
1025 939
1025 375
1025 635
1025 982
1025 987
1025 339
794 642
794 683
794 472
794 1113
794 668
794 1081
794 1042
794 60
794 947
794 903
1100 977
1100 341
1100 432
1100 454
1100 156
1100 1129
1100 177
1100 584
1100 1078
1100 236
1100 691
1100 1042
1100 507
1100 260
1100 1027
1100 374
1100 28
1100 335
1100 481
642 661
642 683
642 684
642 371
642 651
642 977
642 1113
642 901
642 263
642 1040
642 236
642 650
642 550
642 696
642 503
642 682
642 875
642 1042
642 113
642 1011
642 60
642 487
642 220
642 975
642 933
642 826
642 976
642 855
642 740
880 1046
880 596
880 406
880 650
880 301
880 284
880 474
880 1026
880 81
880 318
880 434
661 1040
661 875
661 1042
661 136
683 496
683 785
683 961
684 943
684 341
684 116
684 1081
684 629
684 312
684 50
684 444
575 1046
575 249
575 262
575 530
575 817
575 184
472 461
472 548
472 1046
472 596
472 733
472 113
472 1019
472 306
472 1038
472 895
472 112
472 419
472 963
472 362
472 1098
461 1046
461 1051
461 157
461 975
461 1038
461 118
461 1076
461 804
315 1054
315 371
315 287
315 763
315 882
315 1113
315 809
315 454
315 156
315 1062
315 759
315 429
315 755
315 204
315 907
315 443
315 928
315 413
315 109
315 85
315 144
315 167
315 961
315 558
315 711
315 456
844 987
2 82
2 942
2 945
548 574
548 550
548 503
548 282
548 772
548 60
548 469
548 35
548 93
1132 993
192 596
192 939
192 356
192 411
192 862
546 943
546 221
546 933
546 841
546 1064
546 71
546 1119
546 1005
546 343
546 499
546 825
546 148
1108 630
1108 635
1108 937
867 1051
867 898
867 586
993 818
993 982
993 459
993 201
17 596
17 1106
17 886
17 448
17 256
17 638
17 614
17 187
17 976
299 175
299 854
299 293
299 768
299 345
299 35
299 671
299 795
299 636
299 951
299 645
564 514
564 545
564 158
564 469
564 907
564 851
564 978
1046 943
1046 176
1046 157
1046 596
1046 287
1046 356
1046 574
1046 427
1046 204
1046 1041
1046 774
1046 414
1046 419
1046 205
139 943
139 1054
139 712
139 514
139 902
139 759
139 629
139 503
139 915
139 545
139 875
139 972
139 784
139 513
139 709
139 45
139 622
139 442
139 426
139 99
139 859
139 524
139 643
943 514
943 356
943 177
943 263
943 231
943 629
943 696
943 1042
943 210
943 956
943 221
943 507
943 260
943 519
943 662
943 223
943 1057
943 408
943 825
943 148
943 332
943 228
1054 341
1054 759
1054 413
1054 85
1054 167
176 838
176 375
176 1
176 181
176 896
176 410
176 408
176 855
176 383
990 560
990 982
990 1029
46 559
46 353
559 82
559 538
559 989
1051 996
1051 550
1051 898
1051 309
1051 385
258 857
258 670
371 353
157 838
157 774
157 978
157 383
712 629
712 696
712 503
712 915
712 875
712 529
712 189
712 448
712 549
712 45
712 774
712 442
712 587
712 580
712 355
712 52
596 838
596 651
596 514
596 35
596 693
596 112
596 645
596 383
838 181
838 164
838 978
334 151
334 967
334 41
334 533
287 759
287 312
287 443
651 375
651 175
651 158
651 1027
980 249
980 801
939 950
406 375
406 525
406 1052
406 967
406 12
406 249
406 754
406 650
406 1109
406 301
406 399
406 284
406 446
406 474
406 749
406 533
406 239
406 117
406 211
406 747
406 852
125 249
125 630
125 635
125 217
125 475
125 577
375 454
375 901
375 950
375 1062
375 754
375 175
375 635
375 293
375 1111
375 184
375 162
375 738
375 408
375 606
375 88
375 18
333 53
333 471
333 86
763 977
763 882
763 809
763 62
763 393
763 918
977 882
977 341
977 1113
977 809
977 432
977 62
977 156
977 1062
977 691
977 210
977 507
977 1027
977 393
977 109
977 144
882 341
882 1113
882 809
882 432
882 62
882 907
882 659
882 393
882 109
882 558
882 460
341 1113
341 432
341 62
341 691
341 928
1113 809
1113 432
1113 62
1113 156
1113 177
1113 116
1113 1042
1113 907
1113 393
1113 989
1113 85
1113 144
1113 167
1113 456
809 432
809 62
809 156
809 393
809 109
809 167
432 62
432 691
432 1027
62 507
62 456
433 1129
433 552
433 507
433 86
433 414
433 109
433 524
454 1129
454 263
454 1062
454 1078
454 236
454 170
454 210
454 755
454 686
454 260
454 493
454 605
454 173
454 121
454 471
454 928
454 889
454 1014
454 537
454 84
901 942
901 913
901 519
901 588
901 986
950 411
950 984
950 21
950 365
950 455
514 158
514 118
514 698
514 1072
156 423
156 1044
156 691
156 1027
156 144
156 374
156 392
156 481
156 918
156 551
156 904
156 1077
151 184
151 398
151 606
151 774
151 118
151 183
1129 263
1129 584
1129 236
1129 550
1129 691
1129 170
1129 210
1129 755
1129 260
1129 933
1129 223
1129 1057
1129 1064
1129 173
1129 109
1129 144
1129 343
1129 499
1129 524
1129 296
1129 632
525 12
525 650
525 629
291 173
291 1005
291 524
291 918
356 146
356 953
356 365
356 332
82 487
82 724
165 538
165 857
165 913
165 945
165 48
165 114
165 986
165 445
902 236
902 21
902 335
902 247
902 776
1052 629
1052 907
1052 254
1052 117
552 236
552 204
552 93
552 579
1056 249
303 177
303 872
303 257
177 872
177 263
177 1087
177 210
177 1027
177 947
177 1001
177 316
872 116
872 473
872 519
872 257
872 947
872 1114
872 961
116 263
116 1087
116 1078
116 236
116 507
116 256
116 493
116 605
116 414
116 144
263 1087
263 1062
263 1078
263 236
263 170
263 1042
263 493
263 121
263 144
263 711
263 873
1087 653
1087 210
1087 617
584 1062
584 210
584 221
584 260
584 493
584 933
584 223
584 343
1062 210
1062 221
1062 260
1062 928
1062 1077
231 236
231 322
574 181
574 746
574 1008
574 158
574 772
574 469
574 501
574 162
574 256
574 903
574 51
759 204
759 1045
967 650
967 284
967 408
967 533
411 733
411 898
411 242
411 597
411 700
411 147
921 528
921 372
921 682
921 60
921 1022
921 89
1040 1042
1040 487
1040 947
12 41
624 75
624 1106
624 60
624 970
624 859
624 610
668 35
668 1126
1 569
1 53
1 190
1 365
1 112
654 553
654 203
654 746
654 944
654 892
654 56
654 693
654 510
654 961
654 463
654 417
654 464
249 754
249 528
249 954
249 1042
249 957
249 1106
249 886
249 947
249 190
249 928
249 864
249 339
249 526
249 916
569 1017
569 1069
569 858
569 203
569 344
1078 173
1078 144
1078 1114
1078 923
996 399
996 4
996 690
996 807
996 362
996 385
996 753
996 910
1081 1042
1081 448
1081 986
1081 444
236 629
236 691
236 653
236 170
236 755
236 713
236 448
236 260
236 493
236 605
236 1064
236 173
236 121
236 928
236 889
236 1014
236 771
236 537
236 873
64 709
367 423
122 545
122 210
122 519
122 605
423 845
423 692
652 401
652 58
857 56
857 913
857 945
857 48
857 504
857 217
1044 691
1044 512
1044 322
1044 947
1044 471
1044 233
630 666
630 314
630 506
630 469
630 956
630 293
942 629
942 737
942 220
942 679
942 856
75 884
75 1112
75 991
75 733
75 60
75 995
75 610
75 218
836 925
883 23
883 257
314 203
314 746
314 158
314 162
314 870
314 1105
314 795
181 714
181 925
181 896
181 293
181 501
181 768
181 345
181 21
181 162
181 1082
181 549
181 51
181 1093
181 1117
181 478
861 733
861 60
861 448
754 907
754 885
754 530
754 105
754 476
754 59
754 561
754 1049
754 535
754 801
754 1059
754 404
754 348
754 234
754 663
714 896
714 293
714 768
714 35
925 1038
925 190
925 1093
650 629
650 81
984 410
984 530
984 886
984 766
984 365
984 526
984 644
984 79
23 1024
23 953
23 365
23 810
23 1072
23 540
23 1031
23 214
528 1009
528 1112
528 733
528 372
528 24
528 682
528 757
528 1106
528 60
528 761
528 89
528 740
528 147
528 916
528 1018
528 97
528 376
528 938
528 159
528 66
528 74
528 54
506 886
14 1061
14 579
14 1093
14 573
1104 1049
1104 535
1104 837
1104 405
1104 234
1104 911
758 113
758 450
550 898
550 772
550 817
550 982
550 1029
550 730
550 20
175 629
175 696
175 772
175 293
175 768
175 35
175 671
175 1115
175 992
175 951
175 1117
629 503
629 210
629 1011
629 204
629 935
629 1105
629 240
629 362
629 355
629 829
629 485
696 203
696 545
696 1026
696 1105
1009 682
1009 113
1009 761
1009 1022
1009 89
1009 1097
353 380
884 5
884 1106
884 702
884 1068
884 218
884 1018
884 914
553 567
553 1017
553 944
553 761
553 976
1112 5
1112 372
1112 1098
1112 147
1112 610
1112 1018
1112 849
924 60
199 567
199 725
199 1106
199 60
199 1068
199 859
199 186
567 5
567 189
567 431
567 470
567 859
567 610
567 186
725 24
725 1106
725 60
725 1082
725 709
725 615
725 702
725 660
725 934
725 219
991 510
5 733
5 372
5 24
5 909
5 1069
5 858
5 92
5 60
5 782
5 702
5 1043
5 1075
5 376
5 914
5 607
5 1101
5 517
5 138
733 372
733 60
733 702
733 976
733 658
733 147
733 159
1017 944
1017 344
1017 242
372 682
372 1019
372 761
372 89
372 740
372 147
372 1018
372 938
372 849
24 60
24 761
24 74
24 824
24 1092
503 915
503 189
503 129
503 622
503 426
503 491
503 57
265 909
909 1069
909 56
909 92
909 782
909 886
909 1101
915 784
915 129
915 622
915 504
915 426
915 470
915 491
915 96
1069 782
1069 1101
623 858
623 1024
623 305
623 455
623 253
858 953
858 526
858 1079
203 727
203 746
203 944
203 160
203 512
203 854
203 782
203 1027
545 772
545 817
545 16
545 35
545 1061
545 404
312 427
312 204
312 831
691 772
691 210
691 260
691 493
691 1027
691 86
691 144
691 374
691 28
691 481
691 551
691 403
427 204
427 443
427 563
727 892
727 695
746 892
746 56
746 653
746 854
746 782
746 109
746 1005
746 417
944 892
944 145
944 782
944 775
944 597
892 560
892 10
892 403
429 947
429 471
429 86
429 233
429 413
429 167
429 1114
429 961
429 316
429 400
682 60
682 761
682 1022
682 89
682 1097
302 68
896 769
625 875
625 346
625 737
625 516
625 468
625 717
625 1105
560 941
560 907
560 982
560 1029
560 79
92 782
898 352
898 957
898 912
898 1029
898 4
898 750
123 907
515 941
515 698
515 240
515 1037
352 772
352 1029
352 4
941 1011
941 655
591 795
1000 987
875 768
875 1118
875 448
875 523
875 180
757 284
757 761
1008 379
158 795
158 927
282 772
282 1093
170 210
170 519
170 493
170 605
170 173
170 86
170 1014
170 537
1042 1011
1042 724
1042 418
1042 448
1042 702
1042 300
1042 1097
113 724
113 220
113 702
113 300
957 1071
957 750
957 259
772 862
772 60
772 469
772 35
772 1029
772 995
772 523
772 1120
210 755
210 221
210 519
210 493
210 605
210 1027
210 173
210 121
210 928
210 889
210 1014
210 771
210 537
457 1082
457 676
457 767
457 364
1106 60
1106 1019
1106 702
1106 970
1106 1068
1106 510
1106 1043
1106 895
1106 218
1106 848
894 346
894 448
894 947
894 86
894 233
894 690
894 1093
894 193
213 204
213 1041
1011 698
1011 240
1011 1037
1060 563
600 283
29 690
29 698
29 240
29 1037
29 1012
854 469
854 907
854 293
854 768
854 35
854 93
854 671
60 907
60 35
60 702
60 887
60 1022
60 970
60 89
60 1068
60 510
60 1043
60 859
60 147
60 610
60 74
1019 995
1019 970
1019 934
61 547
61 217
469 885
469 345
469 35
469 978
469 364
1071 497
755 232
755 493
755 173
755 121
755 889
755 1014
755 771
755 537
146 284
146 53
146 332
146 1072
204 357
204 1045
907 530
907 105
907 937
907 345
907 53
907 513
907 311
907 431
907 104
907 85
907 110
907 554
907 251
907 143
907 384
164 187
724 268
667 761
913 48
913 340
913 504
635 1082
635 93
635 709
635 1024
635 615
635 1077
956 817
956 111
262 20
262 422
293 768
293 298
293 345
293 35
293 448
293 671
293 1115
293 870
293 992
293 636
293 951
293 645
293 978
293 828
449 162
221 507
221 260
221 1027
221 933
221 662
221 1057
221 1064
221 173
221 71
221 825
221 148
221 228
507 260
507 519
507 493
507 933
507 662
507 841
507 825
346 737
346 232
346 845
346 519
346 28
346 669
659 679
659 223
659 777
659 490
737 516
737 468
737 717
737 1111
737 679
232 519
198 797
198 670
171 885
885 530
885 476
885 561
885 768
885 1059
885 311
885 563
885 434
885 645
885 829
885 848
885 728
516 717
516 340
516 670
468 519
468 797
468 355
717 57
450 59
450 561
530 476
530 446
530 563
530 719
105 476
1109 533
782 1101
301 474
301 318
301 296
41 533
399 284
399 4
399 239
399 67
399 1099
937 806
937 526
284 81
284 117
284 296
284 673
284 770
284 1131
284 734
284 264
641 214
806 1024
806 874
418 639
476 465
59 561
59 234
1049 404
535 93
634 713
227 58
227 26
446 533
686 414
474 533
474 318
474 211
474 296
474 67
713 465
713 663
817 93
220 106
220 16
220 815
220 473
106 16
16 815
899 166
899 670
899 1065
1111 679
1111 1023
935 35
935 617
935 166
845 380
845 945
845 947
831 289
179 676
768 345
768 35
768 671
768 1115
768 870
345 671
345 645
21 184
21 398
21 609
21 118
21 455
975 804
975 445
975 331
975 748
975 270
53 676
35 3
35 93
35 671
35 870
35 383
35 767
184 801
184 398
184 865
184 183
184 264
162 311
1082 709
1082 615
1082 877
3 390
1020 579
784 622
784 1070
513 50
513 1105
513 611
189 622
189 470
189 96
1118 664
448 163
448 945
448 212
448 801
448 526
448 218
448 110
549 928
129 622
709 615
709 676
709 18
163 928
45 289
622 1066
679 380
679 670
254 947
254 721
945 721
945 278
945 745
48 504
48 587
48 445
48 1002
1024 365
953 365
953 277
212 166
801 947
256 610
256 706
615 597
615 660
615 700
615 934
615 219
615 138
615 292
766 609
766 676
766 978
766 1117
702 995
702 1068
702 914
702 934
702 292
357 300
357 69
357 458
357 1045
982 826
982 681
982 403
10 544
382 247
382 36
311 795
775 842
598 961
701 465
260 662
260 841
260 1057
260 71
260 1119
260 825
260 148
260 524
260 632
260 266
519 493
519 605
519 1027
519 1065
519 114
493 605
493 173
493 121
493 889
493 1014
493 771
493 537
493 84
39 257
39 918
39 316
605 414
1027 173
1027 825
1027 551
1027 904
1027 1077
257 88
257 316
257 923
749 404
443 711
791 736
797 355
933 841
933 499
933 825
662 223
662 841
662 1064
662 166
662 825
223 841
223 1064
223 71
223 825
841 1064
841 825
1064 71
1064 777
408 533
606 865
865 842
173 947
173 121
173 889
173 1014
173 771
173 537
761 1022
761 89
761 1018
761 66
761 74
761 54
761 1092
761 1128
1038 419
1038 804
305 253
1029 544
1029 4
1029 750
1029 657
47 405
618 971
671 1115
671 645
1115 992
1115 18
1115 828
769 645
769 697
870 992
617 918
405 167
947 471
947 86
947 233
947 928
340 670
166 670
393 889
393 109
393 85
393 28
393 558
121 889
121 1014
121 771
121 537
736 910
736 110
736 251
736 67
736 1094
235 471
544 655
544 1012
881 136
986 742
310 248
1022 89
1022 938
1022 1097
1022 706
471 86
471 233
431 859
431 186
842 118
871 609
995 128
995 660
995 1068
1061 579
992 951
992 645
992 259
792 676
4 750
970 510
970 976
970 849
970 677
814 848
523 918
86 233
86 961
233 317
1105 414
1105 1117
1105 479
1105 920
1105 329
336 442
336 1070
365 1072
660 914
660 219
660 138
660 292
89 1097
89 1092
89 292
1068 914
1068 186
1068 138
1068 292
676 112
874 1043
719 510
719 1043
719 658
719 81
719 1006
414 946
690 807
690 385
690 910
826 247
826 776
826 403
705 918
705 946
510 1043
510 976
510 1006
1043 1006
976 658
976 914
976 934
426 394
491 1002
928 94
889 1014
889 771
889 537
1014 771
1014 537
771 537
413 85
413 167
413 558
109 84
109 1063
85 167
85 807
392 28
392 481
392 918
392 551
392 904
392 1077
392 478
28 481
28 918
28 551
28 1077
167 318
167 558
864 542
216 681
681 259
698 240
698 1012
1114 961
1114 400
807 230
807 753
807 910
807 110
807 251
961 316
961 923
124 910
124 110
124 251
124 67
124 1094
240 1037
240 246
240 1012
339 466
481 551
481 1077
855 877
740 916
81 938
318 296
895 848
419 373
963 478
963 152
362 385
804 445
804 331
71 1119
71 148
1119 1005
1005 524
795 951
978 383
859 147
859 610
859 186
524 632
524 193
524 266
332 568
117 673
117 264
918 551
918 1077
455 421
1072 554
551 1077
551 255
445 331
247 403
776 403
579 1093
316 923
147 610
147 74
147 138
147 1006
1126 421
463 619
526 1079
526 428
753 910
753 110
753 251
753 1094
910 110
910 251
910 143
910 1094
1093 280
540 214
540 554
214 554
938 803
159 706
74 1092
829 251
829 67
914 934
914 219
914 138
914 292
219 138
219 292
138 292
1092 1006
750 981
1012 1094
110 251
110 143
110 67
110 1094
251 143
251 67
251 1094
143 1094
828 646
67 1099
673 264
673 387
331 350
748 270
277 965
292 1006
965 965
