0 211
1 392
2 939
3 838
4 569
5 379
6 1032
7 1026
8 1
9 363
10 413
11 320
12 474
13 914
14 265
15 656
16 40
17 404
18 1125
19 197
20 395
21 805
22 481
23 87
24 70
25 878
26 866
27 111
28 1119
29 307
30 879
31 600
32 30
33 294
34 64
35 950
36 912
37 511
38 119
39 231
40 738
41 618
42 17
43 317
44 794
45 529
46 157
47 568
48 852
49 207
50 163
51 916
52 681
53 268
54 631
55 105
56 463
57 336
58 344
59 865
60 222
61 470
62 580
63 1095
64 839
65 1096
66 620
67 930
68 1117
69 455
70 1132
71 6
72 52
73 669
74 528
75 430
76 434
77 565
78 963
79 201
80 340
81 713
82 574
83 108
84 1074
85 10
86 38
87 375
88 758
89 686
90 376
91 725
92 742
93 437
94 521
95 834
96 1099
97 933
98 1005
99 219
100 671
101 722
102 333
103 946
104 1010
105 643
106 649
107 357
108 28
109 634
110 740
111 624
112 964
113 1111
114 732
115 14
116 564
117 873
118 12
119 926
120 416
121 727
122 1058
123 326
124 687
125 796
126 1079
127 692
128 1018
129 167
130 785
131 562
132 567
133 845
134 220
135 893
136 113
137 60
138 1039
139 67
140 628
141 608
142 316
143 948
144 803
145 1091
146 1076
147 737
148 235
149 682
150 2
151 292
152 877
153 208
154 410
155 1067
156 403
157 1029
158 527
159 830
160 450
161 995
162 807
163 233
164 130
165 934
166 975
167 39
168 815
169 74
170 894
171 312
172 258
173 891
174 159
175 241
176 827
177 370
178 712
179 362
180 533
181 694
182 897
183 610
184 47
185 772
186 666
187 43
188 426
189 653
190 189
191 723
192 253
193 955
194 890
195 993
196 54
197 230
198 16
199 818
200 1012
201 461
202 42
203 296
204 447
205 760
206 952
207 1037
208 673
209 423
210 563
211 572
212 215
213 652
214 1070
215 593
216 1083
217 638
218 798
219 136
220 589
221 749
222 170
223 1051
224 174
225 162
226 25
227 635
228 967
229 909
230 531
231 444
232 981
233 69
234 239
235 505
236 721
237 817
238 204
239 396
240 779
241 921
242 347
243 152
244 755
245 516
246 869
247 583
248 693
249 282
250 223
251 859
252 570
253 279
254 745
255 324
256 497
257 86
258 672
259 1101
260 484
261 325
262 246
263 237
264 678
265 57
266 209
267 658
268 764
269 602
270 956
271 1027
272 654
273 753
274 715
275 829
276 72
277 335
278 301
279 857
280 641
281 884
282 311
283 1122
284 224
285 359
286 864
287 586
288 1077
289 262
290 683
291 1028
292 339
293 433
294 73
295 298
296 1031
297 789
298 929
299 756
300 743
301 924
302 997
303 603
304 1120
305 62
306 502
307 883
308 816
309 763
310 1130
311 144
312 648
313 915
314 1098
315 1071
316 543
317 1021
318 585
319 194
320 851
321 1126
322 670
323 787
324 145
325 972
326 249
327 703
328 651
329 947
330 15
331 1046
332 277
333 717
334 913
335 137
336 156
337 492
338 1123
339 109
340 870
341 318
342 405
343 486
344 319
345 966
346 747
347 942
348 850
349 399
350 267
351 419
352 365
353 400
354 1089
355 3
356 442
357 218
358 623
359 472
360 1068
361 905
362 1121
363 286
364 321
365 203
366 705
367 530
368 932
369 928
370 250
371 1050
372 221
373 51
374 226
375 867
376 354
377 76
378 556
379 499
380 106
381 343
382 452
383 767
384 49
385 353
386 899
387 407
388 457
389 348
390 627
391 479
392 780
393 778
394 898
395 128
396 535
397 882
398 107
399 244
400 432
401 1007
402 536
403 177
404 1008
405 823
406 139
407 968
408 482
409 483
410 695
411 575
412 1103
413 970
414 902
415 524
416 885
417 886
418 1092
419 937
420 655
421 429
422 931
423 793
424 252
425 20
426 592
427 689
428 938
429 278
430 138
431 488
432 1048
433 739
434 591
435 983
436 525
437 284
438 944
439 361
440 989
441 94
442 1085
443 1055
444 27
445 393
446 155
447 1041
448 582
449 526
450 908
451 612
452 216
453 477
454 79
455 406
456 272
457 61
458 814
459 799
460 978
461 615
462 97
463 468
464 566
465 401
466 99
467 855
468 911
469 485
470 409
471 642
472 843
473 132
474 965
475 662
476 775
477 478
478 596
479 1108
480 422
481 165
482 1022
483 261
484 77
485 327
486 48
487 71
488 431
489 236
490 856
491 85
492 1094
493 677
494 369
495 464
496 290
497 664
498 248
499 360
500 619
501 55
502 999
503 797
504 509
505 489
506 980
507 611
508 1016
509 701
510 903
511 56
512 710
513 240
514 59
515 547
516 127
517 1128
518 487
519 338
520 849
521 776
522 382
523 604
524 198
525 735
526 613
527 918
528 881
529 187
530 192
531 581
532 273
533 800
534 164
535 874
536 441
537 736
538 1081
539 498
540 781
541 1100
542 675
543 868
544 346
545 590
546 1009
547 558
548 1086
549 771
550 542
551 245
552 750
553 101
554 1062
555 1065
556 417
557 639
558 271
559 289
560 1045
561 895
562 1002
563 1030
564 991
565 104
566 659
567 936
568 380
569 460
570 436
571 907
572 958
573 31
574 386
575 501
576 332
577 371
578 147
579 115
580 414
581 557
582 1073
583 835
584 650
585 872
586 1127
587 454
588 78
589 173
590 860
591 751
592 674
593 622
594 116
595 1075
596 1013
597 1078
598 841
599 63
600 802
601 270
602 242
603 720
604 812
605 322
606 199
607 397
608 166
609 91
610 229
611 314
612 824
613 842
614 274
615 1082
616 1084
617 1047
618 513
619 538
620 961
621 761
622 640
623 561
624 691
625 214
626 746
627 709
628 1072
629 769
630 283
631 100
632 135
633 1056
634 503
635 1006
636 607
637 266
638 421
639 998
640 462
641 1107
642 75
643 550
644 374
645 534
646 451
647 66
648 175
649 774
650 122
651 828
652 1001
653 714
654 515
655 439
656 308
657 820
658 171
659 862
660 512
661 291
662 626
663 668
664 876
665 178
666 858
667 190
668 377
669 791
670 637
671 408
672 994
673 854
674 172
675 102
676 24
677 806
678 247
679 142
680 510
681 126
682 1069
683 657
684 1129
685 1044
686 777
687 630
688 676
689 22
690 831
691 368
692 1114
693 609
694 847
695 813
696 384
697 541
698 1093
699 826
700 644
701 889
702 1057
703 256
704 973
705 212
706 367
707 551
708 1088
709 141
710 540
711 957
712 58
713 424
714 459
715 310
716 953
717 597
718 185
719 1109
720 293
721 117
722 822
723 888
724 149
725 1112
726 448
727 193
728 892
729 121
730 140
731 576
732 844
733 959
734 711
735 545
736 507
737 238
738 449
739 280
740 1106
741 887
742 440
743 276
744 665
745 161
746 1061
747 1115
748 788
749 305
750 702
751 133
752 41
753 263
754 573
755 420
756 871
757 708
758 1063
759 378
760 1104
761 696
762 264
763 704
764 34
765 259
766 757
767 33
768 500
769 476
770 341
771 679
772 23
773 833
774 726
775 443
776 427
777 584
778 960
779 217
780 0
781 345
782 984
783 617
784 522
785 730
786 21
787 846
788 863
789 394
790 1066
791 302
792 295
793 342
794 351
795 98
796 697
797 458
798 184
799 680
800 1054
801 445
802 304
803 684
804 402
805 297
806 385
807 469
808 328
809 44
810 553
811 762
812 663
813 456
814 790
815 698
816 364
817 480
818 917
819 633
820 260
821 96
822 836
823 398
824 783
825 1043
826 88
827 733
828 539
829 549
830 143
831 225
832 808
833 922
834 1060
835 169
836 560
837 646
838 990
839 861
840 92
841 1105
842 951
843 940
844 195
845 587
846 971
847 120
848 571
849 227
850 517
851 1034
852 647
853 1131
854 255
855 315
856 848
857 428
858 875
859 1033
860 945
861 366
862 784
863 26
864 1000
865 11
866 1011
867 919
868 661
869 1020
870 243
871 356
872 146
873 954
874 93
875 974
876 84
877 601
878 36
879 90
880 50
881 901
882 254
883 579
884 438
885 82
886 927
887 629
888 425
889 832
890 616
891 896
892 269
893 716
894 1023
895 605
896 731
897 810
898 1080
899 435
900 46
901 13
902 979
903 625
904 996
905 7
906 124
907 415
908 741
909 29
910 621
911 495
912 103
913 925
914 578
915 1015
916 1014
917 490
918 1064
919 1124
920 1059
921 154
922 228
923 200
924 467
925 555
926 840
927 700
928 748
929 969
930 819
931 768
932 825
933 660
934 334
935 718
936 181
937 309
938 180
939 158
940 1019
941 1035
942 257
943 160
944 577
945 552
946 548
947 1102
948 358
949 821
950 68
951 1118
952 330
953 151
954 782
955 150
956 373
957 176
958 985
959 179
960 388
961 1097
962 232
963 766
964 1052
965 446
966 706
967 81
968 355
969 685
970 976
971 281
972 494
973 303
974 473
975 8
976 636
977 387
978 1110
979 719
980 519
981 65
982 285
983 667
984 383
985 935
986 118
987 992
988 537
989 1042
990 949
991 471
992 699
993 1025
994 986
995 853
996 131
997 89
998 765
999 389
1000 493
1001 206
1002 724
1003 391
1004 759
1005 520
1006 323
1007 1038
1008 728
1009 411
1010 729
1011 188
1012 690
1013 35
1014 801
1015 213
1016 1004
1017 1036
1018 453
1019 987
1020 1090
1021 1087
1022 183
1023 523
1024 1113
1025 466
1026 595
1027 210
1028 418
1029 32
1030 923
1031 588
1032 1040
1033 331
1034 202
1035 129
1036 251
1037 906
1038 910
1039 599
1040 1116
1041 372
1042 168
1043 532
1044 299
1045 306
1046 811
1047 792
1048 191
1049 632
1050 988
1051 546
1052 773
1053 465
1054 390
1055 83
1056 786
1057 349
1058 688
1059 80
1060 1017
1061 112
1062 645
1063 45
1064 752
1065 1003
1066 1049
1067 110
1068 770
1069 182
1070 496
1071 352
1072 809
1073 186
1074 9
1075 594
1076 196
1077 544
1078 804
1079 53
1080 337
1081 313
1082 381
1083 962
1084 4
1085 614
1086 350
1087 554
1088 491
1089 514
1090 795
1091 300
1092 734
1093 744
1094 475
1095 205
1096 114
1097 904
1098 18
1099 153
1100 982
1101 504
1102 606
1103 412
1104 508
1105 943
1106 125
1107 148
1108 288
1109 287
1110 1053
1111 941
1112 123
1113 19
1114 134
1115 707
1116 329
1117 598
1118 977
1119 5
1120 559
1121 95
1122 920
1123 900
1124 518
1125 506
1126 1024
1127 37
1128 754
1129 275
1130 880
1131 837
1132 234
