651 380
651 744
651 825
651 282
651 978
651 72
651 982
651 346
651 820
651 784
651 979
651 50
651 625
651 549
651 155
651 1031
651 499
651 501
651 64
651 184
651 907
651 592
651 316
651 1024
651 123
651 333
651 199
651 493
651 463
380 744
380 825
380 282
380 978
380 72
380 982
380 346
380 820
380 979
380 549
380 1031
380 499
380 501
380 184
380 592
380 886
380 108
380 240
380 680
380 1004
380 405
380 465
744 825
744 282
744 978
744 72
744 982
744 820
744 784
744 979
744 549
744 1031
744 499
744 501
744 64
744 184
744 907
744 123
744 333
744 240
744 216
744 1067
744 576
744 822
744 757
744 923
744 546
744 763
744 283
744 34
744 1020
744 736
744 498
744 579
744 238
744 737
744 719
744 313
825 820
825 184
825 763
825 795
825 687
825 1110
825 985
825 95
825 113
825 1101
825 948
825 198
825 714
825 19
825 249
825 49
825 370
825 838
825 564
936 282
936 979
936 827
936 385
936 1063
936 760
936 1079
936 928
282 978
282 72
282 979
282 549
282 1031
282 184
282 123
282 333
282 240
282 28
282 440
282 677
282 143
282 1121
282 644
282 302
978 982
978 979
978 625
978 549
978 499
978 184
978 333
978 1063
978 640
978 518
978 476
978 298
978 1047
978 1016
978 616
978 771
978 246
978 920
978 84
978 137
72 184
72 333
72 217
72 1123
982 346
982 979
982 549
982 64
982 184
982 592
982 493
982 576
982 14
982 1099
982 228
982 956
346 549
346 592
346 493
346 240
346 370
346 659
346 154
346 461
346 170
346 902
346 438
346 702
346 690
346 116
346 213
346 1084
346 75
346 638
346 416
346 355
346 132
346 1032
346 637
346 100
346 848
346 212
346 233
820 499
820 501
820 184
820 316
820 123
820 546
820 962
820 852
820 598
820 999
820 299
820 81
820 639
820 662
784 1121
784 615
784 965
784 124
784 186
784 1089
784 1088
784 582
784 1086
784 1072
784 642
784 811
784 339
784 71
784 821
784 127
979 50
979 549
979 1031
979 184
979 592
979 333
979 49
979 1063
979 228
979 127
979 107
979 407
979 344
979 133
979 517
979 142
979 990
50 625
50 549
50 592
50 108
50 240
50 28
50 956
50 461
50 902
50 355
50 132
50 81
50 1033
50 417
50 337
50 791
50 585
50 742
50 376
50 941
50 369
50 701
50 931
50 814
50 753
50 944
50 917
50 911
50 293
50 679
50 712
50 106
50 158
50 114
625 907
625 108
625 240
625 1063
625 1016
625 132
625 941
625 556
625 348
625 423
625 315
625 983
625 421
625 855
625 643
625 894
549 592
549 493
549 108
549 240
549 313
549 760
549 1099
549 659
549 355
549 100
549 212
549 183
549 903
549 568
549 606
549 1052
549 479
549 759
549 487
549 856
549 1008
549 1103
549 954
549 52
549 577
549 453
549 718
549 335
549 961
549 611
549 1017
549 745
549 670
549 351
549 1066
549 1095
549 230
549 919
549 789
549 545
549 323
549 105
155 592
155 240
155 702
155 340
155 841
155 815
1031 499
1031 64
1031 184
1031 907
1031 316
1031 1024
1031 123
1031 465
1031 216
1031 858
1031 408
1031 474
499 501
499 123
499 465
499 576
499 370
499 677
499 302
499 75
499 315
499 373
499 326
499 1116
499 149
499 1009
499 992
499 665
499 29
499 924
499 1041
501 184
501 576
501 757
501 736
501 440
501 228
501 474
501 149
501 868
501 304
501 1070
501 234
64 907
64 316
64 216
64 1067
64 576
64 763
64 283
64 736
64 737
64 719
64 1110
64 298
64 14
64 232
64 1099
64 956
64 133
64 453
64 611
64 351
64 340
64 924
64 388
64 62
64 1117
64 724
64 721
64 390
64 884
64 617
64 993
64 581
64 434
64 589
64 271
64 971
64 349
64 927
184 886
184 465
907 316
907 465
907 216
907 822
907 757
907 923
907 546
907 763
907 736
907 737
907 28
907 920
907 999
907 299
907 114
907 1052
907 954
907 408
907 373
907 1041
907 62
907 434
907 150
907 1050
907 273
907 521
907 472
907 422
907 1094
907 209
907 480
907 597
907 620
907 290
907 219
907 2
907 17
907 215
907 1096
907 175
907 840
907 994
907 764
592 493
592 108
592 240
592 687
592 370
592 659
592 154
592 461
592 902
592 702
592 690
592 1084
592 75
592 638
592 132
592 376
592 941
592 944
592 911
592 114
592 1050
592 623
592 194
592 787
592 458
592 660
592 466
592 413
592 984
592 303
592 888
592 537
592 1021
592 524
316 1024
316 216
316 985
316 113
316 637
316 408
316 521
316 787
316 494
316 362
316 117
316 125
316 168
316 375
123 465
123 370
123 302
123 315
123 373
123 1116
123 992
123 913
123 2
123 226
123 1044
123 807
123 512
333 240
333 114
333 149
333 175
333 381
333 353
199 1072
199 410
199 69
199 1030
199 505
199 779
199 1057
199 786
493 240
493 1020
493 679
493 568
493 856
493 1008
493 1017
493 919
493 88
493 730
493 152
493 433
493 892
493 165
493 247
493 478
493 634
493 622
493 459
493 490
463 546
463 737
463 232
463 133
463 1103
463 868
463 388
463 971
463 161
463 879
463 1122
463 843
463 427
463 723
463 214
463 885
463 80
463 295
463 1111
463 207
886 372
108 75
108 369
240 719
240 370
240 659
240 114
240 381
240 185
240 624
465 498
465 326
465 149
465 29
465 868
465 581
465 480
465 2
465 879
465 18
465 1003
465 530
465 104
465 684
465 44
465 937
465 418
465 182
465 141
216 576
216 822
216 757
216 546
216 763
216 736
216 579
216 1099
216 956
216 408
216 1041
216 388
216 62
216 390
216 521
216 505
216 779
216 843
216 523
216 178
216 550
216 174
1067 822
1067 763
1067 283
1067 1020
1067 737
1067 719
1067 313
1067 687
1067 1099
1067 133
1067 954
1067 1094
1067 303
1067 885
1067 446
1067 523
1067 649
1067 533
1067 812
1067 352
1067 254
1067 231
1067 382
1067 765
1067 227
576 763
576 283
576 34
576 736
576 498
576 737
576 113
576 223
576 616
576 14
576 228
576 999
576 299
576 894
576 568
576 611
576 992
576 913
576 388
576 62
576 1117
576 390
576 349
576 150
576 480
576 843
576 723
576 141
576 446
576 523
576 174
576 583
576 171
576 336
576 832
576 1087
576 876
576 435
576 173
576 849
576 286
576 157
822 923
822 546
822 736
822 1121
822 1099
822 999
822 133
822 388
822 597
822 375
822 779
822 843
822 427
822 214
822 80
822 295
822 446
822 523
822 178
822 1087
822 286
822 481
822 1074
822 632
822 225
822 809
822 146
822 1097
822 167
822 366
822 686
822 773
822 645
822 507
822 4
822 324
822 57
822 289
822 89
822 492
822 31
822 244
822 190
822 151
822 301
757 763
757 373
757 1041
757 209
757 994
757 135
923 579
923 299
923 843
923 372
923 225
923 1097
923 607
923 1056
923 85
923 1106
923 905
923 309
923 359
923 770
546 736
546 737
546 827
546 598
546 894
546 408
546 884
546 971
546 427
546 44
546 523
546 352
546 492
546 441
546 477
546 319
546 404
546 101
546 455
546 464
546 250
546 163
763 34
763 795
763 687
763 1110
763 113
763 948
763 714
763 249
763 49
763 838
763 564
763 440
763 868
763 62
763 994
763 418
763 446
763 876
763 492
763 396
763 844
763 420
763 262
763 863
763 796
763 804
763 272
283 232
283 80
283 802
34 1021
34 843
34 227
34 491
1020 737
1020 719
1020 313
1020 1063
1020 928
1020 1047
1020 1099
1020 690
1020 848
1020 423
1020 1008
1020 1103
1020 453
1020 670
1020 868
1020 209
1020 219
1020 303
1020 375
1020 88
1020 892
1020 165
1020 634
1020 459
1020 490
1020 18
1020 812
1020 254
1020 773
1020 1069
1020 727
1020 200
1020 1048
1020 977
1020 935
1020 96
1020 635
736 579
736 440
736 894
736 474
736 388
736 971
736 597
736 779
736 478
736 427
736 295
736 446
736 227
736 583
736 301
736 746
736 1007
498 737
498 313
498 589
498 209
498 347
498 295
498 207
498 141
498 446
498 583
498 671
498 497
498 10
498 945
498 12
498 1028
579 440
579 848
579 598
579 299
579 1086
579 133
579 114
579 474
579 868
579 724
579 581
579 209
579 787
579 786
579 427
579 214
579 207
579 352
579 382
579 227
579 190
579 770
579 251
579 626
579 379
579 584
579 1045
579 1077
579 1023
579 489
579 824
579 86
238 564
737 1063
737 223
737 132
737 556
737 423
737 983
737 855
737 894
737 786
737 161
737 1122
737 427
737 530
737 446
737 286
737 379
737 845
737 899
737 1114
737 1025
737 976
737 121
719 313
719 1099
719 1008
719 971
719 88
719 478
719 533
719 914
719 775
313 760
313 1099
313 848
313 598
313 568
313 1052
313 1008
313 1103
313 718
313 611
313 745
313 670
313 351
313 884
313 660
313 303
313 843
313 214
313 533
313 231
313 507
313 200
313 953
313 678
313 1120
313 975
313 1029
795 687
795 1110
795 113
795 948
795 198
795 714
795 49
795 564
795 326
795 994
795 455
795 147
795 1075
795 274
795 206
795 1
795 1051
795 268
795 739
795 341
795 338
795 636
795 593
687 1110
687 113
687 948
687 714
687 19
687 49
687 564
687 956
687 902
687 132
687 183
687 453
687 434
687 994
687 194
687 418
687 876
687 4
687 844
687 977
687 964
687 681
687 0
687 276
687 569
687 526
687 68
687 122
1110 113
1110 948
1110 714
1110 49
1110 838
1110 564
1110 987
1110 994
1110 844
1110 796
1110 70
1110 1107
1110 437
1110 538
985 636
95 948
95 249
95 852
95 234
95 953
95 636
95 754
95 449
95 939
113 1101
113 948
113 714
113 19
113 838
113 564
113 582
113 339
113 423
113 954
113 422
113 372
113 832
113 876
113 1075
113 328
113 424
113 39
1101 838
1101 339
1101 420
1101 1075
1101 1040
1101 508
1101 725
1101 567
948 249
948 49
948 564
948 476
948 994
948 341
948 636
948 1040
948 1124
198 249
198 476
198 994
198 796
198 147
198 1075
198 274
198 268
198 341
198 636
198 1124
198 595
198 828
198 169
198 287
714 49
714 838
714 564
714 994
714 786
714 583
714 844
714 361
19 913
19 994
19 194
19 796
19 636
19 0
19 276
19 322
19 1006
19 1085
19 1102
249 49
249 476
249 994
249 876
249 796
249 953
249 636
249 754
249 1124
249 595
249 1126
49 564
49 476
49 789
49 44
49 352
49 272
49 1007
49 976
49 754
49 1040
49 567
49 310
49 535
49 693
49 166
49 415
49 1013
49 1012
49 534
370 677
370 659
370 116
370 369
370 701
370 114
370 149
370 924
370 175
370 879
370 523
370 1007
370 569
370 122
370 830
370 35
838 999
838 420
838 863
838 725
838 595
838 144
564 965
564 623
564 418
564 141
564 178
564 171
564 876
564 289
564 189
564 844
564 584
564 754
564 508
564 1124
564 595
564 176
564 260
564 506
564 734
564 817
564 3
564 716
564 627
827 518
827 598
827 349
827 480
827 849
827 286
827 770
827 455
827 36
827 777
827 121
827 1012
827 921
827 563
827 542
827 963
827 688
800 217
800 848
800 999
800 315
800 568
800 1052
800 453
800 149
800 581
800 787
800 976
800 424
800 39
800 451
800 554
800 531
800 891
800 596
800 738
385 642
385 821
385 422
385 914
385 1071
385 969
385 560
385 949
385 503
385 599
1063 28
1063 1121
1063 1099
1063 116
1063 1084
1063 132
1063 1072
1063 339
1063 556
1063 423
1063 315
1063 983
1063 855
1063 643
1063 149
1063 422
1063 209
1063 786
1063 372
1063 182
1063 289
1063 845
1063 976
1063 121
1063 891
1063 256
1063 1119
1063 202
1063 1046
1063 580
1063 813
1063 748
1063 350
1063 126
1063 428
1063 916
760 1072
760 1052
760 247
760 455
760 758
1079 438
1079 75
1079 638
1079 1033
1079 417
1079 911
1079 158
1079 556
1079 479
1079 427
1079 590
928 1099
928 848
928 598
928 81
928 1008
928 165
928 885
928 31
928 1131
928 801
28 644
28 690
28 75
28 100
28 1033
28 911
28 348
28 568
28 209
28 219
28 812
28 244
28 801
28 752
28 676
28 103
28 880
28 575
28 263
28 854
440 616
440 999
440 407
440 52
440 474
440 868
440 1070
440 349
440 381
440 427
440 135
440 251
440 379
440 824
440 596
440 60
440 284
440 666
440 53
677 616
677 438
677 911
677 106
677 114
677 1008
677 149
677 1009
677 29
677 209
677 2
677 215
677 125
677 807
677 1074
677 135
677 824
677 1126
677 53
677 400
143 1089
143 924
143 1070
143 366
143 672
1121 965
1121 124
1121 1089
1121 1086
1121 339
1121 821
1121 127
1121 843
1121 446
1121 682
1121 191
644 848
644 233
644 903
644 759
644 577
644 745
644 1066
644 789
644 105
644 413
644 459
644 490
644 89
644 1085
644 162
644 139
644 195
644 847
644 629
302 616
302 771
302 149
302 286
302 863
302 379
302 782
302 325
223 999
223 813
640 1047
640 903
640 759
640 52
640 789
640 971
640 1085
640 195
640 630
640 631
640 76
518 1016
518 379
518 1114
518 129
518 704
476 994
476 623
476 844
476 420
476 796
476 636
476 508
476 1124
476 761
476 704
476 922
476 99
476 470
476 1098
476 41
476 65
298 149
298 987
298 209
298 171
298 1007
298 201
298 391
298 11
298 829
298 955
1047 133
1047 1008
1047 971
1047 398
1047 758
1047 594
1047 713
1047 587
1047 180
1047 1005
1016 213
1016 855
1016 894
1016 1025
1016 129
1016 761
1016 510
1016 846
1016 187
1016 514
1016 547
1016 774
1016 870
1016 431
1016 861
616 137
616 962
616 639
616 326
616 29
616 472
616 418
616 849
616 1077
616 748
616 325
616 99
616 591
616 460
616 1130
616 468
771 379
771 1130
246 527
246 849
246 1077
246 65
246 391
246 55
84 325
84 870
84 357
84 454
137 299
137 855
137 129
527 325
217 848
217 852
217 1052
217 521
217 597
217 301
217 914
217 596
217 575
217 243
217 655
1123 1111
1123 336
14 62
14 829
14 1090
232 1099
232 848
232 299
232 1008
232 919
232 459
232 427
232 301
232 449
1099 690
1099 848
1099 212
1099 556
1099 1052
1099 759
1099 856
1099 1008
1099 1103
1099 954
1099 52
1099 577
1099 453
1099 611
1099 670
1099 351
1099 1095
1099 230
1099 919
1099 408
1099 884
1099 971
1099 219
1099 398
1099 413
1099 512
1099 892
1099 1122
1099 427
1099 214
1099 812
1099 286
1099 773
1099 31
1099 396
1099 455
1099 200
1099 977
1099 497
1099 914
1099 1120
1099 328
1099 563
1099 752
1099 629
1099 374
1099 1035
1099 342
1099 208
1099 1082
1099 266
1099 743
1099 1027
1099 358
1099 291
228 999
228 639
228 1094
228 1111
228 174
228 645
228 441
228 163
228 251
228 1023
228 121
228 56
228 53
228 806
228 570
228 628
228 45
228 192
228 1065
228 334
228 1064
228 566
228 609
228 1118
228 835
228 895
956 848
956 114
956 1052
956 856
956 453
956 230
956 617
956 1050
956 781
956 561
956 938
659 75
659 1021
461 116
461 1084
461 132
461 114
461 973
461 350
461 9
902 22
902 75
902 337
902 585
902 376
902 941
902 701
902 712
902 158
902 597
902 427
902 523
902 401
902 699
438 75
438 417
438 337
438 941
438 911
438 158
438 973
438 851
22 116
22 712
22 350
22 9
702 841
702 815
702 434
702 787
702 227
702 379
702 938
702 136
702 51
702 780
690 848
690 568
690 759
690 1008
690 52
690 577
690 453
690 611
690 670
690 351
690 1066
690 209
690 219
690 660
690 1044
690 512
690 18
690 773
690 1069
690 977
690 497
690 914
690 953
690 139
690 1035
690 743
690 925
690 974
690 602
690 571
690 177
690 205
116 1084
116 75
116 132
116 598
116 299
116 1033
116 376
116 423
116 973
116 350
116 991
213 577
213 96
213 775
213 1006
213 861
213 16
213 946
1084 132
1084 369
1084 350
1084 9
75 1033
75 337
75 585
75 941
75 369
75 701
75 814
75 944
75 911
75 679
75 712
75 158
75 114
75 149
75 524
75 843
75 973
75 1119
75 350
75 9
75 42
638 337
638 585
638 742
638 941
638 369
638 814
638 944
638 679
638 1119
416 617
416 787
416 466
416 161
416 1122
416 523
416 863
416 921
416 563
416 967
416 91
416 140
132 911
132 738
132 350
132 797
132 981
1032 639
1032 114
1032 434
1032 787
1032 161
1032 227
1032 863
1032 145
1032 159
1032 707
637 946
100 487
100 335
100 789
100 219
100 497
100 195
100 266
100 743
100 1027
100 218
100 768
848 639
848 114
848 568
848 1052
848 1008
848 453
848 718
848 230
848 326
848 1070
848 219
848 303
848 1044
848 892
848 478
848 634
848 863
848 1069
848 177
848 160
212 856
212 88
212 374
212 279
233 568
233 577
233 459
233 244
233 200
233 914
233 851
233 756
233 365
962 999
962 299
962 639
962 407
962 1009
962 524
962 879
962 268
962 506
962 60
962 201
962 829
962 974
962 728
962 267
962 613
962 67
852 234
852 971
852 505
852 1122
852 953
852 449
852 963
852 713
852 655
598 999
598 670
598 1009
598 994
598 497
598 147
598 1046
999 299
999 965
999 407
999 408
999 1041
999 581
999 779
999 295
999 418
999 583
999 1087
999 805
999 404
999 671
999 10
999 268
999 593
999 60
999 284
999 98
999 981
999 887
999 904
999 1113
999 332
999 519
299 642
299 407
299 348
299 1052
299 408
299 69
299 843
299 207
299 227
299 167
299 324
299 1038
299 804
299 1077
299 121
299 1051
299 424
299 693
299 563
299 748
299 284
299 325
299 99
299 159
299 896
299 317
299 448
299 120
299 986
299 574
81 670
81 505
81 144
81 1046
81 1131
81 391
81 991
81 311
81 261
639 662
639 114
639 351
639 373
639 913
639 924
639 1070
639 209
639 892
639 843
639 352
639 849
639 770
639 746
639 251
639 379
639 489
639 1126
639 596
639 60
639 53
639 1118
639 317
662 373
662 1041
615 1086
615 1072
965 186
965 1089
965 582
965 1086
965 1072
965 642
965 811
965 339
965 821
965 422
965 362
965 117
965 1030
965 779
965 161
965 843
965 427
965 44
965 446
965 289
965 424
965 39
965 682
965 1027
965 482
965 445
965 204
965 697
124 186
124 1086
124 821
124 446
124 482
124 692
186 1089
186 1086
186 1072
186 642
186 339
186 821
186 505
186 843
186 446
186 523
186 301
186 746
186 424
186 752
186 191
186 1027
186 692
186 63
1089 1086
1089 1072
1089 924
1089 17
1089 362
1089 843
1089 1074
1089 289
1089 905
1089 309
1089 770
1089 424
1089 672
1089 191
1089 468
1089 692
1089 92
1089 673
1089 776
1089 663
1089 112
1089 767
1088 231
1088 167
1088 1071
1088 949
1088 1129
1088 377
1088 281
582 339
582 821
582 423
582 29
582 422
582 1122
582 446
582 832
582 1087
582 477
582 682
582 450
582 264
1086 1072
1086 642
1086 811
1086 339
1086 821
1086 423
1086 747
1086 924
1086 786
1086 843
1086 446
1086 352
1086 832
1086 262
1086 39
1086 682
1086 164
1072 339
1072 821
1072 556
1072 924
1072 779
1072 446
1072 289
1072 508
1072 682
1072 445
1072 462
1072 1053
642 453
642 231
642 286
642 682
642 482
811 339
811 821
811 423
811 422
811 832
811 39
811 682
811 145
811 204
811 164
339 821
339 556
339 868
339 1070
339 446
339 301
339 3
339 682
339 752
71 868
821 423
821 1070
821 422
821 117
821 832
821 969
821 949
821 682
821 692
821 164
821 1053
821 656
821 586
821 5
127 178
127 289
127 359
127 672
127 191
127 500
127 658
127 469
127 502
127 1011
107 919
407 29
407 18
407 530
407 352
407 173
407 805
407 286
407 441
407 60
407 284
407 974
344 1094
344 209
344 1118
344 91
344 613
133 62
133 843
133 427
133 214
133 586
133 960
517 556
517 645
517 57
517 1027
517 772
517 816
517 354
517 683
517 242
517 119
142 491
142 698
990 689
990 40
990 539
1033 556
1033 643
1033 854
417 911
417 1052
417 479
417 759
417 524
417 459
417 244
417 854
417 365
337 165
337 418
337 681
337 468
337 270
791 585
791 376
791 941
791 753
791 597
791 165
585 742
585 376
585 814
585 944
585 924
585 524
585 1119
742 941
742 679
742 114
742 812
742 569
376 29
376 973
941 29
941 165
941 1119
941 981
701 0
931 449
931 854
814 524
911 158
911 114
911 1052
911 759
911 545
911 459
911 773
911 854
911 111
293 114
293 854
679 234
712 175
712 9
158 479
158 779
158 18
158 451
114 326
114 1009
114 29
114 868
114 215
114 787
114 984
114 1021
114 1119
114 850
556 423
556 983
556 855
556 643
556 894
556 372
556 649
556 227
556 1074
556 809
556 4
556 47
556 813
556 129
556 704
556 547
556 728
556 574
556 63
556 673
556 367
556 722
556 419
348 423
348 855
348 894
348 453
348 209
348 916
348 676
423 643
423 422
423 117
423 161
423 1122
423 446
423 832
423 686
423 477
423 949
423 350
423 682
423 752
423 264
423 942
315 396
315 863
315 451
315 103
315 761
315 1090
315 317
315 988
983 289
983 976
983 813
983 400
983 419
421 584
421 121
421 256
421 752
421 53
421 628
421 566
421 98
421 951
421 769
421 874
421 601
855 894
855 379
855 1114
855 752
855 846
855 187
855 277
643 580
643 813
643 682
894 786
894 379
894 1114
894 846
183 453
183 841
183 724
183 458
183 247
183 497
183 756
183 878
183 1125
903 1052
903 52
903 745
903 1066
903 789
903 105
903 490
903 812
903 254
903 244
903 497
903 1085
903 162
903 195
903 630
903 631
903 76
903 878
568 1052
568 52
568 1050
568 303
568 634
568 812
568 773
568 31
568 977
568 1027
568 887
568 485
606 434
606 681
606 699
606 780
606 707
606 252
1052 479
1052 1008
1052 52
1052 718
1052 611
1052 745
1052 351
1052 919
1052 545
1052 29
1052 1050
1052 209
1052 219
1052 660
1052 88
1052 459
1052 427
1052 812
1052 231
1052 773
1052 977
1052 497
1052 1120
1052 975
1052 630
1052 602
1052 981
1052 218
1052 485
1052 790
1052 8
1052 128
479 52
479 745
479 545
479 660
479 459
479 8
479 853
759 52
759 577
759 453
759 718
759 745
759 1066
759 789
759 105
759 459
759 244
759 96
759 828
759 854
759 195
759 861
759 1035
759 266
759 218
759 756
759 878
759 8
759 439
487 1066
487 1095
487 919
487 323
487 194
487 660
487 254
487 1027
487 91
487 92
487 8
487 573
487 280
487 864
856 577
856 789
856 971
856 597
856 398
856 427
856 953
856 563
856 629
856 713
856 374
856 1035
856 279
856 208
856 1082
856 266
856 145
856 1100
856 536
1008 453
1008 919
1008 149
1008 271
1008 219
1008 413
1008 303
1008 634
1008 214
1008 885
1008 812
1008 1048
1008 1029
1008 358
1103 351
1103 884
1103 271
1103 892
1103 214
1103 684
1103 1029
1103 284
954 453
954 1050
954 413
954 247
954 843
954 832
954 477
954 328
954 682
954 46
52 577
52 718
52 961
52 611
52 1017
52 670
52 351
52 1095
52 230
52 919
52 149
52 884
52 1050
52 620
52 219
52 413
52 303
52 490
52 214
52 812
52 286
52 773
52 1048
52 497
52 1120
52 328
52 195
52 711
52 646
577 718
577 335
577 611
577 1017
577 745
577 1066
577 1095
577 230
577 789
577 105
577 219
577 660
577 413
577 885
577 773
577 244
577 497
577 195
577 743
577 756
577 439
577 20
453 611
453 670
453 351
453 1066
453 105
453 1050
453 165
453 459
453 812
453 31
453 977
453 497
718 745
718 670
718 1095
718 231
718 773
718 975
718 861
718 756
335 745
335 789
335 219
335 624
335 497
335 914
335 629
335 743
335 20
961 1066
961 919
961 301
961 629
611 351
611 149
611 219
611 165
611 812
611 31
611 301
611 163
611 977
611 497
611 1035
611 925
611 756
1017 745
1017 1066
1017 789
1017 660
1017 244
1017 177
1017 756
1017 128
1017 20
745 670
745 1066
745 1095
745 789
745 105
745 459
745 490
745 244
745 96
745 1120
745 503
745 756
745 20
745 1037
745 1061
745 1109
670 398
670 194
670 512
670 231
670 765
670 200
670 1029
670 974
670 1037
670 13
670 558
351 1070
351 1050
351 219
351 303
351 812
351 863
351 1048
351 328
351 358
351 140
351 145
1066 1095
1066 789
1066 323
1066 105
1066 660
1066 254
1066 244
1066 1085
1066 162
1066 195
1066 1035
1066 756
1066 8
1066 864
1095 789
1095 323
1095 660
1095 773
1095 977
1095 630
1095 768
1095 8
1095 864
1095 1058
230 323
230 1070
230 303
230 449
230 563
230 878
230 1061
919 214
919 254
919 977
919 973
919 752
919 861
919 731
919 8
919 834
789 105
789 660
789 244
789 1120
789 162
789 847
789 358
789 145
789 218
789 768
789 756
789 92
789 711
789 20
789 1112
789 345
545 773
545 275
323 660
323 254
323 738
323 630
323 266
323 8
323 864
105 162
105 195
105 5
105 661
105 467
340 122
340 451
340 602
340 912
841 523
841 122
841 51
841 780
841 229
815 229
858 1012
408 478
408 583
408 286
408 905
408 1085
408 973
408 752
474 868
474 597
474 779
474 207
474 492
474 301
474 32
747 379
373 149
373 924
373 1041
373 494
373 746
373 11
373 509
326 1041
326 1070
326 581
326 723
326 530
326 650
149 992
149 924
149 1041
149 1070
149 581
149 434
149 994
149 1044
149 807
149 286
149 977
149 1007
149 176
149 60
149 470
149 468
149 566
149 145
149 317
149 652
149 1026
149 548
149 980
149 893
1009 849
1009 889
992 1044
992 441
992 251
992 1045
992 1023
992 716
992 748
992 1118
992 77
29 209
29 1044
29 786
29 207
29 523
29 1007
29 1114
29 328
29 973
29 60
29 514
29 460
29 468
29 613
29 887
29 1113
29 667
29 329
29 1060
29 1034
913 262
913 777
913 824
913 593
913 169
913 202
913 519
913 24
913 248
924 1070
924 807
924 879
924 491
924 424
924 672
924 191
924 652
924 1026
924 259
1041 724
1041 807
1041 135
1041 935
1041 746
1041 1007
1041 1125
1041 915
868 1070
868 209
868 786
868 207
868 227
868 507
868 441
868 251
868 1045
868 976
868 147
868 338
868 60
868 53
868 389
304 404
304 752
304 495
1070 375
1070 843
1070 876
1070 289
1070 804
1070 251
1070 53
1070 191
1070 468
1070 915
1070 709
1070 516
1070 867
234 286
234 953
234 449
234 6
388 62
388 390
388 214
388 446
62 390
62 352
724 1122
724 157
724 507
724 746
724 828
724 738
724 878
724 509
724 818
724 696
721 807
390 617
390 398
390 227
390 863
390 91
390 613
884 271
884 1122
884 427
884 214
884 455
884 200
884 83
617 807
617 892
617 802
581 971
581 209
581 723
581 295
581 530
581 60
581 974
581 650
434 787
434 427
434 523
434 227
434 681
434 707
434 74
434 222
434 792
434 947
987 209
987 538
987 916
987 391
987 829
987 1064
987 957
987 951
987 1055
987 540
987 397
589 786
589 446
589 171
589 189
589 1023
589 748
589 566
589 288
589 859
271 684
971 303
971 1044
971 427
971 455
971 1120
971 781
971 851
349 404
349 1023
349 261
349 119
349 235
349 203
150 583
150 805
1050 458
1050 977
1050 497
1050 328
273 202
273 565
273 1019
273 668
521 620
521 398
521 512
521 810
472 849
472 325
422 117
422 372
422 328
422 1071
422 969
422 682
422 896
422 482
422 483
422 551
1094 786
1094 207
1094 446
1094 174
1094 352
1094 382
1094 583
1094 171
1094 441
1094 163
1094 251
1094 748
1094 1065
1094 1064
1094 98
1094 942
1094 918
209 53
209 829
209 267
209 613
209 317
209 93
209 621
480 418
480 286
480 492
480 60
480 1005
480 1130
480 980
480 893
480 709
480 654
480 399
480 1104
597 779
597 427
597 523
597 178
597 1087
597 507
597 89
597 301
597 491
597 772
597 74
597 360
597 1108
597 950
290 449
290 66
290 27
219 459
219 632
219 773
219 200
219 977
219 497
219 953
219 139
219 195
219 218
219 836
2 1096
2 141
2 286
2 441
2 1028
2 1023
2 532
17 362
17 427
17 366
17 4
17 770
17 396
17 1023
17 191
17 698
17 360
17 97
17 134
215 247
215 707
215 882
347 596
347 202
347 248
347 565
347 1019
347 839
347 869
347 513
347 1062
1096 1087
1096 441
1096 319
1096 1028
1096 748
1096 325
1096 628
1096 312
175 1087
175 507
175 973
175 699
175 707
840 1111
994 844
994 420
994 796
994 1007
994 636
994 1124
764 523
764 122
398 161
398 4
398 455
398 863
398 491
398 921
398 967
398 92
398 112
623 636
623 754
623 1040
623 725
623 3
194 660
787 537
787 530
787 227
787 681
787 1046
787 947
787 426
787 733
787 1015
787 378
787 1092
787 488
787 411
660 459
660 244
660 854
660 8
660 128
660 864
466 523
466 122
466 938
466 699
466 159
466 707
466 222
466 792
466 675
413 165
413 885
413 497
413 963
413 162
413 92
303 396
303 439
537 122
1021 381
1021 193
524 96
524 854
524 1092
524 1039
494 863
494 746
494 672
494 674
494 1001
362 786
362 843
362 427
362 1097
362 686
362 4
362 289
362 89
362 1106
362 905
362 863
362 804
362 491
362 424
362 627
362 531
362 428
362 672
362 92
362 673
362 112
362 890
362 698
362 536
362 1001
362 245
362 15
362 364
362 241
117 832
117 507
117 396
117 682
117 140
125 1122
125 739
125 565
125 668
168 179
375 165
375 372
375 481
375 1074
375 225
375 809
375 146
375 1097
375 167
375 4
375 977
375 914
375 504
375 156
375 432
375 997
375 831
375 934
375 138
226 161
226 318
1044 512
1044 381
1044 879
1044 4
1044 1048
1044 1126
1044 925
1044 112
807 69
807 91
807 960
807 783
807 842
807 873
512 1069
512 1048
512 115
381 1111
381 163
381 251
381 1045
381 1023
381 176
381 716
381 47
381 334
381 111
381 889
381 859
381 193
353 770
353 1
410 69
410 1030
410 54
410 363
69 1030
69 779
69 161
69 842
1030 161
1030 738
1030 1108
1030 785
1030 1036
1030 221
1030 788
1030 958
505 1057
505 937
505 286
505 1038
505 301
505 1077
505 317
505 448
505 261
505 722
505 1109
505 794
505 544
505 1042
779 1048
779 1023
779 976
779 535
779 1013
779 560
779 54
779 515
1057 684
1057 289
1057 1077
1057 914
1057 201
1057 448
1057 1109
786 1111
786 44
786 174
786 583
786 286
786 1106
786 441
786 122
786 361
786 973
786 256
786 1118
786 1113
786 1014
786 633
88 892
88 165
88 630
88 8
152 384
433 892
433 622
433 1006
433 160
892 165
892 247
892 478
892 634
892 254
892 863
892 1069
892 635
892 145
892 160
892 703
165 634
165 885
165 773
165 1048
165 977
165 635
165 497
165 748
165 384
165 37
247 622
247 731
247 160
478 634
478 1087
478 781
634 490
634 254
622 861
622 205
622 444
459 773
459 244
459 752
459 854
459 162
459 847
459 861
459 8
490 254
161 1122
161 843
161 427
161 214
161 523
161 809
161 441
161 455
161 802
161 627
161 921
161 880
161 136
879 173
879 286
879 60
879 193
879 901
1122 427
1122 885
1122 1111
1122 809
1122 455
1122 189
1122 802
1122 921
1122 202
1122 878
1122 389
843 1074
843 225
843 1097
843 686
843 4
843 289
843 1056
843 359
843 804
843 491
843 424
843 921
843 191
843 63
843 890
843 997
843 934
843 1036
843 1010
427 214
427 885
427 231
427 1087
427 1074
427 809
427 773
427 905
427 455
427 491
427 1077
427 976
427 953
427 681
427 169
427 973
427 921
427 563
427 560
427 202
427 758
427 374
427 334
427 500
427 950
427 513
427 38
427 403
723 446
723 583
723 849
723 1077
723 1098
723 391
723 55
723 650
723 959
723 605
723 473
214 455
214 973
214 921
214 358
214 717
885 775
885 1005
885 958
80 225
80 1106
80 802
80 914
80 328
80 252
80 877
295 446
295 863
295 666
295 761
295 655
295 609
1111 207
1111 18
1111 446
1111 583
1111 338
1111 563
1111 596
1111 1046
1111 1131
1111 111
1111 968
1111 48
1111 102
1111 541
1111 657
1111 496
207 446
207 352
207 382
207 334
207 111
207 203
207 910
207 253
372 550
372 231
372 832
372 481
372 632
372 809
372 146
372 686
372 4
372 770
372 477
372 828
372 428
372 682
372 752
372 264
372 1001
372 504
372 156
372 432
372 691
372 138
372 958
372 78
185 193
624 31
624 497
624 756
18 441
18 976
18 681
18 716
18 451
18 202
18 748
18 566
18 974
18 1081
1003 937
530 583
530 173
530 492
530 404
530 47
104 178
104 672
104 500
104 469
104 1011
104 1000
104 220
104 1073
104 700
104 257
104 865
104 826
684 671
684 60
684 201
44 352
44 535
44 883
937 765
937 317
937 695
937 1127
418 583
418 596
418 1130
418 91
418 776
418 709
418 859
418 513
182 584
182 121
182 256
182 53
182 628
182 192
182 566
182 951
182 793
182 823
182 603
182 457
141 507
141 449
141 56
141 748
141 752
141 540
141 412
446 178
446 174
446 382
446 583
446 832
446 441
446 39
446 682
446 445
446 942
446 360
446 102
446 394
523 178
523 550
523 227
523 507
523 190
523 477
523 914
523 122
523 449
523 973
523 781
523 938
523 699
523 981
523 159
523 707
523 792
523 733
523 73
523 430
523 368
523 706
178 686
178 507
178 492
178 1056
178 905
178 396
178 914
178 953
178 921
178 531
178 284
178 672
178 191
178 63
178 92
178 658
178 871
178 502
178 772
178 1036
178 865
178 826
178 766
178 148
550 225
550 477
550 504
550 432
550 138
174 171
174 286
174 163
174 251
174 361
174 688
174 1113
174 772
174 951
174 38
174 300
649 310
649 317
649 722
533 812
812 31
812 727
812 13
352 272
352 976
352 535
352 321
352 414
254 96
254 864
231 1120
382 171
382 942
382 412
227 914
227 953
227 681
227 122
227 973
227 851
227 780
227 91
227 140
227 159
227 942
227 792
227 411
227 297
227 255
227 588
583 171
583 1087
583 507
583 441
583 566
583 532
583 48
583 457
583 300
171 251
171 676
171 412
336 57
336 319
336 41
336 312
832 477
832 328
832 264
1087 286
1087 121
1087 56
1087 890
876 863
173 645
849 286
849 1038
849 151
849 319
849 464
849 863
849 379
849 1077
849 99
849 1098
849 65
849 391
849 591
849 55
849 281
849 312
849 25
849 819
849 269
849 900
805 863
805 671
805 60
805 1039
805 131
286 686
286 773
286 770
286 379
286 121
286 60
286 609
286 1118
286 120
286 772
286 683
286 172
286 7
157 1064
157 509
157 818
481 1074
481 632
481 146
481 167
481 573
481 436
1074 632
1074 225
1074 809
1074 146
1074 1097
1074 167
1074 4
1074 770
1074 424
1074 531
1074 191
1074 890
1074 573
1074 156
1074 691
632 225
632 809
632 146
632 1097
632 167
632 752
632 139
632 573
632 156
632 237
632 653
225 809
225 1097
225 167
225 424
225 1001
809 146
809 1097
809 4
809 1056
809 1106
809 921
809 752
809 573
809 13
809 432
809 691
809 138
809 211
146 1097
146 167
146 4
146 673
146 573
146 156
146 138
1097 167
1097 424
1097 890
167 191
167 211
366 289
366 301
366 191
366 818
366 360
366 156
366 368
686 289
686 905
686 770
686 804
686 491
686 627
686 531
686 468
686 63
686 673
686 112
686 698
686 536
686 509
686 1001
686 245
686 15
686 364
686 241
686 740
773 497
773 92
773 128
773 864
645 404
645 1023
645 1065
645 354
645 83
645 1055
645 837
507 56
507 203
507 54
507 457
507 1078
4 977
4 746
4 424
4 890
4 691
4 831
4 934
4 1010
4 1043
4 196
4 614
57 609
57 354
57 683
57 942
57 203
57 109
289 359
289 491
289 976
289 424
289 531
289 428
289 63
289 500
289 502
289 1011
289 698
289 156
289 691
289 700
289 257
289 368
289 751
289 729
1038 464
1038 1077
1038 914
89 698
89 1073
89 368
89 436
492 916
492 267
492 1055
492 766
31 758
244 727
244 96
244 854
244 756
244 365
244 1058
244 275
244 866
190 491
190 1065
190 1036
151 914
151 563
151 752
151 160
151 648
301 682
301 511
135 863
607 1056
607 85
607 767
1056 85
1056 905
1056 309
1056 531
1056 890
1056 878
1056 294
1056 153
85 1106
85 1082
85 92
85 767
85 878
85 785
85 958
1106 905
1106 309
1106 804
1106 491
1106 191
1106 887
1106 673
1106 112
1106 360
1106 691
905 309
905 770
905 804
905 491
905 627
905 921
905 673
905 536
905 691
905 78
905 58
309 3
309 531
309 258
359 770
359 531
359 672
359 63
359 673
359 500
359 871
359 700
770 531
770 672
770 63
770 1001
770 614
396 491
396 960
441 251
441 508
441 260
441 56
441 451
441 748
441 806
441 1118
441 887
441 389
441 633
477 682
477 483
319 1077
319 391
319 772
319 312
404 338
404 535
404 922
404 119
404 552
404 486
101 824
101 471
101 169
101 202
101 32
101 1019
455 921
455 758
455 878
464 41
36 777
36 596
36 202
36 248
36 430
36 641
189 566
189 118
163 796
163 1064
163 889
163 1055
163 48
420 1075
420 754
420 508
420 725
420 567
420 1006
420 532
420 839
420 958
420 930
420 872
420 90
863 824
863 1126
863 921
863 542
863 596
863 1130
863 878
863 889
863 1001
863 783
863 901
863 409
863 296
796 636
796 1107
796 538
796 754
796 1124
804 698
804 691
804 785
804 30
272 65
272 1034
272 1108
272 788
272 657
272 414
272 1068
272 1115
802 921
802 91
802 275
802 877
491 914
491 424
491 3
491 627
491 531
491 428
491 454
491 91
491 63
491 673
491 112
491 1011
491 536
491 1001
491 245
491 15
491 364
491 241
491 58
1069 981
200 977
1048 449
1048 531
1048 92
1048 112
977 358
977 371
935 1007
935 731
96 1006
96 854
96 756
96 365
96 229
746 1007
746 424
746 817
746 878
746 509
746 696
671 10
671 1028
671 86
671 748
671 284
671 53
497 914
497 195
497 374
497 218
497 384
777 147
777 274
777 739
777 338
777 202
777 893
777 248
777 641
777 705
945 1045
12 489
12 767
1028 754
1028 508
1028 56
1028 1118
1028 601
1028 74
1028 793
1028 604
251 584
251 1045
251 361
251 53
251 806
251 628
251 192
251 1065
251 1118
251 98
251 140
251 633
251 395
251 898
251 356
626 338
626 202
626 91
379 1114
379 752
379 325
379 761
379 704
379 510
379 846
379 187
379 514
379 547
379 943
379 332
379 1060
379 543
379 798
379 94
584 361
584 53
584 628
584 566
1045 111
1045 889
1045 395
1077 914
1077 959
1023 688
1023 761
1023 1130
1023 1113
1023 1055
1023 409
1023 1059
1023 1105
489 728
489 267
489 1055
489 397
489 1078
489 383
489 750
489 726
824 678
824 274
824 338
824 471
824 593
824 169
824 144
824 596
824 202
824 689
824 1019
824 403
824 486
824 296
824 305
824 425
824 130
824 387
824 647
824 61
824 755
86 1130
845 77
845 511
845 395
845 306
1114 761
1114 514
1114 547
1114 774
1114 1060
1114 798
1114 1076
1025 563
1025 129
976 535
976 451
976 655
976 317
976 722
976 989
976 528
121 914
121 953
121 451
121 53
121 628
121 566
121 951
121 769
121 667
121 603
121 898
914 681
914 531
914 560
914 682
914 1027
914 74
914 515
914 657
914 255
914 181
914 197
953 754
953 449
953 310
953 650
953 74
678 169
678 563
678 689
678 32
678 1019
678 26
1120 768
147 341
147 596
147 519
147 668
147 522
147 932
1075 1051
1075 636
1075 725
1075 689
1075 513
274 341
274 496
274 486
274 641
274 522
274 1083
206 202
1 1051
1 268
1 596
1 202
1 668
1 430
1 735
1051 341
1051 780
1051 179
1051 1015
1051 430
1051 641
1051 735
268 593
268 596
268 202
268 98
268 981
268 904
268 519
268 565
268 572
268 484
739 668
739 839
739 486
341 338
341 471
341 593
341 276
341 1107
341 538
341 202
341 470
341 519
341 869
341 604
341 425
341 932
341 331
341 875
341 1093
341 610
338 471
338 451
338 202
338 519
338 513
338 1062
338 486
338 387
636 725
636 922
471 169
471 1046
471 689
471 1019
471 403
471 486
471 522
471 130
471 1083
593 202
593 689
593 82
593 664
681 122
681 780
681 66
681 707
681 733
681 488
681 618
0 276
276 1107
276 1006
276 402
276 470
276 1130
276 875
122 938
122 66
122 707
122 229
122 733
122 1015
122 488
122 803
70 837
1107 470
1107 875
437 538
437 728
437 367
437 837
437 307
538 267
538 409
754 1040
754 508
754 725
754 734
754 817
754 256
754 470
754 890
449 451
449 655
449 279
449 566
449 1060
328 39
328 682
328 291
424 451
424 531
424 673
424 890
424 818
424 691
424 997
424 934
424 1010
424 1043
424 619
39 682
39 264
39 586
1040 567
508 567
508 1006
508 3
508 256
508 470
508 156
508 872
725 567
725 470
725 261
725 119
567 310
567 448
567 619
828 756
828 878
828 509
828 818
828 696
828 504
828 138
828 785
828 958
828 153
828 292
169 202
169 689
169 32
169 1019
169 26
287 393
361 874
1085 973
1085 162
1085 195
1085 630
1085 631
1085 76
1085 74
310 534
310 752
310 317
310 722
310 1105
402 470
535 1012
535 542
535 126
535 722
535 1034
535 732
693 752
1013 560
1013 54
1013 515
1013 578
1012 451
1012 722
1012 1034
534 560
534 363
830 793
35 193
973 177
973 91
973 887
973 867
973 79
144 391
144 689
260 559
56 793
56 553
716 451
716 395
627 531
627 92
627 673
627 112
627 698
627 15
627 241
921 560
921 880
921 713
921 91
921 519
921 204
921 26
563 880
563 374
563 519
563 204
542 350
542 732
542 308
451 47
451 202
451 748
451 566
451 722
451 893
451 867
451 557
47 722
531 428
531 672
531 92
531 673
531 112
531 890
531 698
531 536
531 1001
531 245
531 15
531 364
531 241
891 748
891 98
891 918
891 940
891 929
596 202
596 1046
596 519
596 248
596 668
596 839
596 869
596 968
596 705
596 1128
738 162
738 91
738 878
738 818
738 696
738 1108
738 395
738 762
1071 682
969 682
969 445
969 204
560 54
560 363
560 515
560 578
503 386
599 1108
599 54
599 515
599 578
599 443
599 406
256 748
256 752
256 53
256 628
256 566
256 974
256 951
202 752
202 566
202 519
202 32
202 248
202 1019
202 668
202 839
202 869
202 430
202 641
202 61
1046 893
1046 248
1046 572
580 813
580 1039
748 325
748 192
748 566
748 412
748 929
350 9
428 847
428 673
428 698
428 536
428 245
428 15
428 364
428 241
916 391
916 1064
916 766
916 1078
682 896
682 483
752 761
752 704
752 201
752 192
752 1064
752 699
752 574
752 179
752 134
752 432
752 1080
752 1018
752 1049
752 1132
752 972
676 859
880 967
575 689
854 365
854 8
854 229
60 98
60 974
60 728
60 904
60 614
284 655
284 674
666 528
666 970
53 628
53 45
53 192
53 566
53 91
53 951
53 769
53 601
53 667
53 823
53 603
53 457
53 412
53 749
400 1118
672 191
672 63
672 890
672 500
672 658
672 502
672 1011
672 698
672 1000
672 865
672 826
672 148
191 63
191 92
191 673
191 500
191 658
191 469
191 865
162 195
162 847
162 358
162 92
162 934
162 933
139 218
139 871
139 23
139 110
195 630
195 631
195 76
195 743
195 218
847 92
629 5
629 864
782 325
325 761
325 510
325 187
325 628
325 332
325 574
325 586
325 473
325 457
325 181
325 1128
325 995
630 76
630 8
630 864
631 92
631 5
631 255
76 618
129 846
129 187
761 510
761 591
761 586
761 621
704 510
99 312
470 875
1098 55
1098 605
1098 751
65 391
65 1034
65 25
65 33
65 998
201 829
201 409
391 959
391 648
391 751
391 278
391 966
391 529
391 881
391 343
11 726
829 728
713 778
510 164
846 187
846 798
514 1060
547 974
870 454
861 731
861 16
591 312
468 890
468 360
55 312
55 605
55 819
55 751
55 33
454 164
454 94
374 1035
374 279
374 208
374 1082
1035 279
279 208
266 439
266 864
266 1100
743 218
743 20
1027 566
1027 258
1027 439
358 768
358 756
358 878
291 456
570 918
628 192
628 566
628 951
628 769
628 601
192 951
192 457
1065 609
1065 354
1065 259
1065 203
1065 837
334 253
334 866
334 447
334 600
334 897
1064 918
566 835
566 974
566 951
566 601
566 300
609 943
609 354
609 242
609 109
609 343
1118 574
98 981
98 904
98 21
895 511
938 707
938 675
699 252
699 862
780 707
780 1015
780 803
177 1054
91 145
91 756
91 67
91 943
91 705
91 1080
140 1001
66 707
981 904
981 918
981 7
145 1001
159 456
707 908
218 768
218 864
160 878
160 711
756 711
756 558
756 345
365 229
365 411
365 866
365 392
728 1055
267 1055
267 685
67 439
943 878
887 641
887 952
904 119
904 565
904 552
904 572
904 484
904 610
904 239
1113 259
1113 918
1113 412
1113 898
519 893
519 668
519 932
519 572
519 239
896 204
896 1129
896 377
896 483
317 950
317 873
317 619
448 1109
986 429
986 909
574 793
261 652
482 958
692 164
63 658
63 469
63 502
63 1000
63 220
63 865
63 826
63 368
63 729
63 327
92 673
92 112
92 890
92 1100
92 1058
673 112
673 698
673 536
673 245
673 15
673 364
673 241
673 740
663 767
663 436
663 153
663 30
112 360
890 698
890 865
890 1043
890 196
890 614
767 172
767 153
767 30
281 1060
264 78
462 1037
5 255
500 469
500 1011
500 257
500 865
658 871
658 1011
658 439
658 865
871 469
871 1011
871 1000
871 865
469 1011
469 865
1011 1000
1011 23
772 312
683 242
242 652
698 878
698 536
698 245
698 15
698 364
698 241
689 32
689 1019
689 522
689 647
689 61
689 755
689 320
111 102
111 253
367 307
722 1109
722 1034
722 732
722 860
419 277
988 43
951 769
951 457
769 667
769 7
769 749
874 457
874 525
601 667
258 436
277 138
878 509
878 818
878 696
878 1001
8 864
439 864
573 245
573 156
573 432
573 934
573 237
536 245
536 15
536 364
536 241
1037 1115
1037 1049
1037 33
1037 708
1061 509
1109 363
1109 406
834 717
275 188
87 810
32 1019
32 130
32 26
32 952
509 818
509 696
179 430
179 735
652 203
548 259
893 24
893 565
893 668
667 603
667 457
667 308
329 918
1034 732
248 839
248 513
248 1083
248 475
495 1128
867 436
818 696
818 958
696 562
74 360
74 898
74 224
74 210
74 710
222 792
222 675
1055 1078
565 932
565 484
565 610
565 239
1019 26
1019 664
1019 239
668 932
668 735
668 610
668 239
918 48
93 869
621 839
621 869
621 1062
621 959
621 236
360 906
1108 788
1108 414
1108 1115
950 429
950 520
950 619
97 436
97 906
839 869
839 513
839 236
869 236
513 1062
513 932
513 572
513 452
733 608
488 392
1001 265
245 15
245 364
245 241
15 364
15 241
364 241
504 432
504 138
504 237
156 740
156 799
432 138
432 788
831 934
831 1010
831 436
831 1043
831 196
831 614
831 356
934 1010
934 436
934 1043
934 614
138 605
138 237
783 442
842 873
873 308
54 515
54 406
785 958
785 292
788 1042
788 1068
788 1115
788 1080
788 1049
958 153
958 30
544 1049
544 33
544 708
515 578
515 443
515 406
901 833
1010 1043
1010 614
38 21
403 296
959 130
605 751
968 1128
102 285
541 356
657 414
657 1115
253 866
253 447
1000 220
1000 826
220 1073
1073 368
793 603
412 300
430 486
430 641
430 735
368 729
368 762
766 926
648 278
648 343
436 1043
436 614
837 741
1078 1018
1043 614
1043 808
866 447
429 619
520 619
511 395
153 30
486 641
486 61
486 610
486 236
118 741
930 996
409 1022
409 59
1068 1115
1068 1080
1068 1049
1068 708
1115 1080
1115 1049
1115 1132
1115 708
395 669
383 726
383 1018
726 1018
130 1002
387 952
61 664
181 1049
181 33
932 572
932 484
932 610
932 239
484 610
484 239
610 239
664 236
406 708
1080 1049
1080 1132
1080 33
1080 708
1049 1132
1049 33
1049 708
1132 708
749 1091
33 998
278 343
447 720
600 897
685 612
239 236
612 612
