1093 843
1093 258
1093 755
1093 743
1093 5
1093 381
1093 983
1093 796
1093 668
1093 120
1093 85
1093 818
1093 1052
1093 981
1093 977
1093 575
1093 498
1093 402
1093 665
1093 730
1093 1010
1093 88
1093 884
1093 196
1093 919
1093 236
1093 19
1093 36
1093 583
1093 607
843 258
843 755
843 5
843 381
843 983
843 796
843 668
843 120
843 818
843 977
843 498
843 402
843 665
843 1010
843 884
843 128
843 1077
843 1076
843 1099
843 963
843 181
843 206
258 755
258 5
258 381
258 983
258 796
258 120
258 85
258 818
258 977
258 498
258 402
258 665
258 730
258 1010
258 88
258 236
258 19
258 1076
258 159
258 716
258 319
258 817
258 1031
258 1113
258 655
258 393
258 212
258 690
258 777
258 144
258 22
258 39
258 150
258 935
258 80
258 660
755 120
755 1010
755 393
755 904
755 973
755 519
755 192
755 446
755 287
755 215
755 151
755 445
755 627
755 395
755 335
755 852
755 121
755 666
755 537
743 5
743 818
743 706
743 744
743 187
743 425
743 286
743 790
743 222
5 381
5 983
5 818
5 977
5 498
5 1010
5 236
5 19
5 1076
5 348
5 947
5 672
5 933
5 246
5 362
5 1002
5 952
381 796
381 668
381 818
381 981
381 977
381 402
381 1010
381 19
381 425
381 625
381 586
381 437
381 210
381 793
381 552
381 270
381 636
381 116
381 1112
381 199
381 134
381 673
983 1010
983 19
983 1058
983 54
796 668
796 818
796 977
796 730
796 1010
796 884
796 583
796 319
796 275
796 674
796 413
796 203
796 764
668 977
668 884
668 583
668 1076
668 121
668 813
668 495
668 1048
668 71
668 1114
668 195
668 618
668 697
668 227
668 326
668 889
668 715
668 810
668 809
668 753
668 1006
668 28
668 982
668 623
668 684
668 516
668 831
120 498
120 402
120 665
120 1010
120 196
120 236
120 655
120 706
120 946
120 969
120 657
120 1000
120 857
120 440
120 1123
120 925
85 246
85 337
85 551
85 1073
85 1035
85 136
85 780
85 1079
85 410
85 592
85 754
85 1037
85 541
85 1108
85 569
85 1009
818 1052
818 977
818 498
818 1010
818 884
818 19
818 655
818 852
818 425
818 203
818 1009
818 496
818 528
818 390
818 773
818 226
818 726
818 702
1052 981
1052 977
1052 884
1052 1077
1052 1076
1052 348
1052 764
1052 1048
1052 1114
1052 1006
1052 28
1052 440
1052 505
1052 394
1052 1070
1052 252
1052 896
1052 853
1052 368
1052 593
1052 164
1052 26
1052 960
1052 659
1052 841
1052 388
1052 905
1052 33
1052 956
1052 984
1052 205
1052 533
1052 303
1052 327
981 88
981 1077
981 1076
981 425
981 552
981 28
981 593
981 185
981 737
981 957
981 823
981 233
981 825
981 724
981 643
981 409
977 884
977 583
977 1077
977 1076
977 660
977 286
977 413
977 813
977 1006
977 987
977 516
977 1040
977 975
977 436
977 170
977 45
977 149
977 202
977 209
977 532
977 565
977 208
977 677
977 466
977 542
977 1022
977 447
977 990
977 546
977 745
977 936
977 641
977 878
977 434
977 647
977 524
977 953
977 675
977 664
977 845
977 331
977 997
575 884
575 1076
575 697
575 803
575 842
575 628
498 402
498 730
498 1010
498 88
498 196
498 919
498 236
498 206
498 159
498 648
498 489
498 517
402 665
402 236
402 206
402 319
402 121
402 672
402 1002
402 810
402 1123
402 823
402 633
402 7
402 676
402 514
402 786
402 25
402 696
402 863
402 965
402 802
402 814
402 103
665 1010
665 319
665 1031
665 144
665 947
665 203
665 517
665 786
665 63
665 513
665 1111
665 431
730 88
730 196
730 159
730 716
730 319
730 393
730 212
730 144
730 935
730 80
730 519
730 210
730 275
730 674
730 413
730 764
730 773
730 1022
730 745
730 434
730 803
730 814
730 171
730 288
730 143
730 882
730 888
730 305
730 961
730 1066
730 352
730 838
730 1104
730 180
730 250
730 527
730 420
730 632
730 502
1010 236
1010 128
1010 206
88 196
88 206
88 159
88 817
88 1031
88 1113
88 655
88 393
88 144
88 935
88 348
88 1112
88 1000
88 857
88 136
88 327
88 45
88 677
88 489
88 7
88 103
88 288
88 1104
88 163
88 42
88 682
88 443
88 278
88 567
88 10
88 605
88 271
88 601
88 515
88 392
88 16
88 692
88 785
88 13
88 34
88 253
88 194
88 483
88 360
88 322
88 1102
884 583
884 1077
884 1076
884 973
884 121
884 813
884 495
884 1048
884 1114
884 697
884 227
884 715
884 810
884 809
884 28
884 368
884 593
884 388
884 33
884 327
884 42
884 861
884 1094
884 766
884 579
884 124
884 243
884 1075
884 110
884 174
884 713
884 1053
884 1008
196 919
196 159
196 192
196 287
196 623
196 489
196 802
196 443
196 766
196 48
196 377
196 415
196 787
196 685
196 635
236 206
236 121
236 1002
236 636
236 823
236 7
236 514
236 696
236 802
236 692
236 61
236 469
236 1043
236 1107
19 1076
19 327
19 786
19 194
19 885
19 751
36 592
36 570
36 177
36 430
36 87
36 649
36 1007
36 361
583 1076
583 777
583 984
583 436
583 45
583 532
583 565
583 936
583 675
583 161
583 922
583 1033
583 800
583 47
583 304
583 549
583 976
583 1097
583 355
583 50
583 1131
607 655
607 935
607 674
607 773
607 208
607 63
607 171
607 961
607 420
607 261
607 427
607 585
607 295
607 971
607 942
607 217
607 148
607 263
607 351
607 141
607 276
128 162
1077 1076
1077 810
1077 164
1076 80
1076 121
1076 813
1076 327
1076 885
1076 373
1076 347
206 22
206 676
206 786
206 965
206 63
206 838
206 271
206 692
206 427
206 917
206 645
206 296
206 964
206 153
206 670
206 135
206 581
206 711
206 986
159 319
159 1031
159 655
159 393
159 144
159 39
159 413
159 764
159 489
159 103
159 171
159 288
159 305
159 443
159 87
159 649
159 295
159 887
159 488
159 70
159 499
159 133
716 817
716 393
716 212
716 777
716 935
716 80
716 660
716 973
716 413
716 773
716 677
716 10
716 174
716 148
716 887
716 488
716 829
716 491
716 234
716 219
716 411
716 989
716 966
716 858
716 580
319 393
319 212
319 690
319 144
319 22
319 935
319 287
319 952
319 270
319 275
319 203
319 1000
319 857
319 409
319 436
319 745
319 696
319 802
319 171
319 288
319 143
319 305
319 632
319 163
319 271
319 295
319 942
319 986
319 887
319 488
319 133
319 851
319 310
319 138
319 634
319 384
319 805
319 1001
319 576
319 597
319 274
319 1034
319 2
817 1113
817 655
817 144
817 246
817 674
817 413
817 1000
817 773
817 171
817 601
817 635
817 649
817 295
817 971
817 217
817 263
817 351
817 887
817 488
817 70
817 384
817 1034
817 140
817 84
817 1060
817 1086
817 189
817 718
817 652
817 374
817 55
817 184
817 435
817 577
817 359
817 31
817 1051
817 1028
817 99
817 76
817 895
817 994
817 1095
817 731
817 534
817 642
1031 393
1031 7
1031 103
1031 605
1031 360
1031 266
1113 39
1113 857
1113 295
1113 162
1113 1086
1113 652
1113 1020
1113 1091
1113 531
1113 604
1113 733
1113 78
1113 235
1113 294
1113 241
655 144
655 935
655 706
655 657
655 409
655 489
655 961
655 420
655 971
655 670
655 488
655 219
655 994
655 940
655 482
655 82
655 333
655 506
655 454
655 350
655 822
655 67
655 95
655 644
393 690
393 39
393 904
393 973
393 519
393 287
393 151
393 627
393 335
393 852
393 666
393 537
393 947
393 63
393 288
393 360
393 581
393 887
393 805
393 994
393 241
393 821
393 518
393 14
393 663
393 111
393 732
393 550
212 674
212 263
212 20
690 1053
690 295
690 580
690 1016
777 935
777 80
777 660
777 425
777 222
777 793
777 413
777 227
777 684
777 957
777 565
777 208
777 1022
777 878
777 63
777 605
777 16
777 174
777 635
777 161
777 47
777 304
777 1097
777 50
777 1131
777 917
777 234
777 411
777 435
777 1069
777 694
777 1128
777 781
777 836
777 376
777 299
777 631
144 39
144 947
144 409
144 517
144 63
144 171
144 420
144 601
144 649
144 976
144 971
144 351
144 887
144 580
144 851
144 642
144 767
144 939
22 935
22 660
22 413
22 250
22 605
22 34
22 351
22 276
22 986
22 887
22 858
22 851
22 876
22 342
22 367
22 799
22 449
22 57
22 155
39 947
39 684
39 657
39 857
39 410
39 773
39 327
39 517
39 63
39 882
39 838
39 605
39 766
39 361
39 971
39 217
39 276
39 581
39 219
39 966
39 580
39 731
39 294
39 699
39 126
39 891
39 712
39 717
39 856
39 897
39 815
39 172
39 854
150 537
935 425
935 952
935 28
935 185
935 957
935 233
935 724
935 409
935 10
935 361
935 261
935 585
935 971
935 296
935 887
935 1034
935 891
935 941
935 958
935 396
935 35
935 474
935 1100
80 660
80 413
80 684
80 565
80 420
80 161
80 976
80 491
80 290
80 439
660 286
660 413
660 684
660 657
660 436
660 45
660 565
660 208
660 447
660 745
660 641
660 878
660 434
660 961
660 124
660 174
660 50
660 295
660 217
660 491
660 989
660 435
660 359
660 1128
660 147
660 587
660 315
660 1089
660 837
904 973
904 519
904 287
904 151
904 445
904 627
904 852
904 537
904 676
904 360
904 805
904 454
904 821
904 90
904 354
904 855
904 797
904 1032
904 118
904 417
904 265
904 728
904 661
904 616
904 37
973 519
973 287
973 151
973 627
973 395
973 852
973 537
973 764
973 1114
973 28
973 1040
973 1022
973 1104
973 360
973 1094
973 581
973 805
973 31
973 821
973 836
973 727
973 739
973 874
973 538
973 27
973 423
973 540
973 114
519 287
519 151
519 627
519 852
519 666
519 537
519 180
519 360
519 821
519 111
519 890
519 79
519 365
519 894
192 661
446 151
446 335
446 969
446 431
446 147
446 661
446 688
446 259
446 328
287 215
287 151
287 627
287 395
287 666
287 537
287 551
287 1079
287 541
287 957
287 677
287 567
287 162
287 634
287 805
287 90
287 323
287 416
287 991
215 666
215 541
215 518
215 90
215 521
215 574
215 441
215 101
151 445
151 335
151 852
151 537
151 437
151 360
151 265
151 661
151 521
151 911
445 335
445 437
445 360
445 111
445 860
445 90
445 354
445 118
445 265
445 661
445 911
445 511
445 775
445 908
445 137
627 852
627 666
627 537
627 360
627 361
627 851
627 821
627 46
395 802
395 360
395 1094
395 111
395 661
395 874
395 538
395 816
395 1122
395 490
395 944
335 852
335 437
335 360
335 805
335 111
335 147
335 661
335 688
335 911
335 511
335 709
852 537
852 437
852 664
852 670
852 219
852 821
852 550
852 939
852 474
852 688
852 521
852 101
852 1126
852 224
852 1084
852 530
852 555
852 193
852 414
852 324
852 44
121 672
121 813
121 326
121 164
121 26
121 327
121 786
121 814
121 194
121 427
121 488
121 939
121 27
121 114
121 398
121 840
121 808
666 1000
666 786
666 518
666 663
666 441
666 511
666 104
537 551
537 10
537 360
537 861
537 141
537 581
537 986
537 70
537 310
537 805
537 99
537 67
537 821
537 712
537 688
537 574
537 911
537 511
537 460
537 301
537 932
537 115
537 254
537 370
537 216
537 306
537 428
706 586
706 657
706 632
706 271
706 597
706 1034
706 294
706 454
706 822
706 367
706 1100
706 324
706 378
706 125
706 166
706 720
706 330
706 225
744 1058
744 684
744 1000
744 823
744 436
744 45
744 1022
744 786
744 838
744 766
744 474
744 416
744 991
744 741
744 763
744 268
744 38
744 1054
744 60
744 867
187 754
187 569
187 567
187 887
187 290
187 695
187 107
187 321
187 1120
187 740
187 880
425 348
425 246
425 413
425 326
425 715
425 28
425 592
425 541
425 185
425 957
425 823
425 233
425 724
425 643
425 786
425 567
425 605
425 361
425 162
425 711
425 99
425 941
425 474
425 1100
425 1054
425 1014
425 1110
425 771
425 591
425 399
425 539
425 75
425 426
425 801
425 3
425 291
425 492
286 592
286 45
286 549
286 454
286 1083
790 195
790 810
790 809
790 505
790 394
790 33
790 303
790 185
790 149
790 971
790 1109
222 413
222 684
222 657
222 440
222 565
222 304
222 148
222 1095
222 455
222 1061
348 362
348 413
348 227
348 810
348 987
348 505
348 33
348 737
348 436
348 605
348 16
348 234
348 1095
348 804
348 1061
348 742
348 338
348 167
348 459
348 59
348 89
348 750
947 270
947 1000
947 528
947 466
947 517
947 63
947 1111
947 632
947 885
947 971
947 266
947 699
947 891
947 172
947 60
947 985
947 198
947 245
947 1078
672 270
672 195
672 33
672 533
672 327
672 565
672 786
672 25
672 965
672 605
672 692
672 13
672 787
672 1043
672 84
672 266
672 172
672 709
672 1078
672 186
933 814
933 1111
933 55
933 211
246 551
246 1073
246 136
246 410
246 541
246 569
246 1009
246 295
246 887
246 492
246 962
362 684
362 831
362 975
362 202
362 542
362 641
362 647
362 664
362 997
362 1075
362 50
362 1131
362 895
362 804
362 490
362 221
362 954
362 145
362 903
362 91
1002 270
1002 636
1002 786
1002 1034
1002 663
1002 891
1002 244
1002 589
952 1000
952 185
952 539
625 793
625 975
625 202
625 466
625 664
625 420
625 490
625 145
625 794
625 678
625 346
586 552
586 891
586 396
586 269
586 529
586 658
437 360
437 99
437 821
437 518
437 111
437 661
437 574
437 911
437 529
437 658
437 883
437 1090
437 366
437 401
437 500
437 131
210 786
210 180
210 605
210 310
210 939
210 613
210 256
210 465
210 176
210 1124
793 773
793 565
793 420
793 1102
793 1083
793 871
793 772
793 784
793 73
793 656
552 889
552 724
552 409
552 891
552 35
552 269
552 529
552 1081
552 21
552 1039
552 364
552 486
552 617
552 850
552 64
552 340
270 134
270 946
270 1123
270 676
270 786
270 965
270 63
270 278
270 581
270 597
270 856
270 244
270 589
270 1090
270 582
270 461
270 229
270 157
636 891
636 229
116 673
116 597
116 856
116 131
116 256
116 336
199 589
199 850
199 610
199 738
134 857
134 724
134 269
673 589
1058 684
1058 969
1058 45
1058 443
1058 601
1058 642
1058 290
1058 60
1058 59
1058 1004
1058 314
54 141
54 138
275 176
275 776
674 413
674 684
674 857
674 496
674 565
674 675
674 50
674 971
674 642
674 259
674 686
413 227
413 684
413 516
413 185
413 45
413 202
413 532
413 565
413 208
413 677
413 466
413 542
413 1022
413 745
413 878
413 434
413 524
413 953
413 675
413 489
413 863
413 420
413 16
413 1102
413 1075
413 1107
413 47
413 585
413 971
413 217
413 234
413 1034
413 435
413 1095
413 241
413 454
413 1128
413 836
413 342
413 290
413 315
413 323
413 166
413 742
413 91
413 630
413 383
413 1125
413 928
413 774
413 1015
413 679
413 1098
413 472
413 249
413 452
203 1000
203 1123
203 10
203 141
203 133
203 577
203 940
203 644
203 699
203 897
203 1100
203 254
203 1078
203 380
203 571
203 464
203 223
203 543
203 680
203 476
203 1074
203 912
203 43
203 609
203 292
203 704
203 122
764 684
764 327
764 45
764 532
764 1022
764 953
764 1066
764 42
764 494
764 747
764 468
813 810
813 1053
1048 326
1048 715
1048 28
1048 327
1048 808
1048 426
1048 139
1114 618
1114 810
1114 1070
1114 896
1114 368
1114 593
1114 26
1114 205
1114 303
1114 601
1114 194
1114 971
1114 488
1114 119
1114 1045
195 810
195 28
195 1000
195 394
195 1070
195 593
195 33
195 303
195 808
195 438
618 326
618 205
618 426
618 139
697 842
697 628
697 1104
697 766
697 580
697 891
697 468
697 129
697 544
697 972
227 987
227 684
227 436
227 202
227 565
227 466
227 542
227 745
227 878
227 434
227 647
227 605
227 16
227 124
227 469
227 1107
227 917
227 435
227 1069
227 836
227 342
227 290
227 147
227 954
227 383
227 1098
227 788
227 1117
227 248
227 900
227 74
227 391
326 715
326 810
326 28
326 657
326 857
326 505
326 368
326 957
326 808
326 426
326 18
889 542
889 299
889 439
889 1122
889 340
889 881
889 313
715 28
715 164
715 426
715 139
810 505
810 1070
810 896
810 853
810 593
810 164
810 26
810 659
810 388
810 33
810 984
810 205
810 303
810 327
810 786
810 1008
810 295
810 808
810 1110
810 426
810 139
810 316
809 1070
809 896
809 853
809 593
809 164
809 659
809 388
809 984
809 1110
753 1066
753 766
753 243
753 261
753 585
753 488
753 663
753 378
753 166
753 681
753 622
753 1023
753 81
28 33
28 185
28 867
28 426
28 523
28 404
982 1123
982 327
982 1104
982 766
982 261
982 580
982 663
982 1105
982 723
982 612
623 313
987 209
987 990
987 664
987 16
987 342
987 145
987 679
987 1098
987 472
987 584
987 400
684 1123
684 327
684 436
684 45
684 565
684 1022
684 447
684 953
684 676
684 1111
684 16
684 124
684 174
684 635
684 469
684 47
684 976
684 1097
684 663
684 1069
684 836
684 74
684 1063
516 532
516 161
516 630
516 1125
831 436
831 542
831 50
831 804
831 1128
831 290
831 438
831 72
831 1130
946 1000
946 857
946 1123
946 528
946 25
946 1008
946 427
946 172
946 118
946 932
946 985
946 613
946 176
946 1117
946 624
946 52
946 30
946 309
946 479
969 431
969 420
969 87
969 585
969 147
969 259
969 330
969 772
969 314
657 1000
657 878
657 25
657 360
657 342
657 860
657 591
1000 857
1000 551
1000 528
1000 489
1000 103
1000 838
1000 649
1000 351
1000 581
1000 851
1000 384
1000 274
1000 333
1000 876
1000 799
1000 118
1000 37
1000 985
1000 198
1000 366
1000 292
1000 404
1000 512
1000 996
1000 1103
1000 913
1000 450
857 754
857 528
857 737
857 45
857 489
857 177
857 295
857 276
857 580
857 374
857 1051
857 76
857 732
857 856
857 1100
857 1032
857 416
857 530
857 166
857 75
857 198
857 589
857 1090
857 723
857 419
857 332
857 17
857 65
857 279
857 1088
440 878
440 87
440 104
440 591
440 455
440 256
440 18
440 759
440 654
440 183
1123 327
1123 434
1123 7
1123 786
1123 802
1123 814
1123 1111
1123 605
1123 47
1123 295
1123 219
1123 597
1123 294
1123 454
1123 767
1123 699
1123 891
1123 815
1123 709
1123 60
1123 985
1123 1078
1123 609
1123 332
925 7
925 103
337 410
337 592
551 1035
551 136
551 1079
551 410
551 592
551 754
551 1037
551 541
551 569
551 567
551 377
551 415
551 430
551 87
551 649
551 261
551 295
551 971
551 670
551 887
551 99
551 416
551 991
551 492
551 472
551 548
551 812
551 909
551 970
1073 1035
1073 410
1073 569
1073 887
1073 548
1073 951
1035 136
1035 410
1035 592
1035 754
1035 541
1035 569
1035 87
1035 295
1035 887
1035 488
1035 642
1035 767
1035 416
1035 742
1035 962
1035 472
1035 951
1035 68
136 410
136 592
136 814
136 785
136 377
136 295
136 84
136 99
136 733
136 78
136 294
136 416
136 211
136 962
136 157
136 951
136 556
136 1080
136 372
136 433
136 487
136 478
136 588
780 989
780 374
780 695
780 1120
780 353
780 748
780 535
1079 410
1079 541
1079 569
1079 957
1079 965
1079 63
1079 567
1079 585
1079 887
1079 634
1079 384
1079 482
1079 492
1079 108
1079 562
410 592
410 754
410 1037
410 541
410 569
410 957
410 633
410 814
410 361
410 295
410 887
410 219
410 634
410 14
410 991
410 492
410 819
592 541
592 569
592 185
592 814
592 649
592 887
592 99
592 574
592 492
592 812
592 563
592 293
754 569
754 1022
754 989
754 1034
754 492
754 548
1037 541
1037 569
1037 957
1037 567
1037 634
1037 991
1037 492
1037 1105
1037 909
1037 819
541 569
541 185
541 63
541 1111
541 887
541 642
541 216
541 492
541 742
1108 63
569 957
569 1111
569 567
569 415
569 634
569 107
569 1120
569 492
569 951
569 108
569 819
569 293
569 146
569 432
1009 70
1009 99
1009 235
1009 211
1009 962
1009 471
1009 300
1009 302
1009 757
1009 1062
1009 1118
496 675
528 965
528 917
528 296
528 219
528 576
528 274
528 1034
528 940
528 333
528 876
528 985
528 198
528 1117
390 10
390 609
390 622
390 30
773 288
773 295
773 971
773 217
773 146
773 485
226 185
226 577
226 1028
226 472
226 43
226 949
226 559
226 218
226 58
226 859
226 329
726 1016
726 927
702 910
702 603
702 1019
505 185
505 957
505 643
505 750
394 33
394 45
394 149
394 202
394 1008
394 50
394 804
394 750
394 1130
1070 304
1070 581
1070 739
1070 157
1070 778
252 896
252 368
252 593
252 841
252 601
252 304
896 853
896 368
896 593
896 659
896 388
896 814
896 1110
853 593
853 984
853 327
853 234
853 27
368 965
368 808
593 965
593 304
593 808
593 1110
593 404
26 874
960 259
960 750
659 1008
659 1110
33 303
33 327
33 45
33 149
33 202
33 845
33 50
33 435
33 750
33 828
956 327
956 750
984 431
205 194
205 139
303 149
303 649
303 917
303 741
327 676
327 25
327 965
327 63
327 13
327 766
327 110
327 1053
327 808
327 1110
327 175
327 701
185 957
185 233
185 724
185 643
185 409
185 162
185 829
185 580
185 84
185 189
185 31
185 268
185 399
185 539
185 269
185 658
185 486
185 624
185 1088
185 68
185 1080
185 6
185 637
185 320
737 957
737 724
737 409
737 1022
737 605
737 291
737 338
957 643
957 567
957 415
957 261
957 585
957 887
957 989
957 634
957 184
957 482
957 1120
957 426
957 492
957 742
957 562
957 432
957 15
823 241
823 663
823 741
823 167
823 529
823 314
823 776
823 332
823 132
233 99
233 474
233 539
233 186
233 320
825 712
825 1100
825 1014
825 742
825 1078
825 464
825 912
825 292
825 1067
825 284
825 231
825 734
724 409
724 891
724 396
724 742
724 269
724 21
724 1039
724 507
724 4
643 399
643 539
643 492
409 361
409 891
409 396
409 21
1040 1022
1040 842
1040 882
1040 579
1040 549
1040 342
1040 323
1040 72
1040 1068
1040 1012
975 45
975 466
975 641
975 647
975 664
975 997
975 1131
975 234
975 411
975 804
975 342
975 490
975 221
975 145
975 794
975 678
975 346
975 1068
436 45
436 466
436 745
436 42
436 174
436 161
436 1097
436 234
436 435
436 1095
436 836
436 472
436 512
436 999
170 1104
170 739
170 1045
170 972
170 612
170 1059
45 149
45 565
45 466
45 447
45 745
45 641
45 434
45 675
45 845
45 965
45 42
45 605
45 16
45 124
45 161
45 50
45 971
45 234
45 989
45 435
45 836
45 342
45 315
45 1089
45 794
45 248
45 404
45 584
45 999
45 1047
45 451
45 182
149 466
149 641
149 845
149 124
149 50
149 435
149 451
149 937
202 466
202 542
202 1022
202 447
202 641
202 647
202 664
202 997
202 50
202 804
202 299
202 775
202 750
202 145
202 340
202 679
202 584
202 72
202 1068
202 451
202 639
209 647
209 524
209 675
209 331
209 1094
209 124
209 411
209 472
209 622
209 556
209 451
209 1025
209 32
209 357
532 542
532 664
532 420
532 601
532 1102
532 971
532 147
532 166
532 91
532 772
532 630
532 383
532 1125
532 774
532 1015
532 679
532 1105
532 1042
532 1072
565 208
565 1022
565 675
565 786
565 527
565 16
565 1075
565 174
565 1097
565 217
565 148
565 234
565 781
565 837
565 249
208 434
208 961
208 527
208 47
208 217
208 153
208 994
208 837
208 198
677 1022
677 42
677 1075
677 549
677 295
677 634
677 482
677 323
677 492
677 1013
466 542
466 546
466 745
466 936
466 878
466 434
466 524
466 953
466 675
466 786
466 961
466 42
466 515
466 16
466 1075
466 174
466 1131
466 217
466 234
466 1034
466 435
466 781
466 342
466 315
466 323
466 145
466 929
466 1027
542 447
542 990
542 745
542 936
542 641
542 647
542 524
542 953
542 664
542 997
542 16
542 124
542 1075
542 148
542 435
542 804
542 342
542 145
542 1098
542 72
542 639
542 683
1022 745
1022 878
1022 434
1022 647
1022 997
1022 42
1022 304
1022 50
1022 234
1022 1095
1022 836
1022 342
1022 584
447 641
447 878
447 524
447 50
447 989
447 435
447 1089
447 340
447 72
990 641
990 664
990 16
990 347
990 342
990 290
990 91
990 1098
990 683
546 647
546 675
546 642
546 91
745 434
745 786
745 16
745 304
745 234
745 1095
745 642
745 644
745 836
745 342
745 383
745 438
745 788
745 72
936 641
936 647
936 664
936 124
936 804
936 742
936 74
936 72
936 182
936 683
641 878
641 647
641 524
641 664
641 997
641 50
641 1131
641 804
641 299
641 315
641 740
641 72
641 683
641 127
641 864
641 0
878 1102
878 1094
878 1107
878 989
878 858
878 1128
878 315
878 837
878 1117
878 127
878 260
878 640
434 1111
434 42
434 16
434 234
434 663
434 781
434 323
434 249
434 1023
434 1105
647 524
647 675
647 664
647 331
647 997
647 124
647 411
647 804
647 490
647 221
647 145
647 383
647 72
647 451
647 357
524 675
524 664
524 331
524 124
524 435
524 836
524 794
524 383
524 400
524 451
524 357
524 955
953 331
953 1111
953 174
953 259
953 166
953 1068
953 864
675 16
675 217
675 411
675 836
675 808
675 742
675 794
675 340
675 686
675 451
675 1017
664 997
664 124
664 804
664 315
664 221
664 903
664 249
664 1105
664 584
664 400
664 72
664 556
664 929
664 602
664 112
845 435
845 820
331 124
331 411
331 867
331 794
331 679
331 451
331 357
997 221
997 145
997 432
997 980
997 870
803 114
803 741
803 248
803 995
842 488
842 114
842 544
842 972
842 869
628 869
648 324
489 976
489 851
489 1034
489 733
489 490
489 808
489 742
489 993
517 63
517 601
517 649
517 276
517 994
517 642
633 891
7 786
7 814
7 103
7 48
7 767
7 465
7 1068
7 536
676 103
676 1111
676 838
676 942
676 296
676 795
786 696
786 802
786 814
786 103
786 1111
786 838
786 1104
786 360
786 469
786 1043
786 1034
786 836
786 939
786 460
786 985
786 211
786 366
786 157
786 912
786 1105
786 332
786 832
786 988
786 190
786 714
786 197
786 102
25 597
25 123
696 250
696 469
696 940
696 699
696 717
696 897
696 306
696 75
696 609
696 97
965 605
965 469
965 361
965 276
965 488
965 939
965 396
965 323
965 808
965 985
965 364
965 461
965 157
965 30
965 512
965 1103
965 792
965 312
965 470
965 232
802 14
802 367
802 126
802 172
802 37
802 908
802 771
802 450
802 872
802 130
814 1111
814 1043
814 427
814 1016
814 416
814 211
814 962
814 988
814 190
814 844
103 882
103 1043
103 266
103 376
103 767
103 939
103 1012
103 317
63 1111
63 605
63 361
63 276
63 580
63 359
63 940
63 699
63 717
63 474
63 860
63 728
63 985
63 24
513 333
513 742
513 522
1111 635
1111 295
1111 805
1111 99
1111 732
1111 699
1111 416
1111 1078
1111 962
1111 157
1111 317
1111 595
1111 653
1111 11
431 1034
431 147
431 259
431 508
171 288
171 882
171 305
171 217
171 887
288 305
288 219
288 994
288 985
882 585
882 2
882 359
882 767
882 775
882 867
882 1068
882 536
882 525
882 349
888 1043
305 1066
305 1102
305 580
305 663
305 622
305 30
961 527
961 585
961 971
961 217
961 454
961 1128
961 220
1066 1043
1066 47
1066 20
1066 332
838 420
838 605
838 942
838 351
838 296
838 985
838 1117
838 795
1104 13
1104 766
1104 971
1104 488
1104 580
1104 739
1104 612
1104 1050
1104 421
1104 242
1104 96
180 605
180 894
180 291
180 256
180 176
180 1074
180 759
180 1067
180 598
180 308
180 762
250 361
250 887
250 310
250 67
250 897
250 75
250 912
250 1101
250 846
527 153
420 174
420 469
420 971
420 454
420 315
420 494
420 438
632 333
632 897
632 183
632 329
632 262
632 1036
163 851
163 274
42 579
42 836
42 342
42 323
682 367
682 771
682 405
682 707
682 599
443 515
443 1102
443 1107
443 1057
278 597
278 589
567 415
567 162
567 323
567 695
567 107
567 492
567 419
567 548
567 240
567 868
10 361
10 276
10 887
10 133
10 219
10 966
10 851
10 310
10 1028
10 940
10 644
10 699
10 75
10 680
10 1074
10 292
10 15
10 66
605 1078
605 176
605 52
605 30
605 332
605 283
605 158
271 581
271 1034
271 994
271 985
271 656
271 229
271 197
271 102
271 595
271 307
271 1127
271 934
601 649
601 971
601 70
601 384
601 359
601 895
601 642
601 1016
601 949
601 1050
601 789
601 363
601 277
392 488
392 259
392 848
16 50
16 1060
16 435
16 1128
16 836
16 342
16 147
16 954
16 145
16 584
16 12
692 253
692 986
692 1034
692 940
692 155
692 897
692 237
785 377
785 971
785 55
785 31
785 294
785 241
785 897
785 962
785 927
785 789
785 444
785 866
13 549
13 612
13 285
34 60
34 771
34 130
34 405
34 707
34 424
34 827
34 898
34 566
253 384
253 940
253 82
253 155
253 75
253 589
253 464
253 238
194 384
194 359
194 808
194 1045
194 612
483 141
360 821
360 518
360 111
360 939
360 661
360 911
322 488
322 114
1102 261
1102 31
1102 454
1102 663
1102 1016
1102 428
1102 378
1102 962
1102 681
1102 556
1102 487
861 661
861 688
861 521
861 441
861 216
1094 124
766 713
766 296
766 580
766 739
766 591
766 96
766 703
766 1082
766 53
766 719
766 671
766 873
124 50
124 804
124 750
124 451
124 182
124 357
243 488
243 114
243 468
243 1045
243 723
243 612
243 421
243 242
243 462
1075 304
1075 148
1075 342
1075 330
1075 221
1075 556
174 241
174 639
713 114
713 53
1053 885
1053 749
1008 299
1008 750
1008 1130
1008 671
1008 106
48 663
48 767
48 211
48 477
48 339
377 361
377 295
377 971
377 652
377 184
377 31
377 99
377 895
377 604
377 733
377 663
377 732
377 1016
377 416
377 428
377 38
377 3
377 211
377 556
377 1080
377 487
377 478
377 927
377 1072
377 339
377 113
377 1024
377 915
377 943
415 634
415 359
415 241
415 166
415 492
415 1023
787 585
787 417
787 405
787 599
685 832
635 304
635 162
635 140
635 84
635 1060
635 1086
635 189
635 718
635 652
635 374
635 31
635 836
635 290
635 892
635 554
635 564
635 282
635 901
635 230
635 877
635 255
61 261
61 257
469 1107
469 885
469 427
469 31
469 781
469 709
469 788
469 487
1043 177
1043 622
1043 485
1043 379
1043 173
1043 8
1107 1069
1107 781
1107 345
885 141
885 133
885 1034
885 644
885 699
885 717
885 897
885 460
885 306
885 268
885 476
885 123
885 846
885 749
751 294
751 797
570 177
570 430
570 830
570 1119
177 430
177 649
177 261
177 173
430 261
430 867
430 363
430 98
430 371
430 40
430 687
430 629
87 1007
87 135
87 1034
87 76
87 642
87 856
87 332
87 17
87 183
87 637
87 0
87 83
87 154
87 1
649 781
649 897
649 474
649 1084
649 414
649 321
649 830
649 833
1007 153
1007 99
1007 856
1007 290
1007 613
1007 17
1007 0
361 141
361 670
361 887
361 133
361 851
361 1034
361 604
361 940
361 114
361 46
361 808
361 1014
361 609
361 1103
361 24
361 1030
361 561
161 47
161 304
161 794
161 451
1033 693
800 47
800 549
800 355
800 1122
800 1063
47 304
47 549
47 976
47 1097
47 411
47 663
47 1069
47 631
47 1105
47 1063
47 626
304 1097
304 148
304 435
304 1095
304 781
304 836
304 631
304 342
304 75
304 693
304 344
549 355
549 686
549 1063
976 1097
976 384
976 494
1097 1131
1097 411
355 340
355 391
355 389
50 435
50 804
50 742
50 750
50 221
50 903
50 340
50 451
1131 411
261 585
261 295
261 971
261 217
261 488
261 189
261 940
261 454
261 20
261 428
261 378
261 459
261 129
427 576
427 1034
427 985
427 332
427 749
427 920
585 971
585 148
585 141
585 189
585 454
585 67
585 20
585 378
585 771
585 1068
585 24
295 84
295 1086
295 652
295 184
295 31
295 99
295 1091
295 235
295 732
295 1016
295 416
295 378
295 962
295 68
295 478
295 901
295 877
295 371
295 698
971 217
971 148
971 263
971 989
971 384
971 84
971 189
971 435
971 733
971 454
971 1016
971 856
971 474
971 147
971 739
971 908
971 808
971 378
971 166
971 321
971 771
971 1083
971 630
971 476
971 471
971 277
971 898
971 318
971 94
942 887
942 851
942 597
942 856
942 401
942 256
942 336
942 795
942 765
942 463
942 481
217 454
217 808
217 378
217 249
217 297
148 439
148 656
148 629
263 70
263 1086
263 604
263 20
263 290
263 323
263 1059
263 228
351 887
351 663
351 245
351 529
351 314
351 43
141 276
141 917
141 887
141 851
141 728
141 166
141 60
141 591
141 455
141 828
141 865
141 169
141 473
141 51
141 213
141 914
276 887
276 219
276 966
276 476
276 828
276 1036
276 418
276 1021
162 499
162 989
162 634
162 140
162 1060
162 189
162 718
162 184
162 31
162 294
162 482
162 775
162 3
162 492
162 742
162 562
162 339
162 892
162 554
162 564
162 282
162 255
162 629
162 662
162 886
162 1106
373 749
347 1095
347 342
347 72
917 940
917 474
917 739
917 306
917 741
917 771
917 75
917 912
917 1117
917 978
645 135
296 851
296 576
296 994
296 333
296 268
964 70
964 211
964 471
964 757
964 1118
964 493
964 86
964 594
964 783
964 105
964 968
964 92
153 876
153 985
153 613
670 219
670 1084
670 1085
135 858
135 332
135 756
135 646
581 851
581 60
581 229
581 622
581 512
581 372
581 595
581 846
581 898
711 712
711 1100
711 1014
711 1078
711 464
711 543
711 912
711 1067
711 667
711 875
711 1129
711 578
986 359
986 259
986 254
986 75
986 742
986 308
986 826
887 70
887 133
887 966
887 851
887 634
887 994
887 940
887 991
887 492
887 812
887 15
887 789
887 473
887 669
488 70
488 499
488 580
488 359
488 731
488 482
488 290
488 739
488 114
488 259
488 808
488 494
488 468
488 1045
488 404
488 723
488 612
488 242
488 1082
488 758
488 948
488 251
488 341
70 184
70 359
70 994
70 1091
70 733
70 241
70 290
70 147
70 378
70 38
70 198
70 211
70 962
70 68
70 556
70 300
70 302
70 1062
70 949
70 371
70 968
70 92
70 849
70 779
499 1086
499 482
499 892
499 564
133 310
133 1034
133 644
133 699
133 46
133 225
133 1103
133 949
133 1067
133 318
133 178
829 1126
829 332
829 637
491 234
491 315
234 1095
234 694
234 260
219 550
219 474
219 1084
219 125
219 1005
411 299
411 357
989 315
966 310
966 15
966 826
966 178
580 290
580 147
580 739
580 114
580 808
580 438
580 972
580 622
580 1023
580 723
580 15
580 242
580 1018
580 710
580 553
580 725
851 310
851 384
851 359
851 940
851 912
851 237
851 169
851 578
851 178
310 699
310 338
310 826
138 1028
138 82
138 500
138 238
634 482
634 323
634 562
384 1034
384 1100
384 254
384 478
805 663
805 479
576 577
597 1034
597 76
597 534
597 82
597 350
597 663
597 891
597 856
597 1090
597 401
597 131
597 256
597 582
597 336
597 535
597 238
597 356
597 959
597 456
597 385
597 422
274 663
274 876
274 985
274 106
274 334
274 729
1034 184
1034 435
1034 577
1034 294
1034 891
1034 1100
1034 985
1034 1078
1034 1098
1034 43
1034 609
1034 65
1034 949
1034 58
1034 902
1034 847
2 1074
2 536
2 525
140 84
140 1060
140 718
140 374
140 1025
140 1041
84 1060
84 1086
84 189
84 718
84 652
84 374
84 31
84 294
84 416
84 38
84 962
84 478
84 1025
84 554
84 282
1060 1086
1060 189
1060 718
1060 652
1060 374
1060 742
1060 954
1060 1025
1060 554
1060 662
1060 1065
1086 189
1086 652
1086 374
1086 416
1086 339
189 718
189 652
189 374
189 31
189 1091
189 604
189 378
189 742
189 1025
189 260
189 564
189 282
189 255
189 1106
718 652
718 374
718 1080
718 1025
718 554
718 255
652 374
652 416
652 478
374 962
374 1106
55 99
55 642
55 525
55 789
55 554
55 251
184 99
184 733
184 294
184 732
184 1016
184 428
184 38
184 3
184 157
184 68
184 1080
184 487
184 927
184 1072
184 536
184 339
184 113
184 1024
184 915
184 943
184 1044
435 342
435 750
435 556
435 182
435 357
435 820
577 333
577 897
577 680
577 218
577 220
577 598
577 1003
359 254
359 1036
359 830
359 578
359 467
31 836
31 767
31 416
31 478
31 282
31 901
31 230
31 877
31 698
31 1041
31 152
31 23
31 992
1028 43
1028 218
1028 58
1028 15
1028 1036
1028 967
99 733
99 235
99 1016
99 474
99 416
99 38
99 3
99 68
99 471
99 302
99 1062
99 1118
99 927
99 554
99 282
99 105
99 251
99 760
99 1121
76 350
76 856
76 290
895 927
895 594
895 251
895 1041
994 291
994 52
994 598
994 849
1095 1083
1095 459
804 694
804 299
804 750
804 72
804 1130
804 820
804 1055
731 1016
731 680
731 371
731 1026
731 1011
534 290
534 166
534 742
534 1063
534 959
642 1016
642 492
642 1117
642 807
266 663
1020 1091
1020 531
1020 588
1091 531
1091 733
1091 78
1091 38
1091 478
1091 1068
1091 448
1091 979
531 604
531 1015
531 556
531 588
531 1068
531 98
531 629
604 733
604 78
604 732
604 1016
604 512
604 1080
604 487
604 789
604 282
733 78
733 294
733 732
733 1016
733 428
733 378
733 1080
733 1072
733 282
733 886
733 526
78 216
78 38
78 507
235 294
235 38
235 211
235 68
235 1080
235 471
235 302
235 783
294 38
294 211
294 68
294 339
294 992
241 1016
241 485
940 699
940 574
940 301
940 254
940 75
940 380
940 609
940 512
940 24
940 561
482 492
482 240
82 856
82 256
82 949
82 238
333 728
333 1084
333 883
333 329
333 621
333 547
506 172
506 616
506 908
506 771
506 924
506 707
454 378
454 1083
454 1068
350 500
822 367
822 60
822 771
822 130
822 948
822 168
67 912
67 1115
644 111
644 1074
644 123
644 598
644 169
518 90
518 688
518 574
518 441
518 101
518 1122
518 237
518 424
518 629
518 931
518 596
518 761
663 891
663 172
663 709
663 378
663 720
663 60
663 229
663 1068
663 123
663 339
663 379
663 920
663 768
663 69
111 661
111 79
111 894
111 688
111 911
732 927
732 282
732 98
732 600
550 131
550 232
550 363
550 687
550 213
550 1005
550 839
550 397
20 378
20 622
20 820
20 228
1016 416
1016 216
1016 428
1016 38
1016 3
1016 738
1016 622
1016 68
1016 1080
1016 487
1016 1118
1016 927
1016 1072
1016 339
1016 113
1016 1024
1016 915
1016 943
1016 526
1069 404
1128 836
781 259
781 38
781 556
781 487
836 249
836 735
376 939
376 686
299 1122
299 750
299 72
299 1130
299 869
299 106
767 939
767 416
767 370
767 485
767 1068
767 536
767 349
876 799
876 155
876 854
876 75
876 198
876 1078
342 290
342 145
342 630
342 584
342 693
367 860
367 354
367 417
367 728
367 771
367 102
367 130
367 168
367 806
449 717
57 815
57 588
155 688
155 574
155 254
155 609
155 734
155 1050
155 667
155 109
699 712
699 717
699 46
699 1078
699 380
699 464
699 543
699 680
699 609
699 292
699 1023
699 561
699 9
699 412
699 907
126 728
126 771
126 622
891 396
891 742
891 589
891 529
891 658
891 1081
891 21
891 1039
891 364
891 486
891 479
891 913
891 470
891 264
891 281
891 572
712 46
712 1078
712 464
712 912
717 828
717 123
717 9
856 290
856 765
897 225
897 529
897 229
897 1103
897 598
897 768
897 862
897 403
815 624
815 52
815 598
815 762
815 467
815 590
815 239
815 916
172 587
172 354
172 728
172 616
172 37
172 908
172 104
172 60
172 771
172 910
172 707
172 94
172 547
172 69
172 998
172 382
172 267
172 614
172 1071
172 557
172 458
172 214
854 229
941 97
941 807
941 9
941 950
396 529
396 364
396 486
396 617
396 4
396 470
396 281
396 824
35 166
35 269
474 1084
474 741
474 314
474 332
474 637
474 369
474 835
1100 290
1100 147
1100 741
1100 1078
1100 464
1100 912
1100 1067
1100 284
1100 792
1100 1129
1100 412
290 739
290 38
290 321
290 492
290 472
290 1050
290 833
290 213
290 553
290 407
290 893
147 688
147 259
147 1126
147 795
147 1050
587 908
587 166
587 910
587 924
587 707
587 770
315 400
860 265
860 60
860 450
860 599
860 806
860 998
860 497
90 1032
90 661
90 441
90 910
90 898
354 265
354 616
354 914
354 547
354 168
354 998
354 188
855 771
797 1032
797 118
797 60
797 771
797 599
797 948
797 200
1032 265
1032 972
1032 832
1032 53
1032 948
1032 168
1032 200
118 37
118 60
118 771
118 292
118 404
118 996
118 450
118 405
118 736
118 689
417 599
417 424
417 547
265 728
265 616
265 37
265 538
265 79
265 894
265 224
265 771
265 366
265 450
265 827
265 547
265 109
265 267
265 497
265 503
265 620
265 1116
265 41
728 616
728 741
728 771
728 450
728 898
728 566
728 547
728 1071
661 441
661 911
661 883
616 908
616 591
616 910
616 707
616 94
616 547
616 998
616 614
616 188
37 771
37 910
37 458
37 247
37 700
739 114
739 972
739 81
739 612
739 1082
739 873
739 201
874 538
538 79
538 1122
538 366
538 229
538 620
114 468
114 81
114 612
114 869
114 1082
114 53
114 873
114 560
890 1003
79 366
79 620
365 894
365 624
365 6
365 1003
365 289
894 52
894 768
894 906
688 521
688 574
688 441
688 115
688 370
688 1014
688 366
688 478
259 741
259 314
259 1125
259 912
259 97
259 470
323 991
323 492
323 452
416 741
416 38
416 68
416 1080
416 478
416 525
416 282
416 877
416 698
416 152
416 1056
991 492
991 562
991 146
521 101
521 555
574 101
574 1122
574 216
574 1014
574 366
574 554
574 594
574 596
441 101
441 511
441 366
441 183
441 329
101 1126
101 17
101 1056
775 72
775 1068
775 536
775 525
775 349
775 892
775 255
775 98
775 629
775 979
775 387
908 771
908 910
908 924
908 707
908 770
137 93
46 231
490 808
490 221
490 145
490 794
490 678
490 346
490 1050
1126 44
1126 742
1126 637
1126 403
224 366
1084 324
1084 720
1084 801
1084 637
1084 232
1084 408
530 742
414 44
414 321
414 830
414 833
414 721
324 741
324 637
324 232
44 321
44 1119
398 667
840 749
808 464
808 74
808 622
808 512
808 11
808 769
104 256
104 910
301 879
254 667
254 29
306 741
306 9
428 38
428 556
428 1080
428 487
428 927
428 525
428 1024
428 943
378 321
378 459
378 772
378 622
378 450
378 909
378 770
166 459
166 630
166 450
166 909
720 426
720 408
720 56
741 268
741 771
741 75
741 912
741 637
741 102
741 11
741 926
268 637
38 3
38 211
38 556
38 1080
38 487
38 478
38 927
38 1072
38 339
38 113
38 1024
38 915
38 943
1054 75
1054 292
1054 66
1054 568
1054 311
60 771
60 591
60 450
60 130
60 599
60 424
60 827
60 865
60 806
60 930
867 221
867 622
867 1068
867 525
867 349
867 363
867 9
867 273
695 492
107 492
107 812
107 909
321 830
321 1119
321 833
321 721
1120 146
740 475
880 363
880 830
880 833
880 721
880 1029
880 938
1014 75
1014 742
1014 1078
1014 464
1014 912
1014 1117
1014 1067
771 742
771 912
771 450
771 175
771 924
771 130
771 707
771 599
771 424
771 827
771 948
771 547
771 168
771 458
591 102
591 130
591 736
399 539
399 106
75 589
75 543
75 912
75 826
75 311
426 139
3 903
3 1080
3 927
3 1072
3 113
3 1024
3 915
3 943
291 256
291 1074
291 849
291 467
492 419
492 240
742 529
742 658
742 613
742 543
742 1074
742 1045
742 1088
742 832
742 866
742 564
742 406
742 480
742 1092
742 453
742 204
338 846
459 681
59 910
750 1130
750 451
750 869
985 292
985 1117
985 404
985 624
985 996
985 992
198 314
198 477
245 835
245 650
1078 464
1078 223
1078 543
1078 912
1078 622
1078 1067
1078 284
1078 734
1078 792
1078 875
1078 1129
1078 578
1078 826
1078 722
186 609
211 962
211 68
211 478
211 471
211 300
211 1062
211 1118
211 927
211 493
211 968
211 92
211 779
962 556
962 1080
962 471
962 300
962 757
962 968
221 145
221 903
221 249
221 556
221 877
221 899
954 302
954 386
954 100
145 794
145 678
145 346
145 1098
145 584
903 556
91 432
91 357
244 589
589 529
589 1081
589 1039
589 464
589 913
589 1088
589 146
589 481
589 578
589 407
589 930
589 615
794 346
794 451
794 357
678 556
678 432
678 553
346 201
269 21
269 1039
529 1081
529 582
529 146
529 158
658 1081
1090 238
366 620
401 336
401 463
401 760
500 238
131 256
131 232
131 356
131 974
131 457
613 176
613 768
256 765
256 959
256 760
256 165
256 918
256 484
256 1064
256 510
465 916
176 624
176 283
772 782
1081 819
21 1039
21 281
364 470
486 1117
850 738
340 686
340 881
582 238
157 478
157 789
336 238
336 463
336 456
336 760
336 974
738 819
738 572
314 1117
630 383
630 1125
630 774
630 1015
383 1125
1125 774
679 639
679 357
679 1042
1098 584
1098 683
472 912
472 507
472 639
249 400
249 72
249 1068
452 1049
571 66
464 543
464 912
464 1067
464 284
464 734
543 1067
543 578
680 43
680 218
680 844
680 1036
680 1003
476 1021
476 1055
476 520
476 49
476 156
1074 66
912 704
912 1117
912 1067
912 734
912 178
912 568
43 479
43 218
43 859
43 967
43 510
609 1088
292 404
292 996
292 923
704 708
122 807
468 612
468 462
1045 1059
1045 1050
1045 142
972 612
972 53
972 560
74 501
622 1105
622 72
622 309
622 479
622 768
622 806
622 406
1023 339
81 612
404 996
404 66
404 847
1105 339
723 1049
612 298
584 400
584 357
1063 1068
1063 929
72 929
72 640
72 112
1130 869
1130 1018
1130 1055
1130 945
624 598
52 598
52 1046
309 639
479 1068
512 168
512 921
996 329
996 405
996 621
996 736
996 689
996 41
996 62
1103 844
1103 66
1103 826
1103 412
450 102
450 599
450 497
450 736
450 62
419 909
419 353
419 748
419 240
332 277
332 8
332 1056
17 0
279 1026
279 558
1088 667
183 988
548 629
951 819
68 300
68 757
68 1062
68 493
68 86
68 968
68 92
68 251
68 1121
68 638
556 1080
556 487
556 478
556 1042
556 955
1080 487
1080 927
1080 1072
1080 113
1080 1024
1080 915
1080 943
1080 1044
433 588
433 1041
433 979
433 600
487 789
478 927
478 968
478 152
478 23
478 992
588 902
588 979
588 600
535 470
562 886
563 127
432 553
471 757
471 1118
471 105
471 968
300 302
300 757
300 1118
300 639
300 968
302 757
302 1118
302 493
302 968
757 1118
757 968
1118 493
1118 386
949 238
58 859
859 988
927 1068
927 1072
927 113
927 1024
927 915
927 943
910 924
910 707
910 998
910 557
910 458
910 214
910 700
910 358
828 473
828 1021
6 289
637 0
637 232
637 408
637 834
320 4
132 619
1067 284
1067 578
284 792
284 847
284 722
231 578
231 1096
734 792
507 1041
4 255
1068 536
1068 525
1068 349
1068 339
451 357
639 357
1025 113
1025 554
1025 564
1025 877
1025 662
1072 113
1072 1024
1072 915
1072 943
127 397
127 406
127 1092
127 974
127 179
864 536
0 1119
0 938
1017 297
820 1087
993 1057
924 707
924 614
924 770
924 921
536 525
536 349
832 948
832 200
988 1036
714 844
102 872
102 405
102 599
97 807
792 1129
792 578
792 56
312 66
232 408
130 424
130 898
130 188
130 280
522 930
11 1041
525 349
525 629
349 343
1050 789
1050 412
1050 811
1050 504
1050 375
421 242
421 462
598 467
405 497
405 689
405 41
405 62
707 770
707 700
707 62
599 497
599 41
599 62
66 169
283 827
158 424
158 827
158 566
158 765
158 573
789 606
363 687
363 1005
363 397
277 1026
277 1011
277 1056
444 1041
444 606
424 827
424 898
424 573
827 573
898 566
898 497
898 736
898 117
1082 191
873 945
339 325
113 1024
113 915
113 943
1024 915
1024 943
915 943
892 564
892 255
892 662
554 1044
554 545
564 255
564 687
230 877
230 698
230 1041
230 152
230 23
230 992
230 907
877 698
877 1041
877 152
255 463
255 662
379 651
173 8
8 56
830 833
830 938
98 629
98 387
687 1
687 839
687 397
687 406
687 1092
629 979
629 600
154 397
154 406
154 1092
154 974
154 179
833 721
833 1029
833 938
920 691
698 152
698 992
318 923
94 69
765 614
463 760
865 930
473 272
51 907
51 509
213 1005
213 397
1021 1055
1021 520
493 86
493 92
86 594
594 251
667 1129
826 178
948 547
948 168
948 200
251 1121
251 273
251 638
849 429
959 165
959 510
1041 152
1041 992
1003 1132
467 480
152 992
152 705
1055 520
1026 1056
1011 1056
807 9
979 600
547 168
547 458
547 41
547 573
1115 1132
931 611
768 906
768 77
839 397
839 406
839 1092
839 179
397 406
397 1092
397 453
397 179
9 160
590 916
590 480
916 480
614 798
1071 921
458 700
407 1092
407 974
497 736
497 689
497 41
497 62
689 41
689 62
41 62
700 573
408 1038
938 179
406 1092
406 453
406 974
406 179
1092 453
1092 974
1092 179
453 179
722 752
974 457
165 510
165 791
520 746
49 156
1046 207
62 573
207 207
