0 391
1 45
2 1008
3 861
4 507
5 1090
6 827
7 955
8 754
9 1001
10 1088
11 315
12 435
13 574
14 400
15 654
16 942
17 581
18 921
19 653
20 744
21 660
22 774
23 568
24 698
25 232
26 438
27 598
28 887
29 1056
30 398
31 112
32 364
33 684
34 805
35 98
36 318
37 502
38 868
39 1036
40 313
41 254
42 436
43 261
44 611
45 81
46 869
47 875
48 677
49 345
50 107
51 1039
52 1102
53 971
54 433
55 812
56 495
57 902
58 127
59 90
60 727
61 198
62 637
63 314
64 168
65 330
66 750
67 554
68 556
69 634
70 249
71 837
72 1103
73 245
74 947
75 518
76 734
77 894
78 793
79 17
80 7
81 846
82 969
83 405
84 291
85 1105
86 655
87 89
88 144
89 772
90 88
91 950
92 745
93 226
94 645
95 15
96 149
97 264
98 92
99 59
100 636
101 43
102 841
103 920
104 304
105 545
106 913
107 998
108 146
109 916
110 865
111 729
112 769
113 877
114 407
115 237
116 956
117 48
118 520
119 1113
120 630
121 1040
122 342
123 181
124 683
125 1
126 1127
127 905
128 667
129 638
130 786
131 416
132 25
133 871
134 541
135 236
136 129
137 889
138 449
139 525
140 725
141 1101
142 359
143 897
144 303
145 372
146 539
147 123
148 41
149 410
150 194
151 206
152 55
153 337
154 803
155 218
156 890
157 514
158 506
159 801
160 71
161 1067
162 939
163 121
164 963
165 184
166 64
167 493
168 817
169 509
170 571
171 489
172 164
173 133
174 217
175 189
176 577
177 431
178 329
179 531
180 816
181 874
182 815
183 930
184 852
185 678
186 39
187 872
188 613
189 521
190 1120
191 312
192 736
193 351
194 740
195 1013
196 706
197 467
198 553
199 953
200 891
201 243
202 1081
203 943
204 665
205 504
206 294
207 1037
208 377
209 120
210 795
211 19
212 273
213 689
214 104
215 946
216 901
217 1130
218 1017
219 782
220 743
221 8
222 13
223 233
224 648
225 263
226 593
227 1093
228 584
229 332
230 73
231 1045
232 1087
233 1084
234 396
235 482
236 711
237 357
238 547
239 622
240 321
241 1131
242 308
243 937
244 672
245 1106
246 147
247 154
248 893
249 984
250 474
251 470
252 427
253 728
254 603
255 900
256 981
257 624
258 718
259 565
260 258
261 742
262 1041
263 350
264 347
265 325
266 960
267 115
268 2
269 658
270 1046
271 1048
272 163
273 223
274 480
275 111
276 688
277 355
278 486
279 895
280 352
281 1086
282 973
283 1107
284 975
285 799
286 213
287 1091
288 476
289 311
290 702
291 719
292 579
293 602
294 1034
295 980
296 422
297 989
298 588
299 356
300 30
301 563
302 270
303 414
304 1094
305 777
306 530
307 210
308 475
309 692
310 906
311 808
312 369
313 512
314 145
315 368
316 532
317 631
318 610
319 620
320 72
321 928
322 796
323 526
324 214
325 813
326 1007
327 301
328 297
329 1062
330 108
331 1024
332 651
333 276
334 854
335 473
336 558
337 1010
338 284
339 732
340 1080
341 109
342 420
343 703
344 425
345 831
346 691
347 909
348 757
349 741
350 687
351 1110
352 792
353 582
354 459
355 353
356 228
357 847
358 196
359 1068
360 1018
361 234
362 686
363 656
364 415
365 824
366 957
367 829
368 650
369 580
370 50
371 1070
372 93
373 697
374 375
375 141
376 938
377 250
378 269
379 1108
380 1126
381 959
382 440
383 384
384 175
385 26
386 515
387 95
388 962
389 1058
390 704
391 499
392 159
393 333
394 652
395 439
396 995
397 756
398 778
399 1089
400 29
401 448
402 519
403 1072
404 1117
405 338
406 1022
407 299
408 441
409 450
410 764
411 705
412 451
413 465
414 1129
415 285
416 458
417 296
418 1011
419 615
420 327
421 38
422 485
423 1098
424 527
425 1057
426 225
427 418
428 443
429 23
430 1043
431 252
432 585
433 996
434 1096
435 1002
436 446
437 695
438 37
439 130
440 748
441 97
442 987
443 908
444 1071
445 592
446 1114
447 96
448 604
449 195
450 373
451 80
452 1111
453 664
454 1044
455 607
456 802
457 343
458 336
459 1006
460 381
461 33
462 763
463 1029
464 63
465 587
466 628
467 972
468 412
469 58
470 735
471 839
472 858
473 227
474 3
475 437
476 374
477 136
478 18
479 951
480 1003
481 57
482 731
483 605
484 988
485 681
486 9
487 671
488 614
489 853
490 590
491 468
492 429
493 376
494 886
495 820
496 1014
497 404
498 814
499 779
500 559
501 523
502 888
503 710
504 94
505 979
506 788
507 923
508 573
509 211
510 421
511 1078
512 393
513 208
514 859
515 954
516 395
517 230
518 1020
519 673
520 47
521 79
522 20
523 302
524 855
525 119
526 663
527 203
528 100
529 1047
530 765
531 409
532 884
533 974
534 1099
535 274
536 171
537 142
538 256
539 985
540 623
541 910
542 549
543 669
544 286
545 560
546 768
547 876
548 986
549 535
550 552
551 496
552 767
553 529
554 627
555 380
556 12
557 646
558 172
559 1132
560 498
561 152
562 842
563 883
564 488
565 848
566 935
567 657
568 721
569 682
570 773
571 483
572 126
573 134
574 497
575 924
576 65
577 600
578 306
579 575
580 162
581 257
582 241
583 693
584 823
585 293
586 324
587 491
588 484
589 762
590 157
591 806
592 1055
593 271
594 983
595 1119
596 597
597 911
598 417
599 990
600 190
601 840
602 583
603 791
604 1004
605 385
606 310
607 738
608 132
609 936
610 709
611 543
612 316
613 707
614 644
615 28
616 331
617 341
618 794
619 1121
620 379
621 723
622 185
623 882
624 1061
625 949
626 1075
627 221
628 941
629 278
630 822
631 626
632 75
633 14
634 701
635 570
636 442
637 639
638 739
639 1050
640 361
641 1095
642 430
643 34
644 125
645 789
646 292
647 616
648 31
649 1092
650 76
651 617
652 118
653 363
654 61
655 771
656 183
657 131
658 867
659 1053
660 67
661 528
662 275
663 542
664 140
665 770
666 567
667 766
668 280
669 49
670 999
671 557
672 169
673 66
674 940
675 82
676 538
677 1027
678 161
679 566
680 991
681 153
682 42
683 40
684 1115
685 716
686 586
687 640
688 54
689 135
690 798
691 103
692 413
693 1015
694 850
695 1116
696 0
697 22
698 298
699 968
700 661
701 481
702 505
703 155
704 27
705 1025
706 522
707 781
708 752
709 277
710 717
711 1100
712 899
713 503
714 253
715 919
716 411
717 561
718 675
719 776
720 10
721 399
722 500
723 828
724 551
725 1079
726 445
727 933
728 209
729 392
730 117
731 1054
732 466
733 833
734 307
735 699
736 255
737 758
738 629
739 643
740 866
741 99
742 240
743 857
744 548
745 456
746 619
747 914
748 835
749 346
750 344
751 606
752 150
753 898
754 423
755 138
756 259
757 242
758 74
759 596
760 1060
761 873
762 825
763 513
764 1074
765 455
766 932
767 751
768 726
769 46
770 1064
771 212
772 508
773 952
774 809
775 856
776 997
777 708
778 339
779 222
780 599
781 200
782 1073
783 753
784 510
785 266
786 35
787 354
788 386
789 1016
790 78
791 879
792 550
793 326
794 471
795 1069
796 191
797 167
798 389
799 632
800 862
801 578
802 878
803 863
804 156
805 730
806 179
807 534
808 641
809 966
810 426
811 1123
812 69
813 912
814 492
815 432
816 371
817 811
818 666
819 295
820 680
821 533
822 408
823 105
824 460
825 490
826 323
827 397
828 358
829 1009
830 755
831 724
832 260
833 608
834 1077
835 199
836 454
837 290
838 86
839 881
840 4
841 68
842 783
843 1051
844 929
845 945
846 402
847 248
848 572
849 219
850 926
851 1012
852 239
853 1112
854 174
855 1083
856 101
857 1028
858 1052
859 1049
860 785
861 247
862 849
863 113
864 670
865 348
866 137
867 5
868 1063
869 976
870 462
871 176
872 1005
873 922
874 106
875 300
876 401
877 180
878 595
879 70
880 618
881 403
882 229
883 993
884 128
885 447
886 272
887 970
888 747
889 1066
890 251
891 158
892 1038
893 216
894 609
895 845
896 365
897 268
898 322
899 1076
900 1124
901 406
902 1122
903 775
904 110
905 903
906 576
907 982
908 746
909 1030
910 1104
911 469
912 712
913 564
914 676
915 478
916 390
917 192
918 349
919 235
920 1125
921 102
922 649
923 838
924 205
925 537
926 668
927 787
928 642
929 452
930 722
931 694
932 800
933 231
934 143
935 733
936 165
937 267
938 1023
939 494
940 843
941 52
942 85
943 511
944 934
945 1065
946 428
947 948
948 472
949 749
950 383
951 679
952 24
953 366
954 283
955 340
956 517
957 457
958 91
959 907
960 810
961 244
962 562
963 690
964 319
965 633
966 434
967 378
968 201
969 885
970 836
971 737
972 659
973 193
974 305
975 53
976 360
977 780
978 282
979 170
980 927
981 715
982 11
983 964
984 246
985 479
986 370
987 281
988 317
989 444
990 720
991 967
992 1085
993 880
994 635
995 124
996 204
997 685
998 674
999 173
1000 612
1001 186
1002 917
1003 944
1004 1097
1005 202
1006 696
1007 977
1008 546
1009 160
1010 540
1011 830
1012 335
1013 334
1014 759
1015 625
1016 387
1017 166
1018 1118
1019 832
1020 804
1021 790
1022 56
1023 925
1024 978
1025 713
1026 662
1027 238
1028 265
1029 139
1030 87
1031 177
1032 1032
1033 224
1034 784
1035 220
1036 320
1037 965
1038 918
1039 807
1040 844
1041 826
1042 207
1043 821
1044 328
1045 1082
1046 860
1047 453
1048 60
1049 197
1050 289
1051 6
1052 1035
1053 992
1054 21
1055 461
1056 1059
1057 931
1058 187
1059 83
1060 287
1061 591
1062 961
1063 501
1064 1021
1065 1128
1066 84
1067 151
1068 36
1069 188
1070 288
1071 382
1072 1031
1073 851
1074 114
1075 892
1076 1033
1077 279
1078 834
1079 621
1080 594
1081 1000
1082 958
1083 569
1084 714
1085 589
1086 487
1087 516
1088 464
1089 904
1090 870
1091 463
1092 77
1093 647
1094 44
1095 62
1096 262
1097 601
1098 797
1099 544
1100 362
1101 215
1102 1042
1103 16
1104 1019
1105 818
1106 536
1107 367
1108 394
1109 477
1110 116
1111 915
1112 864
1113 896
1114 819
1115 148
1116 994
1117 761
1118 32
1119 1109
1120 309
1121 182
1122 424
1123 419
1124 178
1125 700
1126 388
1127 1026
1128 122
1129 51
1130 555
1131 760
1132 524
