0 791
1 330
2 431
3 510
4 1007
5 694
6 969
7 58
8 998
9 585
10 624
11 169
12 275
13 708
14 750
15 818
16 1094
17 501
18 30
19 363
20 358
21 966
22 115
23 502
24 569
25 348
26 774
27 1128
28 170
29 913
30 262
31 1089
32 370
33 347
34 496
35 415
36 680
37 25
38 1020
39 414
40 958
41 257
42 608
43 6
44 666
45 826
46 794
47 986
48 700
49 1077
50 789
51 312
52 247
53 863
54 390
55 484
56 212
57 770
58 397
59 782
60 828
61 203
62 410
63 1130
64 644
65 230
66 342
67 1092
68 289
69 135
70 492
71 372
72 637
73 116
74 583
75 739
76 769
77 808
78 565
79 482
80 333
81 119
82 936
83 378
84 65
85 625
86 714
87 869
88 1131
89 552
90 691
91 599
92 62
93 607
94 730
95 434
96 92
97 690
98 631
99 506
100 882
101 468
102 654
103 387
104 245
105 1055
106 1117
107 1
108 955
109 931
110 130
111 234
112 459
113 737
114 838
115 145
116 41
117 316
118 198
119 767
120 1084
121 957
122 1075
123 749
124 512
125 768
126 621
127 184
128 589
129 373
130 1078
131 334
132 758
133 280
134 683
135 336
136 925
137 551
138 611
139 281
140 37
141 921
142 922
143 927
144 926
145 747
146 331
147 1125
148 96
149 812
150 664
151 383
152 684
153 55
154 193
155 213
156 807
157 593
158 129
159 323
160 366
161 430
162 112
163 622
164 916
165 294
166 1057
167 4
168 470
169 52
170 1066
171 881
172 962
173 81
174 1040
175 896
176 1003
177 526
178 123
179 1067
180 21
181 872
182 886
183 726
184 15
185 111
186 291
187 732
188 1099
189 1070
190 255
191 402
192 151
193 879
194 548
195 1047
196 384
197 99
198 563
199 721
200 23
201 136
202 32
203 529
204 825
205 286
206 555
207 108
208 635
209 417
210 945
211 649
212 907
213 814
214 246
215 744
216 117
217 870
218 1017
219 1076
220 757
221 400
222 559
223 341
224 61
225 1119
226 877
227 604
228 349
229 13
230 941
231 285
232 790
233 299
234 346
235 639
236 912
237 208
238 377
239 350
240 1014
241 478
242 453
243 439
244 404
245 399
246 522
247 1034
248 792
249 857
250 17
251 485
252 1028
253 396
254 249
255 178
256 303
257 497
258 272
259 1113
260 864
261 615
262 367
263 961
264 910
265 843
266 1004
267 200
268 327
269 241
270 641
271 216
272 36
273 427
274 653
275 405
276 394
277 865
278 558
279 875
280 435
281 524
282 660
283 1012
284 360
285 103
286 1069
287 919
288 5
289 205
290 811
291 389
292 942
293 493
294 947
295 251
296 773
297 1107
298 534
299 579
300 610
301 438
302 772
303 527
304 533
305 979
306 1061
307 746
308 134
309 374
310 989
311 915
312 273
313 514
314 834
315 458
316 968
317 554
318 335
319 990
320 228
321 296
322 454
323 513
324 995
325 59
326 104
327 914
328 716
329 365
330 693
331 712
332 1062
333 530
334 535
335 802
336 359
337 293
338 799
339 220
340 623
341 1005
342 1105
343 797
344 477
345 827
346 90
347 659
348 128
349 1072
350 418
351 1074
352 305
353 873
354 324
355 465
356 740
357 40
358 49
359 54
360 279
361 847
362 260
363 884
364 190
365 1048
366 546
367 1106
368 668
369 1018
370 517
371 109
372 976
373 1044
374 392
375 713
376 1093
377 1025
378 137
379 328
380 357
381 866
382 991
383 1008
384 1109
385 830
386 0
387 463
388 614
389 1049
390 616
391 705
392 298
393 658
394 371
395 785
396 270
397 244
398 209
399 707
400 722
401 391
402 895
403 578
404 851
405 850
406 994
407 678
408 223
409 759
410 983
411 292
412 933
413 75
414 467
415 756
416 1036
417 156
418 1122
419 837
420 618
421 665
422 1079
423 692
424 650
425 556
426 9
427 573
428 701
429 274
430 568
431 240
432 18
433 122
434 474
435 191
436 745
437 1011
438 829
439 462
440 167
441 835
442 805
443 488
444 127
445 975
446 970
447 188
448 675
449 91
450 229
451 34
452 940
453 897
454 385
455 540
456 953
457 98
458 723
459 168
460 177
461 1051
462 1053
463 648
464 1124
465 590
466 284
467 1027
468 395
469 483
470 841
471 441
472 215
473 1080
474 943
475 53
476 436
477 695
478 862
479 908
480 114
481 207
482 231
483 681
484 307
485 762
486 738
487 627
488 290
489 1082
490 860
491 1026
492 1029
493 978
494 736
495 39
496 403
497 1064
498 105
499 724
500 880
501 549
502 140
503 1056
504 175
505 186
506 406
507 138
508 486
509 602
510 1091
511 489
512 29
513 1001
514 553
515 939
516 120
517 928
518 646
519 1085
520 1108
521 361
522 447
523 603
524 754
525 250
526 472
527 1023
528 538
529 227
530 233
531 106
532 264
533 876
534 887
535 803
536 804
537 570
538 839
539 319
540 861
541 564
542 600
543 820
544 432
545 71
546 645
547 1039
548 86
549 416
550 544
551 981
552 1059
553 905
554 252
555 1031
556 948
557 898
558 1116
559 580
560 442
561 171
562 686
563 643
564 144
565 899
566 779
567 1098
568 386
569 70
570 183
571 974
572 1054
573 507
574 620
575 821
576 266
577 528
578 47
579 446
580 248
581 720
582 356
583 852
584 731
585 798
586 269
587 22
588 539
589 728
590 766
591 795
592 306
593 982
594 44
595 959
596 1083
597 107
598 38
599 437
600 337
601 729
602 1046
603 930
604 181
605 667
606 344
607 66
608 809
609 301
610 84
611 874
612 703
613 1111
614 369
615 503
616 1002
617 354
618 992
619 345
620 892
621 777
622 161
623 1065
624 788
625 938
626 894
627 844
628 1063
629 1050
630 155
631 1035
632 633
633 481
634 582
635 126
636 187
637 239
638 7
639 606
640 315
641 883
642 699
643 50
644 423
645 950
646 1052
647 1043
648 786
649 97
650 688
651 78
652 574
653 433
654 12
655 242
656 592
657 709
658 1037
659 332
660 185
661 101
662 24
663 669
664 901
665 813
666 28
667 842
668 364
669 1090
670 420
671 891
672 581
673 412
674 920
675 448
676 77
677 679
678 211
679 409
680 67
681 960
682 232
683 715
684 567
685 487
686 706
687 521
688 532
689 1110
690 83
691 595
692 165
693 407
694 46
695 1015
696 60
697 743
698 1121
699 80
700 911
701 855
702 225
703 626
704 858
705 796
706 329
707 76
708 783
709 504
710 202
711 630
712 640
713 26
714 973
715 411
716 733
717 88
718 856
719 954
720 278
721 221
722 816
723 1013
724 537
725 259
726 735
727 35
728 148
729 605
730 1095
731 166
732 751
733 452
734 150
735 253
736 689
737 388
738 182
739 16
740 996
741 598
742 778
743 143
744 854
745 379
746 727
747 594
748 73
749 923
750 1112
751 987
752 946
753 33
754 339
755 206
756 949
757 325
758 846
759 464
760 810
761 1045
762 381
763 56
764 159
765 199
766 519
767 1081
768 833
769 2
770 419
771 900
772 951
773 87
774 1103
775 840
776 952
777 172
778 64
779 113
780 445
781 160
782 676
783 571
784 297
785 967
786 74
787 848
788 426
789 906
790 776
791 742
792 499
793 734
794 878
795 494
796 214
797 572
798 793
799 775
800 719
801 343
802 557
803 263
804 429
805 1086
806 321
807 176
808 139
809 118
810 893
811 258
812 196
813 1060
814 237
815 235
816 288
817 380
818 376
819 677
820 999
821 154
822 1120
823 542
824 466
825 685
826 1114
827 19
828 149
829 697
830 89
831 340
832 547
833 885
834 460
835 320
836 717
837 204
838 309
839 591
840 152
841 157
842 69
843 977
844 889
845 300
846 194
847 179
848 918
849 543
850 831
851 1000
852 42
853 1096
854 282
855 94
856 761
857 393
858 443
859 310
860 787
861 587
862 490
863 890
864 57
865 1088
866 500
867 471
868 682
869 147
870 902
871 964
872 455
873 110
874 832
875 102
876 132
877 868
878 765
879 670
880 711
881 304
882 935
883 584
884 51
885 1041
886 617
887 256
888 566
889 1019
890 657
891 520
892 859
893 997
894 696
895 375
896 819
897 971
898 141
899 398
900 421
901 741
902 368
903 800
904 125
905 904
906 440
907 1058
908 352
909 95
910 189
911 408
912 536
913 867
914 1030
915 318
916 1010
917 562
918 523
919 888
920 687
921 217
922 909
923 283
924 822
925 226
926 944
927 1071
928 308
929 162
930 725
931 704
932 1032
933 674
934 509
935 48
936 1115
937 1033
938 609
939 1123
940 518
941 515
942 823
943 917
944 153
945 656
946 491
947 561
948 576
949 68
950 652
951 353
952 1132
953 849
954 988
955 596
956 121
957 311
958 531
959 45
960 963
961 475
962 550
963 853
964 457
965 158
966 1127
967 972
968 560
969 1021
970 1100
971 479
972 662
973 1087
974 718
975 14
976 661
977 428
978 243
979 254
980 545
981 671
982 425
983 1024
984 511
985 613
986 651
987 265
988 824
989 173
990 124
991 642
992 3
993 956
994 317
995 131
996 1126
997 338
998 764
999 1022
1000 219
1001 525
1002 632
1003 498
1004 302
1005 505
1006 993
1007 597
1008 277
1009 222
1010 588
1011 93
1012 784
1013 980
1014 382
1015 612
1016 261
1017 31
1018 218
1019 236
1020 1129
1021 180
1022 27
1023 268
1024 313
1025 672
1026 469
1027 1009
1028 575
1029 413
1030 1104
1031 401
1032 638
1033 146
1034 577
1035 780
1036 1073
1037 63
1038 771
1039 1102
1040 451
1041 508
1042 210
1043 748
1044 934
1045 629
1046 655
1047 456
1048 903
1049 473
1050 224
1051 845
1052 85
1053 11
1054 461
1055 79
1056 133
1057 449
1058 326
1059 238
1060 663
1061 142
1062 287
1063 1038
1064 619
1065 815
1066 929
1067 755
1068 636
1069 965
1070 781
1071 43
1072 82
1073 932
1074 322
1075 710
1076 817
1077 271
1078 924
1079 647
1080 163
1081 1016
1082 541
1083 871
1084 192
1085 8
1086 72
1087 424
1088 1006
1089 601
1090 355
1091 1097
1092 495
1093 450
1094 984
1095 673
1096 763
1097 628
1098 174
1099 295
1100 1101
1101 10
1102 422
1103 634
1104 1068
1105 1118
1106 201
1107 753
1108 937
1109 276
1110 586
1111 476
1112 20
1113 760
1114 698
1115 195
1116 836
1117 702
1118 1042
1119 164
1120 267
1121 197
1122 801
1123 100
1124 362
1125 752
1126 516
1127 985
1128 444
1129 314
1130 351
1131 806
1132 480
