201 538
201 170
201 376
201 192
201 888
201 761
201 545
201 602
201 393
201 614
201 43
201 213
201 689
201 880
201 643
201 1114
201 965
201 398
201 319
201 1093
201 139
201 1124
201 893
201 947
201 593
201 63
201 674
201 676
201 993
201 740
538 170
538 376
538 888
538 761
538 545
538 602
538 393
538 614
538 213
538 643
538 965
538 398
538 319
538 139
538 893
538 556
538 1070
538 994
538 926
538 622
538 870
538 349
170 376
170 888
170 761
170 545
170 602
170 614
170 43
170 213
170 643
170 965
170 398
170 319
170 1093
170 139
170 1124
170 63
170 674
170 994
170 802
170 302
170 6
170 647
170 1123
170 775
170 344
170 318
170 901
170 567
170 562
170 245
170 748
170 744
170 766
170 339
170 404
170 39
376 614
376 139
376 318
376 510
376 388
376 65
376 12
376 293
376 1087
376 287
376 118
376 846
376 1102
376 179
376 285
376 1098
376 666
376 485
376 494
192 888
192 213
192 813
192 599
192 669
192 976
192 267
192 585
192 603
888 761
888 545
888 213
888 643
888 965
888 139
888 63
888 674
888 994
888 15
888 69
888 580
888 14
888 629
888 145
888 403
888 974
761 602
761 393
761 213
761 880
761 643
761 398
761 139
761 674
761 976
761 83
761 352
761 299
761 1038
761 50
761 801
761 459
761 414
761 964
761 172
761 1081
761 1110
761 274
545 139
545 674
545 310
545 889
602 393
602 213
602 643
602 1093
602 139
602 893
602 993
602 6
602 153
602 382
602 1020
602 597
602 905
393 643
393 893
393 993
393 994
393 666
393 990
393 413
393 795
393 929
393 984
393 785
393 908
393 101
393 439
393 1042
393 203
393 176
393 1027
393 1112
393 1090
393 876
393 87
393 242
393 155
393 350
393 493
393 550
393 869
614 965
614 398
614 319
614 139
614 947
614 63
614 344
614 813
614 750
614 113
614 897
614 914
614 175
614 418
614 935
614 106
43 629
43 392
43 98
43 237
43 277
43 410
43 216
43 774
43 1072
43 250
43 463
43 902
43 411
43 900
43 757
43 368
213 689
213 643
213 965
213 139
213 893
213 674
213 344
213 1098
213 976
213 597
213 368
213 156
213 33
213 1002
213 1131
213 375
213 871
213 917
689 880
689 643
689 893
689 1070
689 994
689 15
689 905
689 795
689 984
689 876
689 87
689 418
689 466
689 341
689 456
689 615
689 215
689 638
689 1067
689 996
689 587
689 834
689 508
689 1040
689 598
689 491
689 961
689 606
689 157
689 3
689 533
689 82
689 607
689 487
880 1124
880 1070
880 994
880 976
880 801
880 87
880 996
880 254
880 1068
880 723
880 770
880 967
880 620
880 792
880 9
880 386
643 893
643 993
643 1070
643 994
643 39
643 267
643 1020
643 990
643 876
643 350
643 550
643 906
643 28
643 523
643 30
643 212
643 481
643 42
643 959
643 972
643 364
643 205
643 495
643 483
643 1007
643 1008
643 159
643 776
643 416
643 997
643 115
643 332
643 128
643 228
643 356
643 779
643 751
643 363
643 847
643 505
643 401
643 126
1114 893
1114 994
1114 101
1114 675
1114 437
1114 320
965 398
965 1093
965 139
965 1124
965 947
965 593
965 63
965 349
965 802
965 1113
965 698
965 822
398 319
398 63
398 349
398 6
398 666
398 580
398 403
398 1027
398 935
398 770
398 762
398 943
398 1128
398 805
398 334
398 739
398 76
398 195
398 1091
398 24
398 890
398 896
319 139
319 6
319 1123
319 245
319 69
319 597
319 822
319 334
319 207
319 543
319 1101
319 478
1093 1124
1093 947
1093 802
1093 302
1093 6
1093 318
1093 901
1093 245
1093 339
1093 404
1093 65
1093 1038
1093 153
1093 382
1093 1020
1093 905
1093 1131
1093 1008
1093 997
1093 228
1093 675
1093 890
1093 162
1093 399
1093 408
1093 79
1093 939
1093 633
1093 697
1093 978
1093 217
1093 693
1093 601
1093 948
1093 554
1093 10
1093 1125
1093 479
1093 229
139 63
139 556
139 349
1124 947
1124 349
1124 802
1124 647
1124 1123
1124 775
1124 344
1124 318
1124 245
1124 339
1124 15
1124 172
1124 914
1124 175
1124 410
1124 487
1124 212
1124 495
1124 698
1124 943
1124 896
1124 399
1124 601
1124 300
1124 790
1124 425
1124 41
1124 690
1124 756
1124 56
1124 536
1124 13
1124 544
1124 258
1124 537
1124 837
1124 504
1124 985
1124 1013
1124 361
1124 415
1124 706
1124 146
1124 521
1124 600
1124 703
893 993
893 1070
893 994
893 388
893 666
893 990
893 413
893 795
893 984
893 101
893 439
893 176
893 1027
893 1112
893 87
893 1067
893 996
893 491
893 606
893 487
893 790
893 854
893 1111
893 584
893 48
893 322
893 659
893 949
893 661
893 942
893 1127
893 184
893 886
893 694
947 593
947 802
947 12
947 1087
947 155
947 698
947 24
947 41
947 584
947 932
947 270
947 583
947 566
947 144
947 234
63 349
63 666
63 403
63 414
63 770
63 943
63 805
63 76
63 24
63 504
63 527
63 120
63 0
63 727
674 994
674 487
674 334
674 706
674 123
674 321
676 250
676 850
676 323
676 451
676 951
676 236
676 804
676 500
993 994
993 562
993 3
993 523
993 212
993 972
993 364
993 115
993 363
993 981
993 152
993 1043
993 840
993 962
993 677
993 261
993 519
993 808
993 1103
993 928
993 975
740 344
740 339
740 382
740 1131
740 205
740 207
740 162
740 697
740 1125
740 272
740 119
740 122
740 1064
740 472
740 202
740 517
740 381
740 695
740 296
740 297
740 396
556 641
1070 994
1070 1027
1070 587
994 404
994 666
994 990
994 487
994 123
994 1088
994 218
349 748
349 1128
349 334
349 1091
349 207
349 693
349 13
349 504
349 119
349 1039
349 177
349 7
349 794
349 665
349 950
349 1025
349 645
349 771
349 412
802 6
802 647
802 1123
802 344
802 318
802 245
802 744
802 1020
802 905
802 698
802 896
802 162
802 399
802 633
802 41
802 951
802 236
802 1064
802 859
802 1085
802 455
802 561
802 288
302 647
302 318
302 901
302 562
302 339
302 404
302 39
302 388
302 1020
302 1131
302 495
302 56
302 942
302 381
302 859
302 1085
302 999
302 573
302 225
302 910
302 883
302 77
302 197
302 630
302 732
6 318
6 901
6 567
6 245
6 748
6 339
6 1087
6 974
6 459
6 153
6 597
6 914
6 175
6 386
6 523
6 997
6 76
6 24
6 162
6 399
6 408
6 633
6 479
6 300
6 13
6 1064
6 202
6 412
6 859
6 1085
6 288
6 108
6 1132
6 810
6 371
6 433
6 549
6 734
6 819
6 1089
6 1003
6 273
6 671
647 775
647 344
647 245
647 629
647 382
647 1020
647 914
647 1131
647 162
647 544
647 234
647 236
647 1064
647 472
647 517
647 695
647 296
647 859
647 1085
647 455
647 433
647 273
647 149
647 468
647 394
647 99
647 983
647 374
647 465
647 1041
647 814
647 782
647 346
647 5
647 432
647 1058
647 36
647 447
647 635
647 67
647 680
647 136
647 278
647 685
647 678
647 467
647 1063
1123 318
1123 943
1123 896
1123 536
1123 521
1123 725
775 744
775 175
775 1064
775 641
775 99
775 465
775 503
775 165
775 1044
775 648
775 354
775 514
775 235
775 891
775 604
344 245
344 339
344 813
344 897
344 386
344 698
344 697
344 1125
344 472
344 950
344 1085
344 910
344 136
344 844
344 921
344 811
344 143
344 315
344 222
344 1048
344 1012
344 367
344 640
344 316
318 567
318 744
318 510
318 388
318 65
318 1087
318 118
318 1102
318 285
318 1098
318 485
318 494
318 69
318 207
318 399
318 521
318 645
318 859
318 549
318 136
318 604
318 539
318 845
318 624
318 308
318 454
318 848
318 898
901 382
901 695
901 806
567 886
567 1064
567 732
567 169
562 339
562 404
562 39
562 976
562 603
562 50
562 1020
562 439
562 493
562 723
562 364
562 205
562 1008
562 128
562 207
562 536
562 837
562 942
562 234
562 981
562 962
562 677
562 808
562 928
562 975
562 1039
562 225
562 883
562 346
562 107
562 4
562 1078
562 824
562 449
562 132
562 333
562 182
245 744
245 69
245 386
245 822
245 207
245 162
245 1125
245 544
245 236
245 519
245 472
245 296
245 859
245 732
245 108
245 1063
245 73
245 490
748 339
748 39
748 1020
748 554
748 536
748 361
748 296
748 396
748 412
748 859
748 630
748 108
748 777
748 387
748 309
748 282
748 1019
748 610
748 161
744 69
744 493
744 897
744 175
744 1072
744 1131
744 487
744 822
744 207
744 79
744 693
744 536
744 584
744 500
744 472
744 517
744 396
744 645
744 910
744 197
744 732
744 678
744 891
744 93
744 868
744 855
744 154
744 1109
744 186
744 221
744 32
744 214
744 171
766 494
339 976
339 974
339 87
339 254
339 723
339 967
339 792
339 386
339 56
339 500
339 272
339 122
339 472
339 7
339 859
339 273
339 855
339 117
339 773
339 390
339 239
339 2
339 612
404 39
404 1020
404 493
404 364
404 1125
404 981
404 519
404 573
404 1071
404 752
39 267
39 1020
39 493
39 897
39 523
39 212
39 364
39 205
39 159
39 997
39 332
39 128
39 228
39 697
39 322
39 942
39 928
39 1064
39 517
39 573
39 77
39 346
39 432
39 1078
39 787
39 960
39 650
39 860
39 708
510 388
510 65
510 1087
510 118
510 846
510 1102
510 1098
510 494
510 1128
510 521
510 549
510 222
510 539
510 628
510 611
510 96
510 40
510 817
510 78
510 827
510 925
510 200
510 1120
510 1052
510 269
510 238
388 65
388 1087
388 118
388 1102
388 179
388 1098
388 494
388 905
388 984
388 87
388 906
388 1008
388 601
388 521
388 1111
388 645
388 549
388 1058
388 539
388 449
388 31
388 812
388 582
388 711
388 191
388 788
388 658
388 49
65 1087
65 118
65 1102
65 1098
65 485
65 494
65 948
65 521
65 539
65 454
65 59
65 100
65 922
65 72
12 1052
293 118
293 285
293 113
293 478
293 787
293 1052
293 971
293 738
293 520
1087 287
1087 118
1087 1102
1087 179
1087 485
1087 494
1087 98
1087 774
1087 411
1087 723
1087 495
1087 756
1087 641
1087 371
1087 549
1087 611
1087 328
1087 923
1087 516
287 485
287 411
287 845
287 611
287 1010
287 289
287 256
287 646
118 846
118 285
118 1098
118 494
118 299
118 521
118 200
118 1052
118 1010
118 973
846 285
846 299
846 521
846 454
846 628
846 611
846 96
846 827
846 200
846 1052
846 973
846 326
846 1026
846 1061
846 728
1102 1098
1102 485
1102 494
1102 521
1102 500
1102 108
1102 539
1102 655
179 24
179 521
179 1111
179 454
179 1052
179 582
179 711
179 448
179 1060
179 64
179 784
285 1098
285 299
285 521
285 549
285 454
285 787
285 1052
285 971
285 973
285 326
285 899
1098 494
1098 299
1098 847
1098 950
1098 910
1098 539
1098 898
1098 490
1098 2
1098 971
1098 1010
1098 646
1098 592
1098 699
1098 359
1098 835
1098 1021
1098 968
1098 489
1098 1096
1098 484
666 580
666 990
666 1042
666 587
666 834
666 487
666 334
666 890
666 706
666 119
666 1085
666 490
666 191
666 49
666 525
666 347
666 1015
485 914
485 334
485 845
485 308
485 256
485 326
485 576
494 98
494 56
494 521
494 854
494 297
494 645
494 412
494 455
494 1132
494 549
494 635
494 367
494 539
494 154
494 971
494 289
494 973
494 326
494 686
494 1077
494 884
494 178
494 1117
494 657
494 419
494 1031
494 575
813 352
813 897
813 479
813 13
813 1089
813 273
813 891
813 222
813 1012
813 309
813 612
813 1096
813 114
813 223
813 311
813 927
813 133
813 571
599 310
599 493
599 914
599 770
599 523
599 212
599 1008
599 334
599 693
599 584
599 2
599 923
599 516
599 609
599 924
599 940
599 991
599 97
599 1028
599 148
669 463
669 757
669 756
669 859
669 1071
669 670
669 644
669 934
669 457
669 1069
669 1056
976 15
976 629
976 1020
976 1042
976 176
976 87
976 250
976 411
976 254
976 723
976 770
976 967
976 792
976 9
976 334
976 756
976 536
976 500
976 641
976 771
976 635
976 117
976 2
976 612
976 97
976 956
976 86
976 357
976 220
976 507
976 938
976 563
976 701
976 736
976 301
976 314
976 1086
267 250
267 212
267 261
267 222
267 402
585 785
585 1027
585 1112
585 466
585 341
585 606
585 607
585 254
585 481
585 472
585 263
603 1020
603 493
603 897
603 418
603 364
603 677
603 381
603 278
603 747
603 345
15 145
15 1020
15 439
15 1027
15 350
15 466
15 606
15 1068
15 523
15 536
15 837
15 225
15 278
15 685
15 345
15 722
15 252
15 631
15 911
15 729
15 875
15 1116
69 459
69 914
69 33
69 483
69 822
69 207
69 1101
69 479
69 123
69 472
69 725
69 93
69 855
69 214
69 1028
69 140
69 797
69 574
69 343
580 459
580 785
580 606
580 82
580 487
580 364
580 334
580 739
580 1091
580 536
580 504
580 1013
580 566
580 0
580 468
580 725
580 214
580 899
580 343
580 570
14 410
14 890
14 1101
14 814
14 488
629 98
629 237
629 410
629 1072
629 411
629 757
629 368
629 1064
629 859
629 1086
629 17
145 493
145 869
145 28
145 42
145 1007
145 332
145 356
145 847
145 126
145 949
145 928
145 975
145 680
145 685
145 64
145 142
145 219
145 51
145 803
145 1032
403 459
403 414
403 334
403 273
403 308
403 855
403 798
403 565
974 914
974 254
974 938
83 50
83 28
83 42
83 483
83 847
83 1125
83 64
83 51
83 84
83 23
83 279
352 801
352 855
352 390
352 969
352 95
352 780
299 521
299 854
299 635
299 539
299 845
299 454
299 1052
299 289
299 973
299 95
299 780
299 211
299 110
299 546
299 828
299 11
299 187
1038 334
1038 948
1038 536
1038 1132
1038 490
1038 863
1038 52
1038 35
1038 426
1038 88
50 1131
50 364
50 1125
50 703
50 402
50 532
50 713
50 558
50 336
50 360
801 203
801 792
801 386
801 855
801 239
801 969
801 95
801 38
801 428
801 1092
801 862
801 679
801 816
801 158
801 262
801 362
459 1110
459 750
459 935
459 1128
459 334
459 1091
459 207
459 690
459 645
459 1089
459 186
459 563
459 798
459 565
459 110
459 528
459 445
459 760
459 608
414 855
414 760
964 274
964 1089
964 186
964 187
964 52
964 462
1081 565
1081 158
1081 391
1081 800
1110 175
1110 792
1110 969
274 565
310 493
310 113
310 212
310 41
310 544
310 1063
310 1071
310 1028
310 729
310 767
310 25
889 297
889 810
153 399
153 426
153 420
382 1020
382 493
382 175
382 156
382 364
382 363
382 928
382 472
382 1063
382 738
382 668
1020 439
1020 493
1020 550
1020 254
1020 212
1020 42
1020 972
1020 364
1020 205
1020 495
1020 483
1020 1007
1020 1008
1020 997
1020 128
1020 228
1020 779
1020 751
1020 363
1020 698
1020 195
1020 697
1020 1125
1020 837
1020 703
1020 949
1020 727
1020 962
1020 122
1020 472
1020 517
1020 225
1020 273
1020 346
1020 278
1020 604
1020 222
1020 1078
1020 449
1020 387
1020 1071
1020 650
1020 328
1020 311
1020 722
1020 1032
1020 1066
1020 21
1020 617
1020 681
1020 94
1020 438
1020 358
1020 717
1020 642
1020 660
1020 1073
597 914
597 935
597 56
597 297
597 288
597 5
597 844
597 316
597 93
597 221
597 612
597 1117
597 343
597 637
597 1079
597 338
597 515
597 210
597 769
597 654
597 286
597 105
597 1129
597 482
597 887
597 1014
597 746
905 493
905 487
905 212
905 972
905 1008
905 751
905 978
905 790
905 1108
905 656
905 127
990 1027
990 886
795 1042
795 176
795 87
795 487
795 1015
795 701
795 62
984 908
984 1027
984 456
984 215
984 1067
984 996
984 834
984 533
984 607
984 544
984 706
984 472
984 1085
984 664
984 838
785 1027
785 87
785 914
785 341
785 456
785 996
785 606
785 607
785 1015
785 291
908 1042
908 533
908 701
908 62
101 437
101 320
101 601
101 584
101 732
101 855
101 127
101 469
101 431
101 979
439 350
439 493
439 523
439 42
439 364
439 483
439 1007
439 1008
439 997
439 128
439 228
439 356
439 536
439 837
439 322
439 120
439 727
439 1039
439 346
439 107
439 449
439 387
439 1071
439 787
439 219
439 21
439 717
439 444
439 271
439 47
439 244
439 1022
439 475
1042 176
1042 1027
1042 87
1042 897
1042 175
1042 466
1042 1067
1042 723
1042 1015
1042 701
1042 627
203 1007
203 333
203 752
203 1060
203 362
203 240
203 180
176 87
176 587
176 701
176 62
1027 466
1027 456
1027 215
1027 638
1027 996
1027 587
1027 834
1027 1040
1027 491
1027 606
1027 3
1027 533
1027 607
1027 487
1027 334
1027 694
1027 1064
1027 1015
1027 86
1027 701
1027 62
1027 206
1112 456
1112 215
1112 638
1112 996
1112 587
1112 1040
1112 491
1112 3
1112 86
1090 978
1090 584
1090 659
1090 272
1090 122
1090 1085
1090 308
1090 114
1090 311
1090 818
1090 355
1090 1097
1090 712
87 606
87 254
87 148
87 701
87 618
87 340
242 935
242 487
242 601
242 584
242 272
242 732
242 308
242 1100
242 499
242 933
155 180
350 959
350 776
350 847
350 837
350 387
350 51
350 358
350 717
350 642
350 594
350 778
493 935
493 487
493 523
493 212
493 364
493 1008
493 159
493 751
493 1128
493 1101
493 837
493 322
493 942
493 234
493 120
493 962
493 519
493 808
493 308
493 107
493 449
493 1022
493 559
550 972
550 981
550 1066
550 617
869 523
869 1007
869 928
869 685
869 1078
869 1071
869 291
869 830
869 857
750 914
750 175
750 935
750 33
750 739
750 694
750 119
750 214
750 827
750 884
750 140
750 863
750 426
750 271
750 1047
750 18
750 61
750 1033
750 1059
113 478
113 1125
113 951
113 122
113 787
113 738
113 133
113 713
113 25
897 914
897 128
897 739
897 521
897 387
897 628
897 220
914 175
914 98
914 33
914 698
914 896
914 693
914 236
914 296
914 645
914 108
914 433
914 1003
914 143
914 777
914 282
914 827
914 238
914 140
914 797
914 546
914 887
914 340
914 111
914 821
914 44
914 102
914 230
175 463
175 33
175 1068
175 212
175 698
175 323
175 1064
175 396
175 732
175 1041
175 36
175 67
175 848
175 186
175 612
175 78
175 923
175 835
175 311
175 563
175 797
175 565
175 110
175 499
175 342
175 755
175 531
175 588
175 116
175 496
418 128
418 144
418 951
418 576
418 220
418 747
418 52
418 627
418 852
418 552
418 1034
935 106
935 487
935 228
935 943
935 334
935 24
935 890
935 1101
935 536
935 962
935 1064
935 910
935 1089
935 891
935 222
935 73
935 93
935 855
935 32
935 899
935 1028
935 140
935 343
935 482
935 755
106 943
106 896
392 1072
392 250
98 277
98 410
98 774
98 1072
98 250
98 463
98 902
98 411
98 757
98 756
98 270
98 583
98 451
98 951
98 236
98 272
98 1064
98 472
98 950
98 859
98 635
98 923
98 516
98 1086
98 642
98 60
98 894
98 131
98 733
237 277
237 1072
237 757
237 859
237 60
237 194
277 410
277 1072
277 250
277 463
277 411
277 757
277 951
277 1064
277 859
277 1085
277 1063
277 73
277 923
277 722
277 17
277 642
277 194
277 1029
410 1072
410 250
410 890
410 985
410 270
410 1064
410 468
410 635
410 354
410 514
410 891
410 923
410 488
410 17
410 608
410 194
410 366
410 714
410 992
410 1045
410 253
410 966
410 936
216 77
216 1041
216 670
216 457
216 825
216 260
216 58
774 1072
774 411
774 757
774 723
774 1091
774 207
774 756
774 122
774 859
774 371
774 433
774 921
774 1086
774 68
774 700
1072 250
1072 463
1072 902
1072 411
1072 757
1072 723
1072 762
1072 890
1072 500
1072 1064
1072 859
1072 910
1072 371
1072 624
1072 516
1072 1086
1072 1115
250 411
250 757
250 254
250 890
250 236
250 859
250 635
250 289
250 1086
250 894
250 1099
250 264
463 757
463 1008
463 77
463 273
463 1086
463 60
902 411
902 757
902 723
902 756
902 371
902 516
902 1086
902 1100
902 131
902 1115
411 757
411 254
411 207
411 1101
411 859
411 1063
411 419
411 1086
411 722
900 207
757 723
757 1101
757 756
757 583
757 371
757 644
757 457
757 1086
757 194
757 68
757 1115
757 264
757 560
757 1057
757 440
368 455
368 635
368 235
368 488
368 17
368 1118
368 453
368 283
368 66
368 255
368 1122
156 363
33 1091
33 1039
33 7
33 910
33 819
33 1003
33 273
33 844
33 143
33 777
33 140
33 797
33 271
1002 56
1002 536
1002 482
1002 355
1002 61
1131 399
1131 1064
1131 472
1131 517
1131 1057
1131 353
375 254
375 5
375 447
375 642
375 1129
375 295
375 1050
375 480
375 749
375 129
375 441
871 169
871 672
917 268
917 409
917 92
466 254
466 723
466 9
466 1116
341 606
341 212
341 481
341 42
341 694
341 928
341 685
341 1116
341 857
456 677
456 645
456 812
456 608
456 568
615 215
615 1067
615 996
615 598
615 544
615 677
215 638
215 1067
215 996
215 1040
215 491
215 890
215 694
215 86
638 996
638 3
638 487
638 225
638 191
1067 1091
1067 1015
996 1091
996 677
996 1015
996 86
996 340
834 582
508 738
508 1116
1040 694
1040 86
606 607
606 487
606 212
606 481
606 42
606 505
606 928
606 346
606 1116
606 663
157 487
157 1116
3 478
533 706
533 62
607 481
607 236
607 1039
607 609
487 1128
487 739
487 1091
487 207
487 1013
487 584
487 661
487 886
487 1015
487 86
487 716
487 958
254 723
254 967
254 792
254 9
254 386
254 641
254 999
254 732
254 468
254 983
254 1058
254 940
254 507
254 938
254 969
254 780
254 679
254 1047
254 496
254 1029
254 714
254 735
254 303
254 1076
1068 723
1068 792
1068 386
1068 1008
1068 536
1068 314
1068 252
723 9
723 756
723 583
723 272
723 122
723 859
723 77
723 371
723 782
723 921
723 457
723 701
723 1086
723 722
723 700
723 440
723 1051
770 604
770 308
770 609
770 631
770 95
770 25
770 420
770 755
770 498
967 635
967 2
967 938
967 570
967 1076
620 154
620 612
620 956
620 722
620 343
620 338
620 105
620 887
620 741
620 509
620 163
620 715
792 386
792 855
792 390
792 722
792 969
792 428
792 1092
792 104
792 1049
9 507
9 938
9 1086
386 500
386 855
386 390
386 428
906 1008
906 437
906 79
906 48
906 261
906 387
906 328
906 830
906 704
906 721
28 212
28 483
28 332
28 356
28 847
28 126
28 975
28 225
28 883
28 685
28 387
28 64
28 142
28 51
28 84
28 23
28 279
28 704
523 212
523 483
523 997
523 790
523 942
523 981
523 808
523 225
523 346
523 278
523 449
523 642
523 111
523 370
30 601
30 812
30 838
30 979
30 933
30 8
212 481
212 364
212 483
212 159
212 997
212 332
212 228
212 363
212 505
212 1091
212 790
212 536
212 837
212 322
212 981
212 928
212 472
212 225
212 77
212 346
212 449
212 387
212 650
212 860
212 84
212 47
212 340
212 594
212 370
212 151
212 591
212 45
481 483
481 332
481 505
481 322
481 928
481 346
481 591
481 348
42 483
42 1007
42 1008
42 159
42 332
42 356
42 847
42 126
42 928
42 685
42 333
42 1026
42 1116
42 51
42 362
42 21
42 358
42 594
42 830
42 704
42 591
42 877
959 356
959 779
959 363
959 401
959 1111
959 322
959 883
959 642
959 355
959 366
959 591
959 1037
959 1053
959 542
972 1007
972 847
972 1125
972 544
972 703
972 472
972 787
972 311
972 1032
972 713
972 1066
972 21
972 617
972 94
972 438
972 358
972 1100
972 452
972 1105
364 205
364 1008
364 363
364 334
364 10
364 837
364 949
364 942
364 808
364 517
364 381
364 225
364 824
364 708
364 660
205 228
205 697
205 10
205 962
205 517
205 665
205 136
205 708
205 797
495 1008
495 790
495 949
495 261
495 1064
495 371
495 921
495 328
495 1086
495 249
483 1007
483 159
483 416
483 997
483 115
483 128
483 228
483 779
483 751
483 363
483 334
483 697
483 790
483 258
483 837
483 949
483 942
483 975
483 517
483 225
483 273
483 346
483 824
483 387
483 650
483 328
483 51
483 476
483 80
1007 159
1007 776
1007 997
1007 115
1007 332
1007 356
1007 779
1007 751
1007 847
1007 126
1007 837
1007 322
1007 949
1007 381
1007 346
1007 685
1007 387
1007 51
1007 717
1007 830
1007 877
1007 547
1008 997
1008 128
1008 228
1008 356
1008 126
1008 790
1008 677
1008 928
1008 225
1008 278
1008 449
1008 387
1008 594
159 332
159 128
159 779
159 928
159 77
159 346
159 860
159 362
159 830
776 332
776 847
776 837
776 218
776 387
776 1071
776 1032
776 717
776 547
416 356
416 363
416 1063
416 1032
997 228
997 334
997 837
997 677
997 225
997 278
997 1063
997 316
997 449
997 387
997 21
997 291
997 444
997 830
115 332
115 356
115 847
115 322
115 685
115 722
115 1022
115 830
115 45
115 547
332 128
332 356
332 779
332 847
332 126
332 928
332 975
332 685
332 333
332 650
332 1069
332 830
332 547
332 313
332 807
332 1075
128 703
128 1111
128 727
128 77
128 630
128 1078
128 650
128 708
128 271
128 313
128 247
128 85
228 1101
228 790
228 837
228 942
228 225
228 308
228 824
228 328
228 660
228 1097
228 1100
356 779
356 363
356 847
356 401
356 126
356 322
356 883
356 685
356 64
356 142
356 51
356 21
356 830
356 591
356 542
779 363
779 847
779 401
779 322
779 346
779 449
779 84
779 21
779 778
779 591
779 542
779 874
751 401
751 1101
751 942
751 738
751 311
751 704
751 807
363 837
363 517
363 883
363 449
363 1015
363 722
363 84
363 362
363 668
363 591
363 324
847 126
847 322
847 685
847 650
847 142
847 803
847 660
847 1100
847 594
847 778
847 830
847 366
847 476
847 547
847 1004
847 865
505 346
505 963
401 322
401 883
401 148
401 84
401 358
401 591
401 542
126 142
126 51
126 440
126 317
126 768
675 49
675 609
675 47
675 54
437 1085
437 49
437 431
437 979
437 226
320 226
1113 1096
698 519
698 108
698 273
698 354
698 64
698 1015
698 722
698 831
822 207
822 544
822 236
822 396
822 136
822 1063
822 1011
762 855
943 334
943 890
943 896
943 932
943 73
943 35
943 704
943 232
1128 896
1128 1101
1128 693
1128 202
1128 7
1128 524
334 76
334 24
334 890
334 896
334 1101
334 693
334 601
334 521
334 120
334 0
334 273
334 449
334 490
334 686
334 140
334 488
334 546
334 608
334 105
334 1100
334 755
334 27
334 529
334 833
334 1104
334 1080
334 492
739 1089
739 464
76 554
76 120
76 844
76 93
76 1109
76 221
76 1031
76 563
76 482
76 1094
1091 536
1091 120
1091 500
1091 396
1091 1085
1091 490
1091 390
1091 328
1091 1015
1091 140
1091 862
1091 445
1091 608
1091 61
1091 111
1091 44
1091 248
1091 37
1091 982
1091 687
24 624
24 309
24 868
24 214
24 238
24 1061
24 357
24 230
24 164
24 1000
890 1101
890 0
890 119
890 169
890 923
890 488
890 17
890 529
890 833
890 91
896 79
896 0
896 725
896 132
896 73
896 490
896 721
896 208
207 1101
207 536
207 500
207 396
207 732
207 432
207 844
207 93
207 1109
207 2
207 628
207 1120
207 140
207 343
207 696
543 143
543 722
543 150
1101 234
1101 1064
1101 549
1101 635
1101 848
1101 93
1101 923
1101 343
1101 17
1101 608
1101 208
1101 709
1101 793
1101 737
478 273
478 787
478 738
478 497
162 399
162 79
162 633
162 517
162 859
399 633
399 910
399 136
399 140
79 122
79 671
79 432
79 73
79 1026
79 148
79 704
79 232
79 89
79 836
939 0
633 978
633 703
633 732
633 308
633 355
633 61
697 10
697 122
697 472
697 517
697 222
697 1078
697 265
978 0
978 962
978 806
978 755
693 1125
693 536
693 202
693 296
693 7
693 140
693 271
693 524
601 1013
601 584
601 472
601 1085
601 732
601 812
601 933
601 160
601 719
601 522
601 858
948 536
948 72
948 314
948 52
948 426
948 286
948 852
948 741
948 380
948 134
948 26
554 500
554 859
554 1132
554 367
554 221
554 563
554 105
554 19
554 952
10 665
1125 942
1125 120
1125 472
1125 222
1125 650
1125 1108
1125 291
479 143
479 221
479 1034
479 441
479 1024
479 259
300 108
300 1003
790 48
790 449
790 387
790 328
425 309
425 357
425 651
425 815
425 298
41 258
41 703
41 727
41 980
690 1089
690 565
756 583
756 641
756 328
756 670
756 644
756 1086
756 342
756 60
756 881
756 147
56 500
56 396
56 859
56 288
56 910
56 197
56 108
56 1132
56 447
56 844
56 316
56 93
56 563
56 769
56 286
56 887
56 1051
56 290
536 343
536 426
536 18
536 61
536 755
536 953
536 634
13 645
13 273
13 136
13 140
13 360
13 760
13 1080
13 492
13 709
13 427
13 470
13 590
544 236
544 472
544 1085
544 455
544 433
544 432
544 680
544 1063
544 169
544 295
544 160
544 1126
544 335
544 772
537 1085
537 738
537 712
537 688
837 928
837 394
837 346
837 1078
837 449
837 387
837 787
837 219
837 51
837 594
837 895
504 415
504 412
504 273
504 844
504 161
504 221
504 989
985 270
985 472
985 814
985 1058
985 891
985 604
985 221
985 17
985 672
985 1126
985 579
985 442
1013 261
1013 933
1013 918
361 1028
361 357
361 1000
361 651
361 815
361 913
361 188
361 168
361 423
415 433
415 844
415 811
415 161
415 563
415 565
415 338
415 243
706 433
706 432
706 1015
706 838
706 933
146 297
521 539
521 845
521 454
521 490
521 1052
521 973
600 1085
600 49
703 272
703 1058
703 222
703 308
703 169
703 575
703 114
703 17
703 818
703 366
703 253
854 1052
854 971
854 1010
854 256
854 419
1111 322
584 184
584 7
584 732
584 812
584 220
584 858
584 422
584 944
584 460
584 329
584 193
584 1036
584 183
322 928
322 685
322 1116
322 591
322 45
322 542
659 1085
659 49
659 127
659 838
659 499
659 933
659 719
659 522
659 872
949 677
949 381
949 387
949 133
949 142
949 366
942 604
942 877
184 49
184 460
886 123
886 181
694 333
694 1116
694 857
694 193
694 652
932 308
932 73
932 488
932 702
932 667
270 500
270 1064
270 472
270 465
270 782
270 1058
270 635
270 680
270 648
270 354
270 308
270 848
270 169
270 923
270 575
270 991
270 301
270 488
270 366
270 714
270 253
270 966
270 672
270 1105
270 667
270 513
270 843
270 204
270 29
583 371
583 432
583 604
583 311
583 1086
583 1097
566 122
566 925
566 651
566 298
144 27
234 677
234 641
234 149
234 468
234 394
234 99
234 983
234 374
234 465
234 1041
234 1058
234 449
234 1071
234 653
234 954
234 581
234 946
234 955
234 331
234 1006
234 369
527 272
527 351
120 727
120 123
120 119
120 1058
120 824
120 899
120 444
120 253
0 323
0 355
0 353
0 726
0 853
0 930
727 107
727 824
727 209
123 297
123 288
123 273
123 316
123 93
123 1109
123 221
123 686
123 1031
123 940
123 654
123 663
123 464
123 952
123 181
321 891
321 817
850 323
850 451
850 745
850 589
323 451
323 236
323 272
323 853
451 272
451 148
451 335
451 892
451 241
451 710
451 682
451 718
951 804
951 1025
951 273
951 67
951 1063
951 186
951 755
951 531
951 1034
951 303
951 1075
951 758
951 424
951 141
236 824
236 221
236 2
236 359
236 489
236 934
236 745
236 1062
804 665
804 635
804 186
804 1071
804 863
804 531
804 1075
500 297
500 950
500 859
500 288
500 108
500 273
500 648
500 844
500 49
500 655
500 1015
500 956
500 482
500 44
500 696
500 885
500 372
981 962
981 677
981 84
981 591
1043 185
840 962
840 261
840 1103
840 1060
840 559
962 677
962 261
962 519
962 808
962 883
962 308
962 107
962 182
962 1100
962 559
962 613
677 808
677 381
677 346
677 278
677 824
677 449
677 182
677 387
677 563
677 185
677 861
261 1103
261 668
261 559
519 808
519 433
519 1108
808 975
808 883
1103 362
1103 475
1103 789
928 346
928 685
928 722
928 1116
928 142
928 803
928 362
928 591
975 883
272 122
272 1064
272 472
272 517
272 1085
272 983
272 844
272 222
272 806
272 575
272 114
272 911
272 469
119 819
119 273
119 140
119 755
119 181
119 639
122 472
122 381
122 297
122 983
122 222
122 367
122 806
122 114
122 357
122 704
122 696
1064 468
1064 99
1064 465
1064 782
1064 1058
1064 635
1064 165
1064 235
1064 848
1064 169
1064 923
1064 114
1064 17
1064 1029
1064 966
1064 955
1064 1006
1064 241
1064 763
472 517
472 381
472 695
472 77
472 433
472 468
472 983
472 346
472 354
472 222
472 169
472 186
472 2
472 787
472 812
472 1061
472 1015
472 114
472 311
472 934
472 357
472 402
472 1066
472 654
472 1118
472 772
472 168
472 511
472 791
202 859
202 108
202 1089
202 186
202 828
202 52
202 462
202 524
202 621
202 325
202 683
517 222
517 1015
517 114
517 660
517 557
381 752
381 360
381 718
695 455
695 99
695 648
695 806
695 1071
695 328
695 8
695 365
296 859
296 308
296 574
296 95
296 25
296 1129
297 396
297 1039
297 859
297 108
297 1120
297 311
297 1028
297 220
297 747
297 663
297 623
297 1082
297 430
297 534
297 626
297 174
396 859
396 910
396 197
396 654
396 663
396 259
396 1107
396 759
641 561
641 77
641 371
641 149
641 394
641 983
641 374
641 782
641 1058
641 891
641 921
641 1026
641 301
641 1086
641 722
641 700
641 667
641 653
641 954
641 581
641 946
641 369
641 718
641 1046
641 373
641 196
1088 181
218 278
218 387
218 830
1039 844
1039 2
1039 812
1039 1031
1039 609
1039 357
1039 563
1039 105
1039 271
1039 578
177 1025
7 108
7 819
7 136
7 143
7 940
794 455
794 488
794 1118
794 66
794 1122
794 535
794 937
794 915
794 998
794 166
794 103
794 673
665 777
665 140
665 863
950 910
950 359
950 707
1025 630
1025 755
1025 1017
1025 446
645 108
645 1028
645 760
645 355
645 111
645 992
645 709
645 952
645 168
771 154
771 612
771 956
771 343
771 338
771 210
771 105
771 741
771 90
771 397
771 138
771 53
412 432
412 738
412 1117
412 563
412 722
412 134
412 878
859 455
859 288
859 197
859 108
859 371
859 136
859 844
859 516
859 1086
859 894
859 1051
859 1126
859 430
859 649
1085 455
1085 561
1085 732
1085 432
1085 678
1085 921
1085 1071
1085 812
1085 49
1085 738
1085 1015
1085 1108
1085 127
1085 838
1085 340
1085 499
1085 933
1085 522
1085 944
1085 377
1085 275
1085 931
1085 957
455 782
455 432
455 136
455 165
455 354
455 604
455 1071
455 787
455 114
455 991
455 797
455 488
455 17
455 1029
455 366
455 453
455 283
455 255
455 295
455 241
455 103
455 673
455 577
455 167
561 99
561 921
561 653
561 581
561 369
288 1132
288 273
288 316
288 93
288 655
288 571
288 44
288 295
288 741
288 511
288 839
999 592
999 755
999 303
573 225
573 650
225 278
225 4
225 247
910 898
910 2
910 359
910 223
910 501
883 333
883 542
77 650
197 1132
197 1051
197 878
197 839
732 1071
732 787
732 812
732 49
732 1015
732 291
732 979
732 355
732 1097
732 499
732 1051
732 522
732 183
732 564
732 754
732 312
108 1132
108 433
108 432
108 844
108 105
108 989
108 1082
108 53
108 839
1132 93
1132 252
1132 878
810 447
810 811
810 11
810 243
371 921
371 328
371 700
433 273
433 612
433 1117
433 966
549 308
549 1059
819 5
1089 273
1089 67
1089 467
1089 811
1089 1048
1089 308
1089 855
1089 186
1089 110
1089 828
1089 187
1089 52
1089 528
1089 462
1089 58
1089 243
1089 849
1089 912
1089 378
1089 1130
1089 125
1003 308
1003 777
1003 140
1003 652
1003 190
1003 305
273 782
273 346
273 5
273 891
273 855
273 612
273 140
273 343
273 717
273 1129
273 482
273 588
273 295
273 749
273 1023
273 1065
671 286
671 232
671 89
149 468
149 394
149 374
149 1041
149 1037
149 595
468 394
468 99
468 983
468 374
468 465
468 1041
468 1058
468 891
468 923
468 991
468 17
468 966
468 1037
468 954
468 946
394 99
394 983
394 374
394 465
394 1041
394 722
394 219
394 1037
394 954
394 1046
394 1
99 983
99 465
99 1041
99 923
99 667
983 374
983 465
983 1041
983 1058
983 165
983 648
983 114
983 722
983 1037
983 247
983 581
983 946
983 369
983 196
374 465
374 1041
374 1058
374 714
374 1037
374 954
374 369
465 1041
465 923
465 966
1041 17
1041 196
814 635
814 1063
814 17
814 89
814 1126
814 954
814 931
782 635
782 354
782 891
782 848
782 169
782 575
782 991
782 301
782 608
782 1029
782 714
782 253
782 672
782 1105
782 232
782 667
782 513
782 843
782 204
782 29
782 1084
346 387
346 1116
346 366
346 45
346 542
346 963
5 143
5 221
5 769
5 480
5 265
5 380
5 276
432 1117
432 259
432 745
432 53
432 486
1058 449
1058 73
1058 923
1058 966
1058 946
1058 955
1058 331
1058 1006
1058 763
1058 595
1058 731
1058 903
1058 781
447 1129
447 480
447 749
447 1051
447 259
447 907
635 354
635 235
635 169
635 2
635 923
635 575
635 991
635 301
635 1029
635 1118
635 283
635 255
635 1122
635 672
635 954
635 946
635 998
635 166
635 931
635 799
635 198
67 1048
67 186
67 1071
680 672
680 915
680 931
680 595
136 314
136 18
136 380
136 577
278 402
278 911
685 4
685 333
685 1116
685 830
685 857
685 874
685 963
685 823
678 169
678 769
678 241
678 1016
678 224
467 1071
467 311
467 722
467 559
467 912
1063 169
1063 1086
1063 271
1063 337
725 308
503 165
503 1044
503 936
165 1044
165 354
165 514
165 991
165 966
165 704
165 1030
165 636
1044 648
1044 438
1044 366
1044 936
1044 704
1044 892
1044 718
648 354
648 514
648 848
648 169
648 17
648 111
648 714
648 253
648 1126
648 946
354 514
354 891
354 848
354 169
354 575
354 114
354 714
354 1105
354 946
354 373
354 941
514 419
514 991
514 104
235 891
235 991
235 488
235 1029
235 714
235 1118
235 283
235 998
891 991
891 488
891 1029
891 667
891 781
604 169
604 353
844 93
844 289
844 1077
844 1117
844 609
844 563
844 637
844 482
844 111
844 696
844 372
921 1086
921 881
811 186
811 52
811 295
811 243
143 1120
143 359
143 211
143 441
143 724
143 530
315 214
315 269
315 1061
315 357
315 1011
315 815
222 114
222 402
222 704
1048 11
1012 309
1012 1028
1012 357
1012 1000
1012 275
1012 730
367 105
367 384
316 454
316 286
316 464
316 380
316 1082
845 611
845 971
845 289
845 256
845 646
845 1060
845 989
845 913
845 718
845 294
845 135
845 20
308 855
308 214
308 899
308 114
308 927
308 1028
308 760
308 704
308 464
308 667
308 726
308 639
308 596
308 753
454 1052
454 100
454 72
454 971
454 973
848 672
848 946
848 892
848 251
898 187
898 687
898 335
898 682
898 626
898 501
898 826
898 443
806 114
806 355
806 963
806 365
169 1071
169 923
169 419
169 575
169 991
169 301
169 800
169 355
169 1029
169 714
169 253
169 1122
169 672
169 1105
169 667
169 513
169 843
169 204
169 29
169 941
107 340
1078 449
824 738
824 991
824 366
824 253
449 660
449 1095
132 490
132 668
333 1060
333 1116
333 830
333 857
333 226
333 652
73 490
73 923
73 657
73 353
73 704
73 232
73 836
777 282
777 161
777 171
777 563
777 797
777 343
387 1071
387 51
387 1066
387 594
387 185
309 628
309 96
309 925
309 1120
309 357
309 492
309 1000
309 730
309 1009
1019 1109
610 32
610 936
161 971
161 289
161 1117
161 482
161 715
161 160
161 90
161 743
93 154
93 1109
93 655
93 343
93 637
93 338
93 210
93 769
93 482
93 887
93 1097
93 372
93 1074
93 986
93 1035
868 1120
868 357
868 355
855 390
855 722
855 565
855 95
855 780
855 38
855 428
855 1092
855 862
855 679
855 1059
855 102
855 982
855 742
855 720
855 796
154 655
154 343
154 338
154 105
1109 663
1109 464
1109 1074
186 1071
186 621
221 571
221 95
221 760
221 44
221 380
221 596
221 471
221 327
32 1047
32 18
32 380
32 26
32 486
32 882
32 406
32 458
214 960
214 96
214 1120
214 269
214 238
214 1061
214 576
214 1028
214 357
214 268
214 815
214 791
214 530
214 753
214 662
214 461
214 909
214 551
214 553
214 400
214 1005
214 46
171 760
117 1094
117 337
117 1074
117 130
390 95
390 862
390 679
390 816
390 1049
390 982
390 720
390 330
239 311
239 969
2 359
2 609
2 25
2 755
2 303
2 866
2 112
612 1071
612 787
612 609
612 343
612 338
612 105
612 741
612 509
612 248
612 138
612 986
1071 812
1071 991
1071 934
1071 1086
1071 642
1071 160
1071 1062
1071 626
1071 754
1071 70
1071 436
787 971
787 738
787 592
787 524
787 160
960 1061
960 311
960 268
960 1011
960 815
960 841
650 778
628 200
628 1028
628 230
628 298
628 1009
628 662
628 57
611 78
611 1052
611 256
611 268
611 168
96 200
96 269
96 174
96 530
96 730
96 662
96 1106
40 357
817 78
817 827
817 1028
817 357
817 298
817 275
817 764
78 200
78 979
78 27
78 460
78 275
78 730
78 764
827 238
827 1028
827 357
827 887
827 340
827 821
827 230
827 651
827 970
827 705
925 298
925 913
925 530
200 1120
200 269
200 238
200 711
200 100
200 72
200 699
200 357
200 546
200 230
200 188
200 530
200 743
200 909
200 57
200 173
200 1119
200 473
200 407
1120 269
1120 609
1120 357
1120 230
1120 168
1120 423
1120 530
1120 553
1052 256
1052 973
1052 211
269 1061
269 220
269 268
269 815
269 791
269 530
269 662
269 551
269 1106
238 357
238 268
238 1005
238 280
238 266
812 49
812 979
812 712
812 933
812 944
812 1036
812 783
582 711
711 100
711 1060
711 699
711 546
711 760
711 1119
49 127
49 712
49 933
49 226
49 944
49 460
49 1036
49 189
59 276
100 546
100 1119
922 72
922 1047
922 735
922 276
922 74
72 18
72 596
72 71
971 1010
971 289
971 256
971 178
971 657
971 956
971 546
971 966
738 609
738 25
738 617
738 105
738 1094
738 982
328 516
328 1086
328 1073
923 609
923 991
923 1029
923 714
923 966
923 89
923 946
923 955
923 1006
923 763
923 731
923 22
516 1086
516 700
516 1057
1010 646
1010 1021
289 646
289 1060
289 419
289 956
289 546
289 954
289 915
289 135
256 646
256 326
256 546
256 1034
256 441
646 592
646 531
646 22
1026 830
1026 704
1026 232
1026 89
1026 836
1026 653
1026 369
1026 892
1026 718
1026 636
1026 619
1061 357
1061 268
1061 1011
1061 815
1061 841
728 1018
655 163
64 1015
64 142
64 51
64 84
64 23
64 279
64 160
592 484
592 722
592 755
592 303
592 327
699 546
359 1096
359 927
359 736
359 303
359 687
359 1055
835 722
489 484
489 934
489 745
489 1062
489 692
1096 609
1096 303
1096 687
484 934
484 589
525 90
347 181
1015 338
1015 1022
1015 355
1015 111
1015 737
1015 421
576 52
576 268
1077 765
1117 90
1117 109
1031 609
1031 1074
575 991
575 366
575 714
575 253
575 672
575 89
575 843
575 29
114 934
114 911
114 713
114 355
114 230
114 131
114 841
311 911
311 1066
311 230
311 131
927 701
927 1055
927 34
609 940
609 357
609 563
609 105
609 303
609 492
609 737
609 988
940 303
991 301
991 488
991 366
991 714
991 253
991 966
991 672
991 1105
991 667
991 513
991 843
991 204
991 29
97 563
97 887
97 290
97 691
97 540
1028 357
1028 220
1028 230
1028 1000
1028 298
1028 913
1028 188
1028 623
1028 1009
1028 137
148 142
148 355
148 704
148 89
148 836
148 335
148 1074
148 919
670 1086
644 1086
644 894
644 131
934 745
934 589
934 1062
934 692
457 1057
1069 124
1056 335
1056 745
1056 1062
1056 692
1056 586
1056 502
956 563
956 722
956 343
956 338
956 105
956 271
956 741
357 722
357 105
357 230
357 716
357 1011
357 1000
357 815
357 298
357 913
357 188
357 275
357 530
357 730
357 1005
220 492
220 1000
220 970
507 938
507 652
563 565
563 210
563 105
563 878
563 540
701 62
301 803
301 714
301 672
301 1105
301 513
301 843
301 204
301 29
314 52
314 286
314 577
314 486
1086 342
1086 881
722 95
722 780
722 863
722 210
722 286
722 838
722 496
722 27
722 442
722 581
722 829
722 684
722 987
722 246
722 474
252 952
911 818
729 268
1116 857
1116 591
1116 226
140 887
140 271
140 340
140 1047
140 821
140 781
797 25
797 702
574 112
574 307
343 338
343 515
343 210
343 105
343 355
343 741
343 509
343 715
343 248
343 397
343 138
343 53
343 878
343 434
570 482
488 17
488 1029
488 966
488 1118
488 453
488 255
488 1122
488 672
488 535
488 103
488 673
488 167
17 1029
17 366
17 714
17 1118
17 453
17 66
17 103
142 51
142 803
142 660
142 366
142 1006
142 55
219 594
219 283
219 832
219 786
51 84
51 23
51 279
51 717
51 594
803 366
1032 440
1032 542
798 565
565 95
565 38
565 1092
565 338
565 102
565 496
565 1057
565 683
565 53
565 70
565 137
565 199
84 279
84 591
84 542
23 366
23 440
23 754
279 783
969 428
969 1092
95 38
95 528
95 1057
95 634
780 38
110 243
546 1119
828 462
828 325
828 799
11 243
187 52
187 687
187 849
187 16
187 977
863 426
863 596
52 621
52 912
52 799
52 405
52 395
52 809
52 548
52 379
35 458
426 1047
426 953
713 995
38 1115
428 1092
428 720
862 982
679 271
158 800
362 668
362 240
528 243
608 966
608 1126
462 243
462 325
462 378
462 799
462 16
800 1115
800 796
25 271
1066 21
1066 617
1066 94
1066 438
21 617
617 94
358 877
358 542
358 452
717 594
717 547
642 105
642 104
642 877
660 778
660 830
660 704
1073 569
1079 290
338 210
338 105
338 741
338 509
338 715
210 741
210 53
769 1129
769 480
769 91
769 259
769 276
654 759
654 823
654 1083
654 851
654 873
286 290
105 1014
105 271
105 741
105 715
105 839
105 691
1129 1059
1129 480
1129 129
1129 907
1129 379
482 496
887 340
887 821
887 512
1014 879
746 337
127 933
127 872
838 8
838 160
838 916
979 933
979 460
979 189
1022 121
355 1100
355 830
355 1033
355 1059
355 596
355 1009
355 829
1097 667
712 933
340 821
340 290
340 1065
1100 667
499 569
933 1001
594 778
594 542
559 704
559 476
830 476
830 85
830 865
857 226
857 183
857 823
857 842
1047 380
18 380
18 506
1033 877
1059 704
111 730
111 435
821 441
821 651
821 724
821 970
821 705
821 407
821 257
44 91
44 290
44 878
44 986
230 492
230 298
230 57
230 970
230 257
342 131
342 825
342 260
342 881
755 772
755 930
755 22
531 1075
116 1016
116 526
496 90
1034 529
60 718
194 1115
1029 453
1029 66
1029 255
1029 535
1029 937
1029 103
1029 673
1029 931
1029 198
1029 284
366 714
366 253
366 966
366 452
366 874
714 253
714 672
714 1105
714 513
714 843
714 204
714 29
714 1084
1045 936
1045 595
1045 636
1045 251
253 1126
966 672
966 103
966 731
966 903
966 781
936 1023
936 636
936 251
58 982
700 373
1099 313
440 754
1118 66
1118 1122
1118 166
1118 103
453 283
453 66
453 1122
453 877
453 103
283 66
283 1122
283 535
283 103
66 1122
66 103
1122 535
1122 832
295 243
749 129
129 529
672 704
672 1105
672 513
672 843
672 204
672 29
268 1011
268 815
268 662
268 400
268 1005
268 46
268 266
268 867
663 430
663 759
735 74
303 1075
303 687
303 1055
303 389
1076 1049
498 429
741 509
741 53
509 248
509 1065
509 434
163 53
163 605
715 248
104 595
1049 369
704 232
704 89
704 836
704 667
591 542
877 542
1037 513
1037 954
1037 581
1037 1006
1037 1046
1105 513
1105 843
1105 204
1105 29
313 443
313 829
313 987
313 16
313 616
807 232
1075 589
1075 502
324 557
963 385
831 980
1011 815
1011 551
1011 841
1011 435
232 89
232 836
27 275
27 764
529 259
1104 91
492 164
492 651
492 298
1094 337
248 138
248 53
248 34
37 290
687 1055
1000 913
1000 168
1000 1106
1000 75
150 137
737 595
89 836
89 718
836 541
160 1126
160 986
160 945
160 1121
160 233
719 522
719 872
380 486
651 57
651 705
651 407
651 257
815 841
815 266
815 257
298 57
298 764
298 407
298 257
290 1082
953 188
634 913
634 188
634 423
634 621
634 856
1126 417
335 682
335 501
335 443
772 1016
772 224
772 22
579 595
579 417
913 188
913 168
913 856
188 856
168 423
168 57
168 970
168 227
944 81
1036 842
667 555
513 843
513 204
513 29
843 204
843 29
204 29
653 581
653 369
653 1046
954 1084
954 477
581 369
581 682
331 1006
331 763
331 595
331 731
331 903
331 781
331 1035
1006 763
1006 595
1006 731
1006 781
369 325
369 1046
726 383
853 930
930 34
745 1062
745 502
892 718
892 619
682 141
682 826
682 443
682 829
682 987
718 636
718 251
424 443
424 829
424 987
424 16
424 616
1062 692
1062 586
1062 502
639 306
763 731
763 781
511 512
791 753
621 551
325 799
623 137
430 1054
534 1035
534 518
626 501
626 443
759 823
759 1083
535 937
535 673
937 915
915 931
90 138
878 839
275 530
275 730
275 764
931 198
931 919
931 284
577 231
912 405
912 379
595 731
595 781
276 625
486 684
731 781
731 281
823 1083
1016 22
224 22
337 1074
636 251
530 730
530 1005
530 407
530 856
384 625
294 904
596 71
596 632
826 443
826 829
826 987
826 616
443 829
443 987
443 246
443 616
1074 920
882 458
882 684
458 684
551 820
553 435
1005 266
70 987
70 16
57 970
57 705
57 407
57 257
705 407
705 257
407 257
266 856
1055 450
502 616
829 987
829 246
829 16
829 616
987 246
987 16
987 616
246 616
434 572
16 977
405 379
405 864
1083 292
851 873
506 304
257 856
304 304
