788 249
788 134
788 860
788 544
788 755
788 40
788 798
788 610
788 556
788 907
788 36
788 187
788 914
788 291
788 1028
788 939
788 87
788 186
788 550
788 94
788 90
788 299
788 834
788 783
788 743
788 388
788 757
788 774
788 532
788 692
249 134
249 860
249 755
249 40
249 798
249 610
249 556
249 907
249 187
249 1028
249 87
249 186
249 550
249 90
249 834
249 409
249 65
249 1061
249 423
249 656
249 509
249 39
134 860
134 755
134 40
134 798
134 610
134 907
134 36
134 187
134 1028
134 87
134 186
134 550
134 94
134 90
134 299
134 388
134 757
134 1061
134 533
134 78
134 288
134 155
134 295
134 417
134 310
134 162
134 322
134 408
134 402
134 463
134 7
134 263
134 696
134 622
134 232
134 797
860 907
860 90
860 162
860 684
860 466
860 196
860 635
860 758
860 795
860 158
860 56
860 220
860 494
860 508
860 647
860 1021
860 198
860 637
860 366
544 755
544 187
544 970
544 5
544 749
544 858
544 421
544 674
544 644
755 798
755 187
755 1028
755 87
755 90
755 388
755 757
755 1061
755 862
755 1056
755 713
755 323
755 748
755 370
755 382
755 430
40 610
40 556
40 187
40 291
40 1028
40 186
40 90
40 757
40 691
40 226
40 356
40 274
40 563
40 545
40 318
40 72
40 729
40 1045
40 1054
40 239
40 780
798 90
798 757
798 151
798 400
610 556
610 187
610 1028
610 94
610 90
610 834
610 532
610 288
610 470
610 386
610 706
610 445
610 570
556 1028
556 834
556 532
556 1061
556 198
556 1130
556 420
556 633
556 566
556 1006
556 418
556 827
556 246
556 168
556 55
556 207
556 803
556 762
556 197
556 686
556 643
556 361
556 45
556 1014
556 23
556 807
556 69
556 661
907 186
907 550
907 90
907 783
907 388
907 310
907 970
907 503
907 1073
907 772
907 43
907 245
907 319
907 218
907 1053
36 748
36 646
36 1097
36 381
36 1023
36 651
36 171
36 844
36 15
36 848
36 754
36 104
36 86
36 166
36 272
36 180
187 914
187 1028
187 87
187 90
187 834
187 757
187 310
187 1021
187 858
187 445
187 180
187 534
187 989
187 711
187 397
187 845
187 46
187 42
914 291
914 1028
914 834
914 65
914 1061
914 862
914 570
914 633
914 1006
914 643
914 361
914 319
914 682
914 702
914 88
914 9
914 488
914 1041
914 265
914 1067
914 1069
914 389
914 843
914 990
914 82
914 796
914 127
914 683
914 1107
914 84
914 601
914 469
914 540
914 980
291 299
291 65
291 1061
291 858
291 545
291 361
291 1067
291 307
291 818
291 1008
291 143
291 59
291 292
291 1100
291 1
291 770
1028 834
1028 532
1028 65
1028 1061
1028 797
1028 421
1028 706
1028 1130
1028 643
1028 23
1028 69
1028 590
1028 738
1028 130
1028 44
1028 456
1028 511
1028 144
1028 992
1028 391
1028 982
1028 615
1028 324
1028 792
1028 330
1028 722
1028 662
1028 214
1028 8
1028 174
1028 380
1028 518
1028 467
1028 567
1028 247
1028 830
1028 1013
1028 625
1028 404
1028 48
1028 627
1028 985
939 834
939 1061
939 246
939 1106
939 60
939 97
87 186
87 94
87 90
87 299
87 783
87 743
87 388
87 39
87 1118
87 225
87 915
186 550
186 388
186 39
186 288
186 198
186 713
186 382
186 762
186 218
186 143
186 552
186 505
186 1092
186 826
186 869
186 912
186 495
186 520
186 863
186 457
186 1101
186 928
550 90
550 288
550 295
550 463
550 1056
550 445
550 915
550 869
550 1010
550 975
550 179
550 355
94 299
94 783
94 533
94 78
94 288
94 162
94 322
94 463
94 622
94 232
94 196
94 274
94 470
94 386
94 706
94 570
94 397
94 722
94 174
94 567
94 1106
94 1101
94 1080
94 334
94 1095
94 228
94 139
94 574
94 170
94 732
94 698
94 893
94 963
94 1057
94 926
94 744
94 19
94 726
94 1026
90 388
90 409
90 39
299 783
299 39
299 533
299 155
299 417
299 310
299 162
299 463
299 622
299 862
299 1045
299 43
299 245
299 651
299 980
299 456
299 324
299 225
299 505
299 928
299 334
299 963
299 715
299 954
299 425
299 794
299 911
299 251
299 192
299 91
299 353
299 591
299 63
299 1040
299 855
299 279
299 326
299 145
299 839
299 731
299 513
299 201
299 724
299 857
299 311
834 532
834 65
834 1061
834 466
834 198
834 1130
834 420
834 633
834 1006
834 246
834 168
834 803
834 762
834 197
834 361
834 265
834 1067
834 796
834 683
834 980
834 954
834 357
834 142
834 781
834 398
834 256
834 98
834 631
834 1011
834 804
834 92
834 879
834 439
834 840
783 743
783 533
783 635
783 795
783 1014
783 225
783 457
783 794
783 781
783 20
783 1050
783 587
783 137
783 825
783 119
388 39
388 198
388 382
388 72
388 143
388 505
388 826
388 495
388 457
388 279
388 132
388 1089
388 504
388 628
757 1061
757 980
757 869
757 513
757 341
757 892
774 848
774 365
774 342
774 477
774 655
774 951
774 548
774 864
532 1061
532 402
532 84
532 130
532 456
532 391
532 982
532 380
532 625
532 213
532 29
532 233
532 806
532 344
532 231
532 297
532 475
532 271
532 947
532 112
532 736
692 310
692 622
692 386
692 397
692 615
692 1010
692 1080
692 170
692 19
692 586
692 332
692 464
692 473
692 480
692 890
692 1109
692 1081
692 623
692 182
692 502
409 276
65 1061
65 762
65 1069
1061 232
1061 198
1061 1130
1061 980
1061 341
1061 510
1061 921
39 7
39 1092
39 869
39 863
39 1010
39 893
39 353
39 279
39 332
39 273
39 250
39 546
39 940
39 12
39 709
39 528
39 1035
39 373
39 25
533 288
533 155
533 295
533 310
533 162
533 463
533 263
533 706
533 570
533 225
533 928
533 1080
533 334
533 574
533 794
533 655
533 951
533 464
533 957
533 589
533 979
533 919
533 573
78 155
78 162
78 322
78 402
78 622
78 232
78 797
78 466
78 706
78 397
78 324
78 192
78 804
78 1109
78 957
78 589
78 433
78 541
78 913
78 535
78 1116
78 101
78 846
78 202
78 379
288 162
288 322
288 408
288 463
288 7
288 622
288 795
288 430
288 318
288 470
288 445
288 43
288 245
288 770
288 130
288 174
288 495
288 457
288 1080
288 334
288 1095
288 574
288 726
288 715
288 353
288 464
288 480
288 25
288 957
288 589
288 573
288 243
288 717
288 923
288 266
288 973
288 592
288 396
288 479
288 572
288 1112
288 448
155 417
155 310
155 463
155 748
155 386
155 706
155 43
155 397
155 1080
155 591
155 119
155 951
155 464
155 473
155 890
155 1081
155 623
155 957
155 589
155 979
155 266
155 1112
155 517
155 727
155 621
155 371
155 705
155 529
155 1049
155 383
155 211
155 153
155 507
155 526
155 606
155 1030
155 707
155 159
155 492
155 609
155 737
155 259
155 300
155 614
155 21
155 962
155 387
295 162
295 505
295 928
295 91
295 724
295 450
417 263
417 245
417 464
417 276
417 371
417 1049
417 583
417 152
417 899
417 80
417 624
417 31
417 936
417 613
417 660
310 463
310 622
310 970
310 772
310 770
310 225
310 170
310 19
310 473
310 709
310 589
310 535
310 259
310 898
310 667
310 261
310 325
310 1077
310 156
310 629
310 107
310 76
310 584
310 704
162 408
162 263
162 684
162 466
162 196
162 795
162 56
162 494
162 647
162 1021
162 637
162 366
162 1056
162 1010
162 334
162 724
162 1035
162 957
162 973
162 259
162 660
162 602
162 1108
162 49
162 1003
162 451
162 237
322 386
322 1081
322 872
408 439
408 464
408 379
408 1127
402 622
402 232
402 797
402 858
402 644
402 563
402 706
402 168
402 807
402 1008
402 982
402 615
402 722
402 467
402 1010
402 91
402 855
402 804
402 119
402 213
402 344
402 231
402 271
402 112
402 736
402 273
402 913
402 1116
402 507
402 650
402 262
402 560
402 981
402 1027
402 1046
402 652
402 337
463 263
463 1056
463 770
463 915
463 1010
463 1080
463 19
463 591
463 951
463 475
463 473
463 623
463 957
463 379
463 243
463 387
463 431
463 369
7 622
7 797
7 706
7 926
7 91
7 839
7 623
7 502
7 25
7 957
7 202
7 243
7 481
7 577
7 165
7 932
7 785
7 141
7 604
263 1056
263 807
263 772
263 245
263 15
263 397
263 980
263 915
263 1010
263 228
263 893
263 91
263 781
263 864
263 473
263 890
263 502
263 1035
263 535
263 846
263 379
263 21
263 613
263 842
263 377
263 983
263 41
263 1128
263 414
263 96
263 595
263 125
263 111
696 366
622 858
622 430
622 361
622 307
622 1008
622 59
622 1100
622 770
622 192
622 864
622 586
622 164
622 473
622 546
622 957
622 1112
622 983
622 238
622 89
622 649
622 487
622 701
622 70
232 797
232 706
232 807
232 982
232 19
232 213
232 475
232 541
232 971
232 315
797 421
797 706
797 807
797 772
797 130
797 456
797 982
797 615
797 662
797 174
797 518
797 467
797 567
797 170
797 256
797 804
797 112
797 464
797 890
797 541
797 101
797 507
797 606
797 560
797 886
797 933
797 486
797 953
797 891
684 466
684 196
684 795
684 56
684 220
684 494
684 1021
684 366
684 1092
684 973
684 156
684 602
684 189
684 663
684 447
684 1031
684 512
684 10
684 849
684 1000
684 350
684 206
684 459
684 210
684 1088
466 196
466 795
466 56
466 494
466 508
466 1021
466 366
466 570
466 1006
466 361
466 590
466 722
466 963
466 724
466 142
466 1035
466 973
466 1030
466 602
466 1027
466 786
466 909
466 376
466 375
466 221
466 784
466 61
196 795
196 56
196 494
196 1021
196 637
196 366
196 724
196 602
196 1003
196 773
196 958
196 991
196 327
635 459
758 56
758 647
758 1073
758 355
758 886
758 459
758 986
758 760
758 268
795 158
795 56
795 494
795 508
795 637
795 366
795 1097
795 844
795 86
795 1008
795 324
795 251
795 276
795 923
795 973
795 663
795 943
795 885
795 455
158 637
158 86
158 67
158 663
158 194
158 66
158 314
158 516
56 220
56 647
56 1021
56 366
56 356
56 724
56 350
56 459
56 194
56 831
220 647
220 356
220 724
220 1003
220 189
220 663
220 447
220 849
220 350
220 459
220 831
220 585
220 673
220 680
220 949
494 1021
494 637
494 366
494 724
494 864
494 243
494 602
494 472
508 457
508 724
508 142
508 1003
508 459
508 376
508 375
508 677
508 903
508 64
508 138
647 1021
647 356
647 724
647 1003
647 886
647 459
647 986
647 831
647 585
647 172
1021 366
1021 356
1021 404
1021 709
1021 535
1021 602
1021 237
1021 369
1021 701
1021 986
1021 194
1021 516
1021 998
1021 642
1021 471
1021 531
1021 485
1021 1064
1021 964
1021 790
1021 775
198 713
198 1130
198 55
198 1069
198 389
198 980
198 869
198 1101
198 513
198 332
198 589
198 369
198 721
198 61
198 1043
198 241
198 177
637 43
637 869
637 67
637 314
637 585
637 1007
366 1097
366 192
366 724
366 357
366 182
366 1035
366 25
366 979
366 717
366 973
366 492
366 76
366 602
366 41
366 986
366 66
366 831
366 585
366 571
366 925
366 685
366 612
366 13
366 805
366 483
366 1042
366 741
970 226
970 772
970 726
970 353
970 479
970 1112
970 156
970 107
970 165
970 70
970 790
970 363
970 17
970 1090
970 559
970 303
970 258
5 151
5 807
5 43
5 143
5 130
5 456
5 722
5 869
5 893
5 781
5 701
5 885
5 455
5 175
5 1132
5 976
5 105
5 1065
5 547
5 428
749 754
749 272
749 251
749 957
749 971
749 269
749 235
749 791
749 1019
858 862
858 748
858 706
858 55
858 803
858 361
858 848
858 86
858 307
858 1008
858 143
858 59
858 1100
858 1
858 869
858 251
858 91
858 864
858 276
858 373
858 492
858 238
858 701
858 70
858 1065
858 200
858 1047
858 733
858 429
858 966
858 787
858 620
858 854
858 895
858 500
858 666
858 929
421 848
421 456
421 297
421 156
421 394
674 418
674 762
674 197
674 682
674 702
674 683
674 540
674 307
674 511
674 473
674 561
644 706
644 807
644 772
644 319
644 982
644 231
644 1109
644 300
644 169
644 498
862 370
862 706
862 168
862 762
862 23
862 682
862 683
862 818
862 130
862 91
862 855
862 913
862 300
862 614
862 498
862 253
862 364
862 859
862 878
862 955
862 616
862 851
1056 318
1056 43
1056 989
1056 792
1056 915
1056 1010
1056 179
1056 726
1056 341
1056 473
1056 450
1056 842
1056 983
1056 125
1056 547
1056 264
1056 478
1056 581
1056 493
713 318
713 418
713 683
713 469
713 980
713 982
713 869
713 912
713 863
713 91
713 279
713 145
713 137
713 504
713 727
713 450
713 125
713 172
713 493
713 835
323 651
323 1101
323 179
323 211
323 708
748 1097
748 381
748 651
748 15
748 86
748 272
748 180
748 464
748 957
748 929
748 399
370 807
370 661
370 738
370 144
370 330
370 518
370 247
370 404
370 985
370 631
370 112
370 736
370 737
370 614
370 64
370 887
370 282
370 289
370 937
370 608
382 318
382 72
382 869
382 1112
382 49
382 983
382 800
382 441
430 43
430 307
430 787
691 563
691 738
691 144
691 792
691 404
691 19
691 64
691 289
691 290
691 861
691 393
226 545
226 983
226 649
226 536
226 190
226 916
356 724
356 357
356 492
356 602
356 67
356 1003
356 459
356 66
356 831
356 190
356 916
356 905
356 73
356 424
356 236
356 32
356 160
274 869
274 1057
274 91
274 717
274 369
274 828
274 1002
274 551
274 1119
274 195
563 397
563 982
563 19
563 311
563 394
563 167
563 118
563 30
563 304
563 432
545 207
545 1100
545 770
545 983
545 487
545 536
545 190
545 952
545 802
545 956
545 906
545 924
545 79
545 444
545 407
545 499
318 503
318 218
318 1092
318 869
318 863
318 1010
318 911
318 1035
318 479
318 414
318 620
318 800
318 441
318 73
318 1096
318 114
318 988
318 248
72 983
72 988
729 780
729 479
729 414
729 160
729 1002
729 338
1054 441
1054 444
1054 558
1054 50
239 245
239 1100
239 536
780 441
151 807
151 1073
151 456
151 794
151 591
151 387
151 971
151 547
151 955
151 120
151 917
400 182
400 808
470 334
470 1119
470 603
386 706
386 807
386 245
386 534
386 982
386 625
386 112
386 473
386 387
386 760
386 618
706 168
706 807
706 69
706 307
706 456
706 144
706 391
706 982
706 615
706 324
706 792
706 330
706 722
706 174
706 467
706 567
706 830
706 1013
706 625
706 225
706 520
706 170
706 19
706 855
706 311
706 631
706 628
706 344
706 164
706 473
706 890
706 913
706 1112
706 507
706 300
706 660
706 156
706 560
706 1027
706 577
706 971
706 486
706 943
706 1090
706 253
706 608
706 576
706 901
706 183
706 173
706 678
706 52
706 765
706 340
706 1016
706 1062
706 181
445 43
445 218
445 192
445 182
445 573
445 526
445 898
445 842
445 96
445 70
445 13
445 493
445 415
445 871
445 212
445 442
445 133
445 1036
445 987
445 967
445 343
445 630
445 856
445 1102
445 719
445 1060
570 807
570 980
570 456
570 391
570 722
570 1013
570 732
570 954
570 57
570 942
570 658
1130 762
1130 439
633 55
633 803
633 361
633 980
633 177
633 854
633 659
1006 827
1006 762
1006 88
1006 488
1006 265
1006 1067
1006 389
1006 601
1006 540
1006 591
1006 513
1006 473
1006 589
1006 14
1006 360
418 762
418 361
418 43
418 702
418 88
418 1067
418 683
418 540
418 177
418 694
827 55
827 601
827 854
827 659
246 60
246 97
246 963
246 781
246 379
246 983
246 658
246 1012
246 163
246 874
168 23
168 807
168 130
168 144
168 982
168 792
168 330
168 722
168 174
168 467
168 567
168 247
168 91
168 855
168 256
168 1089
168 628
168 273
168 507
168 650
168 1027
168 577
168 971
168 886
168 282
168 901
168 340
168 619
168 458
168 654
168 866
168 452
168 352
55 803
55 762
55 361
55 772
55 245
55 682
55 265
55 1008
55 177
55 854
55 819
207 330
207 652
207 315
207 903
207 499
207 413
207 740
803 361
803 1069
803 854
803 659
762 682
762 88
762 488
762 1041
762 1067
762 1069
762 389
762 990
762 796
762 683
762 84
762 601
762 540
762 980
762 869
762 840
762 464
762 177
762 1047
762 854
762 659
762 884
197 88
197 488
197 1041
197 1067
197 1069
197 990
197 796
197 84
197 1047
686 732
686 781
686 98
686 586
686 164
686 589
686 49
686 363
686 1090
686 296
686 1055
686 185
686 946
361 683
361 307
361 428
361 854
361 672
361 524
45 218
45 980
45 963
45 781
45 586
45 379
45 49
45 918
45 814
45 348
1014 740
23 992
23 214
23 404
23 855
23 577
23 289
23 765
23 340
23 1016
23 372
23 328
807 218
807 980
807 130
807 456
807 982
807 722
807 662
807 1013
807 1092
807 179
807 855
807 256
807 804
807 119
807 1089
807 344
807 475
807 271
807 49
807 650
807 1027
807 452
807 640
69 391
69 213
69 576
69 183
661 130
661 330
661 112
661 614
661 560
661 971
661 694
661 1072
661 308
503 43
503 245
503 218
503 989
503 912
503 840
503 332
503 125
503 849
503 685
503 264
503 828
503 1119
503 458
503 1051
503 161
503 293
503 700
503 336
1073 355
1073 19
1073 655
1073 164
1073 886
1073 760
1073 303
1073 118
1073 917
772 43
772 467
772 912
772 724
772 577
772 189
772 429
43 245
43 1097
43 989
43 225
43 928
43 893
43 951
43 623
43 1035
43 243
43 266
43 572
43 325
43 481
43 932
43 849
43 1088
43 264
43 478
43 424
43 1102
43 524
43 852
43 922
43 900
43 309
43 681
245 754
245 818
245 456
245 225
245 342
245 464
245 502
245 379
245 383
245 707
245 609
245 451
245 414
245 70
245 10
245 885
245 531
245 1090
245 620
245 478
245 441
245 73
245 814
245 93
245 331
245 664
245 1070
245 969
245 1025
319 467
319 825
319 655
319 1007
319 429
319 169
319 1002
319 819
319 972
319 345
319 1034
218 1053
218 980
218 567
218 505
218 869
218 457
218 1101
218 179
218 91
218 344
218 464
218 535
218 479
218 613
218 156
218 431
218 842
218 595
218 172
218 547
218 264
218 493
218 856
218 331
1053 505
1053 928
646 15
646 848
1097 1023
1097 651
1097 844
1097 15
1097 848
1097 754
1097 104
1097 86
1097 272
1097 251
1097 1050
1097 587
1097 477
1097 655
1097 951
1097 586
1097 464
1097 473
1097 709
1097 957
1097 492
1097 885
1097 455
1097 929
1097 1016
1097 378
1097 965
1097 767
1097 653
381 1023
381 15
381 272
381 957
381 378
381 24
1023 651
1023 15
1023 848
1023 754
1023 86
1023 272
1023 655
1023 464
1023 957
1023 589
1023 387
1023 431
1023 885
1023 253
1023 399
1023 1016
1023 24
1023 865
651 15
651 848
651 1101
651 326
651 1050
651 464
651 727
651 492
651 624
651 31
651 613
651 885
651 708
651 399
651 248
651 24
651 95
651 176
651 426
651 1098
651 313
651 771
651 490
171 101
171 383
171 6
171 791
171 822
171 751
171 812
844 15
844 86
844 272
844 1008
844 863
844 1010
844 251
844 164
844 957
844 923
844 266
844 667
844 929
844 305
844 817
15 848
15 754
15 104
15 86
15 272
15 1008
15 552
15 1101
15 864
15 464
15 957
15 535
15 923
15 1108
15 455
15 929
15 501
848 86
848 272
848 307
848 1101
848 951
848 957
848 492
848 66
848 929
848 965
848 675
848 739
754 272
754 722
754 101
754 1112
754 929
754 378
104 86
104 272
104 1008
104 251
104 923
104 455
104 929
104 918
104 767
104 501
86 272
86 307
86 1010
86 179
86 957
86 387
86 483
86 929
86 253
166 1010
272 1008
272 179
272 251
272 587
272 923
272 791
272 929
272 24
272 305
272 501
272 739
272 579
272 876
272 600
180 979
180 492
180 936
180 708
180 399
180 419
180 542
180 37
180 329
180 978
180 412
534 625
989 863
989 273
989 546
989 535
989 396
989 572
989 1112
989 898
989 325
989 481
989 264
989 478
989 458
711 192
711 91
711 856
711 1055
711 293
397 334
397 464
397 473
397 890
397 876
397 1005
845 307
845 526
845 159
845 1016
845 630
845 33
845 699
845 867
845 537
845 113
845 920
46 1127
46 977
42 302
42 778
42 1004
682 307
682 1008
682 1
682 851
702 683
702 456
702 144
702 840
702 112
702 614
702 851
702 308
88 231
88 1035
88 909
88 248
88 950
9 488
9 265
9 1067
9 82
9 591
9 231
488 1041
488 265
488 1067
488 990
488 796
488 1101
488 840
488 1047
1041 1067
1041 84
1041 980
1041 913
1041 721
265 863
265 177
1067 863
1067 231
1067 177
1067 1047
1067 524
389 376
843 760
843 851
990 840
990 1047
683 540
683 980
683 456
683 511
683 144
683 48
683 112
683 507
683 851
683 580
1107 980
1107 851
84 355
601 513
601 659
540 511
540 951
540 273
540 175
980 1092
980 912
980 863
980 1010
980 145
980 781
980 1011
980 439
980 177
980 1047
980 102
980 668
307 1008
307 59
307 1100
307 1
307 770
307 276
307 433
307 379
307 727
307 705
307 1030
307 976
307 966
307 787
307 536
307 916
307 924
307 1051
307 1025
307 865
307 176
307 468
307 759
307 411
818 1008
818 1100
818 770
818 722
818 91
818 666
818 364
1008 1
1008 251
1008 587
1008 586
1008 164
1008 957
1008 101
1008 923
1008 153
1008 667
1008 791
1008 854
1008 929
1008 253
1008 817
1008 600
1008 820
143 660
143 49
143 175
143 859
143 190
143 917
143 603
143 331
143 281
59 492
59 701
59 787
59 835
59 411
292 41
292 70
292 200
292 253
292 493
292 212
292 343
292 1102
292 392
292 385
292 596
292 896
1100 770
1100 983
1100 649
1100 253
1100 536
1100 802
1100 956
1100 126
1100 756
1 966
1 787
1 929
770 864
770 983
770 649
770 802
590 722
590 60
590 228
590 398
590 297
590 577
590 943
590 1072
590 465
590 83
738 456
738 792
738 518
738 247
738 404
738 985
738 736
738 913
738 1116
738 614
738 577
738 64
738 887
738 289
738 290
738 861
738 393
738 465
130 456
130 792
130 174
130 954
130 804
130 213
130 271
130 913
130 507
130 300
130 1027
130 1016
130 852
130 697
44 963
44 909
44 360
44 874
44 348
44 461
456 511
456 982
456 792
456 662
456 174
456 518
456 567
456 625
456 48
456 863
456 954
456 91
456 855
456 256
456 213
456 112
456 473
456 913
456 101
456 507
456 1027
456 577
456 486
456 953
456 290
456 654
456 524
456 372
456 697
456 838
456 782
456 224
511 792
511 518
511 48
511 256
511 112
511 507
511 782
511 440
144 792
144 330
144 722
144 662
144 518
144 247
144 404
144 985
144 112
144 614
144 652
144 673
144 851
144 289
144 499
144 765
144 372
144 1072
144 465
144 782
144 763
992 247
992 830
992 625
992 627
992 142
992 256
992 1116
992 1016
992 1055
992 95
992 782
992 131
992 287
992 639
391 330
391 404
391 19
391 591
391 311
391 473
391 886
391 1090
391 608
391 118
391 576
391 901
391 183
391 678
391 52
391 765
391 918
391 634
391 136
982 615
982 722
982 625
982 869
982 744
982 855
982 631
982 804
982 271
982 890
982 1109
982 913
982 981
982 891
982 1062
615 567
615 170
615 744
615 344
615 890
615 12
615 259
615 891
615 478
324 722
324 954
324 631
324 297
324 464
324 923
324 667
324 943
324 929
324 1091
792 330
792 662
792 8
792 174
792 380
792 467
792 567
792 830
792 1013
792 625
792 869
792 170
792 954
792 63
792 855
792 631
792 804
792 736
792 890
792 913
792 1112
792 507
792 981
792 577
792 486
792 943
792 289
792 230
792 438
330 662
330 214
330 174
330 380
330 518
330 247
330 830
330 1013
330 404
330 985
330 855
330 256
330 631
330 1109
330 507
330 614
330 577
330 289
330 340
330 1072
330 763
330 222
722 174
722 467
722 567
722 247
722 985
722 954
722 231
722 112
722 913
722 300
722 1027
722 577
722 372
662 518
662 467
662 830
662 112
662 101
662 507
662 953
662 499
662 1072
214 518
214 404
214 855
214 921
214 577
214 971
214 608
214 340
214 222
8 247
8 625
8 387
8 608
174 567
174 869
174 855
174 231
174 913
174 300
174 387
174 704
174 1027
174 577
174 901
174 694
174 619
174 1072
380 518
380 247
380 404
380 256
380 614
380 253
380 452
380 1072
380 224
380 222
518 467
518 247
518 830
518 404
518 985
518 112
518 736
518 614
518 652
518 486
518 1019
518 1072
518 222
518 193
518 116
518 482
467 311
467 142
467 628
467 101
467 202
467 560
467 486
467 891
467 458
467 193
467 422
467 100
567 179
567 954
567 855
567 804
567 913
567 49
567 981
567 943
567 1062
567 185
567 918
247 830
247 625
247 404
247 627
247 985
247 256
247 1116
247 614
247 64
247 887
247 289
247 901
247 1072
247 782
830 625
830 404
830 627
830 256
830 507
830 1027
830 290
830 901
830 328
830 782
830 639
830 747
1013 627
1013 179
1013 804
1013 760
1013 1090
1013 465
1013 116
625 855
625 890
625 1116
625 1027
625 177
625 253
625 290
625 499
625 618
625 782
625 1111
404 985
404 256
404 614
404 486
404 887
404 937
404 1062
404 918
404 372
404 328
404 1072
404 95
404 230
404 222
404 47
404 769
48 507
48 539
627 256
627 1116
627 428
627 290
627 765
627 782
627 639
985 887
985 289
985 600
985 346
985 28
1106 61
1106 175
1106 654
1106 240
60 589
60 61
60 163
60 874
60 960
97 960
1118 790
225 475
225 243
225 1112
225 624
225 64
225 177
225 253
225 931
915 1010
915 591
915 951
915 502
915 259
915 387
915 254
552 983
505 869
505 1101
505 928
505 20
505 431
505 551
505 465
505 961
1092 928
1092 179
1092 893
1092 480
1092 546
1092 549
869 495
869 457
869 1101
869 928
869 179
869 893
869 963
869 724
869 1089
869 504
869 1112
869 1027
869 369
869 571
869 264
869 708
869 424
869 248
869 918
869 331
869 720
869 1103
869 148
869 582
869 734
869 527
912 479
912 1123
495 926
495 898
495 1128
495 96
495 1042
495 620
495 856
495 597
863 91
863 1089
863 864
863 589
863 369
863 649
863 943
863 177
863 264
863 906
863 114
863 248
863 293
863 852
863 900
863 883
863 816
863 811
863 81
457 1108
457 165
457 377
457 125
457 1088
457 680
457 733
457 681
457 208
457 99
1101 179
1101 504
1101 332
1101 1127
1101 885
1101 708
1101 399
1101 1103
1101 148
1101 521
928 228
928 504
928 450
928 1046
928 431
928 369
928 83
928 716
1010 179
1010 91
1010 864
1010 502
1010 379
1010 606
1010 898
1010 842
1010 1128
1010 701
1010 189
1010 206
1010 264
1010 493
1010 278
975 325
975 253
975 1087
179 119
179 464
179 973
179 492
179 451
179 842
179 885
179 493
179 399
179 248
179 716
179 833
179 996
179 347
355 1112
355 886
355 760
355 959
1080 334
1080 228
1080 574
1080 890
1080 957
334 574
334 535
334 259
334 264
228 164
228 448
228 606
228 431
228 673
228 428
228 465
228 961
228 1126
228 260
139 504
574 732
574 311
574 379
574 49
574 1055
574 293
170 744
170 164
170 473
170 890
170 156
170 560
170 746
732 504
732 344
732 872
732 331
893 19
893 91
893 480
893 623
893 546
893 264
893 458
893 549
963 145
963 781
963 473
963 589
963 379
963 909
963 348
963 205
963 367
963 801
963 188
1057 91
1057 327
1057 666
1057 1002
1057 1119
1057 967
1057 972
1057 392
1057 538
1057 496
1057 460
926 864
926 957
926 717
926 76
926 96
926 620
926 343
926 703
926 191
744 12
19 804
19 1089
19 473
19 156
19 486
19 57
19 694
726 325
726 96
726 1034
726 920
726 894
726 904
715 243
715 572
954 398
954 1027
954 577
954 943
425 165
425 733
425 449
425 530
425 837
794 63
794 311
794 628
794 944
911 479
911 441
251 587
251 276
251 943
251 6
251 269
251 929
251 93
251 378
251 632
251 362
192 864
192 502
192 957
192 573
192 535
192 846
192 243
192 717
192 159
192 898
192 704
192 842
192 620
192 1036
192 967
192 1102
192 820
192 578
91 493
91 1119
91 161
91 331
91 27
91 1074
353 1035
353 1112
353 259
353 264
353 432
353 988
353 734
353 527
353 320
353 38
353 1079
591 951
591 473
591 589
591 979
591 266
591 606
591 737
591 387
591 1127
591 33
591 205
591 85
591 204
591 1085
1040 589
1040 760
1040 946
1040 910
855 112
855 621
855 507
855 560
855 1027
855 577
855 886
855 282
855 289
855 372
855 149
279 731
279 25
279 1112
279 898
279 604
279 96
279 406
326 1050
326 473
326 211
326 1030
326 613
326 660
326 96
326 399
326 977
326 85
326 1083
326 416
145 297
145 348
145 35
839 547
839 733
839 99
839 449
839 530
839 877
839 34
839 565
839 564
731 266
731 898
731 261
731 604
731 620
731 441
731 212
731 401
513 266
513 606
513 177
513 360
513 348
201 182
724 602
724 67
724 1003
724 369
724 459
724 831
857 589
857 61
311 586
311 1030
311 156
311 49
311 1127
311 741
311 363
311 399
311 296
311 95
311 313
357 459
357 986
357 194
357 314
357 483
142 256
781 879
781 546
781 379
781 909
781 429
781 188
781 1001
781 123
781 832
781 157
781 1033
781 935
781 725
256 112
256 614
256 851
256 782
256 224
256 639
98 589
98 61
98 658
98 360
98 814
98 348
98 367
98 801
98 484
631 231
631 1109
631 577
631 303
631 887
631 95
804 660
804 763
879 61
439 341
439 217
840 652
840 851
840 308
840 1033
840 605
20 49
20 431
20 708
20 568
20 764
1050 864
1050 464
1050 473
1050 1049
1050 153
1050 1030
1050 492
1050 80
1050 624
1050 49
1050 451
1050 1127
1050 885
1050 741
1050 105
1050 500
1050 708
1050 95
1050 176
1050 313
1050 771
1050 977
1050 136
1050 764
1050 335
1050 594
1050 793
1050 761
587 923
587 606
587 660
587 1090
587 929
587 185
137 164
137 1000
137 449
137 837
825 720
119 231
119 276
119 517
119 727
119 621
119 371
119 705
119 529
119 383
119 1030
119 1027
119 971
119 1122
119 491
119 841
119 519
119 53
119 1086
119 853
119 1129
132 586
132 994
1089 628
1089 341
1089 332
1089 1030
1089 981
1089 172
1089 619
1089 313
504 342
504 1055
504 1005
504 1048
504 523
504 636
628 650
628 981
628 930
341 182
341 573
341 1112
341 704
341 842
341 1128
341 96
341 571
341 1042
341 976
341 987
341 580
341 1123
341 191
341 217
892 613
892 512
365 342
365 477
365 1120
365 410
342 477
342 951
342 586
342 523
477 586
477 428
477 204
477 847
477 1105
477 18
477 598
477 870
655 548
655 528
655 1112
655 609
655 387
655 414
655 331
655 664
655 1034
655 759
655 482
655 1039
655 728
655 823
951 981
951 96
951 701
951 471
951 964
951 235
951 1120
951 434
548 12
548 492
548 414
548 971
548 828
548 664
548 482
864 182
864 709
864 957
864 573
864 243
864 1112
864 80
864 898
864 61
864 472
864 177
864 200
864 856
864 900
864 278
864 54
864 1104
213 344
213 231
213 290
213 782
233 712
806 344
806 297
806 947
806 903
806 640
344 231
344 297
344 475
344 271
344 1116
344 49
344 650
344 337
344 918
344 640
344 1022
231 271
231 1109
231 507
231 300
231 981
231 1027
231 337
231 577
231 620
231 712
231 829
297 947
297 618
297 640
475 271
475 266
475 57
271 736
271 1116
947 499
947 352
947 730
112 507
112 614
112 253
112 851
112 887
112 937
112 499
112 782
736 1116
586 164
586 464
586 473
586 890
586 589
586 705
586 898
586 156
586 872
586 741
586 363
586 878
586 1012
332 396
332 1112
332 264
332 331
332 217
332 312
164 473
164 1109
164 182
164 705
164 156
164 76
164 872
164 363
164 733
164 465
164 278
464 727
464 371
464 1049
464 153
464 1030
464 492
464 152
464 936
464 451
464 1127
464 885
464 363
464 399
464 865
464 771
464 53
464 853
464 1105
464 968
473 890
473 1109
473 1081
473 101
473 266
473 727
473 705
473 507
473 624
473 156
473 1127
473 414
473 701
473 886
473 909
473 680
473 177
473 363
473 1090
473 235
473 733
473 394
473 576
473 987
473 419
473 1085
473 565
473 752
473 1020
480 957
480 243
480 479
480 414
480 236
480 1002
480 338
480 549
480 1009
480 934
480 333
890 156
890 177
890 363
890 1062
890 938
1109 315
1109 432
1109 870
1081 979
1081 371
1081 80
1081 872
1081 971
1081 943
1081 461
1081 735
623 957
623 49
623 581
623 190
623 917
623 630
182 502
182 273
182 957
182 243
182 206
182 1090
182 547
182 429
182 169
182 580
182 1018
182 135
182 244
182 648
182 351
182 437
502 957
502 535
502 846
502 987
502 580
502 904
502 984
502 779
276 919
276 101
276 923
276 517
276 621
276 705
276 529
276 153
276 1030
276 613
276 667
276 673
276 500
276 929
276 253
276 817
276 764
276 1122
276 491
276 841
276 519
276 1129
276 870
276 277
276 1066
276 897
510 217
921 300
921 577
921 1072
273 898
273 701
273 909
273 1042
273 175
273 733
273 620
273 343
273 458
273 124
250 528
546 243
546 396
546 259
546 325
546 976
940 979
940 708
940 419
940 329
940 412
940 799
940 515
940 229
940 403
940 68
940 2
940 902
12 481
12 264
12 828
709 535
709 471
709 669
528 202
528 331
528 62
528 889
1035 243
1035 547
1035 988
1035 1055
1035 852
1035 426
1035 833
1035 191
1035 565
373 41
373 70
373 200
373 493
373 212
373 133
373 343
373 392
373 154
373 645
373 215
373 768
25 606
25 760
25 13
25 620
25 253
25 496
25 562
957 979
957 573
957 846
957 243
957 923
957 259
957 898
957 455
957 929
957 965
957 820
957 85
957 244
957 255
589 979
589 919
589 379
589 606
589 21
589 667
589 971
589 909
589 61
589 760
589 177
589 57
589 658
589 360
589 524
589 814
589 348
589 801
589 123
589 184
589 51
589 283
589 436
979 153
979 606
979 259
979 152
979 624
979 660
979 971
979 886
979 363
979 105
979 478
979 708
979 399
979 865
979 95
979 542
979 37
979 978
979 33
979 1105
979 2
979 902
979 599
979 178
919 371
919 667
919 1122
919 841
919 1129
573 717
573 1112
573 704
573 842
573 472
573 258
573 900
573 33
573 392
573 752
573 824
433 998
433 331
433 759
541 913
541 486
913 300
913 262
913 422
535 237
535 701
535 471
535 17
535 641
1116 652
1116 639
101 486
846 717
846 820
846 562
846 824
379 971
379 886
379 909
379 61
379 177
379 694
379 874
379 1055
379 185
379 814
379 820
379 801
379 725
379 129
379 150
379 557
243 717
243 266
243 606
243 898
243 343
243 406
243 135
243 768
243 824
717 842
717 364
717 562
808 159
808 261
808 32
808 401
923 667
923 943
923 817
266 1112
266 70
266 13
266 771
973 49
973 336
396 526
479 609
479 962
479 261
479 629
479 49
479 983
479 414
479 73
479 236
479 160
479 1002
479 1096
479 338
479 812
479 401
479 349
479 446
479 1037
479 543
479 453
572 49
572 481
572 264
572 605
572 374
572 873
1112 153
1112 507
1112 526
1112 613
1112 983
1112 70
1112 264
1112 493
1112 340
1112 630
1112 856
1112 1070
1112 33
1112 537
1112 1017
1112 555
448 967
448 961
448 1126
517 727
517 621
517 529
517 383
517 131
517 1094
727 621
727 371
727 705
727 529
727 1049
727 383
727 1030
727 613
727 885
727 105
727 399
727 771
727 131
727 491
727 519
621 371
621 705
621 529
621 1049
621 383
621 253
621 282
621 131
621 491
621 277
621 384
371 705
371 1049
371 383
371 885
371 764
705 529
705 1049
705 383
705 1030
705 152
705 80
705 363
705 253
705 131
705 422
705 841
705 519
705 1129
705 897
529 1049
529 383
529 1030
529 176
529 131
529 491
529 1129
1049 383
1049 885
1049 771
383 399
383 897
211 492
211 387
211 399
211 1126
211 85
211 491
211 283
153 492
153 624
153 613
153 451
153 1127
153 741
153 105
153 500
153 248
153 865
153 176
153 313
153 977
153 136
153 961
153 764
153 335
153 594
153 793
153 761
153 1068
507 577
507 851
507 95
507 224
507 639
507 539
526 325
526 96
526 1036
526 867
526 746
526 538
526 147
606 13
606 1120
606 768
606 657
1030 1027
1030 431
1030 885
1030 519
1030 53
1030 1086
1030 853
1030 968
1030 1094
1030 742
1030 687
1030 199
159 630
159 867
159 537
159 820
159 904
159 122
492 624
492 936
492 1127
492 701
492 885
492 741
492 105
492 500
492 865
492 419
492 37
492 978
492 412
492 977
492 491
492 519
492 403
492 68
492 283
492 257
492 294
609 629
609 414
609 971
737 977
737 229
737 283
737 1094
259 666
259 161
259 538
259 599
300 394
300 878
614 262
614 652
614 851
614 1072
614 308
614 747
614 539
614 553
21 1127
21 1036
21 1105
21 1082
21 109
962 971
962 1090
962 253
962 640
962 446
387 1127
387 929
387 458
387 607
450 49
583 152
583 899
583 490
152 899
152 624
152 31
152 105
152 771
152 465
152 298
152 1115
899 80
899 52
899 95
899 490
899 465
899 847
899 870
80 624
80 31
80 451
80 1127
80 399
80 852
80 176
80 313
80 85
80 519
624 31
624 613
624 451
624 1127
624 741
624 363
624 176
624 136
624 519
624 1066
624 115
31 483
31 105
31 126
936 613
936 105
936 708
936 865
936 176
936 419
936 37
936 403
613 105
613 708
613 865
613 764
613 199
660 1127
660 1005
898 842
898 66
898 925
898 13
898 175
898 620
898 415
898 856
898 852
898 278
898 1104
667 929
667 632
261 414
261 1002
261 33
261 401
325 206
325 471
325 905
325 920
325 474
325 810
1077 125
1077 210
1077 680
1077 733
1077 254
1077 530
156 363
156 394
156 465
629 32
107 165
107 547
107 733
107 99
107 51
107 908
76 343
76 108
704 1003
704 967
704 1123
704 538
704 135
67 663
67 986
67 66
67 314
67 516
67 903
67 406
67 877
67 870
67 306
67 836
67 789
49 983
49 125
49 172
49 363
49 559
49 547
49 988
49 465
49 1123
49 764
49 1048
49 312
49 593
49 75
1003 459
1003 958
1003 327
1003 986
1003 831
451 977
451 519
451 847
451 999
237 160
237 81
237 204
237 598
237 351
237 641
237 1110
237 813
872 363
872 1055
872 539
872 735
1127 971
1127 885
1127 483
1127 741
1127 105
1127 500
1127 50
1127 1055
1127 865
1127 176
1127 313
1127 412
1127 977
1127 136
1127 764
1127 335
1127 594
1127 793
1127 761
1127 115
650 524
560 1027
981 105
981 95
981 313
1027 1062
1027 875
1046 369
1046 618
652 903
652 851
652 1072
652 308
652 960
652 605
431 369
431 885
431 805
431 1005
431 465
431 961
431 260
481 932
481 604
481 111
481 620
481 478
481 493
577 971
577 289
577 576
577 372
577 712
165 189
165 447
165 1000
165 206
165 733
165 527
165 99
165 908
165 476
785 1128
141 595
141 490
604 986
604 66
604 13
604 856
604 896
604 205
604 154
604 881
842 41
842 1128
842 472
842 493
842 415
842 212
842 133
842 1036
842 856
842 1102
842 185
842 1104
842 11
842 405
842 776
377 206
377 733
377 1055
983 649
983 253
983 441
983 190
983 916
983 952
983 802
983 956
983 906
983 924
983 336
983 309
983 811
983 995
983 22
983 1044
41 472
41 493
41 212
41 343
1128 580
1128 1123
1128 11
414 971
414 1009
96 258
96 190
96 988
96 900
96 538
96 593
96 58
96 0
595 1051
595 161
595 538
595 460
595 657
595 766
595 723
595 285
125 933
125 447
125 206
125 210
125 1088
125 680
125 1007
125 547
125 733
125 302
125 530
125 1020
125 810
125 75
125 3
125 252
125 4
125 1024
125 427
125 395
125 745
125 809
111 988
238 597
238 607
238 11
238 74
649 190
649 906
649 924
649 79
649 756
649 811
649 22
649 489
487 1090
487 536
701 471
701 175
701 917
701 331
701 759
701 777
701 301
70 971
70 886
70 175
70 493
70 212
70 392
70 385
70 883
70 215
70 405
971 909
971 105
971 235
971 929
971 1016
971 205
971 434
971 351
971 150
971 689
971 270
886 986
886 760
886 998
886 549
886 205
933 680
933 1090
933 302
933 254
933 530
933 1032
486 328
189 350
189 547
189 681
189 837
189 476
189 3
189 103
663 10
663 459
663 314
663 302
663 565
447 350
447 210
447 437
447 810
447 908
447 3
447 948
1031 733
512 10
512 849
512 547
512 733
512 837
512 51
512 1015
10 874
10 720
10 832
10 51
10 908
10 1015
849 1088
849 547
849 733
849 1102
849 524
849 922
849 681
849 449
849 146
849 216
1000 837
1000 877
1000 810
350 206
350 210
350 1088
350 375
350 958
350 327
350 642
350 733
350 424
350 681
350 34
350 810
350 881
350 4
350 140
350 443
350 1059
350 497
206 210
206 175
206 733
206 681
206 565
206 564
206 810
206 427
459 314
459 831
459 905
210 680
210 429
210 302
210 530
210 1020
210 810
210 3
210 1024
210 948
1088 733
1088 302
1088 745
1088 242
1088 234
909 61
909 874
909 946
909 348
909 123
909 935
909 339
376 375
375 958
375 903
375 642
375 424
375 988
375 443
61 658
61 946
61 348
61 960
61 123
61 832
61 935
61 695
773 147
958 424
958 443
991 327
991 1051
991 468
991 147
991 710
327 161
327 593
327 26
986 194
986 66
986 314
986 612
986 805
986 200
986 424
986 771
760 175
760 917
760 183
760 343
760 597
760 811
943 455
943 929
943 181
885 175
885 105
885 865
885 176
885 771
885 1126
885 519
885 53
885 853
885 968
885 742
885 209
455 929
455 817
455 876
194 516
194 485
66 516
66 903
66 483
66 200
66 424
66 491
66 229
66 836
314 516
314 585
314 424
314 1034
314 920
516 998
516 664
516 209
673 1072
673 465
673 961
673 1126
673 260
673 1122
673 1129
673 847
673 870
673 1115
673 522
680 733
680 302
680 254
680 530
680 1032
949 316
472 596
64 177
64 887
64 289
64 290
64 861
64 393
64 205
998 775
998 253
998 331
998 759
998 0
642 424
471 790
471 559
471 895
471 759
471 81
471 128
531 253
964 775
964 235
964 1120
964 434
964 1084
790 175
790 759
790 81
775 235
775 410
1043 154
241 217
177 212
177 452
177 1055
177 852
177 347
177 462
1007 1002
1007 302
925 821
13 154
13 941
1042 175
1042 11
741 105
741 95
741 176
741 313
741 977
741 1126
741 594
741 761
363 235
363 878
363 118
363 1055
363 681
363 767
363 1032
1090 878
1090 576
1090 681
1090 767
559 854
559 128
559 284
175 976
175 733
175 620
175 343
175 759
175 527
175 347
175 868
976 759
105 500
105 708
105 95
105 176
105 313
105 977
105 136
105 764
105 335
105 594
105 793
105 761
1065 620
1065 1102
1065 578
1065 575
1065 1063
547 733
547 429
547 681
547 99
547 837
547 877
547 34
547 1018
547 476
547 390
428 887
428 1055
428 465
428 1126
428 260
428 204
428 11
428 77
6 929
269 929
269 965
269 767
235 1120
235 410
235 434
235 1084
791 876
1019 569
718 204
718 1120
718 434
718 1084
718 1075
718 974
200 620
200 253
200 493
200 212
200 343
200 458
200 392
733 253
733 343
733 681
733 102
733 254
733 99
733 530
733 837
733 877
733 34
733 51
733 810
733 908
733 745
429 527
429 99
429 146
966 787
966 605
620 441
620 133
620 343
620 562
620 1063
854 659
500 937
500 176
500 977
500 136
500 335
500 594
500 793
500 761
666 1002
666 967
666 599
666 657
929 93
929 632
253 190
253 916
253 828
253 133
253 967
253 360
253 1025
253 720
253 416
253 841
253 219
253 267
253 1029
253 358
253 679
364 191
878 296
955 302
851 308
851 782
851 960
264 1102
264 458
264 524
264 1051
264 922
264 199
478 917
478 568
581 301
581 888
493 212
493 442
493 133
493 343
493 1055
493 392
493 385
493 896
493 883
493 645
493 215
493 768
493 562
493 1058
835 856
708 399
708 865
708 771
708 419
708 542
708 978
708 412
708 977
708 799
708 2
708 902
708 178
399 865
399 95
399 176
399 419
399 542
399 329
399 2
887 289
887 937
887 1062
887 95
887 853
887 670
282 372
282 37
282 638
282 454
289 290
289 861
289 393
289 340
289 372
937 95
608 600
608 639
800 441
441 190
441 952
441 956
441 212
441 309
441 1025
441 876
441 333
441 768
441 689
441 390
290 393
290 782
290 639
861 95
861 600
861 150
393 339
536 802
536 956
190 952
190 1096
190 876
190 1074
916 952
73 401
424 443
236 338
236 934
236 257
32 401
160 1002
160 81
160 349
160 993
160 317
828 1119
828 593
1002 1009
1002 446
1002 257
1002 203
1002 665
1002 945
1002 882
1002 1113
551 285
1119 1051
1119 27
118 1124
952 501
802 956
802 22
906 811
924 458
444 50
499 618
499 413
1096 401
248 771
248 85
338 401
338 934
338 1037
338 257
50 501
50 1044
917 458
576 901
576 183
576 678
576 52
901 183
183 678
765 763
765 639
765 634
340 372
340 222
1016 343
1016 126
1016 763
1062 328
1062 1072
1062 465
181 626
871 578
212 133
212 343
212 392
212 385
212 896
133 392
133 768
1036 630
1036 867
1036 521
1036 904
1036 147
987 779
987 553
987 106
987 117
987 359
967 578
343 719
343 458
343 392
343 896
343 824
343 575
630 336
630 867
630 113
630 122
630 1113
856 1025
1102 524
1102 922
1102 753
719 850
1060 607
658 348
658 484
360 461
360 205
360 927
874 348
874 832
874 695
452 121
1055 918
1055 1072
1055 700
1055 336
1055 593
1055 476
1055 219
185 764
946 348
524 922
524 578
524 555
918 764
814 626
348 815
372 328
372 639
640 465
640 230
1072 230
1072 100
1072 769
308 960
308 725
308 553
308 321
1051 538
161 538
161 1071
700 763
336 465
852 880
922 920
922 449
922 474
922 146
922 216
922 497
922 16
900 521
900 578
900 562
900 405
681 527
681 837
681 103
681 146
681 16
93 767
93 822
93 751
93 632
331 1085
331 636
331 209
664 482
969 1082
969 110
1025 154
1034 1103
378 870
24 501
865 542
865 329
865 978
865 799
865 515
865 2
865 902
865 283
865 294
865 1121
95 176
95 313
95 771
95 634
95 747
176 313
176 977
176 136
176 335
176 594
176 793
176 761
176 1068
1098 490
1098 1115
1098 999
313 85
771 977
771 2
771 742
771 687
771 199
490 1017
490 1115
490 999
812 811
675 193
600 150
419 329
419 412
419 2
542 37
542 329
542 412
542 763
542 2
37 329
37 412
37 799
37 2
329 412
329 2
412 799
412 638
33 401
537 113
113 1103
977 465
977 136
977 335
977 594
977 793
977 761
302 254
302 530
302 3
302 395
302 745
302 809
302 234
302 617
580 244
580 779
468 710
759 482
759 81
759 128
759 525
392 385
392 768
385 883
385 555
385 1058
596 768
596 1099
896 883
126 1094
756 1129
465 961
465 1126
465 260
465 764
782 639
763 639
131 335
131 491
131 841
131 853
131 277
136 335
136 594
136 793
136 761
193 813
193 219
193 1029
193 993
193 71
116 961
482 410
482 974
1111 938
539 690
931 944
254 530
254 1024
254 1032
254 880
961 1126
961 260
720 51
720 1015
1103 904
582 521
527 208
527 449
527 837
597 607
883 215
883 768
883 284
816 578
81 128
99 877
99 565
99 948
99 1078
1087 390
347 1094
1126 260
1126 870
260 997
205 85
205 405
205 671
205 693
205 1038
367 801
367 484
538 657
449 103
449 216
449 497
449 16
530 1032
530 234
530 16
837 103
837 1015
837 497
837 16
578 135
27 34
1074 877
1074 34
1074 564
1074 1009
1074 286
85 1125
204 598
204 641
204 813
1085 1082
1085 109
1085 209
1083 1094
1083 1125
877 34
877 565
877 286
34 286
565 564
565 103
565 146
565 588
123 554
935 321
764 750
335 594
335 793
335 761
594 793
594 761
793 761
1122 841
1122 1129
1122 277
491 1068
491 1076
841 1129
841 598
1086 853
1086 968
1086 1094
1086 742
1086 687
1086 199
1086 776
853 968
853 1094
853 742
853 199
1129 934
1129 277
1048 227
523 636
636 284
1120 434
1120 974
847 870
847 522
598 823
598 1110
598 813
598 219
598 1029
870 1115
870 999
728 813
728 219
728 1029
728 993
728 71
434 1084
434 1075
434 974
312 435
968 742
968 199
752 753
1020 75
1009 1024
934 257
1018 390
244 368
648 776
648 506
351 641
351 813
779 553
779 106
799 515
799 902
515 229
229 283
154 215
562 824
51 810
51 908
51 1015
283 294
283 77
283 1121
599 1093
446 203
446 1113
1094 742
1094 199
147 1052
657 267
742 199
742 514
553 106
1082 209
109 209
607 11
1115 999
810 908
810 745
810 497
810 286
108 1052
306 676
593 26
593 354
1110 813
1110 219
1110 1029
1110 71
813 219
813 1029
813 358
813 71
11 275
766 285
766 267
285 267
1024 280
427 880
745 234
689 1029
689 993
103 146
103 216
103 497
103 16
216 497
216 16
497 16
234 286
128 1114
974 71
219 1029
219 358
219 993
219 71
1029 358
1029 993
1029 71
358 71
1058 1117
993 317
203 1113
203 611
106 714
117 359
1071 1131
16 286
1131 1131
