0 593
1 415
2 188
3 960
4 929
5 605
6 635
7 1062
8 379
9 995
10 314
11 448
12 1094
13 9
14 456
15 51
16 1074
17 558
18 664
19 6
20 1024
21 612
22 459
23 1120
24 992
25 559
26 85
27 1066
28 298
29 637
30 344
31 464
32 8
33 926
34 112
35 512
36 1031
37 989
38 380
39 489
40 517
41 176
42 90
43 400
44 697
45 247
46 886
47 180
48 274
49 1100
50 407
51 351
52 935
53 248
54 302
55 1022
56 357
57 750
58 798
59 701
60 888
61 822
62 1090
63 734
64 1125
65 991
66 990
67 1011
68 779
69 920
70 733
71 745
72 744
73 234
74 874
75 381
76 617
77 1059
78 1099
79 808
80 431
81 203
82 67
83 283
84 1127
85 724
86 712
87 375
88 771
89 899
90 788
91 844
92 736
93 682
94 796
95 976
96 978
97 1079
98 849
99 907
100 688
101 695
102 1067
103 457
104 288
105 178
106 1130
107 253
108 202
109 140
110 106
111 1089
112 343
113 143
114 333
115 1091
116 548
117 851
118 390
119 481
120 255
121 908
122 511
123 154
124 509
125 221
126 376
127 742
128 429
129 466
130 122
131 480
132 619
133 620
134 725
135 999
136 1057
137 1033
138 186
139 792
140 902
141 1035
142 651
143 76
144 552
145 187
146 505
147 354
148 191
149 0
150 482
151 887
152 309
153 516
154 245
155 1027
156 291
157 290
158 1124
159 533
160 1131
161 167
162 577
163 80
164 356
165 364
166 348
167 355
168 677
169 663
170 1096
171 280
172 515
173 1106
174 64
175 545
176 123
177 762
178 181
179 786
180 169
181 318
182 877
183 945
184 336
185 930
186 2
187 45
188 514
189 526
190 225
191 557
192 928
193 622
194 210
195 811
196 520
197 665
198 250
199 373
200 538
201 39
202 776
203 925
204 458
205 128
206 104
207 171
208 105
209 784
210 316
211 536
212 14
213 962
214 147
215 1055
216 55
217 326
218 193
219 195
220 454
221 743
222 149
223 1105
224 739
225 555
226 231
227 65
228 58
229 322
230 260
231 157
232 600
233 47
234 358
235 919
236 597
237 1008
238 1029
239 737
240 824
241 692
242 495
243 711
244 389
245 546
246 578
247 760
248 735
249 170
250 463
251 1043
252 747
253 965
254 615
255 986
256 226
257 1003
258 963
259 751
260 820
261 672
262 969
263 408
264 952
265 957
266 700
267 683
268 395
269 561
270 940
271 452
272 162
273 646
274 1052
275 987
276 453
277 97
278 704
279 406
280 1103
281 440
282 243
283 1123
284 214
285 469
286 350
287 230
288 418
289 151
290 705
291 258
292 946
293 1092
294 985
295 293
296 956
297 529
298 859
299 56
300 146
301 803
302 50
303 630
304 442
305 1081
306 118
307 449
308 345
309 631
310 521
311 362
312 611
313 33
314 1051
315 113
316 31
317 103
318 222
319 477
320 471
321 790
322 1083
323 708
324 519
325 589
326 1132
327 278
328 749
329 483
330 138
331 699
332 614
333 740
334 510
335 323
336 539
337 879
338 422
339 673
340 382
341 766
342 855
343 1108
344 531
345 61
346 933
347 1082
348 25
349 263
350 996
351 229
352 653
353 370
354 961
355 455
356 640
357 918
358 81
359 1101
360 304
361 832
362 1084
363 321
364 284
365 472
366 678
367 868
368 772
369 837
370 1050
371 931
372 378
373 645
374 479
375 60
376 626
377 625
378 1065
379 215
380 168
381 342
382 196
383 120
384 602
385 632
386 866
387 264
388 319
389 764
390 84
391 491
392 974
393 972
394 485
395 206
396 388
397 232
398 327
399 726
400 246
401 777
402 155
403 681
404 816
405 573
406 224
407 869
408 63
409 639
410 780
411 405
412 679
413 1060
414 1023
415 438
416 150
417 657
418 670
419 199
420 841
421 79
422 92
423 654
424 87
425 238
426 430
427 1047
428 690
429 556
430 421
431 272
432 924
433 590
434 627
435 177
436 982
437 812
438 853
439 893
440 889
441 200
442 11
443 1088
444 313
445 368
446 813
447 377
448 860
449 1001
450 958
451 417
452 1025
453 37
454 591
455 1109
456 599
457 127
458 865
459 757
460 192
461 1113
462 949
463 497
464 46
465 439
466 334
467 892
468 1070
469 738
470 281
471 244
472 462
473 96
474 194
475 28
476 446
477 909
478 821
479 1058
480 861
481 624
482 666
483 594
484 36
485 644
486 864
487 716
488 1098
489 1006
490 553
491 499
492 579
493 82
494 1111
495 525
496 1009
497 709
498 444
499 818
500 778
501 227
502 947
503 903
504 240
505 793
506 26
507 475
508 443
509 189
510 609
511 618
512 54
513 241
514 265
515 782
516 174
517 1121
518 768
519 954
520 570
521 823
522 649
523 1117
524 311
525 560
526 108
527 702
528 767
529 581
530 121
531 606
532 856
533 595
534 1128
535 239
536 997
537 608
538 934
539 1110
540 72
541 289
542 847
543 273
544 850
545 731
546 436
547 161
548 896
549 522
550 523
551 441
552 1039
553 937
554 184
555 504
556 607
557 396
558 769
559 729
560 968
561 498
562 413
563 470
564 1095
565 885
566 770
567 741
568 720
569 948
570 964
571 713
572 153
573 416
574 862
575 754
576 628
577 1044
578 781
579 493
580 1063
581 1119
582 827
583 223
584 91
585 88
586 638
587 310
588 921
589 402
590 371
591 12
592 100
593 1014
594 397
595 819
596 10
597 346
598 86
599 49
600 668
601 543
602 424
603 110
604 881
605 858
606 836
607 78
608 399
609 1015
610 1004
611 508
612 507
613 994
614 900
615 496
616 596
617 126
618 684
619 1104
620 279
621 1019
622 572
623 207
624 1042
625 980
626 259
627 571
628 1122
629 854
630 317
631 367
632 70
633 554
634 542
635 1017
636 857
637 75
638 182
639 587
640 565
641 211
642 763
643 528
644 391
645 746
646 661
647 77
648 706
649 843
650 303
651 1068
652 1020
653 791
654 723
655 235
656 102
657 966
658 437
659 185
660 897
661 435
662 467
663 939
664 23
665 685
666 898
667 465
668 173
669 360
670 29
671 320
672 41
673 484
674 842
675 69
676 384
677 156
678 501
679 308
680 1021
681 567
682 1046
683 674
684 576
685 208
686 826
687 642
688 218
689 1075
690 532
691 848
692 256
693 873
694 582
695 142
696 730
697 473
698 787
699 269
700 641
701 337
702 748
703 1085
704 938
705 950
706 1049
707 1036
708 409
709 266
710 1072
711 890
712 927
713 696
714 1026
715 359
716 474
717 252
718 636
719 917
720 923
721 175
722 981
723 977
724 1040
725 569
726 773
727 872
728 988
729 335
730 414
731 1114
732 910
733 328
734 916
735 1102
736 119
737 1080
738 710
739 1093
740 165
741 276
742 197
743 433
744 490
745 680
746 101
747 148
748 340
749 852
750 1000
751 374
752 365
753 163
754 829
755 804
756 870
757 305
758 658
759 717
760 953
761 73
762 286
763 707
764 338
765 580
766 332
767 468
768 574
769 52
770 412
771 130
772 83
773 349
774 271
775 116
776 583
777 518
778 201
779 275
780 251
781 34
782 164
783 634
784 914
785 845
786 233
787 795
788 689
789 643
790 1071
791 1076
792 66
793 133
794 895
795 951
796 1118
797 57
798 312
799 955
800 30
801 262
802 863
803 40
804 566
805 17
806 1013
807 703
808 172
809 16
810 775
811 652
812 160
813 460
814 1054
815 1016
816 74
817 894
818 838
819 445
820 22
821 839
822 13
823 426
824 975
825 686
826 588
827 547
828 675
829 114
830 158
831 993
832 20
833 753
834 1034
835 698
836 137
837 669
838 633
839 911
840 339
841 423
842 752
843 503
844 325
845 867
846 212
847 891
848 27
849 361
850 216
851 575
852 237
853 932
854 541
855 1045
856 719
857 277
858 789
859 268
860 428
861 1037
862 783
863 794
864 694
865 1115
866 300
867 42
868 93
869 59
870 220
871 906
872 884
873 875
874 387
875 7
876 502
877 563
878 721
879 774
880 806
881 544
882 1087
883 124
884 1007
885 38
886 1064
887 834
888 676
889 331
890 1107
891 524
892 718
893 24
894 1
895 204
896 603
897 447
898 341
899 604
900 984
901 755
902 386
903 363
904 131
905 347
906 179
907 492
908 727
909 814
910 486
911 1097
912 693
913 970
914 254
915 62
916 99
917 659
918 732
919 840
920 111
921 901
922 394
923 19
924 94
925 44
926 1010
927 166
928 1073
929 282
930 831
931 527
932 228
933 411
934 420
935 1012
936 68
937 656
938 236
939 115
940 1061
941 871
942 135
943 295
944 648
945 383
946 535
947 95
948 922
949 1077
950 1028
951 728
952 1129
953 610
954 296
955 1002
956 134
957 800
958 667
959 941
960 369
961 205
962 261
963 48
964 1078
965 1116
966 419
967 616
968 352
969 810
970 159
971 513
972 249
973 568
974 601
975 650
976 715
977 585
978 598
979 301
980 979
981 943
982 4
983 136
984 765
985 451
986 876
987 35
988 1018
989 537
990 330
991 324
992 267
993 393
994 109
995 592
996 882
997 967
998 152
999 942
1000 494
1001 461
1002 883
1003 410
1004 835
1005 476
1006 1053
1007 828
1008 71
1009 392
1010 905
1011 830
1012 315
1013 1112
1014 833
1015 141
1016 307
1017 756
1018 564
1019 488
1020 846
1021 959
1022 584
1023 125
1024 366
1025 623
1026 562
1027 530
1028 98
1029 998
1030 807
1031 714
1032 912
1033 209
1034 372
1035 1048
1036 43
1037 478
1038 944
1039 3
1040 403
1041 817
1042 551
1043 427
1044 802
1045 761
1046 270
1047 613
1048 401
1049 385
1050 722
1051 242
1052 785
1053 549
1054 217
1055 144
1056 973
1057 500
1058 329
1059 15
1060 32
1061 799
1062 425
1063 434
1064 983
1065 550
1066 129
1067 880
1068 257
1069 758
1070 132
1071 306
1072 18
1073 647
1074 145
1075 586
1076 797
1077 687
1078 53
1079 1086
1080 621
1081 213
1082 878
1083 655
1084 139
1085 89
1086 534
1087 398
1088 815
1089 629
1090 107
1091 198
1092 487
1093 801
1094 432
1095 913
1096 299
1097 805
1098 117
1099 1126
1100 1038
1101 21
1102 1032
1103 5
1104 915
1105 190
1106 506
1107 292
1108 353
1109 285
1110 825
1111 662
1112 183
1113 540
1114 1041
1115 660
1116 404
1117 1005
1118 297
1119 671
1120 1056
1121 450
1122 809
1123 1030
1124 1069
1125 971
1126 294
1127 759
1128 904
1129 219
1130 691
1131 287
1132 936
