849 961
849 526
849 1019
849 173
849 174
849 392
849 91
849 458
849 846
849 507
849 769
849 177
849 294
849 718
849 341
849 1129
849 451
849 448
849 612
849 593
849 215
849 576
849 635
849 244
849 892
849 61
849 538
849 95
849 368
961 526
961 1019
961 174
961 392
961 91
961 458
961 846
961 507
961 177
961 451
961 448
961 612
961 215
961 635
961 420
961 522
961 494
961 230
961 262
961 33
526 174
526 392
526 91
526 458
526 507
526 769
526 341
526 451
526 448
526 612
526 593
526 215
526 576
526 892
526 61
526 494
526 427
526 459
526 64
526 963
526 470
526 43
526 723
526 736
526 170
526 556
526 155
526 410
526 189
526 1044
526 1030
526 220
526 800
1019 507
1019 215
1019 647
1019 1008
1019 1122
1019 599
1019 1097
1019 1001
1019 367
1019 816
1019 461
1019 318
1019 22
1019 1082
1019 760
1019 352
1019 821
1019 187
173 174
173 177
173 1073
173 527
173 855
173 365
173 985
173 1104
174 392
174 91
174 177
174 341
174 451
174 215
174 892
174 61
174 494
174 655
174 1102
174 975
174 330
174 900
174 73
174 232
392 458
392 846
392 177
392 718
392 341
392 448
392 215
392 61
392 365
392 755
392 158
392 188
392 1
392 621
392 671
392 146
392 575
392 298
392 135
392 462
392 1099
392 806
91 215
91 61
91 539
91 547
458 846
458 177
458 341
458 593
458 215
458 635
458 95
458 64
458 90
458 202
458 35
458 1029
458 931
846 341
846 635
846 95
846 494
846 352
846 990
846 935
846 746
846 425
846 267
846 663
846 1065
846 1031
846 818
846 1056
846 264
846 626
846 1038
846 86
846 807
846 729
846 378
846 415
846 925
846 1005
846 871
846 46
846 866
507 451
507 448
507 612
507 215
507 98
507 723
507 1073
507 1047
507 127
507 355
507 200
507 238
507 563
507 1124
769 330
769 523
769 339
769 850
769 513
769 151
769 567
769 1126
769 419
769 23
769 894
769 268
769 457
769 1118
769 350
769 798
177 294
177 341
177 451
177 215
177 635
177 61
177 723
177 760
177 365
177 1029
177 798
177 714
177 114
177 502
177 93
177 396
177 1042
177 495
294 718
294 341
294 635
294 522
294 494
294 655
294 931
294 746
294 267
294 729
294 378
294 238
294 183
294 70
294 572
294 610
294 429
294 970
294 877
294 728
294 29
294 955
294 840
294 254
294 691
294 923
294 690
294 481
294 790
294 740
294 438
294 325
294 241
294 283
718 576
718 522
718 494
718 365
718 671
718 728
718 224
718 632
718 245
718 467
718 946
718 884
718 704
718 157
718 305
341 635
341 95
341 522
341 494
341 800
341 953
341 35
341 990
341 729
341 1005
341 46
341 209
341 958
341 885
341 370
341 510
341 145
341 613
341 989
341 654
341 619
341 6
341 888
341 1127
341 176
341 552
341 49
341 706
341 234
341 237
341 27
341 1068
341 658
341 666
341 659
341 310
341 683
341 847
341 282
1129 635
1129 494
1129 1031
1129 1092
1129 133
1129 713
451 448
451 593
451 215
451 576
451 98
451 244
451 892
451 427
451 79
451 753
451 111
448 612
448 892
448 33
448 64
448 352
448 1102
448 73
448 1038
448 563
448 467
448 722
448 271
448 132
448 331
448 710
448 384
448 106
448 1067
448 795
448 326
612 215
612 470
612 410
612 278
612 1029
612 111
612 331
612 261
612 880
612 414
612 587
593 576
593 98
593 427
593 459
593 64
593 736
593 170
593 1030
593 220
593 1122
593 1
593 90
593 202
593 35
593 931
593 93
593 888
593 49
593 27
593 1092
593 795
593 980
593 436
593 180
593 259
593 218
593 377
593 140
593 680
593 809
593 10
593 178
593 161
593 794
593 142
593 875
593 204
593 540
215 892
215 420
215 33
576 98
576 33
576 427
576 963
576 470
576 43
576 723
576 736
576 410
576 1030
576 655
576 135
576 355
576 200
576 151
576 283
576 141
576 654
576 753
576 271
576 326
576 436
576 178
576 762
576 727
576 943
576 870
576 814
576 919
576 773
576 667
576 1131
576 582
576 592
576 529
576 107
576 1115
576 1027
576 854
576 34
576 353
576 611
576 519
576 226
576 543
635 95
635 522
635 1008
635 352
635 990
635 935
635 267
635 1031
635 818
635 626
635 1038
635 86
635 378
635 877
635 728
635 923
635 481
635 283
635 727
635 859
635 359
635 388
635 167
635 668
635 905
635 934
635 566
635 907
635 942
635 693
635 652
635 966
98 244
98 427
98 599
98 1001
98 925
98 753
98 882
98 870
98 388
98 431
98 498
98 838
98 41
98 976
892 33
892 352
892 73
892 575
892 467
892 271
892 375
892 384
892 882
892 107
892 395
892 912
892 751
61 283
61 331
61 353
61 83
61 864
538 23
538 269
538 700
538 721
538 256
538 287
538 59
538 171
95 494
95 155
95 740
95 885
95 141
95 389
95 613
95 706
95 659
95 531
95 508
95 1043
95 1051
95 277
95 343
95 761
95 266
95 984
95 637
95 45
95 591
368 723
368 1030
368 202
368 93
368 989
368 261
368 980
368 140
368 875
368 152
368 1014
368 249
368 212
368 7
368 863
368 895
368 28
368 580
368 930
368 154
420 366
522 494
522 1038
522 29
494 220
494 352
494 990
494 283
494 83
494 216
494 316
33 189
33 132
33 331
33 1067
33 261
33 10
33 667
33 107
33 1014
33 169
33 463
33 1037
33 265
33 954
33 253
33 1109
33 1033
33 524
33 588
427 64
427 963
427 470
427 723
427 736
427 410
427 804
427 35
427 931
427 753
427 326
427 980
427 436
427 377
427 870
427 256
427 287
427 207
427 969
427 466
427 1114
427 1009
427 1004
459 963
459 736
459 170
459 155
459 1030
459 220
459 800
459 1008
459 35
459 93
459 654
459 773
459 907
459 895
459 969
459 466
459 642
459 819
459 573
459 156
459 295
459 214
459 1028
459 1071
459 276
64 736
64 170
64 556
64 410
64 189
64 1030
64 1001
64 232
64 146
64 90
64 1029
64 355
64 200
64 305
64 885
64 49
64 384
64 882
64 980
64 436
64 180
64 377
64 204
64 762
64 667
64 207
64 7
64 588
64 969
64 466
64 1004
64 891
64 541
64 1050
64 688
64 909
64 835
64 181
64 227
64 323
64 500
64 153
64 999
963 43
963 723
963 410
963 330
963 202
963 35
963 355
963 93
963 980
963 1131
963 976
963 287
963 207
963 212
963 863
963 28
963 580
963 969
963 466
963 1114
963 909
963 153
963 589
963 250
963 1081
963 698
963 1116
963 303
963 485
963 656
963 546
963 948
963 263
963 557
963 102
963 1054
963 899
963 3
963 1024
963 382
963 302
963 406
963 1075
963 198
963 300
963 564
963 639
470 736
470 271
470 326
470 15
470 519
470 570
43 804
43 200
43 207
43 366
43 698
43 485
43 398
43 852
43 739
43 405
43 9
43 20
43 560
43 555
43 1040
723 410
723 1030
723 1073
723 127
723 305
723 753
723 140
723 875
723 212
723 253
723 466
723 156
723 406
723 129
723 603
723 605
723 853
723 274
723 413
723 1015
723 595
723 689
723 247
723 1072
736 556
736 804
736 647
736 1008
736 1122
736 1001
736 816
736 318
736 1082
736 760
736 821
736 187
736 278
736 261
736 436
736 1033
736 969
736 835
736 406
736 1040
736 517
736 1069
736 715
736 1045
736 745
736 424
736 385
170 202
170 28
170 973
556 652
556 207
556 276
556 8
155 1030
155 220
155 800
155 365
155 1104
155 35
155 871
155 245
155 613
155 989
155 888
155 237
155 261
155 15
155 529
155 907
155 976
155 531
155 277
155 343
155 984
155 45
155 591
155 169
155 573
155 295
155 263
155 944
155 738
155 199
155 945
155 889
155 670
155 933
155 308
410 804
410 278
410 305
410 111
410 261
410 980
410 875
410 1131
410 287
410 266
410 212
410 580
410 969
410 276
410 891
410 639
410 661
410 1120
189 1030
189 800
189 35
189 794
189 15
189 854
189 580
189 154
189 588
189 969
189 1071
189 891
189 358
189 1060
189 516
189 172
189 754
189 1132
189 802
804 278
804 127
804 200
804 419
804 93
804 283
804 111
804 261
804 259
804 10
804 15
804 388
804 171
804 212
804 863
804 154
804 1033
804 156
804 1028
804 276
804 300
804 555
804 445
804 416
804 69
804 832
804 684
804 252
804 535
804 928
804 51
804 615
1044 187
1030 365
1030 232
1030 224
1030 245
1030 946
1030 704
1030 305
1030 773
1030 171
1030 152
1030 249
1030 212
1030 1037
1030 969
1030 153
1030 69
1030 630
1030 320
1030 391
1030 89
1030 1039
1030 258
220 800
220 35
220 871
220 613
220 875
220 531
220 266
220 819
220 449
220 793
800 953
800 35
800 871
800 127
800 885
800 141
800 613
800 989
800 1127
800 49
800 234
800 237
800 27
800 140
800 668
800 907
800 45
800 207
800 863
800 819
800 214
800 102
800 199
800 285
800 910
800 40
800 408
800 558
647 1008
647 1122
647 1001
647 816
647 461
647 318
647 760
647 187
647 132
647 519
647 835
647 413
647 517
647 179
647 217
647 112
647 662
647 627
647 1103
647 501
647 354
647 1125
647 430
647 952
647 749
647 409
1008 1122
1008 1001
1008 816
1008 318
1008 22
1008 760
1008 187
1008 931
1008 267
1008 378
1008 209
1008 888
1008 178
1008 519
1008 359
1008 1033
1008 835
1008 1054
1008 889
1008 1113
1008 369
1008 1093
1008 37
1008 192
1008 512
1008 694
1008 101
1122 1001
1122 816
1122 760
1122 821
1122 187
1122 161
1122 519
1122 517
1122 745
1122 468
1122 163
1122 248
599 952
1097 816
1097 1082
1097 469
1097 587
1097 285
1097 952
1097 679
1097 890
1097 550
1001 367
1001 816
1001 318
1001 22
1001 821
1001 187
1001 339
1001 1126
1001 457
1001 245
1001 654
1001 919
1001 366
1001 688
1001 835
1001 217
1001 581
1001 493
1001 645
367 821
367 457
367 1069
367 217
367 186
367 455
367 24
816 461
816 1082
816 760
816 187
816 188
816 519
816 1125
816 952
816 42
816 551
461 1082
461 519
461 745
461 179
461 217
461 112
461 1125
461 952
461 551
461 482
461 483
461 939
318 760
318 821
318 187
318 519
318 171
318 891
318 517
318 616
22 882
22 519
22 359
22 745
22 952
22 37
22 702
22 149
22 345
22 450
1082 760
1082 188
1082 519
1082 835
1082 745
1082 285
1082 952
1082 679
1082 551
1082 482
1082 965
760 187
760 188
760 310
760 253
760 156
760 385
760 1120
760 1039
760 679
760 42
760 24
760 417
760 569
760 65
760 717
760 918
760 926
760 110
760 536
352 1102
352 990
352 1056
352 29
352 955
352 283
352 331
352 795
352 353
352 1014
352 466
352 1120
352 101
352 342
352 1086
352 74
821 355
821 331
821 1069
821 455
821 482
821 805
187 339
187 773
187 519
187 859
187 930
187 1033
187 588
187 1114
187 541
187 835
187 1024
187 689
187 517
187 832
187 679
187 186
187 551
187 482
187 770
187 669
187 184
187 1084
187 1100
187 628
187 836
187 787
187 896
1073 158
1073 127
1073 204
1073 667
1073 323
1073 153
1073 555
1073 413
1073 595
1073 516
1073 258
1073 110
1073 14
1073 125
1073 1025
1073 649
1073 633
1073 31
527 539
527 871
527 355
527 467
527 885
527 141
527 888
527 331
527 10
527 388
527 1039
527 493
527 645
527 407
527 1035
527 785
527 719
527 32
527 1062
527 356
855 350
855 919
855 969
855 449
855 562
855 235
855 1026
855 981
855 518
855 674
365 655
365 330
365 35
365 1056
365 626
365 378
365 23
365 457
365 224
365 245
365 467
365 946
365 704
365 157
365 331
365 919
365 15
365 171
365 366
365 524
365 1024
365 630
365 1039
365 258
365 618
365 160
365 1041
365 992
365 533
365 590
365 136
365 1059
365 332
365 991
365 631
365 792
953 23
953 141
953 761
953 413
953 487
985 663
985 1038
985 86
985 183
985 481
985 241
985 224
985 510
985 212
985 0
1104 35
1104 871
1104 127
1104 238
1104 613
1104 343
1104 895
1104 1075
1104 824
655 900
655 35
655 818
655 1038
655 1005
655 183
655 481
655 632
655 15
655 529
655 573
655 1075
655 198
655 824
655 433
655 478
655 924
655 1006
655 1088
655 105
278 146
278 355
278 114
278 619
278 111
278 261
278 414
278 204
278 83
278 570
278 445
278 69
278 51
278 1062
278 911
278 336
278 194
278 820
1102 146
1102 663
1102 481
1102 325
1102 283
1102 613
1102 331
1102 1067
1102 15
1102 107
1102 1027
1102 838
1102 751
1102 250
1102 570
1102 51
1102 965
1102 820
1102 94
975 151
975 795
975 414
975 546
975 868
330 339
330 850
330 419
330 457
330 350
330 798
330 207
330 969
330 792
330 162
900 871
900 958
900 842
900 6
900 234
900 1068
900 310
900 282
900 934
900 45
900 591
900 302
900 198
900 345
900 484
900 812
900 537
900 130
73 146
73 575
73 331
73 1045
73 69
73 138
73 1064
232 355
232 224
232 590
755 621
755 958
755 842
755 619
755 310
755 875
755 345
755 453
755 360
755 486
158 671
158 69
158 391
158 437
158 578
158 608
188 519
188 859
188 1024
188 517
188 1069
188 745
188 952
188 186
188 551
188 578
188 608
188 222
188 121
188 881
188 475
188 118
188 422
1 331
1 161
1 15
1 541
1 1120
1 530
1 598
1 585
1 521
1 764
621 93
621 613
621 875
621 543
621 487
621 301
621 742
621 18
621 38
621 401
671 264
671 704
671 305
671 69
671 89
671 437
671 578
671 725
671 858
671 372
671 972
671 315
671 675
671 774
671 801
146 1099
146 1047
146 563
146 132
146 331
146 1067
146 261
146 814
146 1033
146 323
146 252
146 136
146 138
146 1064
146 121
146 210
146 602
146 1128
146 239
575 69
575 1128
298 806
298 323
298 598
298 223
462 1064
462 675
462 1018
462 134
1099 200
1099 704
1099 437
806 1064
539 871
539 469
539 141
539 870
539 1131
539 639
539 1062
539 1006
539 553
539 844
547 930
547 1050
90 436
90 521
90 506
202 35
202 871
202 200
202 714
202 613
202 659
202 45
202 212
202 639
202 890
202 67
35 818
35 871
35 46
35 224
35 141
35 842
35 613
35 989
35 654
35 6
35 888
35 49
35 237
35 27
35 658
35 666
35 659
35 753
35 106
35 140
35 875
35 529
35 543
35 934
35 103
35 277
35 249
35 212
35 863
35 573
35 153
35 263
35 1075
35 1040
35 413
35 199
35 889
35 1060
35 449
35 40
35 1025
35 716
35 130
35 623
35 243
35 1078
35 1017
35 978
35 373
35 786
35 584
35 857
35 432
1029 355
1029 563
1029 773
1029 930
1029 1004
1029 557
1029 129
1029 1072
1029 445
1029 535
1029 258
1029 1100
1029 820
1029 317
1029 443
1029 511
1029 528
1029 1066
1029 920
1029 82
1029 957
1029 387
1029 497
1029 1022
1029 489
1029 851
1029 1013
931 871
931 283
931 141
931 389
931 888
931 680
931 727
931 993
931 78
990 1038
990 652
746 1056
746 626
746 378
746 283
746 74
746 1059
746 255
267 1038
267 572
267 429
267 877
267 728
267 955
267 438
267 241
267 1131
267 353
267 212
267 466
267 549
267 744
663 1038
663 378
663 355
663 70
663 572
663 728
663 481
663 74
663 1130
1065 1056
1065 438
1065 1059
1065 255
1031 178
1031 388
1031 276
1031 69
1031 914
1031 124
1031 883
1031 393
818 871
818 885
818 842
818 613
818 619
818 6
818 888
818 49
818 237
818 27
818 1068
818 15
818 529
818 668
818 912
818 103
818 169
818 263
818 944
818 889
818 1060
818 449
818 285
818 116
818 243
818 288
818 831
818 833
818 940
818 72
818 1070
818 289
1056 626
1056 1038
1056 378
1056 127
1056 200
1056 183
1056 877
1056 245
1056 74
1056 1059
1056 456
264 6
264 933
264 793
264 149
264 801
264 917
264 879
626 378
626 29
626 1059
626 255
1038 183
1038 572
1038 429
1038 970
1038 728
1038 29
1038 955
1038 254
1038 923
1038 481
1038 740
1038 438
1038 241
1038 283
1038 331
1038 966
1038 207
1038 74
1038 160
1038 1059
1038 255
1038 374
86 572
86 429
86 970
86 728
86 29
86 923
86 740
86 160
807 680
807 388
807 905
807 152
807 249
807 466
807 1045
807 14
807 1025
807 757
807 88
807 607
807 62
378 481
378 224
378 356
378 1046
378 865
415 563
415 283
415 178
415 388
415 152
415 276
415 1045
415 856
415 328
415 788
925 879
1005 145
1005 176
1005 310
1005 529
1005 1060
1005 812
1005 786
1005 584
1005 950
1005 625
871 563
871 283
871 885
871 141
871 613
871 888
871 1127
871 666
871 132
871 414
871 529
871 668
871 907
871 976
871 912
871 277
871 266
871 984
871 1045
871 944
871 889
871 1070
871 862
46 389
46 531
46 623
46 1078
866 885
866 6
866 45
866 198
866 199
866 449
866 1130
866 534
866 143
1047 355
1047 200
1047 563
1047 114
1047 710
1047 966
1047 51
1047 501
1047 184
1047 911
1047 530
1047 521
1047 833
1047 826
1047 996
1047 428
1047 185
469 587
469 875
469 256
469 249
469 285
469 890
469 633
469 742
469 844
127 355
127 237
127 710
127 519
127 1060
127 179
127 992
355 200
355 339
355 114
355 753
355 326
355 10
355 287
355 580
355 1033
355 891
355 909
355 500
355 853
355 358
355 172
355 501
355 409
355 336
355 881
355 489
355 865
355 260
355 1057
355 379
355 994
355 799
200 894
200 114
200 632
200 141
200 753
200 700
200 207
200 154
200 276
200 656
200 899
200 382
200 424
200 252
200 258
200 1103
200 493
200 65
200 136
200 336
200 1064
200 121
200 328
200 292
200 344
200 741
200 446
200 1061
200 333
238 237
238 41
238 805
238 992
238 767
238 598
238 456
238 148
238 515
238 465
563 1124
563 283
563 27
563 271
563 331
563 795
563 414
563 15
563 277
563 207
563 156
563 323
563 555
563 413
563 661
563 445
563 69
563 928
563 965
563 911
563 820
563 1022
563 344
1124 271
1124 326
523 419
523 23
339 513
339 151
339 1126
339 419
339 23
339 894
339 268
339 457
339 350
339 919
339 431
339 498
339 721
339 256
339 287
339 207
339 212
339 253
339 969
339 1024
339 493
339 645
339 792
339 584
339 596
339 471
339 334
339 39
850 513
850 419
850 350
850 969
850 596
850 617
513 419
513 23
513 894
513 457
513 350
513 256
513 207
513 969
513 466
513 639
513 661
513 493
513 716
513 162
513 584
513 617
513 902
151 419
151 23
151 795
151 1115
151 431
151 207
151 250
151 1024
151 9
151 20
151 868
151 162
151 239
151 677
151 796
151 1032
151 1085
151 75
151 913
151 783
567 214
567 656
567 562
567 981
567 208
567 321
567 16
1126 419
1126 457
1126 350
1126 245
1126 1067
1126 261
1126 919
1126 249
1126 969
1126 688
1126 909
1126 792
1126 525
1126 1077
419 23
419 894
419 268
419 350
419 245
419 722
419 795
419 171
419 207
419 969
419 156
419 688
419 715
419 645
419 792
419 897
23 457
23 350
23 224
23 287
23 969
23 1024
23 186
23 792
23 471
23 720
23 1094
894 350
894 888
894 214
894 153
894 792
894 596
268 457
268 350
268 245
268 919
268 688
268 645
268 792
268 856
268 334
268 897
457 350
457 224
457 261
457 414
457 969
457 639
457 836
457 792
457 716
1118 261
350 245
350 414
350 919
350 498
350 688
350 235
350 981
350 792
350 617
350 525
350 897
350 1094
350 1034
350 726
798 1114
798 1024
798 560
798 868
798 162
798 281
798 548
798 977
798 825
798 568
798 756
714 659
114 1067
114 169
114 1037
114 156
114 227
114 500
114 153
114 129
114 853
114 358
114 911
114 336
114 833
502 773
502 15
502 1022
502 88
502 996
93 436
93 207
93 212
93 863
93 1034
93 962
396 224
396 557
396 3
396 497
396 219
396 403
396 768
396 1121
396 1063
396 544
1042 8
1042 643
495 1080
495 1036
495 231
183 224
183 245
183 157
183 105
70 481
70 141
70 510
70 842
70 966
70 198
70 105
70 143
572 343
572 1033
572 369
572 239
572 228
610 429
610 877
610 728
610 691
610 1131
610 343
429 970
429 877
429 254
429 923
429 795
429 966
429 160
970 728
970 740
970 283
970 573
970 192
877 1067
877 74
728 1067
728 343
728 74
728 160
728 865
955 1093
840 890
840 105
254 966
254 160
481 241
481 283
481 141
481 510
481 842
481 683
481 45
481 263
481 105
481 1101
790 283
790 105
740 587
438 353
438 255
241 510
241 287
241 169
241 407
283 132
283 710
283 1067
283 261
283 566
283 652
283 74
283 160
283 1108
283 327
224 245
224 946
224 704
224 157
224 366
224 642
224 276
224 250
224 1116
224 1054
224 785
224 533
224 590
224 437
224 608
224 972
224 826
224 333
224 796
224 571
224 1087
224 257
632 245
632 704
632 305
632 888
632 15
632 631
632 433
245 157
245 919
245 498
245 152
245 249
245 969
245 214
245 688
245 948
245 603
245 981
245 1059
245 792
245 716
245 1077
245 726
245 36
467 1040
467 1045
467 407
467 478
467 578
467 844
467 506
467 344
467 12
946 1024
946 1039
946 590
946 257
884 258
884 618
884 716
884 820
884 511
884 387
884 489
884 747
884 982
884 817
884 1119
704 305
704 69
704 391
704 437
704 858
704 372
704 737
704 306
157 533
157 590
157 792
305 171
305 69
305 391
305 858
209 888
209 133
209 259
209 167
209 761
209 1060
209 581
209 534
209 959
209 873
958 141
958 619
958 234
958 1068
958 310
958 282
958 573
958 295
958 198
958 1060
958 345
958 484
958 812
958 453
958 360
958 486
958 959
885 141
885 49
885 727
885 907
885 531
885 984
885 573
885 1075
885 889
885 584
885 260
885 676
370 178
370 369
370 744
370 393
370 788
370 682
141 510
141 613
141 619
141 1127
141 49
141 234
141 27
141 659
141 683
141 1067
141 15
141 529
141 668
141 531
141 45
141 212
141 573
141 214
141 1060
141 408
141 453
141 940
141 865
141 950
141 676
141 808
141 319
141 168
510 619
510 234
510 668
510 45
510 263
510 319
510 418
842 619
842 6
842 888
842 1127
842 234
842 1068
842 310
842 282
842 45
842 198
842 933
842 483
842 105
842 812
842 801
842 243
842 950
842 534
842 959
842 319
842 956
145 1068
145 658
145 659
145 847
145 359
145 668
145 584
145 88
145 677
145 319
145 236
145 104
145 657
389 310
389 875
389 1131
389 543
389 212
389 285
389 1025
389 130
389 742
389 623
389 243
389 1078
389 978
389 373
389 786
389 856
389 30
389 695
613 888
613 659
613 331
613 142
613 529
613 934
613 907
613 984
613 863
613 895
613 573
613 945
613 558
613 857
989 27
989 140
989 142
989 277
989 863
989 954
989 406
989 558
989 336
654 888
654 727
654 934
654 761
654 207
654 688
654 603
654 581
654 792
654 775
619 6
619 1127
619 552
619 49
619 706
619 237
619 27
619 658
619 666
619 659
619 331
619 140
619 727
619 582
619 529
619 934
619 907
619 591
619 863
619 573
619 153
619 263
619 945
619 1060
619 40
619 581
619 660
619 1105
6 1127
6 176
6 49
6 706
6 234
6 1068
6 658
6 666
6 310
6 282
6 529
6 668
6 934
6 895
6 263
6 198
6 1060
6 812
6 288
6 534
6 956
6 983
888 49
888 237
888 27
888 1068
888 282
888 727
888 343
888 45
888 573
888 1075
888 889
888 1060
888 950
1127 234
1127 658
1127 45
1127 214
1127 263
1127 408
1127 801
1127 534
176 234
176 310
176 529
176 316
176 1060
176 449
176 130
176 288
176 983
552 1068
552 659
552 639
552 130
49 27
49 331
49 529
49 343
49 573
49 1075
49 639
49 1072
49 889
49 1060
49 243
49 1130
49 831
49 534
706 1068
706 310
706 668
706 198
706 716
706 1070
706 534
706 168
706 983
234 237
234 1068
234 658
234 310
234 282
234 45
234 591
234 198
234 933
234 40
234 518
234 534
234 983
234 60
234 664
234 221
237 543
237 359
237 103
237 214
237 1071
237 199
237 40
237 558
237 833
237 60
237 678
27 414
27 727
27 529
27 907
27 573
27 1045
27 945
27 581
27 857
27 607
27 856
1068 659
1068 310
1068 847
1068 282
1068 668
1068 295
1068 198
1068 345
1068 484
1068 812
1068 243
1068 534
1068 319
1068 657
658 659
658 310
658 847
658 668
658 263
658 453
658 243
658 625
658 319
658 657
658 971
666 847
666 414
666 907
666 1025
666 959
666 664
659 529
659 863
659 295
659 889
659 74
659 716
659 453
659 801
659 67
659 319
659 242
310 282
310 668
310 198
310 40
310 857
310 856
310 950
310 625
310 534
310 677
310 660
310 983
310 651
310 92
683 263
683 1083
847 668
847 295
847 356
847 453
847 786
847 319
847 657
282 484
282 812
282 726
282 225
282 1110
1092 101
1092 407
1092 940
1092 147
133 466
133 101
133 883
133 393
133 709
713 709
79 110
753 266
753 891
753 153
753 9
753 345
753 74
753 716
111 261
111 1131
111 287
111 154
111 406
111 639
111 634
722 69
271 331
271 795
271 326
271 661
271 585
271 959
271 376
132 414
132 10
132 7
132 1037
132 390
331 384
331 882
331 795
331 326
331 414
331 10
331 178
331 519
331 912
331 751
331 153
331 889
331 1120
331 770
331 911
331 868
331 881
331 239
331 387
331 856
331 344
331 84
331 338
331 435
331 201
331 1021
710 323
710 1090
384 794
384 912
384 129
384 445
384 684
384 535
384 787
384 136
384 1022
384 99
1067 15
1067 912
1067 171
1067 154
1067 466
1067 1120
1067 391
1067 581
1067 74
1067 911
1067 96
1067 602
1067 239
1067 996
1067 260
1067 379
1067 349
1067 986
1067 947
1067 504
882 715
882 516
882 416
882 51
882 409
882 195
882 1041
882 799
882 55
882 908
795 414
795 751
795 1014
795 8
795 493
795 868
795 162
795 71
795 338
795 361
326 259
326 751
326 570
326 670
326 661
326 1120
326 873
261 414
261 15
261 171
261 154
261 276
261 102
261 129
261 445
261 684
261 1039
261 179
261 430
261 911
261 820
261 583
880 853
880 716
880 867
414 976
414 207
414 835
414 424
414 445
414 493
414 820
414 162
414 606
414 304
414 68
414 1089
587 153
587 285
587 890
587 622
980 436
980 259
980 377
980 863
980 969
436 377
436 156
436 406
436 911
259 249
259 999
259 102
259 661
259 483
259 356
259 959
259 376
259 426
259 586
218 751
377 680
377 543
377 1045
377 88
377 996
140 142
140 249
140 863
140 413
140 199
680 751
680 277
680 973
680 344
10 15
10 7
10 580
10 1037
10 833
10 390
178 1027
178 388
178 212
178 466
178 276
178 788
178 97
178 240
178 479
161 15
161 346
161 631
161 598
161 521
161 957
161 148
161 747
161 922
161 444
161 246
794 171
794 969
794 541
794 535
794 136
794 387
794 439
794 19
142 954
875 907
875 912
875 212
875 413
875 40
875 993
875 1130
204 853
204 535
204 465
204 544
204 53
204 648
762 891
762 500
727 167
727 889
727 1060
727 581
943 516
943 1041
943 386
943 291
943 440
870 582
870 543
870 103
870 499
814 323
814 1064
919 498
919 366
919 581
919 562
919 235
919 792
919 292
919 596
919 2
919 491
773 171
773 154
773 969
773 1004
773 156
773 1028
773 891
773 541
773 3
773 129
773 1072
773 445
773 136
773 920
773 957
773 489
773 36
773 772
15 820
15 521
15 936
15 996
15 344
15 190
15 1053
667 1033
667 153
667 406
667 911
667 401
667 1128
667 1021
667 304
667 665
667 312
667 1007
1131 287
1131 212
1131 466
1131 1114
1131 909
1131 102
1131 639
1131 8
1131 219
1131 97
1131 878
1131 460
1131 399
592 466
592 890
592 62
592 927
529 45
529 1081
529 263
529 199
529 889
529 1060
529 285
529 116
529 812
529 950
529 765
107 34
107 588
107 153
107 129
107 802
107 535
107 452
1115 431
1115 212
1115 546
1115 1054
1115 555
1115 535
1115 162
1115 643
1115 904
1115 193
1027 761
1027 788
1027 44
854 1062
854 1041
854 908
854 386
854 291
854 394
854 830
854 81
854 1112
34 909
34 129
34 605
34 802
34 136
34 1064
34 511
34 532
353 909
353 102
353 74
353 744
353 788
519 517
519 1069
519 745
519 1120
519 952
519 551
226 466
226 101
543 152
543 1054
543 413
543 1045
543 8
543 896
543 14
543 162
543 757
543 677
859 952
859 679
859 42
859 455
859 836
359 668
388 693
388 1037
388 276
388 369
388 992
388 479
388 815
388 1107
388 733
388 251
388 701
388 4
388 869
668 45
668 198
668 105
668 319
668 168
668 657
905 101
905 914
905 744
905 328
905 788
905 240
905 144
905 272
934 343
934 895
934 1060
934 633
934 484
934 677
907 1040
907 956
693 101
693 733
652 83
652 477
966 933
966 105
966 143
966 701
966 109
1010 1045
1010 661
1010 868
1010 672
1010 860
431 171
431 207
431 212
431 485
431 1054
431 1024
431 302
431 405
431 9
431 1045
431 424
431 8
431 493
431 896
431 719
431 991
431 868
431 677
431 796
431 75
431 913
431 643
431 695
431 860
431 559
431 1106
431 25
431 1002
498 688
498 102
498 1040
498 1025
498 792
498 607
838 249
838 354
838 386
838 440
41 84
976 343
976 366
976 589
976 250
976 1081
976 698
976 1116
976 303
976 485
976 656
976 1054
976 889
976 449
976 687
976 759
976 447
976 697
976 307
976 490
976 296
976 601
395 152
395 297
912 103
912 83
912 1014
912 1054
912 945
912 965
912 831
912 75
751 700
751 88
751 962
751 967
751 514
751 1058
103 944
103 945
103 1003
83 930
83 1004
83 153
83 1072
83 445
83 684
83 535
83 770
83 787
83 785
83 82
83 1101
83 1090
83 19
83 477
864 555
864 627
269 700
269 721
269 397
700 721
700 287
700 152
700 514
721 152
721 356
721 460
721 480
721 811
721 362
721 779
721 872
256 59
256 1109
256 153
256 382
256 639
256 252
256 344
256 741
256 465
256 1087
256 182
256 108
256 803
287 945
287 535
287 1039
287 205
287 926
287 1026
287 397
287 906
59 954
59 1024
59 252
59 449
59 530
59 741
59 221
171 930
171 253
171 969
171 1004
171 891
171 153
171 129
171 101
171 616
171 74
171 618
171 1022
171 379
171 583
171 1123
171 778
531 277
531 343
531 453
531 319
1043 496
1051 637
1051 149
1051 862
277 343
277 761
277 266
277 295
277 1045
277 944
277 308
277 856
277 862
277 371
343 984
343 895
343 263
343 1075
343 945
343 889
343 308
343 1060
343 136
343 496
343 776
761 637
761 67
761 862
266 984
266 909
984 591
984 295
637 801
637 289
637 707
45 263
45 198
45 716
45 105
45 484
45 537
45 801
45 319
591 295
152 249
152 207
152 466
152 1116
152 129
152 413
152 973
152 896
152 14
152 924
152 124
1014 227
1014 153
1014 911
1014 344
1014 477
1014 175
249 212
249 895
249 930
249 1116
249 413
249 689
249 973
249 14
249 1041
249 959
249 583
207 250
207 698
207 485
207 948
207 1054
207 1024
207 852
207 560
207 424
207 8
207 493
207 14
207 162
207 902
207 913
207 307
207 296
207 811
207 712
212 863
212 895
212 28
212 214
212 909
212 250
212 1116
212 263
212 9
212 413
212 8
212 252
212 1039
212 285
212 369
212 195
212 74
212 14
212 1025
212 1041
212 487
212 623
212 82
212 281
212 399
212 81
212 636
212 620
7 969
7 891
7 323
7 252
7 475
7 598
7 223
7 390
7 629
7 357
7 54
863 413
863 74
863 14
863 857
863 750
895 793
895 401
895 872
28 1114
28 405
28 973
28 449
28 581
28 682
28 941
580 969
580 1045
580 194
580 578
580 844
580 497
930 154
930 169
930 969
930 891
930 1025
930 1062
930 992
930 767
930 1101
930 1023
930 1098
930 1016
930 50
930 921
930 743
154 156
154 1028
154 82
154 1101
154 648
154 284
154 381
366 1009
366 688
366 589
366 1081
366 1116
366 303
366 948
366 1054
366 555
366 603
366 991
366 792
366 716
366 1077
366 860
366 687
366 759
366 447
366 697
366 601
366 872
366 561
366 650
366 57
316 1075
316 1060
316 534
169 129
169 1039
169 369
169 787
169 407
169 1041
169 387
169 833
169 115
463 1109
1037 891
1037 227
1037 406
1037 853
1037 785
265 1114
265 868
265 281
265 825
265 756
265 1095
265 780
265 299
265 434
265 520
265 604
265 594
954 358
954 911
954 530
253 156
253 205
253 766
1109 1071
1109 344
1109 113
1109 47
1033 891
1033 1062
1033 88
1033 260
1033 1032
1033 304
1033 19
1033 81
524 832
524 258
524 618
524 820
524 511
524 1066
524 387
524 747
524 579
524 211
524 472
524 845
588 102
588 890
588 136
588 716
588 444
588 997
969 1114
969 1004
969 1028
969 891
969 688
969 406
969 129
969 645
969 792
969 471
969 36
969 878
969 1016
969 813
466 1114
466 1009
466 276
466 102
466 300
466 603
466 449
466 369
466 101
466 890
466 74
466 993
466 914
466 744
466 865
466 328
466 788
466 144
466 1107
466 673
466 960
466 692
466 974
1114 948
1114 406
1114 852
1114 9
1114 1040
1114 449
1114 285
1114 14
1114 719
1114 336
1114 868
1114 162
1114 902
1114 677
1114 548
1114 977
1114 568
1114 219
1114 811
1114 604
1114 594
1114 66
1114 732
1009 698
1009 603
1009 687
1009 447
1004 541
1004 153
1004 1072
1004 445
1004 616
1004 31
1004 379
1004 219
1004 747
1004 636
1004 85
642 417
642 344
642 1087
819 573
819 40
573 1075
573 738
573 901
156 385
156 1039
156 125
156 1076
295 933
295 657
1028 36
1028 997
1028 85
276 449
276 285
276 369
276 101
276 74
276 1130
276 393
276 88
276 607
276 328
276 36
276 144
276 869
276 117
276 314
276 915
891 909
891 102
891 129
891 387
891 452
891 1098
891 845
891 85
541 445
541 433
541 997
1050 3
1050 605
1050 118
1050 532
688 603
688 581
688 1077
909 153
909 258
909 1100
909 913
835 1045
835 185
227 557
323 153
323 382
323 564
323 1015
323 1045
323 69
323 252
323 121
323 475
323 422
323 598
323 210
323 223
323 16
323 532
323 119
323 782
323 400
323 837
323 823
500 1045
500 358
500 911
500 109
500 441
500 843
153 948
153 263
153 557
153 555
153 69
153 258
153 911
153 820
153 288
153 497
153 1022
153 446
153 1121
153 380
153 421
999 957
999 376
999 426
589 250
589 1081
589 303
589 236
589 11
250 1081
250 698
250 303
250 485
250 656
250 1054
250 555
250 493
250 719
250 162
250 913
250 236
250 759
250 697
1081 698
1081 1116
1081 303
1081 485
1081 656
1081 716
1081 116
1081 236
1081 759
1081 561
1081 351
698 485
698 656
698 493
698 860
1116 303
1116 485
1116 656
1116 1054
1116 852
1116 405
1116 14
1116 716
1116 236
1116 901
1116 447
1116 697
1116 601
1116 57
303 485
303 656
303 1054
303 796
303 236
303 759
303 601
485 656
485 493
485 913
656 57
546 1024
546 639
546 162
546 426
546 878
546 759
546 692
948 1024
948 9
948 555
948 424
948 8
948 896
948 719
948 991
948 239
948 902
948 796
948 75
948 643
948 695
948 376
948 860
948 559
948 1106
948 25
948 1002
948 213
263 1060
263 105
263 677
263 168
263 657
263 1083
557 853
557 535
557 920
557 768
557 609
557 922
557 1091
102 1100
102 648
102 397
102 473
1054 889
1054 661
1054 493
1054 913
1054 697
1054 307
1054 490
1054 296
1054 712
1054 11
1054 828
1054 492
1054 58
3 497
3 768
3 1121
3 36
3 648
3 13
1024 9
1024 560
1024 8
1024 1039
1024 493
1024 896
1024 719
1024 991
1024 902
1024 281
1024 977
1024 568
1024 756
1024 643
1024 759
1024 697
1024 434
1024 520
1024 692
1024 442
1024 56
382 1015
382 252
382 449
302 643
302 299
302 692
302 11
406 631
406 936
406 922
406 66
1075 487
1075 924
198 738
198 933
198 105
198 534
198 143
198 971
198 1083
198 159
300 8
300 920
300 811
300 293
300 597
564 449
564 1025
564 716
564 862
564 782
639 8
639 792
639 833
639 280
570 1045
398 852
398 739
398 783
852 739
852 9
852 20
852 719
852 913
852 959
852 150
852 1048
739 405
739 373
739 677
739 783
739 480
739 872
405 9
405 20
405 424
405 8
405 162
405 260
405 796
405 75
405 878
405 697
9 20
9 555
9 424
9 8
9 896
9 14
9 796
9 695
9 697
9 650
9 841
20 719
20 737
560 555
560 719
560 868
560 902
560 796
560 281
560 977
560 434
555 719
555 868
555 902
555 860
555 58
1040 962
129 186
129 669
129 1100
129 407
129 136
129 317
129 1022
129 260
129 583
129 778
603 792
603 2
605 252
605 598
605 219
605 532
853 430
853 205
853 222
853 544
853 126
853 309
274 51
274 749
274 195
274 1041
274 634
413 14
413 487
413 959
1015 118
595 516
595 1062
595 1041
595 908
595 960
595 1011
689 387
689 771
1072 745
1072 957
1072 1090
1072 922
1072 1098
1069 217
1069 679
1069 186
1069 455
1069 24
1069 149
1069 452
1069 394
1069 872
1069 916
1069 735
1045 69
1045 51
1045 965
1045 14
1045 649
1045 1062
1045 1128
1045 959
1045 1090
1045 967
1045 175
1045 763
1045 1074
745 952
745 163
745 346
745 679
745 551
424 643
424 697
424 480
424 137
385 422
385 504
385 460
385 779
385 921
385 810
385 886
973 14
973 1083
973 941
8 449
8 493
8 836
8 896
8 719
8 991
8 134
8 88
8 902
8 796
8 75
8 756
8 643
8 695
8 860
8 559
8 1106
8 25
8 1002
8 841
944 865
199 889
945 890
945 719
945 677
945 75
889 857
889 968
670 1120
670 67
933 149
933 105
933 534
933 143
933 709
933 109
661 1120
661 493
661 628
661 959
661 376
661 586
358 172
358 802
358 615
358 136
358 336
358 820
1060 449
1060 812
1060 623
1060 950
1060 496
516 179
516 112
516 354
516 1021
516 908
516 1011
516 614
754 684
1132 928
1132 783
802 679
802 186
802 1100
802 1022
802 1119
802 97
802 579
445 832
445 684
445 616
445 820
445 511
445 1066
445 920
445 1022
445 489
445 607
445 778
445 789
445 600
445 874
416 1041
416 88
69 716
69 1064
69 578
69 608
69 858
69 372
69 96
69 972
69 947
69 1012
69 734
69 681
832 616
832 820
832 511
832 387
684 1101
684 1090
684 789
252 449
252 629
535 31
535 578
535 1128
535 379
535 922
535 763
535 1117
535 26
928 826
928 936
928 922
928 246
928 473
928 685
928 893
928 748
51 910
51 112
51 430
51 749
51 409
51 195
51 805
51 1062
51 1041
51 1080
51 291
51 620
51 309
51 1074
51 324
51 311
51 464
51 1096
51 122
51 1111
51 123
51 641
615 1128
630 99
630 280
630 789
630 752
391 578
391 96
391 972
391 315
391 306
391 947
391 734
391 964
89 1025
89 437
1039 407
1039 844
1039 344
1039 1087
1039 829
1039 52
258 449
258 285
258 407
258 820
258 511
258 387
258 982
258 349
258 472
258 600
449 369
449 719
449 1026
449 792
449 584
449 97
449 906
449 921
449 314
449 758
449 777
285 679
285 890
285 417
285 390
285 97
910 195
910 1025
910 1080
910 634
910 291
910 347
40 625
179 1125
179 1062
179 799
179 440
179 614
179 324
179 708
217 1103
217 952
217 455
217 1080
217 81
112 1125
112 749
112 743
112 309
112 1011
112 203
662 1041
627 1103
627 501
627 1062
627 1041
627 440
627 960
627 724
1103 1125
1103 393
1103 84
1103 733
1103 960
1103 1011
1103 724
501 409
501 1062
501 1041
501 489
501 865
501 1057
501 799
501 386
501 979
501 120
354 440
354 394
354 309
1125 430
1125 749
1125 409
1125 37
1125 163
1125 346
1125 569
1125 1041
1125 799
1125 830
1125 464
1125 708
1125 781
1125 329
1125 653
1125 696
430 749
430 407
430 1041
430 799
430 81
430 1112
430 309
430 122
952 455
952 551
952 222
749 195
749 992
749 1080
749 291
749 620
749 309
749 324
749 1096
749 203
409 1041
409 1080
409 123
409 887
409 412
369 101
369 393
369 62
369 788
369 1107
369 4
369 191
1093 37
37 163
37 149
37 569
37 881
37 1128
37 329
101 914
101 62
101 788
101 709
101 1107
101 4
101 335
468 1091
163 881
163 329
248 346
248 571
248 1091
248 76
346 936
346 763
346 48
679 42
679 186
679 455
679 1084
679 628
679 618
679 913
890 407
890 844
890 1078
890 387
890 99
890 947
581 645
581 792
581 432
493 407
493 902
493 796
493 913
493 426
493 697
493 307
493 296
493 712
493 828
493 640
645 792
645 1077
645 1034
42 24
42 717
186 24
186 149
186 836
186 618
186 881
186 759
186 299
186 313
455 24
455 482
455 881
455 465
455 544
24 417
24 741
24 640
483 534
483 959
483 376
483 426
483 586
483 687
483 601
483 480
483 872
483 1048
483 100
195 1041
195 1080
195 634
195 291
195 347
939 731
616 817
345 74
345 484
345 812
345 453
345 360
345 486
345 97
417 716
417 344
417 1087
417 26
569 881
205 110
205 649
205 332
205 1087
205 504
205 822
65 716
926 536
926 1026
926 397
926 906
926 128
110 407
110 1087
110 504
536 1026
536 903
342 579
1086 477
74 511
74 1070
74 88
74 260
74 898
805 598
805 1080
669 998
1100 579
1100 638
787 407
787 789
896 719
896 677
896 796
896 75
896 643
896 426
896 1106
896 1002
14 1026
14 924
14 742
14 88
14 799
14 334
14 347
1025 924
1025 623
1025 799
1025 334
649 1059
649 80
407 785
407 1041
407 136
407 387
407 1087
407 1021
407 1089
407 509
785 1087
719 991
719 868
719 677
719 796
719 75
719 913
719 643
719 695
719 860
719 559
719 1106
719 25
719 1002
32 136
32 489
32 772
32 383
32 273
1062 1041
1062 992
1062 799
1062 908
1062 440
1062 394
1062 830
1062 1023
1062 614
1062 139
356 484
356 88
356 426
356 586
356 460
356 789
356 542
562 792
235 792
235 471
235 334
1026 397
1026 903
1026 906
1026 128
981 1034
518 337
674 460
674 397
674 906
674 128
674 348
674 827
618 136
618 716
618 820
618 511
618 387
618 747
1041 716
1041 387
1041 799
1041 1108
1041 634
1041 908
1041 291
1041 394
1041 830
1041 960
1041 309
1041 1011
1041 123
992 1021
992 908
533 590
533 109
136 1064
136 1066
136 387
136 997
136 273
991 537
991 796
991 643
991 695
991 559
991 1106
991 25
991 1002
631 598
631 957
631 66
631 473
792 292
792 2
716 578
716 608
716 530
716 1066
716 957
716 333
716 193
716 447
716 364
716 1055
716 703
716 705
716 363
433 19
924 757
1006 1080
105 143
105 319
105 709
911 489
911 833
911 865
911 826
911 1057
911 58
336 844
336 672
194 52
194 624
820 511
820 528
820 1066
820 387
820 88
820 747
820 982
820 1119
820 349
820 211
820 472
820 845
820 997
94 1022
868 162
868 902
868 913
868 281
868 548
868 568
868 756
868 643
868 1095
868 604
868 594
868 732
162 902
162 677
162 796
162 281
162 548
162 825
162 604
484 812
484 537
484 857
484 296
484 686
116 950
116 977
116 554
116 951
812 453
812 360
812 486
812 288
812 950
537 677
130 726
130 657
1064 578
1064 725
1064 372
1064 511
1064 994
1064 333
1064 1034
1064 54
1064 845
1064 758
1064 139
1064 21
453 486
453 319
453 657
360 677
360 726
486 191
437 858
437 372
578 725
578 210
578 1034
578 1053
608 725
121 532
881 329
475 223
475 357
475 442
118 532
422 504
422 119
422 402
422 791
530 521
530 763
598 629
598 782
598 442
598 17
598 644
598 937
598 797
598 229
585 748
521 826
521 190
742 503
725 897
858 372
858 734
96 947
972 833
675 134
801 67
801 917
210 532
239 913
239 878
223 532
223 357
223 400
134 897
134 681
844 833
623 243
623 1078
623 978
623 373
243 1078
1078 978
786 956
786 657
786 30
288 983
584 387
584 737
584 956
857 625
857 959
432 938
443 772
511 1066
511 387
511 747
511 982
511 1119
1066 747
1066 845
920 497
920 361
920 648
920 1091
82 381
82 159
82 411
82 474
82 876
957 772
387 851
387 833
387 747
387 1119
387 85
387 383
497 185
497 768
497 1063
497 13
497 229
1022 333
489 865
489 949
851 646
1013 280
914 788
914 272
744 682
744 97
744 5
393 788
393 733
393 335
1070 131
88 856
88 534
88 428
88 185
88 763
88 614
88 364
607 860
62 788
865 1057
865 772
865 421
856 860
328 938
788 1000
950 625
950 657
862 959
862 660
534 660
534 678
534 92
143 709
143 159
143 995
826 922
936 922
936 699
428 956
185 959
260 1011
260 988
1057 544
1057 386
1057 126
1057 979
1057 120
1057 696
1057 290
379 361
379 772
379 997
379 600
799 1021
799 440
799 708
799 979
799 290
292 334
292 208
292 2
344 399
344 640
741 221
1061 293
1061 861
333 579
465 71
617 897
902 548
902 825
902 568
902 1095
902 780
902 604
902 594
902 692
902 56
902 270
677 796
677 75
677 30
677 971
796 75
796 643
796 695
796 559
796 1106
796 25
796 1002
796 213
1085 783
1085 11
1085 137
75 878
913 643
913 604
913 828
913 492
913 58
783 380
783 1048
783 137
16 947
1077 650
720 60
726 314
281 825
281 756
281 520
281 604
548 977
548 825
548 756
548 956
548 604
977 825
977 756
977 1095
977 604
825 756
825 604
756 1095
756 554
219 532
1121 1063
643 959
643 695
643 559
643 1106
643 25
643 1002
1080 634
1080 291
1080 324
1080 1111
1080 641
1080 412
1080 929
1101 1016
1101 381
571 76
1087 221
1087 504
1087 822
1087 565
257 306
12 197
747 982
747 845
982 349
982 421
982 77
817 845
817 1020
1119 349
306 601
959 376
959 426
959 586
959 860
319 657
956 657
236 559
236 759
236 447
236 296
236 561
695 559
695 1106
695 25
695 1002
60 364
60 703
60 402
60 404
664 376
221 903
221 827
242 750
1083 476
711 499
634 291
634 1096
634 347
634 988
376 426
376 586
84 960
84 724
71 648
435 361
1021 55
1021 386
1021 440
99 280
349 472
349 845
349 80
504 822
908 81
908 203
908 196
867 139
1089 11
426 586
426 872
586 454
97 878
97 600
97 286
97 87
240 144
240 272
922 473
386 708
386 120
386 696
386 290
291 347
291 412
291 290
440 708
440 724
440 696
440 290
772 1098
190 830
1053 394
1053 830
1053 1112
1053 629
460 779
460 1076
460 886
399 293
399 597
399 640
904 11
904 577
394 830
394 81
394 505
830 505
81 1112
81 708
81 979
81 164
1107 166
4 995
860 423
559 1106
559 25
559 1002
1106 25
1106 1002
25 1002
687 447
687 601
687 561
759 213
759 784
447 601
447 779
490 296
490 712
490 11
490 828
490 492
490 58
490 874
296 712
296 11
296 828
296 58
601 357
601 561
967 848
514 1058
1058 80
397 906
397 827
480 872
480 100
779 803
779 810
779 886
779 364
779 703
872 1048
872 137
108 886
108 364
108 703
108 402
108 404
906 128
906 348
906 827
175 932
712 828
712 58
636 949
620 1074
629 1096
357 442
1023 139
1016 488
50 874
50 545
921 1076
921 886
381 159
381 411
1095 780
1095 594
780 299
299 692
579 472
960 309
960 1011
960 724
692 56
692 542
692 270
66 206
782 17
782 229
11 828
11 58
1091 730
473 1055
828 58
828 275
159 411
293 640
597 640
280 789
1048 137
309 1011
309 123
309 696
309 505
771 730
916 834
763 48
763 233
810 886
810 364
810 703
810 404
886 364
886 703
886 705
886 404
789 340
685 748
685 1055
748 1055
1096 1079
122 988
123 412
758 703
758 402
708 979
708 120
708 696
708 290
120 696
120 290
696 290
412 505
822 165
827 404
364 703
364 705
364 402
364 404
703 705
703 404
705 404
77 574
402 791
17 229
17 279
411 1052
474 876
699 322
290 505
322 322
