0 429
1 614
2 823
3 610
4 483
5 351
6 363
7 330
8 309
9 566
10 577
11 375
12 598
13 847
14 56
15 397
16 647
17 334
18 402
19 898
20 276
21 600
22 193
23 771
24 534
25 656
26 1073
27 453
28 581
29 574
30 554
31 995
32 115
33 420
34 239
35 795
36 990
37 782
38 121
39 294
40 29
41 838
42 371
43 1074
44 556
45 490
46 228
47 388
48 679
49 1075
50 1027
51 444
52 191
53 584
54 1055
55 241
56 537
57 573
58 1023
59 194
60 1012
61 713
62 721
63 280
64 1008
65 880
66 263
67 225
68 682
69 172
70 271
71 1123
72 456
73 659
74 91
75 700
76 522
77 104
78 778
79 449
80 651
81 343
82 498
83 391
84 922
85 869
86 366
87 1021
88 291
89 395
90 1116
91 575
92 879
93 176
94 107
95 160
96 321
97 834
98 676
99 982
100 464
101 635
102 1087
103 523
104 1070
105 1005
106 251
107 927
108 368
109 35
110 1
111 732
112 396
113 913
114 406
115 671
116 593
117 959
118 1117
119 410
120 863
121 287
122 248
123 1103
124 237
125 588
126 742
127 1016
128 502
129 474
130 876
131 818
132 889
133 1096
134 143
135 521
136 272
137 342
138 23
139 438
140 454
141 130
142 362
143 774
144 139
145 114
146 425
147 687
148 468
149 212
150 1047
151 654
152 620
153 901
154 996
155 542
156 793
157 943
158 440
159 487
160 446
161 164
162 15
163 637
164 1110
165 744
166 457
167 718
168 229
169 890
170 219
171 77
172 262
173 894
174 804
175 71
176 134
177 222
178 460
179 478
180 166
181 21
182 380
183 816
184 37
185 432
186 758
187 714
188 508
189 79
190 899
191 373
192 800
193 858
194 119
195 986
196 145
197 367
198 555
199 1052
200 477
201 27
202 337
203 97
204 59
205 161
206 49
207 355
208 106
209 1114
210 4
211 699
212 553
213 1083
214 835
215 326
216 728
217 186
218 683
219 963
220 26
221 157
222 1037
223 361
224 999
225 576
226 891
227 11
228 242
229 147
230 737
231 571
232 303
233 954
234 1036
235 258
236 182
237 799
238 893
239 415
240 933
241 208
242 1129
243 195
244 503
245 604
246 470
247 493
248 283
249 136
250 973
251 257
252 981
253 787
254 1113
255 1018
256 99
257 484
258 828
259 690
260 930
261 991
262 1089
263 370
264 845
265 308
266 217
267 1093
268 10
269 267
270 892
271 780
272 346
273 885
274 323
275 846
276 960
277 648
278 290
279 293
280 465
281 1032
282 1130
283 966
284 1068
285 920
286 39
287 582
288 669
289 541
290 685
291 719
292 1086
293 301
294 710
295 607
296 625
297 390
298 86
299 16
300 632
301 407
302 409
303 436
304 372
305 448
306 790
307 43
308 356
309 897
310 433
311 207
312 978
313 124
314 723
315 509
316 1060
317 1078
318 5
319 643
320 221
321 695
322 813
323 255
324 72
325 602
326 65
327 1035
328 1064
329 196
330 526
331 422
332 662
333 1108
334 142
335 627
336 1026
337 673
338 113
339 1081
340 756
341 232
342 873
343 947
344 492
345 116
346 802
347 1000
348 650
349 789
350 750
351 1046
352 428
353 169
354 354
355 304
356 377
357 1088
358 98
359 969
360 264
361 471
362 416
363 411
364 1106
365 486
366 344
367 997
368 875
369 1107
370 96
371 1061
372 1085
373 231
374 884
375 779
376 628
377 240
378 877
379 1080
380 619
381 851
382 201
383 857
384 103
385 709
386 427
387 504
388 34
389 1003
390 1004
391 998
392 266
393 785
394 1124
395 609
396 238
397 644
398 925
399 230
400 364
401 333
402 450
403 216
404 726
405 1024
406 586
407 895
408 1091
409 392
410 401
411 629
412 1109
413 162
414 275
415 1127
416 268
417 668
418 976
419 572
420 479
421 75
422 515
423 389
424 957
425 539
426 641
427 87
428 417
429 108
430 80
431 347
432 1054
433 860
434 684
435 934
436 443
437 1067
438 459
439 946
440 1009
441 300
442 179
443 803
444 563
445 335
446 878
447 38
448 712
449 536
450 332
451 548
452 569
453 910
454 78
455 766
456 94
457 149
458 826
459 274
460 1031
461 864
462 1098
463 944
464 8
465 590
466 305
467 52
468 531
469 987
470 1099
471 867
472 1015
473 383
474 597
475 384
476 1048
477 753
478 146
479 768
480 640
481 6
482 810
483 513
484 786
485 760
486 617
487 295
488 1053
489 307
490 243
491 419
492 938
493 70
494 565
495 843
496 328
497 312
498 916
499 505
500 882
501 153
502 724
503 725
504 209
505 872
506 437
507 189
508 833
509 781
510 1001
511 844
512 605
513 1082
514 46
515 727
516 757
517 820
518 854
519 596
520 739
521 1102
522 583
523 752
524 1039
525 252
526 353
527 557
528 972
529 919
530 829
531 634
532 677
533 200
534 543
535 953
536 967
537 235
538 496
539 611
540 93
541 680
542 1111
543 234
544 306
545 386
546 994
547 426
548 852
549 2
550 905
551 220
552 0
553 183
554 412
555 837
556 297
557 764
558 805
559 175
560 689
561 1122
562 970
563 25
564 564
565 322
566 624
567 636
568 170
569 623
570 358
571 697
572 1065
573 365
574 594
575 568
576 53
577 738
578 1022
579 64
580 424
581 480
582 551
583 203
584 955
585 284
586 983
587 1017
588 722
589 601
590 716
591 992
592 190
593 646
594 507
595 1033
596 841
597 775
598 1051
599 1029
600 733
601 560
602 413
603 423
604 47
605 28
606 822
607 748
608 1095
609 7
610 188
611 414
612 9
613 109
614 1030
615 48
616 122
617 381
618 660
619 599
620 1038
621 398
622 206
623 977
624 140
625 931
626 772
627 1131
628 250
629 325
630 150
631 89
632 921
633 941
634 735
635 81
636 418
637 1006
638 935
639 618
640 499
641 904
642 762
643 672
644 923
645 345
646 117
647 850
648 784
649 730
650 199
651 95
652 1028
653 926
654 174
655 749
656 658
657 105
658 887
659 278
660 265
661 497
662 686
663 862
664 469
665 1105
666 462
667 120
668 906
669 42
670 717
671 1056
672 932
673 674
674 870
675 260
676 937
677 352
678 466
679 111
680 815
681 567
682 359
683 516
684 909
685 340
686 461
687 339
688 33
689 587
690 773
691 102
692 74
693 31
694 467
695 839
696 112
697 163
698 156
699 83
700 736
701 132
702 663
703 66
704 783
705 331
706 702
707 971
708 285
709 445
710 185
711 442
712 688
713 41
714 540
715 197
716 801
717 661
718 693
719 165
720 940
721 866
722 1097
723 452
724 519
725 874
726 559
727 236
728 915
729 481
730 73
731 360
732 223
733 806
734 320
735 642
736 630
737 836
738 500
739 1132
740 374
741 631
742 918
743 1013
744 740
745 561
746 743
747 501
748 159
749 403
750 655
751 123
752 171
753 741
754 127
755 962
756 694
757 888
758 552
759 22
760 1062
761 177
762 796
763 1042
764 950
765 88
766 1019
767 1126
768 865
769 754
770 1079
771 1059
772 691
773 856
774 378
775 1063
776 711
777 1010
778 126
779 405
780 603
781 949
782 254
783 382
784 282
785 1104
786 144
787 929
788 770
789 692
790 1043
791 729
792 506
793 387
794 585
795 626
796 989
797 842
798 329
799 181
800 639
801 649
802 246
803 430
804 273
805 871
806 545
807 968
808 698
809 227
810 137
811 988
812 1057
813 348
814 520
815 767
816 187
817 298
818 327
819 261
820 964
821 667
822 63
823 485
824 532
825 85
826 60
827 670
828 1014
829 393
830 67
831 849
832 54
833 313
834 1094
835 491
836 1002
837 12
838 357
839 101
840 311
841 675
842 20
843 993
844 645
845 589
846 1084
847 1125
848 900
849 896
850 1034
851 514
852 811
853 204
854 57
855 525
856 341
857 133
858 769
859 720
860 956
861 259
862 814
863 549
864 310
865 244
866 1069
867 1076
868 100
869 192
870 633
871 952
872 817
873 706
874 546
875 797
876 1112
877 184
878 853
879 827
880 622
881 129
882 336
883 155
884 281
885 975
886 292
887 421
888 984
889 350
890 316
891 812
892 613
893 62
894 861
895 755
896 819
897 638
898 1128
899 936
900 128
901 61
902 848
903 408
904 55
905 763
906 606
907 1058
908 58
909 173
910 612
911 657
912 859
913 180
914 715
915 807
916 1045
917 902
918 69
919 256
920 110
921 152
922 1120
923 825
924 141
925 881
926 463
927 917
928 1115
929 315
930 314
931 494
932 434
933 1007
934 886
935 704
936 1090
937 18
938 580
939 570
940 751
941 118
942 253
943 980
944 562
945 840
946 379
947 51
948 286
949 761
950 832
951 226
952 319
953 400
954 776
955 249
956 218
957 924
958 92
959 912
960 792
961 168
962 473
963 831
964 277
965 512
966 50
967 394
968 808
969 318
970 289
971 666
972 1020
973 701
974 985
975 664
976 961
977 550
978 652
979 296
980 482
981 3
982 794
983 798
984 211
985 621
986 148
987 517
988 705
989 979
990 90
991 131
992 472
993 974
994 205
995 830
996 579
997 198
998 681
999 431
1000 495
1001 528
1002 270
1003 1100
1004 948
1005 224
1006 907
1007 788
1008 451
1009 958
1010 547
1011 1077
1012 703
1013 821
1014 17
1015 759
1016 299
1017 30
1018 45
1019 914
1020 1044
1021 908
1022 558
1023 809
1024 791
1025 475
1026 44
1027 68
1028 447
1029 510
1030 14
1031 40
1032 544
1033 376
1034 951
1035 441
1036 245
1037 439
1038 747
1039 202
1040 911
1041 435
1042 154
1043 1050
1044 591
1045 1041
1046 538
1047 518
1048 455
1049 1092
1050 178
1051 616
1052 13
1053 399
1054 125
1055 945
1056 1071
1057 24
1058 214
1059 1118
1060 696
1061 1066
1062 279
1063 942
1064 404
1065 777
1066 939
1067 578
1068 488
1069 489
1070 731
1071 317
1072 167
1073 269
1074 32
1075 213
1076 665
1077 233
1078 533
1079 324
1080 458
1081 928
1082 302
1083 530
1084 19
1085 707
1086 1049
1087 653
1088 592
1089 369
1090 76
1091 527
1092 535
1093 151
1094 1119
1095 338
1096 855
1097 84
1098 1121
1099 765
1100 1040
1101 349
1102 745
1103 288
1104 608
1105 734
1106 135
1107 529
1108 511
1109 82
1110 210
1111 247
1112 1011
1113 883
1114 1101
1115 615
1116 824
1117 746
1118 385
1119 678
1120 708
1121 215
1122 138
1123 158
1124 476
1125 1025
1126 868
1127 965
1128 524
1129 36
1130 903
1131 595
1132 1072
