0 302
1 442
2 845
3 298
4 279
5 164
6 309
7 800
8 529
9 591
10 286
11 329
12 1040
13 81
14 1032
15 568
16 832
17 413
18 656
19 515
20 532
21 796
22 285
23 1024
24 247
25 563
26 198
27 485
28 1001
29 853
30 51
31 679
32 126
33 539
34 1126
35 947
36 427
37 610
38 962
39 313
40 553
41 476
42 654
43 874
44 1
45 1069
46 325
47 308
48 375
49 5
50 521
51 825
52 36
53 1070
54 470
55 789
56 849
57 710
58 502
59 920
60 359
61 8
62 735
63 299
64 461
65 941
66 1112
67 1041
68 660
69 762
70 319
71 250
72 42
73 942
74 580
75 315
76 989
77 11
78 609
79 838
80 1082
81 334
82 116
83 666
84 255
85 530
86 241
87 595
88 23
89 906
90 565
91 238
92 356
93 37
94 343
95 777
96 31
97 508
98 105
99 365
100 734
101 757
102 438
103 541
104 1117
105 722
106 1009
107 311
108 543
109 680
110 593
111 264
112 1014
113 536
114 917
115 781
116 1026
117 763
118 395
119 457
120 312
121 985
122 571
123 991
124 190
125 271
126 29
127 185
128 918
129 622
130 278
131 687
132 465
133 180
134 227
135 769
136 725
137 659
138 50
139 866
140 124
141 662
142 1036
143 908
144 341
145 92
146 858
147 636
148 187
149 913
150 266
151 651
152 336
153 507
154 454
155 472
156 793
157 1131
158 650
159 74
160 263
161 63
162 729
163 387
164 573
165 1116
166 1023
167 172
168 816
169 394
170 96
171 814
172 815
173 76
174 145
175 1092
176 382
177 525
178 1010
179 1053
180 978
181 705
182 639
183 378
184 894
185 875
186 979
187 632
188 141
189 34
190 196
191 379
192 486
193 677
194 421
195 685
196 40
197 45
198 151
199 655
200 753
201 1062
202 1075
203 640
204 928
205 149
206 82
207 1065
208 648
209 730
210 443
211 673
212 1079
213 850
214 747
215 73
216 205
217 85
218 397
219 1105
220 560
221 450
222 744
223 300
224 923
225 57
226 422
227 487
228 839
229 354
230 554
231 557
232 520
233 586
234 301
235 1096
236 372
237 436
238 864
239 223
240 615
241 689
242 938
243 270
244 970
245 348
246 653
247 1100
248 569
249 865
250 70
251 678
252 748
253 261
254 160
255 523
256 258
257 445
258 1060
259 424
260 629
261 940
262 1124
263 226
264 517
265 795
266 267
267 760
268 257
269 100
270 305
271 429
272 415
273 171
274 152
275 973
276 142
277 626
278 86
279 1088
280 598
281 157
282 140
283 275
284 490
285 699
286 1074
287 766
288 108
289 877
290 590
291 613
292 368
293 596
294 599
295 1000
296 464
297 423
298 188
299 931
300 688
301 497
302 965
303 633
304 902
305 38
306 320
307 896
308 433
309 990
310 824
311 960
312 886
313 253
314 1044
315 56
316 665
317 431
318 1094
319 110
320 203
321 89
322 400
323 949
324 401
325 204
326 803
327 966
328 169
329 1034
330 709
331 559
332 897
333 244
334 751
335 39
336 106
337 54
338 952
339 804
340 837
341 153
342 792
343 963
344 915
345 404
346 7
347 274
348 1122
349 974
350 32
351 558
352 79
353 1027
354 224
355 78
356 194
357 391
358 946
359 715
360 295
361 910
362 828
363 788
364 281
365 362
366 183
367 88
368 503
369 28
370 976
371 167
372 887
373 119
374 287
375 66
376 675
377 1073
378 833
379 2
380 775
381 1095
382 211
383 1028
384 726
385 982
386 426
387 695
388 724
389 555
390 500
391 316
392 98
393 352
394 1012
395 165
396 1051
397 288
398 855
399 880
400 15
401 243
402 1045
403 516
404 620
405 232
406 444
407 342
408 888
409 512
410 538
411 1042
412 765
413 1038
414 367
415 756
416 251
417 728
418 1119
419 381
420 446
421 578
422 102
423 545
424 799
425 109
426 410
427 1022
428 746
429 831
430 582
431 390
432 418
433 1099
434 513
435 388
436 61
437 876
438 120
439 1128
440 307
441 733
442 240
443 712
444 303
445 276
446 834
447 1127
448 1013
449 134
450 561
451 739
452 376
453 524
454 574
455 794
456 663
457 360
458 290
459 144
460 945
461 174
462 852
463 899
464 992
465 495
466 13
467 480
468 1008
469 91
470 477
471 225
472 1084
473 403
474 988
475 459
476 780
477 546
478 745
479 873
480 114
481 417
482 317
483 767
484 191
485 905
486 658
487 425
488 363
489 475
490 1086
491 645
492 830
493 549
494 55
495 1067
496 576
497 644
498 936
499 776
500 741
501 752
502 664
503 782
504 1104
505 168
506 1025
507 9
508 617
509 33
510 1101
511 606
512 322
513 646
514 575
515 1103
516 594
517 514
518 357
519 155
520 181
521 95
522 1108
523 245
524 628
525 798
526 277
527 97
528 844
529 1035
530 150
531 807
532 1046
533 1052
534 898
535 977
536 638
537 1107
538 289
539 567
540 77
541 528
542 716
543 64
544 696
545 551
546 1029
547 1006
548 969
549 854
550 26
551 469
552 1125
553 206
554 384
555 903
556 577
557 872
558 99
559 125
560 161
561 133
562 994
563 649
564 891
565 491
566 216
567 53
568 823
569 47
570 953
571 17
572 94
573 647
574 621
575 452
576 624
577 893
578 127
579 14
580 901
581 166
582 1090
583 706
584 179
585 671
586 236
587 327
588 158
589 488
590 370
591 296
592 58
593 239
594 195
595 366
596 1071
597 786
598 851
599 682
600 432
601 652
602 294
603 806
604 826
605 4
606 389
607 684
608 774
609 358
610 335
611 714
612 383
613 848
614 215
615 693
616 304
617 749
618 930
619 759
620 69
621 881
622 121
623 1121
624 237
625 919
626 667
627 1054
628 878
629 702
630 631
631 25
632 138
633 481
634 772
635 471
636 737
637 466
638 135
639 720
640 113
641 859
642 863
643 738
644 453
645 916
646 380
647 19
648 544
649 927
650 231
651 889
652 1076
653 857
654 337
655 984
656 338
657 344
658 948
659 581
660 810
661 934
662 46
663 533
664 409
665 104
666 518
667 212
668 393
669 526
670 846
671 478
672 323
673 437
674 522
675 62
676 1021
677 210
678 83
679 189
680 957
681 511
682 1003
683 111
684 219
685 698
686 669
687 847
688 604
689 234
690 374
691 603
692 914
693 222
694 448
695 1057
696 1017
697 143
698 24
699 935
700 467
701 607
702 217
703 148
704 572
705 861
706 186
707 692
708 868
709 146
710 496
711 229
712 1039
713 175
714 499
715 435
716 750
717 371
718 479
719 683
720 843
721 462
722 924
723 1115
724 808
725 249
726 579
727 350
728 587
729 43
730 163
731 112
732 214
733 396
734 998
735 230
736 637
737 333
738 1089
739 504
740 975
741 958
742 233
743 829
744 959
745 48
746 619
747 584
748 1085
749 1078
750 630
751 269
752 72
753 818
754 351
755 318
756 12
757 531
758 755
759 764
760 330
761 770
762 1033
763 0
764 643
765 456
766 995
767 723
768 719
769 1132
770 761
771 961
772 535
773 441
774 291
775 87
776 707
777 999
778 385
779 1083
780 505
781 547
782 117
783 1020
784 430
785 460
786 136
787 162
788 455
789 597
790 694
791 819
792 90
793 676
794 18
795 332
796 137
797 552
798 588
799 601
800 202
801 537
802 1048
803 35
804 909
805 170
806 434
807 176
808 817
809 627
810 501
811 129
812 993
813 1120
814 778
815 943
816 21
817 583
818 892
819 674
820 30
821 207
822 967
823 836
824 736
825 1018
826 272
827 159
828 701
829 926
830 107
831 900
832 634
833 377
834 600
835 451
836 1015
837 221
838 997
839 1130
840 346
841 986
842 550
843 483
844 414
845 122
846 1098
847 690
848 983
849 1058
850 458
851 132
852 784
853 16
854 790
855 700
856 821
857 791
858 787
859 201
860 731
861 474
862 41
863 386
864 534
865 980
866 732
867 779
868 60
869 292
870 841
871 283
872 585
873 968
874 402
875 6
876 355
877 871
878 103
879 235
880 252
881 1005
882 691
883 570
884 193
885 80
886 681
887 592
888 463
889 703
890 670
891 548
892 494
893 131
894 842
895 20
896 907
897 139
898 1047
899 1091
900 482
901 922
902 1110
903 49
904 71
905 331
906 65
907 840
908 944
909 1114
910 416
911 408
912 811
913 911
914 419
915 797
916 405
917 805
918 955
919 220
920 822
921 213
922 1031
923 75
924 608
925 27
926 956
927 912
928 566
929 184
930 254
931 1050
932 882
933 602
934 128
935 200
936 972
937 939
938 661
939 218
940 473
941 262
942 1037
943 130
944 717
945 498
946 428
947 84
948 564
949 361
950 954
951 273
952 657
953 314
954 623
955 1068
956 447
957 411
958 996
959 697
960 884
961 801
962 686
963 1063
964 349
965 933
966 711
967 1080
968 1123
969 449
970 870
971 904
972 101
973 812
974 589
975 510
976 1004
977 1077
978 618
979 635
980 813
981 199
982 611
983 708
984 616
985 1129
986 964
987 440
988 1106
989 1011
990 268
991 540
992 1059
993 1007
994 950
995 492
996 468
997 869
998 398
999 1030
1000 835
1001 727
1002 921
1003 862
1004 1087
1005 248
1006 353
1007 1016
1008 3
1009 1109
1010 68
1011 740
1012 328
1013 704
1014 156
1015 527
1016 542
1017 932
1018 925
1019 809
1020 641
1021 369
1022 937
1023 1072
1024 364
1025 22
1026 987
1027 509
1028 971
1029 326
1030 783
1031 197
1032 556
1033 208
1034 1118
1035 44
1036 1102
1037 1064
1038 827
1039 259
1040 713
1041 10
1042 246
1043 228
1044 147
1045 754
1046 885
1047 115
1048 625
1049 506
1050 718
1051 883
1052 1056
1053 820
1054 484
1055 867
1056 614
1057 489
1058 123
1059 392
1060 293
1061 178
1062 260
1063 1055
1064 493
1065 345
1066 773
1067 407
1068 439
1069 1081
1070 802
1071 373
1072 406
1073 118
1074 742
1075 1111
1076 306
1077 1061
1078 1066
1079 879
1080 209
1081 1113
1082 340
1083 420
1084 1002
1085 856
1086 562
1087 1049
1088 399
1089 297
1090 612
1091 412
1092 981
1093 52
1094 1043
1095 182
1096 771
1097 256
1098 284
1099 890
1100 324
1101 154
1102 310
1103 347
1104 895
1105 265
1106 282
1107 785
1108 1093
1109 93
1110 192
1111 339
1112 743
1113 59
1114 519
1115 1097
1116 242
1117 642
1118 67
1119 668
1120 860
1121 758
1122 177
1123 768
1124 721
1125 1019
1126 929
1127 951
1128 605
1129 280
1130 321
1131 672
1132 173
