0 702
1 936
2 86
3 431
4 152
5 809
6 869
7 859
8 102
9 896
10 367
11 208
12 349
13 131
14 1041
15 71
16 555
17 748
18 284
19 297
20 447
21 304
22 553
23 662
24 324
25 768
26 782
27 719
28 980
29 151
30 586
31 937
32 140
33 437
34 1059
35 178
36 358
37 764
38 793
39 233
40 1008
41 559
42 932
43 985
44 1122
45 740
46 95
47 453
48 541
49 195
50 496
51 513
52 22
53 125
54 173
55 1025
56 245
57 888
58 1077
59 359
60 97
61 143
62 370
63 615
64 169
65 1021
66 253
67 1002
68 839
69 857
70 778
71 228
72 35
73 747
74 697
75 377
76 276
77 733
78 58
79 176
80 326
81 1087
82 406
83 481
84 558
85 294
86 266
87 527
88 37
89 319
90 355
91 837
92 364
93 539
94 214
95 811
96 905
97 563
98 465
99 958
100 288
101 1093
102 181
103 249
104 669
105 922
106 650
107 70
108 917
109 508
110 234
111 681
112 663
113 814
114 783
115 133
116 830
117 705
118 664
119 278
120 644
121 417
122 841
123 1034
124 751
125 184
126 236
127 27
128 307
129 385
130 503
131 443
132 593
133 430
134 941
135 521
136 345
137 237
138 603
139 23
140 475
141 995
142 318
143 428
144 522
145 633
146 708
147 11
148 1109
149 203
150 1119
151 416
152 676
153 734
154 3
155 610
156 366
157 372
158 815
159 450
160 375
161 1062
162 942
163 139
164 96
165 800
166 535
167 298
168 907
169 916
170 505
171 290
172 414
173 717
174 765
175 870
176 246
177 526
178 612
179 36
180 592
181 887
182 1005
183 812
184 943
185 643
186 884
187 1085
188 399
189 488
190 1114
191 434
192 628
193 49
194 18
195 138
196 732
197 1125
198 105
199 544
200 871
201 79
202 241
203 223
204 155
205 967
206 252
207 569
208 129
209 421
210 534
211 582
212 1063
213 624
214 850
215 856
216 750
217 560
218 853
219 363
220 554
221 82
222 706
223 790
224 449
225 981
226 842
227 207
228 199
229 91
230 506
231 516
232 1123
233 597
234 623
235 222
236 1115
237 331
238 947
239 438
240 275
241 616
242 925
243 817
244 609
245 771
246 1035
247 489
248 952
249 1103
250 224
251 410
252 29
253 1054
254 788
255 1082
256 300
257 73
258 691
259 822
260 134
261 840
262 248
263 502
264 745
265 306
266 712
267 549
268 730
269 335
270 113
271 685
272 640
273 21
274 891
275 908
276 818
277 6
278 348
279 310
280 31
281 631
282 32
283 999
284 613
285 617
286 1121
287 271
288 912
289 766
290 682
291 543
292 272
293 532
294 317
295 339
296 647
297 993
298 646
299 333
300 524
301 201
302 962
303 689
304 8
305 368
306 577
307 109
308 956
309 1064
310 1104
311 149
312 964
313 114
314 934
315 123
316 874
317 634
318 13
319 1091
320 760
321 341
322 30
323 374
324 282
325 325
326 167
327 972
328 564
329 1045
330 403
331 135
332 212
333 1118
334 1083
335 227
336 51
337 206
338 1069
339 291
340 938
341 1127
342 1088
343 655
344 983
345 1053
346 387
347 441
348 804
349 346
350 583
351 191
352 847
353 477
354 945
355 98
356 1098
357 629
358 242
359 1050
360 978
361 921
362 835
363 614
364 354
365 865
366 26
367 321
368 190
369 283
370 944
371 876
372 170
373 93
374 362
375 41
376 678
377 1111
378 731
379 892
380 270
381 1108
382 927
383 452
384 620
385 171
386 440
387 1106
388 470
389 382
390 520
391 1097
392 686
393 500
394 28
395 861
396 930
397 19
398 572
399 810
400 898
401 900
402 957
403 1131
404 721
405 601
406 75
407 457
408 183
409 904
410 606
411 65
412 289
413 990
414 1124
415 177
416 165
417 1027
418 340
419 600
420 507
421 485
422 391
423 47
424 931
425 703
426 970
427 268
428 889
429 142
430 899
431 424
432 501
433 659
434 1101
435 1113
436 673
437 360
438 472
439 147
440 85
441 687
442 451
443 935
444 1042
445 1026
446 824
447 194
448 924
449 826
450 154
451 39
452 390
453 187
454 347
455 274
456 50
457 575
458 622
459 688
460 305
461 882
462 690
463 56
464 716
465 153
466 14
467 1014
468 821
469 949
470 1132
471 557
472 862
473 474
474 182
475 427
476 805
477 1013
478 12
479 435
480 1128
481 285
482 897
483 518
484 42
485 1061
486 919
487 174
488 401
489 313
490 295
491 94
492 7
493 83
494 405
495 963
496 997
497 379
498 59
499 373
500 48
501 67
502 683
503 240
504 820
505 315
506 988
507 299
508 1044
509 99
510 55
511 827
512 89
513 269
514 1112
515 439
516 342
517 192
518 848
519 566
520 422
521 480
522 667
523 530
524 218
525 671
526 794
527 777
528 243
529 556
530 860
531 1010
532 605
533 180
534 668
535 951
536 1052
537 127
538 311
539 479
540 561
541 329
542 537
543 987
544 589
545 1055
546 1068
547 741
548 100
549 531
550 627
551 110
552 803
553 574
554 45
555 251
556 458
557 185
558 384
559 909
560 369
561 763
562 220
563 328
564 486
565 767
566 1033
567 883
568 175
569 581
570 724
571 637
572 1117
573 775
574 873
575 867
576 754
577 444
578 984
579 157
580 499
581 426
582 118
583 542
584 256
585 166
586 512
587 380
588 950
589 1080
590 515
591 994
592 264
593 404
594 895
595 1071
596 890
597 665
598 1066
599 9
600 806
601 25
602 795
603 894
604 596
605 680
606 217
607 714
608 316
609 704
610 10
611 130
612 78
613 954
614 953
615 580
616 998
617 1040
618 197
619 136
620 595
621 880
622 792
623 858
624 259
625 231
626 442
627 393
628 979
629 976
630 462
631 727
632 156
633 699
634 1023
635 648
636 469
637 15
638 446
639 713
640 1070
641 759
642 510
643 982
644 739
645 226
646 940
647 172
648 54
649 179
650 658
651 371
652 1009
653 666
654 494
655 639
656 232
657 293
658 772
659 971
660 568
661 108
662 101
663 265
664 482
665 196
666 338
667 464
668 62
669 735
670 1078
671 378
672 525
673 579
674 813
675 1094
676 463
677 509
678 590
679 24
680 619
681 799
682 725
683 1057
684 296
685 906
686 53
687 552
688 17
689 386
690 1007
691 879
692 675
693 225
694 144
695 762
696 292
697 397
698 819
699 973
700 76
701 77
702 801
703 911
704 314
705 1073
706 594
707 1024
708 229
709 498
710 843
711 798
712 4
713 872
714 215
715 523
716 677
717 621
718 466
719 752
720 746
721 353
722 573
723 769
724 1012
725 308
726 946
727 864
728 429
729 121
730 235
731 670
732 700
733 578
734 1006
735 723
736 302
737 286
738 219
739 852
740 742
741 69
742 776
743 696
744 1020
745 939
746 205
747 473
748 301
749 902
750 257
751 415
752 210
753 514
754 361
755 148
756 969
757 878
758 112
759 336
760 281
761 611
762 707
763 72
764 273
765 831
766 914
767 388
768 330
769 168
770 1030
771 1016
772 247
773 334
774 571
775 5
776 261
777 211
778 1029
779 584
780 948
781 137
782 104
783 145
784 413
785 61
786 1095
787 651
788 1048
789 711
790 642
791 52
792 1096
793 920
794 816
795 230
796 1079
797 545
798 728
799 729
800 66
801 395
802 254
803 490
804 828
805 88
806 529
807 923
808 483
809 770
810 1043
811 1102
812 445
813 791
814 267
815 383
816 124
817 277
818 492
819 926
820 38
821 910
822 785
823 786
824 1017
825 57
826 162
827 1084
828 260
829 456
830 968
831 454
832 1028
833 587
834 540
835 1
836 1116
837 204
838 838
839 216
840 1058
841 1089
842 656
843 409
844 528
845 418
846 779
847 117
848 567
849 585
850 645
851 661
852 797
853 107
854 394
855 1039
856 845
857 351
858 832
859 986
860 787
861 635
862 536
863 588
864 255
865 357
866 43
867 701
868 209
869 744
870 652
871 1086
872 1031
873 761
874 0
875 221
876 115
877 46
878 122
879 636
880 784
881 356
882 565
883 885
884 1056
885 497
886 893
887 546
888 126
889 132
890 60
891 991
892 875
893 823
894 1011
895 1067
896 262
897 796
898 263
899 625
900 103
901 376
902 407
903 736
904 392
905 774
906 975
907 844
908 929
909 200
910 1000
911 992
912 213
913 495
914 1100
915 548
916 1018
917 461
918 903
919 92
920 160
921 626
922 829
923 855
924 312
925 1004
926 808
927 1003
928 1060
929 420
930 753
931 320
932 966
933 607
934 618
935 146
936 350
937 280
938 965
939 657
940 1075
941 773
942 1090
943 1105
944 327
945 44
946 977
947 402
948 1110
949 710
950 484
951 400
952 1065
953 720
954 20
955 709
956 1038
957 630
958 74
959 955
960 119
961 202
962 780
963 425
964 381
965 323
966 836
967 64
968 1022
969 737
970 781
971 660
972 684
973 672
974 161
975 344
976 436
977 749
978 649
979 989
980 40
981 423
982 80
983 239
984 412
985 188
986 343
987 309
988 81
989 186
990 738
991 337
992 698
993 960
994 851
995 408
996 198
997 562
998 641
999 996
1000 258
1001 1081
1002 365
1003 570
1004 84
1005 1051
1006 959
1007 433
1008 547
1009 722
1010 468
1011 279
1012 877
1013 1037
1014 715
1015 504
1016 493
1017 2
1018 1036
1019 1072
1020 244
1021 674
1022 398
1023 757
1024 460
1025 519
1026 1015
1027 915
1028 448
1029 602
1030 476
1031 608
1032 599
1033 150
1034 68
1035 695
1036 807
1037 863
1038 718
1039 1046
1040 758
1041 491
1042 974
1043 743
1044 538
1045 849
1046 478
1047 1074
1048 692
1049 411
1050 679
1051 238
1052 1130
1053 303
1054 881
1055 487
1056 1107
1057 913
1058 287
1059 868
1060 591
1061 34
1062 1129
1063 901
1064 120
1065 467
1066 694
1067 389
1068 158
1069 551
1070 802
1071 789
1072 163
1073 726
1074 432
1075 455
1076 961
1077 164
1078 396
1079 322
1080 854
1081 846
1082 604
1083 63
1084 250
1085 471
1086 928
1087 352
1088 886
1089 459
1090 1019
1091 106
1092 1092
1093 550
1094 576
1095 332
1096 193
1097 654
1098 189
1099 756
1100 653
1101 511
1102 128
1103 1126
1104 141
1105 87
1106 1076
1107 1032
1108 598
1109 159
1110 33
1111 834
1112 1001
1113 1047
1114 755
1115 90
1116 933
1117 517
1118 1049
1119 918
1120 111
1121 866
1122 533
1123 693
1124 1120
1125 825
1126 1099
1127 419
1128 833
1129 638
1130 116
1131 632
1132 16
