820 1095
820 761
820 410
820 983
820 966
820 73
820 254
820 620
820 217
820 156
820 610
820 317
820 256
820 822
820 819
820 57
820 1131
820 989
820 987
820 796
820 422
820 807
820 1043
820 585
820 766
820 1048
820 810
820 267
820 276
820 368
1095 761
1095 410
1095 966
1095 73
1095 254
1095 620
1095 217
1095 156
1095 317
1095 819
1095 1131
1095 989
1095 987
1095 422
1095 1043
1095 1021
1095 376
1095 370
1095 622
1095 710
1095 582
1095 492
761 410
761 966
761 73
761 254
761 620
761 156
761 610
761 317
761 819
761 1131
761 989
761 987
761 796
761 422
761 807
761 1048
761 810
761 370
761 193
761 627
761 447
761 1022
761 886
761 872
761 979
761 1009
761 1005
761 717
761 811
761 218
761 920
761 1015
761 474
761 258
761 115
761 858
410 156
410 422
410 1009
410 544
410 333
410 870
410 821
410 112
410 533
410 637
410 762
410 583
410 1042
410 291
410 116
410 83
410 3
410 326
410 1058
983 966
983 317
983 799
983 1069
983 229
983 390
983 387
983 988
983 366
966 73
966 254
966 317
966 819
966 1131
966 422
966 1048
966 810
966 370
966 177
966 402
966 1060
966 942
966 635
966 436
966 301
966 817
73 620
73 217
73 317
73 822
73 819
73 989
73 422
73 810
73 390
73 264
73 59
73 90
73 250
73 19
73 298
73 1127
73 584
73 343
73 342
73 332
73 76
73 783
254 422
254 810
254 1101
254 1080
620 217
620 317
620 819
620 796
620 422
620 1043
620 276
620 447
620 843
620 70
620 1110
620 1
620 1030
217 819
217 1043
217 276
217 370
217 3
217 570
217 608
217 2
217 911
217 1103
217 827
217 581
217 567
217 169
217 687
217 745
217 140
217 51
217 380
217 542
217 125
217 10
217 963
217 119
217 437
217 374
217 1112
217 35
156 1131
156 989
156 987
156 422
156 585
156 1048
156 979
156 799
156 398
156 108
156 43
156 1075
156 1087
156 801
156 60
156 1031
610 635
610 1026
610 689
610 274
610 157
610 195
610 842
610 313
610 768
610 201
610 967
610 446
610 1013
610 604
610 856
610 785
317 256
317 819
317 1131
317 422
317 1043
317 810
317 979
317 83
317 390
317 1
317 785
317 406
317 337
317 505
317 562
317 647
317 656
317 773
256 822
256 819
256 1043
256 376
256 370
256 177
256 1030
256 2
256 1103
256 125
256 10
256 801
256 71
256 338
256 214
256 469
256 460
256 990
256 132
256 590
256 738
256 548
256 241
256 449
256 1047
256 512
256 1115
256 623
256 302
256 381
256 695
256 1104
256 1121
256 778
822 807
822 376
822 370
822 390
822 298
822 10
822 590
822 408
822 776
822 516
822 945
822 409
822 565
822 659
822 358
822 159
819 1043
819 276
819 376
819 370
819 858
819 387
819 1110
819 570
819 125
819 437
819 1112
819 273
819 823
819 881
819 227
819 216
819 271
819 514
819 890
819 283
819 527
819 269
819 1038
819 580
819 220
819 82
819 362
819 844
819 138
819 440
819 251
819 94
819 1088
819 980
819 702
819 458
819 72
819 200
819 912
819 775
819 769
819 335
57 1043
57 370
57 567
57 837
57 118
57 433
1131 989
1131 796
1131 422
1131 807
1131 585
1131 766
1131 1048
1131 492
1131 193
1131 899
1131 141
1131 740
989 987
989 1048
989 492
989 447
989 3
989 1060
989 301
989 51
989 60
989 945
989 150
989 893
989 416
989 618
989 832
989 628
989 403
989 284
989 1085
989 861
989 154
989 349
987 422
987 447
987 886
987 218
987 402
987 1
987 740
987 832
987 1037
987 306
987 508
987 720
796 807
796 585
796 193
796 627
796 447
796 1009
796 1005
796 218
796 258
796 115
796 870
796 250
796 843
796 70
796 1110
796 1030
796 562
796 82
796 440
796 980
796 837
796 154
796 424
796 152
796 287
796 498
796 949
796 55
796 757
796 845
796 814
796 953
796 321
796 187
796 34
796 1089
796 609
796 686
796 1126
422 1048
422 1021
422 492
807 585
807 492
807 193
807 1022
807 886
807 872
807 979
807 1009
807 218
807 258
807 177
807 342
807 1075
807 1087
807 195
807 778
807 216
807 1038
807 141
807 893
807 349
807 152
807 321
807 552
807 559
807 825
807 853
807 1016
807 327
807 869
807 777
807 968
807 630
807 976
807 148
807 800
807 592
807 711
807 935
807 429
807 442
807 616
807 910
807 646
807 425
807 1061
1043 276
1043 376
1043 370
1043 333
1043 3
1043 570
1043 608
1043 2
1043 1103
1043 567
1043 169
1043 140
1043 51
1043 380
1043 10
1043 132
1043 590
1043 512
1043 623
1043 778
1043 559
1043 1079
1043 576
1043 900
1043 961
1043 781
1043 1059
1043 1054
1043 1098
1043 24
1043 558
1043 1106
1043 927
1043 144
585 766
585 193
585 821
585 533
585 119
585 141
585 861
585 853
585 900
585 167
585 643
585 951
585 395
585 58
585 876
1048 492
1048 3
1048 301
1048 584
1048 945
1048 893
1048 618
1048 403
1048 861
1048 592
1048 1130
1048 708
1048 377
1048 888
810 370
810 778
810 832
810 616
810 123
810 1081
267 201
267 1114
267 804
267 601
267 481
267 640
267 694
267 369
276 370
276 811
276 381
276 881
276 216
276 283
276 527
276 251
276 200
276 571
276 1041
276 908
276 224
276 1066
276 553
276 136
276 245
276 1029
276 734
276 991
276 857
368 979
368 258
368 70
368 562
368 269
368 1037
368 424
368 757
368 609
368 692
368 959
368 871
368 1129
368 638
368 607
368 476
368 662
368 199
368 556
368 1109
368 962
1021 1125
376 370
376 51
376 738
370 115
370 3
370 570
370 778
370 123
370 898
370 644
492 920
492 416
492 832
492 1085
492 1037
492 953
492 968
492 592
492 959
492 698
492 767
492 1132
492 225
492 523
492 226
492 578
492 641
492 863
492 87
193 447
193 1022
193 886
193 979
193 1009
193 218
193 1015
193 1110
193 1030
193 141
193 349
193 424
193 152
193 55
193 853
193 481
193 640
193 1129
193 105
193 181
193 1099
193 612
193 1108
627 1022
627 1009
627 1005
627 811
627 258
627 115
627 858
627 333
627 1110
627 562
627 1038
627 869
627 24
627 662
627 105
627 181
627 805
627 386
627 974
627 574
627 268
627 1100
627 549
627 47
627 909
447 1009
447 1005
447 717
447 218
447 920
447 258
447 533
447 817
447 1127
447 843
447 1
447 1075
447 1087
447 159
447 881
447 440
447 403
447 861
447 424
447 152
447 287
447 55
447 686
447 552
447 968
447 1129
447 607
447 87
447 105
447 181
447 1108
447 846
447 371
447 779
447 280
447 127
447 15
447 265
447 880
447 106
447 147
447 205
447 61
1022 872
1022 979
1022 218
1022 635
1022 70
1022 1110
1022 1075
1022 562
1022 424
1022 630
1022 876
1022 640
1022 1129
1022 638
1022 476
1022 199
1022 556
1022 105
1022 181
1022 1099
1022 127
1022 205
1022 270
1022 1008
1022 928
1022 1064
1022 521
1022 348
1022 919
1022 719
1022 455
1022 1020
1022 703
1022 758
1022 1055
1022 44
1022 80
1022 14
1022 197
1022 0
1022 943
1022 1119
1022 357
1022 932
1022 712
1022 491
1022 591
886 1009
886 893
886 349
886 777
886 646
886 722
872 1015
872 1087
872 1129
872 1125
872 1064
872 919
872 680
872 682
872 850
872 149
872 744
872 482
872 92
872 297
872 617
979 218
979 258
979 799
979 43
979 159
979 141
979 757
979 609
979 638
979 226
979 181
979 574
979 1119
979 723
979 164
979 636
979 883
979 1073
979 998
979 879
979 438
979 524
979 171
979 401
1009 717
1009 1015
1009 544
1009 333
1009 870
1009 533
1009 762
1009 1042
1009 116
1009 83
1009 326
1009 1058
1009 402
1009 1037
1009 152
1009 646
1009 641
1009 105
1009 15
1009 1119
1009 617
1009 418
1009 586
1009 1090
1009 894
1009 103
1009 735
1009 428
1005 70
1005 199
1005 626
717 927
717 1129
717 909
717 6
811 258
811 115
811 858
811 390
811 366
811 19
811 1110
811 169
811 374
811 516
811 527
811 269
811 82
811 1088
811 1037
811 777
811 800
811 24
811 876
811 571
811 1066
811 553
811 1029
811 991
811 857
811 698
811 974
811 268
811 703
811 77
811 212
811 117
811 279
811 728
811 1123
811 475
811 736
218 1015
218 402
218 159
218 740
218 1037
218 424
218 609
218 630
218 640
218 245
218 638
218 556
218 105
218 909
218 846
218 591
218 667
218 294
920 258
920 858
920 1110
920 34
920 777
920 429
920 556
920 962
920 87
920 105
920 47
920 846
920 885
920 130
920 172
920 192
920 462
920 126
920 37
1015 402
1015 374
1015 43
1015 1087
1015 768
1015 562
1015 778
1015 740
1015 1037
1015 498
1015 953
1015 777
1015 900
1015 369
1015 638
1015 476
1015 962
1015 641
1015 574
1015 549
1015 909
1015 712
1015 297
1015 464
1015 111
1015 1116
1015 569
1015 215
1015 99
1015 816
1015 285
1015 249
1015 615
474 1058
258 390
258 817
258 10
258 408
258 516
258 409
258 659
258 159
258 869
258 369
258 692
258 871
258 638
258 1132
258 105
258 205
258 1116
258 352
258 892
258 947
258 500
258 956
258 42
115 858
115 1110
115 374
115 527
115 609
115 571
115 245
115 386
115 261
115 561
858 387
858 1110
858 374
858 43
858 881
858 216
858 527
858 269
858 362
858 440
858 94
858 1088
858 980
858 757
858 781
858 24
858 991
858 1129
858 476
858 386
858 1100
858 703
858 1055
858 117
858 597
858 339
858 833
858 921
858 65
544 333
544 870
544 533
544 762
544 583
544 1042
544 83
544 1058
544 416
544 646
544 15
544 998
544 418
544 509
544 518
544 341
544 131
544 613
544 784
544 948
544 532
544 673
544 347
544 206
544 454
544 260
333 870
333 533
333 762
333 1042
333 291
333 83
333 1058
333 1030
333 1103
333 10
333 273
333 82
333 321
333 646
333 576
333 641
333 15
333 44
333 418
333 728
333 795
333 404
333 996
333 830
333 351
333 311
333 774
333 874
870 533
870 762
870 1042
870 83
870 326
870 1058
870 187
870 646
870 418
870 103
870 600
870 75
870 815
870 22
821 206
112 762
112 116
112 108
112 720
112 597
112 206
112 233
112 456
112 929
533 637
533 762
533 1042
533 291
533 326
533 1058
533 689
533 313
533 1013
533 516
533 1038
533 327
533 1125
533 280
533 15
533 518
533 925
533 281
533 530
637 326
637 1013
637 586
637 518
637 110
637 13
637 653
637 243
762 583
762 116
762 83
762 1058
762 90
762 646
762 673
762 206
762 110
762 737
583 116
583 90
583 646
583 103
583 509
583 518
583 341
583 948
583 673
583 206
583 737
583 240
583 550
583 74
583 955
1042 83
1042 326
1042 1058
1042 646
1042 369
1042 846
1042 418
1042 797
291 861
291 646
291 576
291 103
291 206
291 996
291 830
291 595
291 239
291 346
291 52
116 83
116 90
116 646
116 15
116 103
116 597
116 206
116 233
116 737
116 240
116 535
83 1058
83 90
83 912
83 226
83 574
83 418
83 428
83 294
83 956
83 233
83 110
83 243
83 906
83 838
83 1071
83 709
83 170
83 259
83 257
83 1049
83 701
3 1060
3 570
3 687
3 738
3 548
3 778
3 832
3 154
3 616
3 959
3 181
3 294
3 351
3 874
3 884
3 1124
3 794
326 1075
326 832
326 586
326 894
326 653
326 240
326 486
1058 689
1058 869
1058 646
1058 1079
1058 1109
1058 641
1058 87
1058 1099
1058 371
1058 15
1058 197
1058 524
1058 418
1058 569
1058 233
1058 13
1058 737
1058 240
1058 669
1058 308
1058 11
1058 166
1058 79
1058 568
1058 873
1058 985
1058 878
799 59
799 43
799 686
799 968
799 106
799 205
799 297
799 998
799 438
799 172
799 42
799 1049
799 230
799 716
799 459
799 1093
799 432
799 496
1069 1101
1069 374
1069 1075
1069 945
1069 881
1069 216
1069 82
1069 832
1069 953
1069 900
1069 956
1069 281
1069 530
1069 494
1069 453
1069 1057
1069 765
1069 161
1069 877
1069 573
229 967
229 856
229 327
229 105
229 261
229 1074
229 513
229 248
229 994
229 665
229 356
390 177
390 635
390 1110
390 687
390 140
390 10
390 201
390 1013
390 408
390 516
390 945
390 409
390 659
390 358
390 832
390 327
390 777
390 369
390 1125
390 863
390 197
390 352
390 956
390 42
390 161
390 546
390 543
390 53
390 826
390 185
390 831
390 488
390 189
390 307
390 485
390 860
390 383
387 201
387 216
387 136
387 998
387 676
988 827
988 51
988 380
988 71
988 338
988 623
988 1121
988 408
988 271
988 638
988 38
366 1110
366 374
366 43
366 801
366 527
366 553
366 662
366 357
366 520
366 25
177 436
177 1110
177 169
177 51
177 437
177 71
177 623
177 776
177 881
177 777
177 800
177 974
177 357
177 932
177 25
177 732
177 487
177 329
177 426
177 849
177 382
177 322
402 1127
402 1075
402 337
402 580
402 740
402 1037
402 508
402 686
402 123
402 638
402 722
402 464
402 1116
402 249
402 877
402 1078
402 493
402 896
402 969
1060 1127
1060 827
1060 623
1060 1104
1060 778
1060 527
1060 832
1060 628
1060 1085
1060 777
1060 592
1060 935
1060 395
1060 377
1060 1008
1060 722
1060 249
1060 535
1060 969
1060 263
942 195
942 154
942 508
942 455
942 384
635 689
635 274
635 195
635 768
635 1013
635 856
635 785
635 1129
635 105
635 383
635 158
436 374
436 35
436 823
436 514
436 220
436 94
436 702
436 912
436 335
436 1054
436 991
436 857
436 943
436 932
436 346
436 340
436 497
436 247
436 950
436 707
301 1127
301 584
301 832
301 205
301 894
301 1116
301 715
301 320
817 1075
817 408
817 831
264 19
264 823
264 514
264 580
264 912
264 609
264 346
264 247
264 21
264 30
264 324
59 298
59 1116
59 947
59 378
59 4
59 730
90 646
90 1079
90 197
90 418
90 586
90 103
90 206
90 13
90 737
90 4
90 730
90 391
90 388
90 319
90 545
90 864
90 480
250 832
250 187
250 777
250 371
250 294
250 506
250 107
250 421
250 1111
250 490
19 562
19 527
19 609
19 1061
19 676
19 174
19 180
19 314
19 602
19 992
298 745
298 659
298 159
298 1116
298 500
298 378
298 4
298 1004
298 1018
298 789
298 484
298 336
298 835
298 970
298 237
298 450
1127 76
1127 398
1127 60
1127 416
1127 832
1127 1085
1127 1037
1127 1016
1127 641
1127 106
1127 99
1127 488
1127 715
1127 320
1127 388
1127 889
1127 632
1127 430
1127 534
584 1116
584 430
343 783
343 106
343 99
343 480
343 107
343 56
332 320
332 970
332 1083
332 572
76 1087
76 659
76 378
783 320
1101 374
1101 108
1101 216
1101 853
1101 630
1101 591
1101 261
1101 877
1101 849
1101 650
1101 186
1080 1109
1080 779
843 152
843 1111
843 639
70 1110
70 374
70 1087
70 406
70 527
70 200
70 991
70 638
70 591
70 456
70 188
1110 169
1110 374
1110 1112
1110 408
1110 216
1110 514
1110 283
1110 527
1110 269
1110 1038
1110 580
1110 220
1110 82
1110 440
1110 1088
1110 980
1110 458
1110 72
1110 200
1110 141
1110 284
1110 757
1110 609
1110 800
1110 1061
1110 1054
1110 888
1110 1066
1110 871
1110 638
1110 476
1110 974
1110 205
1110 703
1110 357
1110 617
1110 998
1110 117
1110 728
1110 130
1110 261
1110 833
1110 925
1110 459
1110 732
1110 707
1110 293
1110 1011
1110 688
1110 841
1110 471
1110 1072
1110 651
1110 895
1110 400
1110 836
1110 806
1 1075
1 60
1 869
1 1109
1 1108
1 758
1 723
1 401
1 464
1 816
1 42
1 79
1 969
1 1076
1 184
1 759
1 207
1 160
1 151
1 124
1 936
1 392
1 135
1 363
1 699
1 658
1 729
1030 374
1030 778
1030 216
1030 283
1030 82
1030 72
1030 845
1030 559
1030 278
1030 478
1030 763
570 51
570 927
2 687
2 140
2 10
2 778
2 794
2 189
2 834
1103 581
1103 51
1103 214
1103 460
1103 132
1103 590
1103 548
1103 695
1103 1121
1103 630
1103 616
1103 638
1103 181
1103 684
1103 887
827 51
827 10
827 1075
827 338
827 214
827 590
827 623
827 1121
827 794
827 1113
581 687
581 695
581 189
581 834
567 118
567 433
567 321
567 900
567 909
567 1116
567 763
567 714
567 16
567 1053
169 437
169 374
169 881
169 514
169 527
169 580
169 220
169 82
169 440
169 1088
169 980
169 702
169 777
169 800
169 781
169 708
169 888
169 698
169 703
169 77
169 728
169 130
169 261
169 597
169 497
169 1011
169 895
169 45
169 995
169 971
169 143
169 328
169 798
687 140
687 51
687 10
687 43
687 1087
687 71
687 132
687 516
687 794
687 189
687 743
745 220
745 475
745 561
745 239
745 450
745 134
745 1019
140 10
140 738
140 189
140 834
51 71
51 214
51 460
51 990
51 590
51 738
51 548
51 449
51 512
51 623
51 381
51 695
51 1121
51 778
51 832
51 144
51 1129
51 794
51 543
51 189
51 834
51 539
380 214
380 460
380 990
380 590
380 738
380 449
380 512
380 381
380 543
542 845
542 900
542 1059
542 692
542 871
542 181
542 894
542 230
542 459
542 86
542 1082
542 809
542 419
10 623
10 408
10 573
10 189
10 316
10 746
963 60
963 778
963 321
963 900
963 692
963 909
963 894
963 121
963 7
963 95
119 1019
437 890
437 844
437 912
437 800
437 130
437 247
437 651
437 895
437 400
437 282
437 209
374 60
374 778
374 881
374 216
374 527
374 82
374 362
374 72
374 416
374 508
374 800
374 781
374 24
374 876
374 708
374 1066
374 245
374 1029
374 894
374 77
374 728
374 328
374 23
1112 283
1112 571
1112 293
1112 688
35 881
35 220
35 991
35 932
35 117
35 261
35 1113
35 67
35 577
398 1075
398 1087
398 60
398 337
398 628
398 144
398 959
398 249
398 948
398 11
398 1078
398 506
398 1111
398 995
398 575
398 457
398 625
398 917
398 253
108 720
108 609
108 481
108 871
108 597
108 456
108 432
108 180
108 186
43 1075
43 1088
43 628
43 646
43 130
43 509
43 826
1075 1087
1075 689
1075 337
1075 141
1075 349
1075 953
1075 640
1075 556
1075 641
1075 846
1075 127
1075 147
1075 883
1075 885
1075 192
1075 948
1075 260
1075 1078
1075 493
1075 319
1075 699
1075 746
1075 981
1075 12
1075 629
1075 277
1075 1107
1087 967
1087 337
1087 776
1087 216
1087 141
1087 804
1087 1129
1087 962
1087 909
1087 719
1087 80
1087 0
1087 735
1087 99
1087 42
1087 784
1087 281
1087 709
1087 459
1087 488
1087 493
1087 320
1087 388
1087 7
1087 579
1087 960
1087 681
1087 232
1087 20
1087 292
801 1088
801 58
801 481
801 486
801 826
801 520
801 107
801 743
801 385
801 1027
801 918
60 1031
60 778
60 980
60 893
60 832
60 861
60 154
60 508
60 777
60 1066
60 1129
60 574
60 106
60 297
60 998
60 667
60 464
60 1116
60 285
60 535
60 877
60 1078
60 969
60 363
60 960
1031 893
1031 349
1026 768
1026 201
689 157
689 195
689 313
689 768
689 201
689 967
689 446
689 1013
689 856
689 327
689 643
689 951
689 601
689 481
689 640
689 692
689 1129
689 638
689 226
689 105
689 197
689 281
689 530
689 383
689 400
689 624
689 1051
689 741
689 551
274 157
274 768
274 856
274 105
274 624
274 54
157 195
157 768
157 201
157 967
157 1013
157 856
157 481
157 1129
157 105
157 181
157 591
157 667
157 281
157 732
157 158
157 400
157 54
157 8
195 768
195 201
195 154
195 711
195 643
195 1129
195 1008
195 197
195 744
195 482
195 297
195 281
195 384
195 158
195 534
195 54
195 593
195 262
195 1024
195 1044
195 1035
195 655
195 439
842 1100
842 719
842 1074
842 994
842 511
842 670
842 901
313 768
313 1013
313 856
313 516
313 1085
313 1037
313 327
313 871
313 105
313 280
313 127
313 164
313 383
313 441
313 993
768 201
768 967
768 446
768 1013
768 856
768 516
768 150
768 154
768 369
768 1129
768 105
768 574
768 280
768 1090
768 530
768 383
768 64
201 1013
201 856
201 408
201 154
201 640
201 105
201 197
201 13
201 383
201 1051
201 517
201 242
967 856
967 82
967 1100
967 205
967 383
967 624
446 1013
446 856
446 516
446 327
446 280
446 530
446 383
446 121
446 741
446 64
1013 856
1013 408
1013 1037
1013 508
1013 105
1013 591
1013 873
1013 383
1013 732
604 1037
856 516
856 508
856 327
856 951
856 280
856 513
856 994
856 383
856 54
856 441
856 64
856 242
856 621
856 747
856 1105
785 1099
785 197
785 92
785 384
785 158
785 451
785 431
785 946
785 529
785 495
785 300
406 200
337 1085
337 698
337 1132
337 574
337 880
337 147
337 205
337 723
337 883
337 885
337 1078
337 493
337 995
505 869
505 777
505 363
505 1082
505 625
562 152
562 1129
562 638
562 476
562 747
562 325
647 408
647 758
647 14
647 400
647 135
647 522
647 173
647 674
647 852
647 420
647 345
656 6
656 364
773 752
773 1128
773 685
71 408
71 516
71 358
71 322
338 623
338 216
338 271
338 514
338 144
338 991
338 932
338 322
338 577
214 553
214 641
214 404
214 534
214 999
469 460
469 132
469 590
469 1047
469 630
469 553
460 990
460 132
460 590
460 449
460 512
460 154
460 144
460 543
990 590
990 381
990 778
990 974
990 351
132 1085
132 794
590 1085
590 553
590 794
590 543
590 746
548 996
241 456
241 322
449 144
449 543
623 1121
623 778
623 216
623 271
623 514
623 775
623 991
623 703
623 322
623 309
302 778
302 322
381 720
695 616
695 834
1121 271
1121 640
1121 698
1121 494
778 416
778 628
778 1085
778 1037
778 935
778 900
778 1098
778 927
778 794
778 543
778 905
778 1065
408 516
408 409
408 659
408 358
408 159
408 1125
408 805
408 909
408 1008
408 521
408 44
408 1057
408 185
408 831
408 378
408 730
408 336
408 575
408 292
408 8
408 262
408 222
408 937
408 933
776 516
776 659
776 159
776 82
776 777
776 860
776 487
516 358
516 327
516 951
516 692
516 871
516 105
516 1100
516 280
516 1020
516 164
516 994
516 189
516 383
516 732
516 993
516 1105
516 731
945 617
945 894
945 494
945 329
945 4
945 186
945 639
945 960
945 700
409 197
409 956
409 831
409 263
409 933
565 569
565 42
565 546
565 732
565 969
565 759
565 392
565 699
565 344
565 770
565 944
565 360
659 159
659 1116
659 947
659 732
659 378
659 1018
659 789
659 355
659 531
358 185
358 831
358 383
159 369
159 1116
159 947
159 1018
273 82
273 118
273 498
273 961
273 136
273 130
273 925
273 67
273 683
273 749
823 216
823 580
823 94
823 702
823 912
823 335
823 857
823 974
823 268
823 932
823 130
823 346
823 340
823 247
823 21
823 30
823 324
823 683
881 216
881 580
881 440
881 559
881 24
881 571
881 1029
881 974
881 703
881 357
881 728
881 400
881 981
881 146
227 321
227 404
227 887
227 1053
227 95
227 28
216 271
216 527
216 580
216 362
216 440
216 94
216 980
216 200
216 775
216 1085
216 559
216 777
216 800
216 781
216 571
216 991
216 638
216 974
216 1100
216 703
216 728
216 130
216 833
216 921
216 21
216 971
216 746
216 282
216 146
216 705
216 594
216 1050
271 580
271 94
271 775
271 781
271 991
271 703
271 594
271 315
514 580
514 220
514 82
514 362
514 94
514 702
514 912
514 335
514 991
514 932
514 475
514 550
514 322
514 247
514 450
514 1011
514 651
514 282
514 67
514 683
514 594
514 882
890 702
890 458
890 200
890 769
890 576
890 781
890 268
890 400
890 1082
890 593
890 594
890 786
890 137
890 176
283 220
283 912
283 609
283 630
283 1061
283 638
283 597
283 459
283 707
283 180
283 293
283 1011
283 688
283 471
283 1072
283 651
283 121
283 598
283 603
527 269
527 82
527 200
527 832
527 1089
527 800
527 1054
527 24
527 1029
527 476
527 662
527 974
527 279
527 65
527 836
269 980
269 757
269 1089
269 1066
269 476
269 523
269 1119
269 65
269 493
1038 82
1038 559
1038 1054
1038 136
1038 1129
1038 280
1038 164
1038 925
1038 383
1038 502
580 220
580 362
580 138
580 440
580 251
580 1088
580 980
580 458
580 72
580 200
580 832
580 757
580 559
580 976
580 800
580 1054
580 24
580 857
580 476
580 974
580 205
580 703
580 279
580 130
580 833
580 925
580 247
580 286
580 829
220 362
220 844
220 440
220 251
220 94
220 702
220 458
220 72
220 912
220 335
220 800
220 781
220 1054
220 662
220 703
220 932
220 130
220 247
220 895
220 67
220 882
220 397
82 440
82 1088
82 980
82 702
82 335
82 559
82 553
82 991
82 974
82 357
82 728
82 130
82 282
362 94
362 1088
362 458
362 991
362 1100
362 703
362 921
362 450
362 67
844 94
844 912
844 800
844 644
844 130
844 261
844 707
844 895
844 397
138 702
138 200
138 591
138 707
440 980
440 832
440 800
440 553
440 974
440 357
440 591
440 401
440 728
440 130
440 1011
440 1113
440 45
440 67
251 94
251 702
251 912
251 781
251 932
251 732
251 328
251 67
251 1050
251 397
94 1088
94 702
94 458
94 912
94 335
94 991
94 857
94 932
94 475
94 833
94 665
94 67
94 397
94 1094
94 461
94 903
1088 1061
1088 576
1088 888
1088 1100
1088 47
1088 117
1088 833
1088 65
1088 995
1088 1094
1088 939
1088 633
980 508
980 559
980 800
980 24
980 974
980 894
980 279
980 925
980 836
980 809
980 121
702 458
702 200
702 912
702 769
702 335
702 781
702 268
702 932
702 346
702 340
702 247
702 1011
702 67
702 594
702 176
458 200
458 912
458 769
458 781
458 703
458 728
458 21
458 1011
458 209
458 594
458 176
458 354
72 769
72 508
72 24
72 456
72 459
72 683
72 461
200 800
200 476
200 268
200 728
200 794
200 732
200 21
200 450
200 188
200 594
200 1068
912 335
912 781
912 932
912 833
912 340
912 950
912 836
912 121
912 282
912 209
912 67
912 593
912 286
912 397
912 1025
912 727
775 703
775 414
769 781
769 268
769 573
769 21
769 651
769 594
769 176
335 340
335 247
335 1105
335 465
335 48
837 874
837 494
837 971
837 69
118 181
118 874
118 16
118 1053
118 748
433 748
899 1049
141 245
141 846
141 205
141 744
141 346
141 794
141 732
141 33
740 1037
740 630
740 640
740 962
740 1119
740 591
740 1096
150 1116
893 832
893 154
893 349
893 167
893 667
893 421
893 683
893 228
416 349
416 508
416 953
416 607
416 1132
416 1036
832 403
832 861
832 154
832 349
832 508
832 953
832 321
832 646
832 708
832 377
832 205
832 728
832 294
832 669
832 1078
832 384
832 319
832 534
832 392
832 121
832 960
832 145
832 791
832 66
832 84
832 1052
832 868
628 106
628 31
403 34
403 708
403 723
403 464
403 215
403 816
403 985
403 488
403 363
403 654
1085 777
1085 708
1085 369
1085 962
1085 181
1085 294
1085 947
1085 925
1085 794
1085 1078
1085 484
1085 632
1085 534
1085 625
1085 981
1085 629
1085 39
1085 1028
1085 984
1085 760
861 1090
861 172
861 111
861 249
861 260
861 74
861 53
861 1107
861 847
861 1032
154 508
154 377
154 959
154 6
154 281
154 384
154 158
154 791
154 66
154 926
349 498
349 377
349 722
349 1123
349 667
349 294
349 749
349 434
1037 508
1037 777
1037 369
1037 962
1037 909
1037 1055
1037 723
1037 464
1037 215
1037 956
1037 509
1037 347
1037 1078
1037 969
1037 219
306 883
306 732
306 718
508 876
508 1129
508 15
508 197
508 735
508 464
508 281
508 969
508 158
508 534
508 434
508 472
508 191
508 203
720 205
720 597
720 456
720 923
424 152
424 498
424 55
424 476
424 105
152 55
152 574
152 1119
152 1078
498 871
498 61
498 1055
498 667
498 550
498 573
498 683
498 228
498 507
498 866
949 377
55 845
55 1061
55 909
55 894
55 1082
55 625
757 1089
757 871
757 638
757 476
757 998
757 117
757 139
845 377
845 1066
845 626
845 960
953 609
953 777
953 607
953 556
953 1132
953 1078
953 995
953 1036
321 935
321 900
321 638
321 181
321 909
321 404
321 95
321 557
321 100
321 564
321 541
187 777
187 22
187 860
187 107
187 1111
187 936
187 385
187 344
187 372
187 865
187 165
34 369
34 105
34 371
34 524
34 816
34 488
34 392
34 958
34 89
1089 523
609 24
609 708
609 638
609 998
609 833
609 278
609 1113
686 883
686 816
686 918
686 345
686 790
686 331
552 846
552 147
559 961
559 728
559 130
559 925
825 172
825 53
825 128
825 934
825 973
853 976
853 1061
853 888
853 304
1016 106
1016 320
327 951
327 1125
327 925
327 1074
327 513
327 383
327 579
327 624
327 721
327 679
869 369
869 962
869 105
869 1108
869 574
869 549
869 846
869 371
869 14
869 723
869 401
869 464
869 488
869 151
869 936
869 699
869 731
869 792
777 969
777 1111
777 457
777 625
777 960
777 1070
777 1091
968 641
968 205
968 1119
968 1078
968 992
968 430
968 1052
968 868
968 472
968 183
968 435
968 1118
630 640
630 638
630 181
630 1099
630 127
630 1055
630 943
630 591
630 6
630 522
630 557
630 1014
630 88
630 36
148 181
148 456
148 419
148 299
800 991
800 928
800 703
800 117
800 728
800 130
800 597
800 497
800 247
800 282
800 443
592 442
592 87
592 205
592 723
592 37
592 816
592 334
711 643
711 638
711 455
711 44
711 297
711 617
711 816
711 158
711 364
711 1014
711 102
711 753
935 136
935 95
935 196
429 877
429 53
429 1032
429 128
429 934
429 742
429 288
429 97
429 977
442 127
442 723
442 636
442 37
442 488
442 320
442 759
442 289
616 127
616 1055
616 794
616 887
616 95
910 1109
646 418
646 586
646 103
646 294
646 206
646 737
425 181
425 874
1061 692
1061 44
1061 998
1061 894
1061 6
1061 878
1061 230
1061 158
1061 86
1061 593
1061 1035
1079 206
1079 233
1079 110
1079 653
1079 873
576 781
900 1106
900 1132
900 909
900 404
900 826
900 541
900 645
900 1102
900 231
900 596
900 739
900 68
900 463
781 991
781 932
781 322
781 594
781 1050
781 176
1059 181
1059 874
1059 763
1059 887
1059 7
1059 95
1059 100
1059 564
1059 223
1054 553
1054 662
1054 130
1054 432
1054 340
1054 593
24 617
24 882
1106 874
1106 231
927 123
927 423
144 475
144 322
144 577
144 739
144 563
167 894
167 667
167 384
167 914
167 29
643 369
643 1129
643 638
643 919
643 1020
643 44
643 197
643 943
643 149
643 744
643 894
643 735
643 6
643 281
643 878
643 765
643 485
643 384
643 593
643 262
643 1035
643 655
643 364
643 603
643 29
643 1039
643 916
643 986
643 812
951 280
951 1055
951 617
951 459
951 383
951 809
395 871
395 532
395 128
395 973
58 145
876 553
876 1125
876 270
876 1008
876 928
876 1064
876 521
876 348
876 919
876 719
876 44
876 728
876 261
876 198
876 1063
876 964
876 1046
876 696
876 353
876 104
876 678
1130 692
1130 290
708 888
708 123
708 959
708 44
708 279
708 535
708 45
708 1035
377 804
377 1082
377 325
377 275
377 1034
377 162
888 77
888 279
888 202
123 1109
123 1108
123 205
123 401
123 464
123 215
123 816
123 669
123 985
123 1057
123 124
123 309
123 31
123 89
123 423
1081 297
1081 613
1114 804
1114 601
1114 5
1114 782
804 601
804 640
804 692
804 1034
601 692
601 573
601 88
601 175
601 330
601 246
601 536
601 904
481 694
481 578
481 205
481 0
481 591
481 99
481 960
481 681
481 918
481 937
481 903
481 1006
481 234
481 631
640 279
640 816
640 956
640 1071
640 257
640 248
640 5
640 663
694 523
694 197
694 99
694 261
694 506
694 681
694 903
369 1109
369 226
369 105
369 1108
369 846
369 205
369 149
369 723
369 874
369 797
369 794
369 546
369 363
369 629
369 219
369 155
369 413
571 1066
571 553
571 21
571 594
908 930
224 1066
224 136
224 734
224 239
224 23
1066 553
1066 136
1066 245
1066 1029
1066 268
1066 894
1066 77
1066 736
1066 121
1066 23
1066 657
553 1029
553 662
553 703
553 357
553 279
553 728
553 736
553 130
553 488
553 930
553 407
136 734
136 188
136 23
245 1029
245 127
245 278
1029 857
1029 268
734 450
734 798
734 854
991 703
991 932
991 732
991 322
991 340
991 950
991 450
991 594
857 268
692 871
692 1129
692 638
692 476
692 181
692 521
692 723
692 998
692 626
692 878
692 230
692 426
692 714
959 880
959 205
959 1078
959 960
959 423
959 396
871 638
871 662
871 1109
871 521
871 998
871 524
871 626
871 230
871 53
871 683
871 219
1129 1008
1129 1064
1129 919
1129 1020
1129 44
1129 197
1129 682
1129 92
1129 735
1129 6
1129 281
1129 230
1129 158
1129 8
1129 655
1129 696
1129 104
1129 330
1129 755
638 476
638 662
638 199
638 1100
638 127
638 1008
638 521
638 703
638 744
638 998
638 6
638 99
638 956
638 597
638 404
638 74
638 794
638 230
638 459
638 248
638 53
638 676
638 293
638 124
638 451
638 36
638 97
638 389
638 312
607 105
607 846
607 106
607 99
607 545
607 107
607 56
607 1036
607 1010
607 713
607 660
476 998
476 794
476 230
476 836
476 818
662 561
662 992
662 904
199 1099
199 1064
199 149
199 626
199 261
199 925
199 28
199 62
556 105
556 894
556 896
556 4
556 186
556 135
1109 962
1109 698
1109 105
1109 846
1109 347
1109 459
1109 877
1109 826
1109 520
1109 309
1109 913
1109 96
1109 399
1109 867
1109 444
1109 725
962 105
962 574
962 549
962 124
962 309
962 331
962 1012
962 93
1125 612
1125 1100
1125 280
1125 270
1125 928
1125 521
1125 348
1125 1020
1125 44
1125 297
1125 164
1125 550
1125 485
1125 383
1125 732
1125 993
1125 29
1125 198
1125 1063
1125 964
1125 1046
1125 678
1125 904
1125 133
1125 375
1125 697
898 423
644 357
644 130
644 67
698 723
698 956
698 404
698 985
698 494
698 53
698 488
698 392
698 995
698 1007
767 578
1132 846
1132 880
1132 1119
1132 883
1132 1057
225 1099
225 384
225 451
225 529
225 300
225 1077
225 588
225 875
225 501
225 1120
225 221
225 965
523 885
523 1078
523 506
226 574
226 1071
226 652
578 47
578 960
578 519
578 1002
641 846
641 877
641 430
641 1082
641 981
641 1024
641 472
641 89
641 97
863 569
863 42
863 546
863 969
863 759
863 160
863 392
863 344
863 706
863 851
863 213
863 675
87 1055
87 456
87 79
87 488
87 732
87 865
87 210
105 1099
105 1108
105 549
105 846
105 280
105 1119
105 723
105 530
105 383
105 1051
105 731
105 1014
105 399
105 793
181 1099
181 612
181 909
181 1055
181 712
181 164
181 261
181 404
181 874
181 456
181 794
181 278
181 763
181 887
181 746
181 7
181 95
181 564
181 1102
181 244
181 566
181 690
181 467
1099 1020
1099 1055
1099 1119
1099 682
1099 744
1099 617
1099 261
1099 597
1099 230
1099 765
1099 493
1099 384
1099 158
1099 8
1099 593
1099 431
1099 946
1099 495
1099 522
1099 330
1099 221
1099 965
1099 751
1099 412
612 1064
612 164
612 198
612 964
612 678
1108 371
1108 205
1108 401
1108 464
1108 797
1108 496
1108 629
1108 522
1108 344
1108 389
1108 952
805 906
805 960
805 937
386 974
386 833
974 357
974 212
974 939
574 428
574 956
574 1071
574 716
574 599
268 475
268 176
1100 833
549 371
549 731
549 210
549 952
909 261
909 597
909 404
909 874
909 794
909 1113
909 1053
909 1082
909 809
909 7
909 731
909 564
909 463
909 46
909 379
909 840
846 371
846 127
846 1055
846 723
846 392
846 334
846 96
846 675
846 952
371 464
371 487
371 210
779 14
779 636
779 864
779 289
280 164
280 925
280 993
127 205
127 42
127 79
127 655
15 894
15 253
880 758
106 205
106 0
106 491
106 636
106 879
106 894
106 1116
106 99
106 388
106 545
106 480
106 107
106 889
106 56
106 901
106 289
106 255
106 114
106 907
106 120
106 642
147 894
147 885
147 1078
147 563
147 466
147 417
205 1020
205 703
205 758
205 297
205 1116
205 42
205 1078
205 969
205 895
205 135
205 363
205 232
205 522
205 852
205 448
205 510
61 936
61 228
61 507
270 1008
270 928
270 348
270 719
270 786
270 113
1008 928
1008 1064
1008 521
1008 348
1008 919
1008 719
1008 44
1008 297
1008 281
1008 765
1008 158
1008 655
1008 786
1008 1063
1008 1046
928 1064
928 521
928 348
928 919
928 719
928 732
928 497
928 786
928 1063
928 133
928 318
1064 521
1064 919
1064 719
1064 281
1064 29
521 348
521 919
521 719
521 44
521 682
521 149
521 230
521 732
521 786
521 939
521 964
521 1046
521 678
521 697
348 919
348 719
348 44
348 262
348 786
348 1063
348 678
919 719
919 281
919 655
719 158
719 697
455 197
455 591
455 158
455 507
455 1014
455 1063
455 690
1020 197
1020 744
1020 297
1020 735
1020 6
1020 878
1020 765
1020 485
1020 534
1020 8
1020 262
1020 1035
1020 364
1020 603
1020 228
1020 29
1020 1039
1020 916
1020 986
1020 812
1020 17
703 130
703 322
703 593
703 1050
703 176
703 414
758 883
758 816
758 151
758 674
758 139
758 372
758 828
1055 79
1055 331
1055 5
1055 675
1055 1000
44 728
44 667
44 281
44 655
44 1046
44 696
44 353
44 104
44 755
44 113
44 733
44 754
44 503
14 135
14 674
14 852
14 731
14 331
14 897
197 744
197 92
197 6
197 956
197 281
197 878
197 765
197 485
197 8
197 451
197 946
197 495
197 300
197 364
197 1063
197 1046
197 501
197 1120
197 690
197 194
197 924
0 879
0 99
0 261
943 364
943 875
943 690
943 113
1119 860
1119 457
1119 372
1119 751
357 676
357 426
932 212
932 475
932 322
932 67
932 577
932 354
932 414
932 813
712 6
712 151
712 330
712 489
712 938
491 261
491 459
491 732
491 23
491 114
591 6
591 383
591 995
591 101
722 894
680 682
680 850
680 439
682 850
682 744
682 482
682 765
682 655
682 683
682 515
682 504
850 149
850 1072
850 593
850 439
850 683
850 175
850 904
149 744
149 482
149 735
149 6
149 158
149 981
149 262
149 1035
149 1014
149 1046
744 482
744 297
744 735
744 6
744 878
744 230
744 262
744 603
744 1046
744 375
744 787
482 873
482 765
482 355
92 297
92 765
92 384
92 8
92 262
92 451
92 946
92 501
297 765
297 384
297 8
297 29
297 503
617 6
617 325
723 464
723 13
723 308
723 79
723 494
723 488
723 1076
723 363
723 981
723 219
723 413
164 383
164 721
636 99
636 107
636 522
636 289
883 347
883 1071
883 391
883 345
883 63
883 361
1073 249
1073 454
1073 74
1073 53
1073 1096
1073 934
998 230
998 676
998 683
879 864
438 172
438 877
438 53
438 1032
438 566
438 41
524 392
524 1086
401 103
401 936
401 31
401 372
401 96
586 518
586 233
586 13
586 653
586 243
586 239
586 334
586 742
586 904
586 750
586 49
586 975
894 1116
894 249
894 535
894 230
894 1093
894 877
894 430
894 683
894 31
894 29
894 275
894 396
894 1062
894 978
103 206
103 75
103 22
103 233
103 737
735 364
735 1046
735 175
735 91
428 480
428 760
428 88
428 536
428 444
428 599
428 606
428 972
626 230
626 1082
626 414
626 62
6 261
6 281
6 873
6 878
6 765
6 485
6 572
6 1082
6 8
6 262
6 1035
6 300
6 364
6 603
6 29
6 1039
6 916
6 986
6 812
6 787
77 746
117 728
279 456
279 765
279 593
279 1035
728 836
728 204
1123 294
1123 188
475 239
475 322
475 67
475 577
475 748
475 563
667 294
667 281
667 568
667 325
667 683
667 228
667 866
885 192
885 37
885 615
885 488
885 493
885 969
130 261
130 247
130 293
130 282
130 930
172 509
172 341
172 532
172 347
172 53
172 868
172 1032
172 41
172 359
462 215
126 285
126 439
37 233
37 13
37 79
37 363
37 360
37 557
37 706
37 470
464 569
464 215
464 797
464 969
464 1076
464 759
464 160
464 151
464 363
464 699
464 809
464 413
464 499
464 547
464 452
111 347
111 53
111 1082
1116 947
1116 732
1116 320
1116 4
1116 730
1116 1004
1116 1018
1116 789
1116 484
1116 336
1116 253
1116 277
1116 984
1116 824
1116 726
1116 693
569 797
569 969
569 759
569 392
215 309
215 31
215 499
99 261
99 1010
816 496
816 4
816 430
816 629
816 372
816 1062
816 9
816 1084
285 575
285 457
285 372
285 165
285 1000
285 129
285 772
285 756
249 339
249 341
249 347
249 454
249 260
249 74
249 486
249 877
249 53
249 752
249 934
249 312
249 361
249 978
249 661
249 555
249 1056
249 648
249 26
249 940
249 373
249 272
615 430
352 654
352 101
352 499
352 605
947 4
947 484
947 336
947 835
947 531
947 984
947 726
947 724
500 459
500 378
956 1071
956 494
956 186
956 960
956 937
956 168
956 1117
42 261
42 597
42 494
42 969
42 759
42 392
42 344
42 770
42 39
42 213
42 547
261 404
261 765
261 248
261 383
261 400
261 557
261 663
261 444
261 379
261 839
261 473
597 233
597 456
597 906
597 1036
597 557
339 74
339 459
339 752
339 1096
339 934
339 468
833 209
509 673
509 877
509 1107
509 973
509 359
509 661
509 855
518 784
518 206
518 653
518 752
518 97
341 673
341 454
341 725
341 361
341 41
341 661
341 931
131 53
613 784
613 948
613 877
613 53
613 973
613 566
613 32
784 673
784 1053
784 145
784 231
784 566
784 41
784 32
948 260
948 877
948 53
948 699
948 746
948 12
948 1107
948 128
948 997
948 1017
532 973
532 742
532 361
673 347
673 454
673 260
673 830
673 75
673 22
673 838
673 53
673 319
673 1107
673 288
673 361
673 470
673 1056
673 855
673 560
673 525
673 941
673 649
347 454
347 494
347 53
347 1107
347 97
347 977
347 361
347 26
206 653
206 737
206 391
454 74
454 826
454 752
454 934
454 312
454 361
454 661
454 648
454 931
260 53
260 752
260 373
260 182
260 211
404 874
404 1053
404 419
404 95
404 1102
404 68
404 367
996 830
830 75
830 239
830 838
830 319
830 430
830 525
874 763
874 419
874 95
874 748
874 1102
874 231
874 68
874 1097
600 828
75 319
75 525
815 22
815 575
815 222
815 828
815 902
22 457
22 1062
22 891
233 110
233 13
233 653
233 166
233 568
233 546
233 319
233 655
456 494
456 186
456 688
456 392
456 654
456 984
925 530
925 383
925 806
281 494
281 765
281 8
281 262
281 655
281 507
281 1046
281 696
281 104
281 755
281 733
281 587
530 383
530 993
530 747
110 243
110 170
13 243
13 239
13 873
13 546
13 319
13 1063
13 875
13 49
653 243
653 240
653 319
653 918
653 345
243 906
243 681
243 587
550 67
550 683
550 228
550 507
550 866
550 198
550 678
550 175
550 904
550 504
550 98
74 53
74 752
74 1096
74 934
74 468
955 848
797 944
346 794
346 340
346 247
346 21
346 30
346 324
346 557
906 701
906 732
906 960
906 937
906 1084
838 319
1071 1049
1071 1093
1071 307
1071 937
1071 760
1071 957
709 732
257 701
257 248
257 5
257 663
257 1040
1049 494
1049 937
1049 760
701 248
701 782
884 706
1124 423
794 759
794 328
794 1082
794 981
794 203
794 78
486 107
486 752
308 365
79 706
79 1122
985 494
985 499
878 765
878 593
878 262
878 1035
878 364
878 507
878 916
878 812
230 248
230 426
230 180
230 1082
230 1107
230 741
230 468
459 426
459 293
459 1107
459 741
1093 189
1093 957
1093 252
494 1057
494 53
494 488
494 392
494 937
494 868
494 203
494 179
1057 937
765 485
765 384
765 593
765 262
765 1035
765 655
765 364
765 603
765 29
765 1039
765 916
765 986
765 812
161 488
161 699
161 792
161 303
161 238
877 53
877 826
877 1107
877 1032
877 973
877 742
877 288
877 913
877 359
877 81
573 340
573 1082
573 683
573 507
573 866
573 88
573 499
573 153
1074 383
513 383
513 1051
513 741
248 5
248 782
248 663
248 1040
994 747
665 619
356 88
356 5
356 663
356 1040
356 982
356 780
546 488
546 732
546 969
546 759
546 392
546 995
546 344
53 732
53 392
53 1107
53 905
53 1096
53 1032
53 934
53 973
53 742
53 288
53 566
53 361
53 41
53 373
826 868
826 1032
826 997
185 831
185 563
488 320
488 160
488 392
488 210
488 238
189 834
485 950
485 262
485 364
485 603
485 1039
485 916
485 986
485 812
860 107
860 936
860 751
860 1000
383 579
383 721
732 4
732 730
732 506
732 160
732 936
732 887
732 292
732 145
732 753
732 964
732 296
732 803
732 295
732 483
732 862
487 89
426 86
849 752
322 577
322 594
322 748
1078 699
1078 995
1078 746
1078 575
1078 12
1078 503
493 186
493 914
896 1117
896 18
969 759
969 207
969 160
969 392
969 1082
969 344
969 770
969 360
969 39
969 851
969 213
969 675
969 210
969 677
263 363
384 158
384 8
384 655
384 451
384 431
384 495
384 300
384 364
384 1077
384 221
384 965
384 412
158 8
158 593
158 262
158 451
158 431
158 529
158 221
340 247
340 950
340 836
340 593
340 104
340 235
497 282
497 946
497 122
497 477
247 21
247 30
247 324
247 895
247 282
950 593
707 1105
707 176
715 320
320 4
320 1004
320 789
320 759
320 277
320 292
320 747
320 660
320 675
320 839
320 81
320 611
21 324
21 594
21 176
30 593
30 1105
30 379
324 367
378 1018
378 789
4 1004
4 889
4 747
4 1091
730 1004
388 289
319 525
545 56
545 713
545 194
864 289
480 107
480 760
480 255
480 350
480 1067
506 1111
506 1062
107 1010
107 114
107 194
107 415
107 40
107 411
107 323
107 1023
421 756
1111 575
1111 1070
180 528
1004 64
1018 789
1018 726
484 984
336 995
970 572
450 188
450 134
889 289
534 655
534 1014
56 289
56 713
56 907
56 194
56 350
572 64
572 693
186 995
293 1011
293 688
293 471
293 1072
1011 688
688 471
651 882
651 176
651 598
895 282
895 397
400 392
400 355
400 882
836 209
836 67
836 683
806 614
184 792
759 160
759 392
759 344
759 770
759 360
160 344
160 675
151 135
151 674
151 926
151 331
151 828
124 93
124 813
124 704
124 27
124 208
936 792
392 658
392 995
392 344
392 360
392 952
392 303
135 253
135 674
135 420
135 897
135 1023
363 292
699 746
699 12
699 393
658 859
729 101
763 95
763 223
887 28
887 557
887 666
1053 95
1053 231
1053 1097
328 771
1082 121
1082 67
1082 917
1082 253
1082 1062
1082 359
1082 296
809 29
419 95
746 12
746 792
746 510
121 29
7 614
95 1092
282 209
282 176
23 683
23 286
67 286
67 633
67 727
577 748
577 463
577 813
577 236
575 372
457 372
457 427
917 882
253 683
981 41
981 142
12 345
12 128
12 63
12 997
12 1017
12 649
12 1001
629 926
629 792
629 210
629 547
1107 868
1107 973
1107 855
1107 997
1107 1001
579 741
579 511
579 670
579 721
960 36
960 162
960 587
681 903
20 489
20 163
292 706
918 791
624 904
54 64
8 431
8 529
8 495
8 1077
8 588
8 221
8 965
8 690
8 924
8 554
593 262
593 1035
593 655
593 598
593 354
262 1035
262 364
262 603
262 1039
262 916
262 986
262 812
262 17
1044 439
1044 113
1044 504
1044 91
1035 1014
655 364
655 221
655 733
655 754
655 503
439 448
439 504
439 91
901 984
993 375
517 1094
1105 379
451 529
451 300
451 1120
451 221
431 946
431 529
431 300
431 882
431 221
946 529
946 300
946 1077
946 221
529 300
529 221
300 1077
300 122
522 289
852 420
420 791
364 683
364 603
364 1039
364 916
364 986
364 812
752 1096
752 934
752 661
752 940
752 373
752 272
752 211
752 802
309 399
309 93
222 902
937 903
937 760
937 957
937 671
933 531
700 538
344 770
344 675
770 39
770 510
770 677
944 675
944 405
360 39
355 113
531 678
683 228
683 507
683 866
683 29
594 176
882 176
786 1039
786 1063
786 964
786 104
786 133
603 1039
603 916
603 986
603 812
1094 972
1094 296
1094 295
1094 350
1094 1045
461 228
903 782
903 780
1068 818
414 109
33 304
1096 934
1096 648
1096 468
1096 142
228 507
228 866
145 566
145 32
791 331
84 926
868 847
868 128
868 973
654 101
39 213
39 675
39 252
1028 792
760 957
1032 742
1032 97
1032 931
1032 668
718 81
203 113
507 866
507 904
866 305
557 1014
557 547
557 764
557 664
557 691
100 564
100 223
372 1000
128 855
128 1017
128 649
128 1001
934 468
934 211
934 1001
973 855
973 32
973 649
973 1001
792 96
1070 288
1091 742
1091 288
1091 977
1091 1010
1091 190
1014 310
88 536
88 599
88 972
36 489
36 938
36 587
102 113
102 310
742 288
742 97
742 190
288 190
97 977
97 855
97 997
97 85
1102 1003
68 236
29 178
1039 916
1039 986
1039 812
916 986
916 812
986 812
198 964
198 678
198 133
1063 17
1063 50
964 678
964 536
353 104
353 755
353 113
353 733
353 754
353 503
353 452
104 755
104 113
104 733
104 503
678 713
678 133
275 479
1034 162
162 252
5 663
5 780
175 904
175 98
536 631
536 606
536 972
536 296
536 295
904 504
904 91
234 972
234 296
234 295
234 350
234 1045
663 1040
663 982
663 780
396 266
755 733
755 503
389 393
312 978
1010 648
713 194
913 81
399 526
867 452
867 915
444 599
444 972
93 813
93 704
1077 588
1077 965
588 875
875 690
706 213
210 952
566 361
566 41
566 32
690 924
690 153
690 554
751 922
114 415
114 1023
113 733
113 503
828 445
1000 803
733 503
733 672
813 704
489 587
938 587
101 499
504 91
361 41
361 373
361 649
361 190
1086 445
750 808
1062 891
1062 540
606 972
606 296
606 295
606 1045
972 296
972 295
972 483
972 1045
499 788
129 756
129 803
756 803
648 634
26 142
373 211
839 295
839 350
855 997
855 1017
855 649
855 1001
1017 649
1017 1001
649 1001
211 190
957 589
780 1045
296 295
296 483
296 350
296 1045
295 483
295 350
295 1045
483 1045
677 954
350 1067
415 1023
415 394
704 1033
27 208
427 537
1001 190
537 537
